Folder	Modification	G	G	A	G	G	C	T	A	T	C	C	A	G	C	G	T	G	A	G	T
_scratch_st-cdeboer-1_asfar_VLPs_results_crispresso_aggregated_spacer_ABE8e-SpRY_rep1_.staging_CRISPRessoPooled_on_ABE8e-SpRY_D0_rep1_CRISPResso_on_B2M	Insertions	0.0	0.0	0.0	0.0	0.0	0.0	0.0	0.0	0.0	0.0	0.0	0.0	0.0	0.0	0.0	0.0	0.0	0.0	0.0	0.0
_scratch_st-cdeboer-1_asfar_VLPs_results_crispresso_aggregated_spacer_ABE8e-SpRY_rep1_.staging_CRISPRessoPooled_on_ABE8e-SpRY_D0_rep1_CRISPResso_on_B2M	Insertions_Left	0.0	0.0	0.0	0.0	0.0	0.0	0.0	0.0	0.0	0.0	0.0	0.0	0.0	0.0	0.0	0.0	0.0	0.0	0.0	0.0
_scratch_st-cdeboer-1_asfar_VLPs_results_crispresso_aggregated_spacer_ABE8e-SpRY_rep1_.staging_CRISPRessoPooled_on_ABE8e-SpRY_D0_rep1_CRISPResso_on_B2M	Deletions	0.0	3.920082583073084e-05	0.0	0.0	0.0	0.0	0.0	0.0	0.0	0.0	1.3066941943576945e-05	0.0	0.0	0.0	0.0	0.0	0.0	0.0	0.0	0.0
_scratch_st-cdeboer-1_asfar_VLPs_results_crispresso_aggregated_spacer_ABE8e-SpRY_rep1_.staging_CRISPRessoPooled_on_ABE8e-SpRY_D0_rep1_CRISPResso_on_B2M	Substitutions	0.00030053966470226974	0.0005749454455173856	0.00039200825830730833	0.0003136066066458467	0.00022213801304080805	0.00015680330332292335	0.00030053966470226974	0.00018293718721007723	0.00047040990996877	0.00022213801304080805	0.000235204954984385	0.0002874727227586928	9.146859360503862e-05	0.0002744057808151158	0.00013066941943576943	0.0002874727227586928	0.00019600412915365416	0.0003136066066458467	0.0003136066066458467	0.00036587437442015447
_scratch_st-cdeboer-1_asfar_VLPs_results_crispresso_aggregated_spacer_ABE8e-SpRY_rep1_.staging_CRISPRessoPooled_on_ABE8e-SpRY_D0_rep1_CRISPResso_on_B2M	All_modifications	0.00030053966470226974	0.0006141462713481164	0.00039200825830730833	0.0003136066066458467	0.00022213801304080805	0.00015680330332292335	0.00030053966470226974	0.00018293718721007723	0.00047040990996877	0.00022213801304080805	0.00024827189692796196	0.0002874727227586928	9.146859360503862e-05	0.0002744057808151158	0.00013066941943576943	0.0002874727227586928	0.00019600412915365416	0.0003136066066458467	0.0003136066066458467	0.00036587437442015447
_scratch_st-cdeboer-1_asfar_VLPs_results_crispresso_aggregated_spacer_ABE8e-SpRY_rep1_.staging_CRISPRessoPooled_on_ABE8e-SpRY_D1_rep1_CRISPResso_on_B2M	Insertions	0.0	0.0	0.0	0.0	0.0	0.0	0.0	0.0	0.0	1.4519477879575451e-05	1.4519477879575451e-05	0.0	0.0	0.0	0.0	0.0	0.0	0.0	0.0	0.0
_scratch_st-cdeboer-1_asfar_VLPs_results_crispresso_aggregated_spacer_ABE8e-SpRY_rep1_.staging_CRISPRessoPooled_on_ABE8e-SpRY_D1_rep1_CRISPResso_on_B2M	Insertions_Left	0.0	0.0	0.0	0.0	0.0	0.0	0.0	0.0	0.0	1.4519477879575451e-05	0.0	0.0	0.0	0.0	0.0	0.0	0.0	0.0	0.0	0.0
_scratch_st-cdeboer-1_asfar_VLPs_results_crispresso_aggregated_spacer_ABE8e-SpRY_rep1_.staging_CRISPRessoPooled_on_ABE8e-SpRY_D1_rep1_CRISPResso_on_B2M	Deletions	1.4519477879575451e-05	5.8077911518301803e-05	1.4519477879575451e-05	0.0	0.0	1.4519477879575451e-05	1.4519477879575451e-05	0.0	0.0	0.0	1.4519477879575451e-05	0.0	0.0	0.0	0.0	0.0	0.0	0.0	0.0	0.0
_scratch_st-cdeboer-1_asfar_VLPs_results_crispresso_aggregated_spacer_ABE8e-SpRY_rep1_.staging_CRISPRessoPooled_on_ABE8e-SpRY_D1_rep1_CRISPResso_on_B2M	Substitutions	0.00037750642486896174	0.0006969349382196216	0.00021779216819363176	0.00027587007971193356	0.00018875321243448087	0.00015971425667532995	0.0003049090354710845	0.000290389557591509	0.00037750642486896174	0.00013067530091617906	0.00011615582303660361	0.0003484674691098108	0.0001742337345549054	0.00021779216819363176	5.8077911518301803e-05	0.008755245161383996	0.0003194285133506599	0.00023231164607320721	0.00033394799123023534	0.0004210648585076881
_scratch_st-cdeboer-1_asfar_VLPs_results_crispresso_aggregated_spacer_ABE8e-SpRY_rep1_.staging_CRISPRessoPooled_on_ABE8e-SpRY_D1_rep1_CRISPResso_on_B2M	All_modifications	0.00039202590274853717	0.0007550128497379235	0.00023231164607320721	0.00027587007971193356	0.00018875321243448087	0.0001742337345549054	0.0003194285133506599	0.000290389557591509	0.00037750642486896174	0.0001451947787957545	0.0001451947787957545	0.0003484674691098108	0.0001742337345549054	0.00021779216819363176	5.8077911518301803e-05	0.008755245161383996	0.0003194285133506599	0.00023231164607320721	0.00033394799123023534	0.0004210648585076881
_scratch_st-cdeboer-1_asfar_VLPs_results_crispresso_aggregated_spacer_ABE8e-SpRY_rep1_.staging_CRISPRessoPooled_on_ABE8e-SpRY_D2_rep1_CRISPResso_on_B2M	Insertions	0.0	0.0	0.0	0.0	0.0	0.0	0.0	0.0	0.0	0.0	0.0	0.0	0.0	0.0	0.0	0.0	0.0	0.0	0.0	0.0
_scratch_st-cdeboer-1_asfar_VLPs_results_crispresso_aggregated_spacer_ABE8e-SpRY_rep1_.staging_CRISPRessoPooled_on_ABE8e-SpRY_D2_rep1_CRISPResso_on_B2M	Insertions_Left	0.0	0.0	0.0	0.0	0.0	0.0	0.0	0.0	0.0	0.0	0.0	0.0	0.0	0.0	0.0	0.0	0.0	0.0	0.0	0.0
_scratch_st-cdeboer-1_asfar_VLPs_results_crispresso_aggregated_spacer_ABE8e-SpRY_rep1_.staging_CRISPRessoPooled_on_ABE8e-SpRY_D2_rep1_CRISPResso_on_B2M	Deletions	0.0	3.924492759310859e-05	0.0	0.0	0.0	0.0	0.0	0.0	0.0	0.0	0.0	0.0	0.0	0.0	0.0	0.0	0.0	0.0	0.0	0.0
_scratch_st-cdeboer-1_asfar_VLPs_results_crispresso_aggregated_spacer_ABE8e-SpRY_rep1_.staging_CRISPRessoPooled_on_ABE8e-SpRY_D2_rep1_CRISPResso_on_B2M	Substitutions	0.00023546956555865154	0.000667163769082846	0.0004316942035241945	0.0005101840587104116	0.00019622463796554297	0.00011773478277932577	0.00023546956555865154	0.0002747144931517601	0.0007456536242690632	7.848985518621718e-05	0.0002747144931517601	0.0003532043483379773	0.00023546956555865154	0.00019622463796554297	0.0	0.03590910874769436	7.848985518621718e-05	0.0007456536242690632	0.00039244927593108593	0.00023546956555865154
_scratch_st-cdeboer-1_asfar_VLPs_results_crispresso_aggregated_spacer_ABE8e-SpRY_rep1_.staging_CRISPRessoPooled_on_ABE8e-SpRY_D2_rep1_CRISPResso_on_B2M	All_modifications	0.00023546956555865154	0.0007064086966759546	0.0004316942035241945	0.0005101840587104116	0.00019622463796554297	0.00011773478277932577	0.00023546956555865154	0.0002747144931517601	0.0007456536242690632	7.848985518621718e-05	0.0002747144931517601	0.0003532043483379773	0.00023546956555865154	0.00019622463796554297	0.0	0.03590910874769436	7.848985518621718e-05	0.0007456536242690632	0.00039244927593108593	0.00023546956555865154
_scratch_st-cdeboer-1_asfar_VLPs_results_crispresso_aggregated_spacer_ABE8e-SpRY_rep1_.staging_CRISPRessoPooled_on_ABE8e-SpRY_D3_rep1_CRISPResso_on_B2M	Insertions	0.0	0.0	0.0	0.0	0.0	0.0	0.0	7.46742336556771e-05	7.46742336556771e-05	0.00023646840657631085	0.00023646840657631085	0.0	0.0	0.0	2.4891411218559038e-05	2.4891411218559038e-05	0.0	0.0	0.0	0.0
_scratch_st-cdeboer-1_asfar_VLPs_results_crispresso_aggregated_spacer_ABE8e-SpRY_rep1_.staging_CRISPRessoPooled_on_ABE8e-SpRY_D3_rep1_CRISPResso_on_B2M	Insertions_Left	0.0	0.0	0.0	0.0	0.0	0.0	0.0	7.46742336556771e-05	0.0	0.00023646840657631085	0.0	0.0	0.0	0.0	2.4891411218559038e-05	0.0	0.0	0.0	0.0	0.0
_scratch_st-cdeboer-1_asfar_VLPs_results_crispresso_aggregated_spacer_ABE8e-SpRY_rep1_.staging_CRISPRessoPooled_on_ABE8e-SpRY_D3_rep1_CRISPResso_on_B2M	Deletions	0.0	8.711993926495663e-05	0.0	0.0	0.0	0.0	0.0	0.0	0.0	0.0	1.2445705609279519e-05	0.0	0.0	0.0	0.0	0.0	0.0	0.0	0.0	0.0
_scratch_st-cdeboer-1_asfar_VLPs_results_crispresso_aggregated_spacer_ABE8e-SpRY_rep1_.staging_CRISPRessoPooled_on_ABE8e-SpRY_D3_rep1_CRISPResso_on_B2M	Substitutions	0.00024891411218559034	0.0004107082851062241	0.0002986969346227084	0.00022402270096703132	0.0001369027617020747	8.711993926495663e-05	0.0012570162665372314	0.0001493484673113542	0.004107082851062241	9.956564487423615e-05	0.0001369027617020747	0.0003235883458412675	0.00038581687388766507	0.0002986969346227084	0.00018668558413919276	0.13399046658950328	0.0006596223972918145	0.00023646840657631085	0.0003484797570598265	0.0015308217899413807
_scratch_st-cdeboer-1_asfar_VLPs_results_crispresso_aggregated_spacer_ABE8e-SpRY_rep1_.staging_CRISPRessoPooled_on_ABE8e-SpRY_D3_rep1_CRISPResso_on_B2M	All_modifications	0.00024891411218559034	0.0004978282243711807	0.0002986969346227084	0.00022402270096703132	0.0001369027617020747	8.711993926495663e-05	0.0012570162665372314	0.00022402270096703132	0.004181757084717918	0.000336034051450547	0.00038581687388766507	0.0003235883458412675	0.00038581687388766507	0.0002986969346227084	0.0002115769953577518	0.13401535800072184	0.0006596223972918145	0.00023646840657631085	0.0003484797570598265	0.0015308217899413807
_scratch_st-cdeboer-1_asfar_VLPs_results_crispresso_aggregated_spacer_ABE8e-SpRY_rep1_.staging_CRISPRessoPooled_on_ABE8e-SpRY_D4_rep1_CRISPResso_on_B2M	Insertions	0.0	0.0	0.0	0.0	0.0	0.0	0.0	0.0	0.0	0.00029795602169119836	0.00029795602169119836	0.0	0.0	0.0	0.0005164571042647439	0.0005164571042647439	0.0	0.0	0.0	0.0
_scratch_st-cdeboer-1_asfar_VLPs_results_crispresso_aggregated_spacer_ABE8e-SpRY_rep1_.staging_CRISPRessoPooled_on_ABE8e-SpRY_D4_rep1_CRISPResso_on_B2M	Insertions_Left	0.0	0.0	0.0	0.0	0.0	0.0	0.0	0.0	0.0	0.00029795602169119836	0.0	0.0	0.0	0.0	0.0005164571042647439	0.0	0.0	0.0	0.0	0.0
_scratch_st-cdeboer-1_asfar_VLPs_results_crispresso_aggregated_spacer_ABE8e-SpRY_rep1_.staging_CRISPRessoPooled_on_ABE8e-SpRY_D4_rep1_CRISPResso_on_B2M	Deletions	1.9863734779413227e-05	3.9727469558826454e-05	1.9863734779413227e-05	1.9863734779413227e-05	1.9863734779413227e-05	3.9727469558826454e-05	1.9863734779413227e-05	1.9863734779413227e-05	3.9727469558826454e-05	1.9863734779413227e-05	3.9727469558826454e-05	3.9727469558826454e-05	3.9727469558826454e-05	3.9727469558826454e-05	3.9727469558826454e-05	5.9591204338239674e-05	5.9591204338239674e-05	3.9727469558826454e-05	3.9727469558826454e-05	3.9727469558826454e-05
_scratch_st-cdeboer-1_asfar_VLPs_results_crispresso_aggregated_spacer_ABE8e-SpRY_rep1_.staging_CRISPRessoPooled_on_ABE8e-SpRY_D4_rep1_CRISPResso_on_B2M	Substitutions	0.00029795602169119836	0.00041713843036767775	0.00019863734779413224	0.00027809228691178515	0.00017877361301471903	0.00011918240867647935	0.0021651470909560414	0.0002383648173529587	0.010666825576544902	0.00019863734779413224	0.00015890987823530581	0.00029795602169119836	5.9591204338239674e-05	0.00021850108257354548	0.00033768349125002484	0.38448245039032236	0.0008740043302941819	0.00037741096080885127	0.00013904614345589257	0.0030987426255884632
_scratch_st-cdeboer-1_asfar_VLPs_results_crispresso_aggregated_spacer_ABE8e-SpRY_rep1_.staging_CRISPRessoPooled_on_ABE8e-SpRY_D4_rep1_CRISPResso_on_B2M	All_modifications	0.00031781975647061163	0.0004568658999265042	0.00021850108257354548	0.00029795602169119836	0.00019863734779413224	0.00015890987823530581	0.0021850108257354547	0.00025822855213237194	0.010706553046103729	0.0005164571042647439	0.0004965933694853306	0.00033768349125002484	9.931867389706612e-05	0.00025822855213237194	0.0008938680650735951	0.3850584986989254	0.0009335955346324216	0.00041713843036767775	0.00017877361301471903	0.0031384700951472898
_scratch_st-cdeboer-1_asfar_VLPs_results_crispresso_aggregated_spacer_ABE8e-SpRY_rep1_.staging_CRISPRessoPooled_on_ABE8e-SpRY_D5_rep1_CRISPResso_on_B2M	Insertions	0.0	0.0	0.0	0.0	0.0	0.0	2.2082854871477785e-05	2.2082854871477785e-05	0.0	0.0009053970497305892	0.0009053970497305892	0.0	0.0	0.0	7.728999205017225e-05	7.728999205017225e-05	0.0	0.0	0.0	0.0
_scratch_st-cdeboer-1_asfar_VLPs_results_crispresso_aggregated_spacer_ABE8e-SpRY_rep1_.staging_CRISPRessoPooled_on_ABE8e-SpRY_D5_rep1_CRISPResso_on_B2M	Insertions_Left	0.0	0.0	0.0	0.0	0.0	0.0	2.2082854871477785e-05	0.0	0.0	0.0009053970497305892	0.0	0.0	0.0	0.0	7.728999205017225e-05	0.0	0.0	0.0	0.0	0.0
_scratch_st-cdeboer-1_asfar_VLPs_results_crispresso_aggregated_spacer_ABE8e-SpRY_rep1_.staging_CRISPRessoPooled_on_ABE8e-SpRY_D5_rep1_CRISPResso_on_B2M	Deletions	1.1041427435738893e-05	6.624856461443335e-05	1.1041427435738893e-05	1.1041427435738893e-05	9.937284692165004e-05	0.0001435385566646056	0.00017666283897182228	0.00017666283897182228	0.00017666283897182228	0.00017666283897182228	0.00018770426640756118	0.00017666283897182228	0.00017666283897182228	0.00017666283897182228	0.00027603568589347233	0.00036436710537938343	0.00032020139563642785	0.00032020139563642785	0.00032020139563642785	0.00023186997615051673
_scratch_st-cdeboer-1_asfar_VLPs_results_crispresso_aggregated_spacer_ABE8e-SpRY_rep1_.staging_CRISPRessoPooled_on_ABE8e-SpRY_D5_rep1_CRISPResso_on_B2M	Substitutions	0.00032020139563642785	0.0002649942584577334	0.00025395283102199454	0.00025395283102199454	0.0001324971292288667	0.0001656214115360834	0.002970143980213762	0.0002649942584577334	0.00927479904602067	0.00019874569384330007	0.00036436710537938343	0.0002981185407649501	0.00035332567794364456	0.00024291140358625562	0.00019874569384330007	0.33776830668668845	0.0007508170656302447	0.0003312428230721668	0.00027603568589347233	0.0032130553838000176
_scratch_st-cdeboer-1_asfar_VLPs_results_crispresso_aggregated_spacer_ABE8e-SpRY_rep1_.staging_CRISPRessoPooled_on_ABE8e-SpRY_D5_rep1_CRISPResso_on_B2M	All_modifications	0.0003312428230721668	0.0003312428230721668	0.0002649942584577334	0.0002649942584577334	0.00023186997615051673	0.000309159968200689	0.003168889674057062	0.00046373995230103345	0.009451461884992492	0.0012808055825457114	0.0014574684215175337	0.0004747813797367724	0.0005299885169154668	0.00041957424255807793	0.0005520713717869447	0.338209963784118	0.0010710184612666726	0.0006514442187085947	0.0005962370815299002	0.0034449253599505344
