Folder	Modification	C	A	C	C	T	A	C	C	T	A	A	G	A	A	C	C	A	T	C	C
_scratch_st-cdeboer-1_asfar_VLPs_results_crispresso_aggregated_spacer_ABE8e_rep1_.staging_CRISPRessoPooled_on_ABE8e_D0_rep1_CRISPResso_on_PDCD1	Insertions	1.0979117718100173e-05	1.0979117718100173e-05	0.0	0.0	0.0	0.0	0.0	0.0	0.0	0.0	0.0	0.0	0.0	0.0	0.0	0.0	0.0	0.0	0.0	0.0
_scratch_st-cdeboer-1_asfar_VLPs_results_crispresso_aggregated_spacer_ABE8e_rep1_.staging_CRISPRessoPooled_on_ABE8e_D0_rep1_CRISPResso_on_PDCD1	Insertions_Left	1.0979117718100173e-05	0.0	0.0	0.0	0.0	0.0	0.0	0.0	0.0	0.0	0.0	0.0	0.0	0.0	0.0	0.0	0.0	0.0	0.0	0.0
_scratch_st-cdeboer-1_asfar_VLPs_results_crispresso_aggregated_spacer_ABE8e_rep1_.staging_CRISPRessoPooled_on_ABE8e_D0_rep1_CRISPResso_on_PDCD1	Deletions	3.293735315430052e-05	0.0	0.0	0.0	0.0	0.0	0.0	0.0	0.0	0.0	5.4895588590500865e-05	0.0	0.0	0.0	0.0	0.0	0.0	0.0	0.0	1.0979117718100173e-05
_scratch_st-cdeboer-1_asfar_VLPs_results_crispresso_aggregated_spacer_ABE8e_rep1_.staging_CRISPRessoPooled_on_ABE8e_D0_rep1_CRISPResso_on_PDCD1	Substitutions	8.783294174480139e-05	0.00021958235436200346	8.783294174480139e-05	8.783294174480139e-05	0.00024154058979820381	0.00021958235436200346	0.00013174941261720209	0.000318394413824905	0.00048308117959640763	0.00017566588348960277	0.00010979117718100173	0.00019762411892580313	0.000252519707516304	0.00024154058979820381	8.783294174480139e-05	0.00015370764805340242	0.00014272853033530226	0.0004172064732878066	0.00010979117718100173	6.587470630860104e-05
_scratch_st-cdeboer-1_asfar_VLPs_results_crispresso_aggregated_spacer_ABE8e_rep1_.staging_CRISPRessoPooled_on_ABE8e_D0_rep1_CRISPResso_on_PDCD1	All_modifications	0.00013174941261720209	0.00023056147208010364	8.783294174480139e-05	8.783294174480139e-05	0.00024154058979820381	0.00021958235436200346	0.00013174941261720209	0.000318394413824905	0.00048308117959640763	0.00017566588348960277	0.0001646867657715026	0.00019762411892580313	0.000252519707516304	0.00024154058979820381	8.783294174480139e-05	0.00015370764805340242	0.00014272853033530226	0.0004172064732878066	0.00010979117718100173	7.685382402670121e-05
_scratch_st-cdeboer-1_asfar_VLPs_results_crispresso_aggregated_spacer_ABE8e_rep1_.staging_CRISPRessoPooled_on_ABE8e_D1_rep1_CRISPResso_on_PDCD1	Insertions	0.00018474043968224645	0.00018474043968224645	0.0	0.0	0.0	0.0	0.0	0.0	0.0	6.52025081231458e-05	6.52025081231458e-05	0.0	0.0	0.0	0.0	0.0	0.0	0.0	0.0	0.0
_scratch_st-cdeboer-1_asfar_VLPs_results_crispresso_aggregated_spacer_ABE8e_rep1_.staging_CRISPRessoPooled_on_ABE8e_D1_rep1_CRISPResso_on_PDCD1	Insertions_Left	0.00018474043968224645	0.0	0.0	0.0	0.0	0.0	0.0	0.0	0.0	6.52025081231458e-05	0.0	0.0	0.0	0.0	0.0	0.0	0.0	0.0	0.0	0.0
_scratch_st-cdeboer-1_asfar_VLPs_results_crispresso_aggregated_spacer_ABE8e_rep1_.staging_CRISPRessoPooled_on_ABE8e_D1_rep1_CRISPResso_on_PDCD1	Deletions	2.1734169374381933e-05	1.0867084687190967e-05	0.0	0.0	0.0	0.0	0.0	0.0	1.0867084687190967e-05	0.0	0.0001304050162462916	0.00011953793155910064	0.0	0.0	0.0	0.0	0.0	0.0	0.0	0.0
_scratch_st-cdeboer-1_asfar_VLPs_results_crispresso_aggregated_spacer_ABE8e_rep1_.staging_CRISPRessoPooled_on_ABE8e_D1_rep1_CRISPResso_on_PDCD1	Substitutions	0.0001304050162462916	0.0011301768074678607	0.00021734169374381935	5.433542343595484e-05	0.00034774670999011093	0.013214374979624216	0.0001304050162462916	0.0001304050162462916	0.00018474043968224645	0.004303365536127623	0.00032601254061572903	0.00020647460905662838	0.00032601254061572903	0.00028254420186696517	9.780376218471871e-05	0.00017387335499505547	0.00018474043968224645	0.00028254420186696517	0.00014127210093348259	0.0002282087784310103
_scratch_st-cdeboer-1_asfar_VLPs_results_crispresso_aggregated_spacer_ABE8e_rep1_.staging_CRISPRessoPooled_on_ABE8e_D1_rep1_CRISPResso_on_PDCD1	All_modifications	0.00033687962530292	0.001325784331837298	0.00021734169374381935	5.433542343595484e-05	0.00034774670999011093	0.013214374979624216	0.0001304050162462916	0.0001304050162462916	0.00019560752436943742	0.004368568044250769	0.0005216200649851664	0.00032601254061572903	0.00032601254061572903	0.00028254420186696517	9.780376218471871e-05	0.00017387335499505547	0.00018474043968224645	0.00028254420186696517	0.00014127210093348259	0.0002282087784310103
_scratch_st-cdeboer-1_asfar_VLPs_results_crispresso_aggregated_spacer_ABE8e_rep1_.staging_CRISPRessoPooled_on_ABE8e_D2_rep1_CRISPResso_on_PDCD1	Insertions	0.0	0.0	0.0	0.0	0.0	0.0	3.07919694543663e-05	3.07919694543663e-05	0.0	6.15839389087326e-05	6.15839389087326e-05	0.0	0.0	0.0	0.0	0.0	0.0	0.0	0.0	0.0
_scratch_st-cdeboer-1_asfar_VLPs_results_crispresso_aggregated_spacer_ABE8e_rep1_.staging_CRISPRessoPooled_on_ABE8e_D2_rep1_CRISPResso_on_PDCD1	Insertions_Left	0.0	0.0	0.0	0.0	0.0	0.0	3.07919694543663e-05	0.0	0.0	6.15839389087326e-05	0.0	0.0	0.0	0.0	0.0	0.0	0.0	0.0	0.0	0.0
_scratch_st-cdeboer-1_asfar_VLPs_results_crispresso_aggregated_spacer_ABE8e_rep1_.staging_CRISPRessoPooled_on_ABE8e_D2_rep1_CRISPResso_on_PDCD1	Deletions	0.0001847518167261978	9.23759083630989e-05	9.23759083630989e-05	9.23759083630989e-05	3.07919694543663e-05	3.07919694543663e-05	3.07919694543663e-05	3.07919694543663e-05	3.07919694543663e-05	3.07919694543663e-05	3.07919694543663e-05	3.07919694543663e-05	3.07919694543663e-05	6.15839389087326e-05	6.15839389087326e-05	6.15839389087326e-05	6.15839389087326e-05	3.07919694543663e-05	3.07919694543663e-05	3.07919694543663e-05
_scratch_st-cdeboer-1_asfar_VLPs_results_crispresso_aggregated_spacer_ABE8e_rep1_.staging_CRISPRessoPooled_on_ABE8e_D2_rep1_CRISPResso_on_PDCD1	Substitutions	0.0001231678778174652	0.01065402143121074	9.23759083630989e-05	0.0007697992363591576	0.0003387116639980293	0.08584801083877325	0.0001231678778174652	0.0004002956029067619	0.0003387116639980293	0.028420987806380096	0.0022170218007143737	0.0002463357556349304	0.0004002956029067619	0.0002771277250892967	0.0	0.0002155437861805641	9.23759083630989e-05	0.0003695036334523956	0.0001231678778174652	0.0001847518167261978
_scratch_st-cdeboer-1_asfar_VLPs_results_crispresso_aggregated_spacer_ABE8e_rep1_.staging_CRISPRessoPooled_on_ABE8e_D2_rep1_CRISPResso_on_PDCD1	All_modifications	0.000307919694543663	0.010746397339573839	0.0001847518167261978	0.0008621751447222564	0.0003695036334523956	0.08587880280822761	0.0001847518167261978	0.00046187954181549454	0.0003695036334523956	0.028513363714743195	0.0023093977090774724	0.0002771277250892967	0.0004310875723611282	0.0003387116639980293	6.15839389087326e-05	0.0002771277250892967	0.0001539598472718315	0.0004002956029067619	0.0001539598472718315	0.0002155437861805641
_scratch_st-cdeboer-1_asfar_VLPs_results_crispresso_aggregated_spacer_ABE8e_rep1_.staging_CRISPRessoPooled_on_ABE8e_D3_rep1_CRISPResso_on_PDCD1	Insertions	1.462148627407976e-05	1.462148627407976e-05	0.0	0.0	0.0	0.0	1.462148627407976e-05	8.041817450743868e-05	7.31074313703988e-05	0.0018496180136710896	0.0018423072705340499	0.0	0.0	0.0	6.579668823335893e-05	6.579668823335893e-05	0.0001096611470555982	0.0001462148627407976	3.65537156851994e-05	0.0
_scratch_st-cdeboer-1_asfar_VLPs_results_crispresso_aggregated_spacer_ABE8e_rep1_.staging_CRISPRessoPooled_on_ABE8e_D3_rep1_CRISPResso_on_PDCD1	Insertions_Left	1.462148627407976e-05	0.0	0.0	0.0	0.0	0.0	1.462148627407976e-05	6.579668823335893e-05	7.31074313703988e-06	0.0018423072705340499	0.0	0.0	0.0	0.0	6.579668823335893e-05	0.0	0.0001096611470555982	3.65537156851994e-05	0.0	0.0
_scratch_st-cdeboer-1_asfar_VLPs_results_crispresso_aggregated_spacer_ABE8e_rep1_.staging_CRISPRessoPooled_on_ABE8e_D3_rep1_CRISPResso_on_PDCD1	Deletions	0.00021201155097415653	0.00016814709215191723	0.00016083634901487736	0.0001535256058778375	8.772891764447856e-05	0.00010235040391855832	0.00020470080783711663	0.0002631867529334357	0.0003582264137149541	0.0003436049274408744	0.00027049749607047557	0.00023394378038527617	0.00023394378038527617	0.00016814709215191723	0.00016083634901487736	0.00016083634901487736	7.31074313703988e-05	7.31074313703988e-05	8.041817450743868e-05	8.041817450743868e-05
_scratch_st-cdeboer-1_asfar_VLPs_results_crispresso_aggregated_spacer_ABE8e_rep1_.staging_CRISPRessoPooled_on_ABE8e_D3_rep1_CRISPResso_on_PDCD1	Substitutions	0.00012428263332967795	0.04160543919289396	0.00011697189019263808	0.0013671089666264576	0.00022663303724823627	0.3442994480388932	0.0017545783528895712	0.0010235040391855831	0.00021201155097415653	0.12521840845121907	0.006813612603721169	0.00022663303724823627	0.0009650180940892642	0.00027049749607047557	7.31074313703988e-05	0.000182768578425997	0.0002193222941111964	0.0003436049274408744	0.00019739006470007676	0.0002851189823445553
_scratch_st-cdeboer-1_asfar_VLPs_results_crispresso_aggregated_spacer_ABE8e_rep1_.staging_CRISPRessoPooled_on_ABE8e_D3_rep1_CRISPResso_on_PDCD1	All_modifications	0.00035091567057791425	0.04178820777131995	0.00027780823920751544	0.0015206345725042951	0.00031436195489271485	0.3444017984428117	0.0019739006470007674	0.0013671089666264576	0.0006433453960595094	0.12741163139233103	0.008926417370325694	0.00046057681763351247	0.0011989618744745404	0.0004386445882223928	0.0002997404686186351	0.00040940161567423327	0.0004020908725371934	0.0005629272215520708	0.00031436195489271485	0.000365537156851994
_scratch_st-cdeboer-1_asfar_VLPs_results_crispresso_aggregated_spacer_ABE8e_rep1_.staging_CRISPRessoPooled_on_ABE8e_D4_rep1_CRISPResso_on_PDCD1	Insertions	0.0	3.166601223574713e-05	5.0665619577195406e-05	5.699882202434483e-05	3.7999214682896555e-05	1.2666404894298852e-05	1.2666404894298852e-05	4.433241713004598e-05	6.333202447149426e-05	0.003337597689647747	0.003343930892094897	2.5332809788597703e-05	0.0	0.0	1.8999607341448277e-05	2.5332809788597703e-05	0.0002216620856502299	0.00021532888320308048	0.0	0.0
_scratch_st-cdeboer-1_asfar_VLPs_results_crispresso_aggregated_spacer_ABE8e_rep1_.staging_CRISPRessoPooled_on_ABE8e_D4_rep1_CRISPResso_on_PDCD1	Insertions_Left	0.0	3.166601223574713e-05	1.8999607341448277e-05	3.7999214682896555e-05	0.0	1.2666404894298852e-05	0.0	4.433241713004598e-05	1.8999607341448277e-05	0.003318598082306299	2.5332809788597703e-05	0.0	0.0	0.0	1.8999607341448277e-05	6.333202447149426e-06	0.00021532888320308048	0.0	0.0	0.0
_scratch_st-cdeboer-1_asfar_VLPs_results_crispresso_aggregated_spacer_ABE8e_rep1_.staging_CRISPRessoPooled_on_ABE8e_D4_rep1_CRISPResso_on_PDCD1	Deletions	0.00011399764404868966	0.00010766444160154024	9.499803670724139e-05	0.0002216620856502299	0.00021532888320308048	0.0003166601223574713	0.0008866483426009196	0.0009056479499423678	0.0009056479499423678	0.0009499803670724138	0.0006523198520563909	0.00035465933704036784	0.00025332809788597703	0.00025966130033312643	0.00025332809788597703	0.00032932652725177014	0.00028499411012172413	0.00018366287096733335	0.00012666404894298852	0.00012666404894298852
_scratch_st-cdeboer-1_asfar_VLPs_results_crispresso_aggregated_spacer_ABE8e_rep1_.staging_CRISPRessoPooled_on_ABE8e_D4_rep1_CRISPResso_on_PDCD1	Substitutions	0.00020266247830878163	0.08649887902316686	0.00031032691991032184	0.002742276659615701	0.000297660515016023	0.67356141306413	0.0025839465984369655	0.0019379599488277242	0.0004433241713004598	0.2585149906901924	0.013255392721883748	0.00015833006117873564	0.0009563135695195632	0.00043065776640616095	9.499803670724139e-05	7.599842936579311e-05	0.0002723277052274253	0.00046232377864190806	0.00010766444160154024	0.00013299725139013794
_scratch_st-cdeboer-1_asfar_VLPs_results_crispresso_aggregated_spacer_ABE8e_rep1_.staging_CRISPRessoPooled_on_ABE8e_D4_rep1_CRISPResso_on_PDCD1	All_modifications	0.0003166601223574713	0.08663820947700414	0.00045599057619475866	0.003020937567290276	0.0005509886129020001	0.6738907395913818	0.003483261345932184	0.002887940315900138	0.001412304145714322	0.26280256874691255	0.017251643466035034	0.0005383222080077012	0.0012096416674055404	0.0006903190667392874	0.0003673257419346667	0.00043065776640616095	0.0007789839009993794	0.0008613155328123219	0.00023432849054452875	0.00025966130033312643
_scratch_st-cdeboer-1_asfar_VLPs_results_crispresso_aggregated_spacer_ABE8e_rep1_.staging_CRISPRessoPooled_on_ABE8e_D5_rep1_CRISPResso_on_PDCD1	Insertions	0.0	0.0	0.0	0.0	0.0	9.652323314221733e-05	9.652323314221733e-05	0.0004633115190826432	0.0004633115190826432	0.0030115248740371805	0.0030115248740371805	0.0	5.79139398853304e-05	5.79139398853304e-05	0.0	3.860929325688693e-05	0.00013513252639910426	9.652323314221733e-05	0.0	0.0
_scratch_st-cdeboer-1_asfar_VLPs_results_crispresso_aggregated_spacer_ABE8e_rep1_.staging_CRISPRessoPooled_on_ABE8e_D5_rep1_CRISPResso_on_PDCD1	Insertions_Left	0.0	0.0	0.0	0.0	0.0	9.652323314221733e-05	0.0	0.0004633115190826432	0.0	0.0030115248740371805	0.0	0.0	5.79139398853304e-05	0.0	0.0	3.860929325688693e-05	9.652323314221733e-05	0.0	0.0	0.0
_scratch_st-cdeboer-1_asfar_VLPs_results_crispresso_aggregated_spacer_ABE8e_rep1_.staging_CRISPRessoPooled_on_ABE8e_D5_rep1_CRISPResso_on_PDCD1	Deletions	0.00036678828594042585	0.0003281789926835389	0.00038609293256886934	0.00038609293256886934	0.00038609293256886934	0.0006177486921101909	0.0007142719252524083	0.0008494044516515125	0.0007142719252524083	0.0007721858651377387	0.0007142719252524083	0.00042470222582575626	0.00042470222582575626	0.0004633115190826432	0.0004826161657110867	0.0004826161657110867	0.00038609293256886934	0.00036678828594042585	0.0003474836393119824	0.0003474836393119824
_scratch_st-cdeboer-1_asfar_VLPs_results_crispresso_aggregated_spacer_ABE8e_rep1_.staging_CRISPRessoPooled_on_ABE8e_D5_rep1_CRISPResso_on_PDCD1	Substitutions	0.00019304646628443467	0.07642709600200769	7.721858651377386e-05	0.0018146367830736859	0.0003281789926835389	0.6401999961390706	0.0019304646628443467	0.0016795042566745816	0.0002702650527982085	0.23113453408235363	0.013165769000598444	0.00019304646628443467	0.00044400687245419975	0.0002509604061697651	7.721858651377386e-05	9.652323314221733e-05	0.00021235111291287813	0.00036678828594042585	0.00019304646628443467	0.00013513252639910426
_scratch_st-cdeboer-1_asfar_VLPs_results_crispresso_aggregated_spacer_ABE8e_rep1_.staging_CRISPRessoPooled_on_ABE8e_D5_rep1_CRISPResso_on_PDCD1	All_modifications	0.0005598347522248606	0.07675527499469122	0.0004633115190826432	0.002200729715642555	0.0007142719252524083	0.6409142680643231	0.002741259821238972	0.002992220227408737	0.00144784849713326	0.23491824482152854	0.01689156579988803	0.0006177486921101909	0.0009266230381652864	0.0007721858651377387	0.0005598347522248606	0.0006177486921101909	0.0007335765718808517	0.0008300998050230691	0.000540530105596417	0.0004826161657110867
