Folder	Modification	C	A	C	C	T	A	C	C	T	A	A	G	A	A	C	C	A	T	C	C
_scratch_st-cdeboer-1_asfar_VLPs_results_crispresso_aggregated_spacer_ABE8e-SpRY_rep1_.staging_CRISPRessoPooled_on_ABE8e-SpRY_D0_rep1_CRISPResso_on_PDCD1	Insertions	2.277281836400073e-05	2.277281836400073e-05	0.0	0.0	0.0	0.0	0.0	0.0	0.0	0.0	0.0	0.0	0.0	0.0	0.0	0.0	0.0	0.0	0.0	0.0
_scratch_st-cdeboer-1_asfar_VLPs_results_crispresso_aggregated_spacer_ABE8e-SpRY_rep1_.staging_CRISPRessoPooled_on_ABE8e-SpRY_D0_rep1_CRISPResso_on_PDCD1	Insertions_Left	2.277281836400073e-05	0.0	0.0	0.0	0.0	0.0	0.0	0.0	0.0	0.0	0.0	0.0	0.0	0.0	0.0	0.0	0.0	0.0	0.0	0.0
_scratch_st-cdeboer-1_asfar_VLPs_results_crispresso_aggregated_spacer_ABE8e-SpRY_rep1_.staging_CRISPRessoPooled_on_ABE8e-SpRY_D0_rep1_CRISPResso_on_PDCD1	Deletions	2.277281836400073e-05	0.0	0.0	0.0	0.0	0.0	0.0	0.0	2.277281836400073e-05	0.0	4.554563672800146e-05	0.0	0.0	0.0	0.0	2.277281836400073e-05	0.0	0.0	0.0	0.0
_scratch_st-cdeboer-1_asfar_VLPs_results_crispresso_aggregated_spacer_ABE8e-SpRY_rep1_.staging_CRISPRessoPooled_on_ABE8e-SpRY_D0_rep1_CRISPResso_on_PDCD1	Substitutions	0.00011386409182000365	9.109127345600292e-05	0.00011386409182000365	9.109127345600292e-05	0.00020495536527600656	9.109127345600292e-05	4.554563672800146e-05	0.0002277281836400073	0.0001594097285480051	0.00018218254691200583	0.0002277281836400073	0.0003188194570960102	0.0003188194570960102	0.00018218254691200583	6.831845509200219e-05	9.109127345600292e-05	9.109127345600292e-05	0.0002277281836400073	2.277281836400073e-05	6.831845509200219e-05
_scratch_st-cdeboer-1_asfar_VLPs_results_crispresso_aggregated_spacer_ABE8e-SpRY_rep1_.staging_CRISPRessoPooled_on_ABE8e-SpRY_D0_rep1_CRISPResso_on_PDCD1	All_modifications	0.0001594097285480051	0.00011386409182000365	0.00011386409182000365	9.109127345600292e-05	0.00020495536527600656	9.109127345600292e-05	4.554563672800146e-05	0.0002277281836400073	0.00018218254691200583	0.00018218254691200583	0.00027327382036800875	0.0003188194570960102	0.0003188194570960102	0.00018218254691200583	6.831845509200219e-05	0.00011386409182000365	9.109127345600292e-05	0.0002277281836400073	2.277281836400073e-05	6.831845509200219e-05
_scratch_st-cdeboer-1_asfar_VLPs_results_crispresso_aggregated_spacer_ABE8e-SpRY_rep1_.staging_CRISPRessoPooled_on_ABE8e-SpRY_D1_rep1_CRISPResso_on_PDCD1	Insertions	0.0	0.0	0.0	0.0	0.0	0.0	0.0	0.0	0.0	0.0	0.0	0.0	0.0	0.0	0.0	0.0	0.0	0.0	0.0	0.0
_scratch_st-cdeboer-1_asfar_VLPs_results_crispresso_aggregated_spacer_ABE8e-SpRY_rep1_.staging_CRISPRessoPooled_on_ABE8e-SpRY_D1_rep1_CRISPResso_on_PDCD1	Insertions_Left	0.0	0.0	0.0	0.0	0.0	0.0	0.0	0.0	0.0	0.0	0.0	0.0	0.0	0.0	0.0	0.0	0.0	0.0	0.0	0.0
_scratch_st-cdeboer-1_asfar_VLPs_results_crispresso_aggregated_spacer_ABE8e-SpRY_rep1_.staging_CRISPRessoPooled_on_ABE8e-SpRY_D1_rep1_CRISPResso_on_PDCD1	Deletions	7.217350510627549e-05	0.0	0.0	0.0	1.8043376276568873e-05	0.0	0.0	0.0	0.0	0.0	1.8043376276568873e-05	0.0	0.0	0.0	0.0	0.0	0.0	0.0	0.0	1.8043376276568873e-05
_scratch_st-cdeboer-1_asfar_VLPs_results_crispresso_aggregated_spacer_ABE8e-SpRY_rep1_.staging_CRISPRessoPooled_on_ABE8e-SpRY_D1_rep1_CRISPResso_on_PDCD1	Substitutions	0.00016239038648911984	0.00014434701021255098	0.00016239038648911984	0.00016239038648911984	0.0001263036339359821	9.021688138284436e-05	0.00010826025765941322	0.00010826025765941322	0.0003247807729782397	0.00014434701021255098	0.00014434701021255098	0.0001984771390422576	0.0001984771390422576	0.00018043376276568872	7.217350510627549e-05	0.00010826025765941322	0.0002526072678719642	0.00023456389159539533	9.021688138284436e-05	5.413012882970661e-05
_scratch_st-cdeboer-1_asfar_VLPs_results_crispresso_aggregated_spacer_ABE8e-SpRY_rep1_.staging_CRISPRessoPooled_on_ABE8e-SpRY_D1_rep1_CRISPResso_on_PDCD1	All_modifications	0.00023456389159539533	0.00014434701021255098	0.00016239038648911984	0.00016239038648911984	0.00014434701021255098	9.021688138284436e-05	0.00010826025765941322	0.00010826025765941322	0.0003247807729782397	0.00014434701021255098	0.00016239038648911984	0.0001984771390422576	0.0001984771390422576	0.00018043376276568872	7.217350510627549e-05	0.00010826025765941322	0.0002526072678719642	0.00023456389159539533	9.021688138284436e-05	7.217350510627549e-05
_scratch_st-cdeboer-1_asfar_VLPs_results_crispresso_aggregated_spacer_ABE8e-SpRY_rep1_.staging_CRISPRessoPooled_on_ABE8e-SpRY_D2_rep1_CRISPResso_on_PDCD1	Insertions	0.0	0.0	0.0	0.0	0.0	0.0	0.0	0.0	0.0	0.0	0.0	0.0	0.0	0.0	0.0	0.0	0.0	0.0	0.0	0.0
_scratch_st-cdeboer-1_asfar_VLPs_results_crispresso_aggregated_spacer_ABE8e-SpRY_rep1_.staging_CRISPRessoPooled_on_ABE8e-SpRY_D2_rep1_CRISPResso_on_PDCD1	Insertions_Left	0.0	0.0	0.0	0.0	0.0	0.0	0.0	0.0	0.0	0.0	0.0	0.0	0.0	0.0	0.0	0.0	0.0	0.0	0.0	0.0
_scratch_st-cdeboer-1_asfar_VLPs_results_crispresso_aggregated_spacer_ABE8e-SpRY_rep1_.staging_CRISPRessoPooled_on_ABE8e-SpRY_D2_rep1_CRISPResso_on_PDCD1	Deletions	2.5524311907091506e-05	0.0	0.0	0.0	0.0	0.0	0.0	0.0	8.508103969030502e-06	0.0	3.403241587612201e-05	0.0	0.0	0.0	0.0	8.508103969030502e-06	0.0	0.0	0.0	0.0
_scratch_st-cdeboer-1_asfar_VLPs_results_crispresso_aggregated_spacer_ABE8e-SpRY_rep1_.staging_CRISPRessoPooled_on_ABE8e-SpRY_D2_rep1_CRISPResso_on_PDCD1	Substitutions	0.00011060535159739652	0.00027225932700897606	0.00017867018334964053	8.508103969030502e-05	0.00012762155953545753	0.0015995235461777344	0.00017867018334964053	0.00012762155953545753	0.00028076743097800656	0.0007912536691198367	0.00021270259922576254	0.00022971880716382353	0.00028076743097800656	0.00019568639128770152	7.657293572127451e-05	9.358914365933551e-05	0.00015314587144254902	0.00028076743097800656	6.806483175224402e-05	0.00015314587144254902
_scratch_st-cdeboer-1_asfar_VLPs_results_crispresso_aggregated_spacer_ABE8e-SpRY_rep1_.staging_CRISPRessoPooled_on_ABE8e-SpRY_D2_rep1_CRISPResso_on_PDCD1	All_modifications	0.00013612966350448803	0.00027225932700897606	0.00017867018334964053	8.508103969030502e-05	0.00012762155953545753	0.0015995235461777344	0.00017867018334964053	0.00012762155953545753	0.00028927553494703705	0.0007912536691198367	0.0002467350151018845	0.00022971880716382353	0.00028076743097800656	0.00019568639128770152	7.657293572127451e-05	0.00010209724762836602	0.00015314587144254902	0.00028076743097800656	6.806483175224402e-05	0.00015314587144254902
_scratch_st-cdeboer-1_asfar_VLPs_results_crispresso_aggregated_spacer_ABE8e-SpRY_rep1_.staging_CRISPRessoPooled_on_ABE8e-SpRY_D3_rep1_CRISPResso_on_PDCD1	Insertions	0.0	0.0	0.0	0.0	0.0	0.0	0.0	0.0	0.0	0.0	0.0	0.0	0.0	0.0	0.0	0.0	0.0	0.0	0.0	0.0
_scratch_st-cdeboer-1_asfar_VLPs_results_crispresso_aggregated_spacer_ABE8e-SpRY_rep1_.staging_CRISPRessoPooled_on_ABE8e-SpRY_D3_rep1_CRISPResso_on_PDCD1	Insertions_Left	0.0	0.0	0.0	0.0	0.0	0.0	0.0	0.0	0.0	0.0	0.0	0.0	0.0	0.0	0.0	0.0	0.0	0.0	0.0	0.0
_scratch_st-cdeboer-1_asfar_VLPs_results_crispresso_aggregated_spacer_ABE8e-SpRY_rep1_.staging_CRISPRessoPooled_on_ABE8e-SpRY_D3_rep1_CRISPResso_on_PDCD1	Deletions	1.7880291448750616e-05	0.0	0.0	0.0	0.0	0.0	0.0	8.940145724375308e-06	8.940145724375308e-06	0.0	2.682043717312592e-05	0.0	0.0	0.0	0.0	8.940145724375308e-06	0.0	0.0	0.0	0.0
_scratch_st-cdeboer-1_asfar_VLPs_results_crispresso_aggregated_spacer_ABE8e-SpRY_rep1_.staging_CRISPRessoPooled_on_ABE8e-SpRY_D3_rep1_CRISPResso_on_PDCD1	Substitutions	0.00010728174869250368	0.00017880291448750613	0.00017880291448750613	5.364087434625184e-05	0.00016986276876313083	0.0005095883062893926	0.00010728174869250368	8.046131151937777e-05	0.00022350364310938267	0.0002413839345581333	0.00019668320593625675	0.00022350364310938267	0.0002413839345581333	0.00014304233159000493	4.4700728621876533e-05	0.00011622189441687899	0.00021456349738500737	0.0004023065575968888	0.00011622189441687899	8.940145724375307e-05
_scratch_st-cdeboer-1_asfar_VLPs_results_crispresso_aggregated_spacer_ABE8e-SpRY_rep1_.staging_CRISPRessoPooled_on_ABE8e-SpRY_D3_rep1_CRISPResso_on_PDCD1	All_modifications	0.0001251620401412543	0.00017880291448750613	0.00017880291448750613	5.364087434625184e-05	0.00016986276876313083	0.0005095883062893926	0.00010728174869250368	8.940145724375307e-05	0.00023244378883375798	0.0002413839345581333	0.00022350364310938267	0.00022350364310938267	0.0002413839345581333	0.00014304233159000493	4.4700728621876533e-05	0.0001251620401412543	0.00021456349738500737	0.0004023065575968888	0.00011622189441687899	8.940145724375307e-05
_scratch_st-cdeboer-1_asfar_VLPs_results_crispresso_aggregated_spacer_ABE8e-SpRY_rep1_.staging_CRISPRessoPooled_on_ABE8e-SpRY_D4_rep1_CRISPResso_on_PDCD1	Insertions	0.0	0.0	0.0	0.0	0.0	0.0	0.0	0.0	0.0	0.0	0.0	0.0	0.0	0.0	0.0	0.0	0.0	0.0	0.0	0.0
_scratch_st-cdeboer-1_asfar_VLPs_results_crispresso_aggregated_spacer_ABE8e-SpRY_rep1_.staging_CRISPRessoPooled_on_ABE8e-SpRY_D4_rep1_CRISPResso_on_PDCD1	Insertions_Left	0.0	0.0	0.0	0.0	0.0	0.0	0.0	0.0	0.0	0.0	0.0	0.0	0.0	0.0	0.0	0.0	0.0	0.0	0.0	0.0
_scratch_st-cdeboer-1_asfar_VLPs_results_crispresso_aggregated_spacer_ABE8e-SpRY_rep1_.staging_CRISPRessoPooled_on_ABE8e-SpRY_D4_rep1_CRISPResso_on_PDCD1	Deletions	5.875958515732879e-05	2.9379792578664396e-05	2.9379792578664396e-05	2.9379792578664396e-05	2.9379792578664396e-05	2.9379792578664396e-05	2.9379792578664396e-05	2.9379792578664396e-05	2.9379792578664396e-05	2.9379792578664396e-05	8.813937773599318e-05	2.9379792578664396e-05	2.9379792578664396e-05	5.875958515732879e-05	2.9379792578664396e-05	2.9379792578664396e-05	2.9379792578664396e-05	2.9379792578664396e-05	2.9379792578664396e-05	2.9379792578664396e-05
_scratch_st-cdeboer-1_asfar_VLPs_results_crispresso_aggregated_spacer_ABE8e-SpRY_rep1_.staging_CRISPRessoPooled_on_ABE8e-SpRY_D4_rep1_CRISPResso_on_PDCD1	Substitutions	8.813937773599318e-05	0.0016158885918265418	0.00011751917031465758	0.0005582160589946235	8.813937773599318e-05	0.015835708199900107	0.0002644181332079796	0.00011751917031465758	0.00029379792578664395	0.007550606692716749	0.0006463554367306167	0.00020565854805065076	0.00038193730352263714	0.00032317771836530833	5.875958515732879e-05	0.00011751917031465758	0.00020565854805065076	0.00038193730352263714	2.9379792578664396e-05	0.00017627875547198636
_scratch_st-cdeboer-1_asfar_VLPs_results_crispresso_aggregated_spacer_ABE8e-SpRY_rep1_.staging_CRISPRessoPooled_on_ABE8e-SpRY_D4_rep1_CRISPResso_on_PDCD1	All_modifications	0.00014689896289332198	0.001645268384405206	0.00014689896289332198	0.0005875958515732879	0.00011751917031465758	0.015865087992478773	0.00029379792578664395	0.00014689896289332198	0.00032317771836530833	0.007579986485295414	0.0007344948144666099	0.00023503834062931517	0.0004113170961013015	0.00038193730352263714	8.813937773599318e-05	0.00014689896289332198	0.00023503834062931517	0.0004113170961013015	5.875958515732879e-05	0.00020565854805065076
_scratch_st-cdeboer-1_asfar_VLPs_results_crispresso_aggregated_spacer_ABE8e-SpRY_rep1_.staging_CRISPRessoPooled_on_ABE8e-SpRY_D5_rep1_CRISPResso_on_PDCD1	Insertions	0.0	0.0	0.0	0.0	0.0	0.0	0.0	0.0	0.0	1.6572388191621002e-05	1.6572388191621002e-05	0.0	0.0	0.0	0.0	0.0	0.0	0.0	0.0	0.0
_scratch_st-cdeboer-1_asfar_VLPs_results_crispresso_aggregated_spacer_ABE8e-SpRY_rep1_.staging_CRISPRessoPooled_on_ABE8e-SpRY_D5_rep1_CRISPResso_on_PDCD1	Insertions_Left	0.0	0.0	0.0	0.0	0.0	0.0	0.0	0.0	0.0	1.6572388191621002e-05	0.0	0.0	0.0	0.0	0.0	0.0	0.0	0.0	0.0	0.0
_scratch_st-cdeboer-1_asfar_VLPs_results_crispresso_aggregated_spacer_ABE8e-SpRY_rep1_.staging_CRISPRessoPooled_on_ABE8e-SpRY_D5_rep1_CRISPResso_on_PDCD1	Deletions	3.8668905780449e-05	5.5241293972070004e-06	5.5241293972070004e-06	5.5241293972070004e-06	1.6572388191621002e-05	5.5241293972070004e-06	5.5241293972070004e-06	5.5241293972070004e-06	5.5241293972070004e-06	5.5241293972070004e-06	7.1813682163691e-05	5.5241293972070004e-06	5.5241293972070004e-06	5.5241293972070004e-06	5.5241293972070004e-06	5.5241293972070004e-06	5.5241293972070004e-06	1.1048258794414001e-05	5.5241293972070004e-06	1.1048258794414001e-05
_scratch_st-cdeboer-1_asfar_VLPs_results_crispresso_aggregated_spacer_ABE8e-SpRY_rep1_.staging_CRISPRessoPooled_on_ABE8e-SpRY_D5_rep1_CRISPResso_on_PDCD1	Substitutions	0.000193344528902245	0.001872679865653173	0.00018229627010783102	0.000121530846738554	0.000160199752519003	0.012506628955276648	0.000198868658299452	0.000204392787696659	0.00027620646986035	0.005524129397207	0.000762329856814566	0.000270682340463143	0.000325923634435213	0.00026515821106593603	8.838607035531201e-05	0.000198868658299452	0.00026515821106593603	0.000397737316598904	0.000149151493724589	0.00018229627010783102
_scratch_st-cdeboer-1_asfar_VLPs_results_crispresso_aggregated_spacer_ABE8e-SpRY_rep1_.staging_CRISPRessoPooled_on_ABE8e-SpRY_D5_rep1_CRISPResso_on_PDCD1	All_modifications	0.00023201343468269402	0.0018782039950503801	0.000187820399505038	0.00012705497613576101	0.00017677214071062401	0.012512153084673855	0.000204392787696659	0.000209916917093866	0.000281730599257557	0.005546225914795828	0.000850715927169878	0.00027620646986035	0.00033144776383242	0.000270682340463143	9.3910199752519e-05	0.000204392787696659	0.000270682340463143	0.000408785575393318	0.000154675623121796	0.000193344528902245
