Folder	Modification	G	G	A	G	G	C	T	A	T	C	C	A	G	C	G	T	G	A	G	T
_scratch_st-cdeboer-1_asfar_VLPs_results_crispresso_aggregated_spacer_ABE8e-SpRY_rep3_.staging_CRISPRessoPooled_on_ABE8e-SpRY_D0_rep3_CRISPResso_on_B2M	Insertions	0.0	0.0	0.0	0.0	0.0	0.0	0.0	0.0	0.0	0.0	0.0	0.0	0.0	0.0	0.0	0.0	0.0	0.0	0.0	0.0
_scratch_st-cdeboer-1_asfar_VLPs_results_crispresso_aggregated_spacer_ABE8e-SpRY_rep3_.staging_CRISPRessoPooled_on_ABE8e-SpRY_D0_rep3_CRISPResso_on_B2M	Insertions_Left	0.0	0.0	0.0	0.0	0.0	0.0	0.0	0.0	0.0	0.0	0.0	0.0	0.0	0.0	0.0	0.0	0.0	0.0	0.0	0.0
_scratch_st-cdeboer-1_asfar_VLPs_results_crispresso_aggregated_spacer_ABE8e-SpRY_rep3_.staging_CRISPRessoPooled_on_ABE8e-SpRY_D0_rep3_CRISPResso_on_B2M	Deletions	0.0	0.0	0.0	0.0	0.0	0.0	0.0	0.0	0.0	0.0	0.0	0.0	0.0	0.0	0.0	0.0	0.0	0.0	0.0	0.0
_scratch_st-cdeboer-1_asfar_VLPs_results_crispresso_aggregated_spacer_ABE8e-SpRY_rep3_.staging_CRISPRessoPooled_on_ABE8e-SpRY_D0_rep3_CRISPResso_on_B2M	Substitutions	0.00024213075060532688	0.00048426150121065375	0.00024213075060532688	0.00024213075060532688	0.00024213075060532688	0.00024213075060532688	0.00024213075060532688	0.00024213075060532688	0.0007263922518159806	0.00024213075060532688	0.00024213075060532688	0.00048426150121065375	0.00024213075060532688	0.0	0.00024213075060532688	0.0	0.0	0.0	0.0	0.00048426150121065375
_scratch_st-cdeboer-1_asfar_VLPs_results_crispresso_aggregated_spacer_ABE8e-SpRY_rep3_.staging_CRISPRessoPooled_on_ABE8e-SpRY_D0_rep3_CRISPResso_on_B2M	All_modifications	0.00024213075060532688	0.00048426150121065375	0.00024213075060532688	0.00024213075060532688	0.00024213075060532688	0.00024213075060532688	0.00024213075060532688	0.00024213075060532688	0.0007263922518159806	0.00024213075060532688	0.00024213075060532688	0.00048426150121065375	0.00024213075060532688	0.0	0.00024213075060532688	0.0	0.0	0.0	0.0	0.00048426150121065375
_scratch_st-cdeboer-1_asfar_VLPs_results_crispresso_aggregated_spacer_ABE8e-SpRY_rep3_.staging_CRISPRessoPooled_on_ABE8e-SpRY_D1_rep3_CRISPResso_on_B2M	Insertions	0.0	0.0	0.0	0.0	0.0	0.0	0.0	0.0	0.0	6.194712193671482e-05	6.194712193671482e-05	0.0	0.0	0.0	0.0	0.0	0.0	0.0	0.0	0.0
_scratch_st-cdeboer-1_asfar_VLPs_results_crispresso_aggregated_spacer_ABE8e-SpRY_rep3_.staging_CRISPRessoPooled_on_ABE8e-SpRY_D1_rep3_CRISPResso_on_B2M	Insertions_Left	0.0	0.0	0.0	0.0	0.0	0.0	0.0	0.0	0.0	6.194712193671482e-05	0.0	0.0	0.0	0.0	0.0	0.0	0.0	0.0	0.0	0.0
_scratch_st-cdeboer-1_asfar_VLPs_results_crispresso_aggregated_spacer_ABE8e-SpRY_rep3_.staging_CRISPRessoPooled_on_ABE8e-SpRY_D1_rep3_CRISPResso_on_B2M	Deletions	0.0	4.9557697549371854e-05	0.0	0.0	0.0	4.9557697549371854e-05	4.9557697549371854e-05	0.0	0.0	0.0	0.0	0.0	0.0	0.0	0.0	0.0	0.0	0.0	0.0	0.0
_scratch_st-cdeboer-1_asfar_VLPs_results_crispresso_aggregated_spacer_ABE8e-SpRY_rep3_.staging_CRISPRessoPooled_on_ABE8e-SpRY_D1_rep3_CRISPResso_on_B2M	Substitutions	0.00022300963897217336	0.0005946923705924623	0.00026017791213420226	0.0005203558242684045	0.00035929330723294596	9.911539509874371e-05	0.00035929330723294596	0.00016106251703545854	0.0008672597071140075	0.00012389424387342963	0.00019823079019748742	0.0002725673365215452	0.00021062021458483039	0.00022300963897217336	0.0001362836682607726	0.011138092524221325	0.00023539906335951632	0.0003840721560076319	0.00022300963897217336	0.00029734618529623114
_scratch_st-cdeboer-1_asfar_VLPs_results_crispresso_aggregated_spacer_ABE8e-SpRY_rep3_.staging_CRISPRessoPooled_on_ABE8e-SpRY_D1_rep3_CRISPResso_on_B2M	All_modifications	0.00022300963897217336	0.0006442500681418342	0.00026017791213420226	0.0005203558242684045	0.00035929330723294596	0.00014867309264811557	0.00040885100478231783	0.00016106251703545854	0.0008672597071140075	0.00018584136581014445	0.00026017791213420226	0.0002725673365215452	0.00021062021458483039	0.00022300963897217336	0.0001362836682607726	0.011138092524221325	0.00023539906335951632	0.0003840721560076319	0.00022300963897217336	0.00029734618529623114
_scratch_st-cdeboer-1_asfar_VLPs_results_crispresso_aggregated_spacer_ABE8e-SpRY_rep3_.staging_CRISPRessoPooled_on_ABE8e-SpRY_D2_rep3_CRISPResso_on_B2M	Insertions	0.0	0.0	0.0	0.0	0.0	0.0	0.0	0.0	0.0	0.0	0.0	0.0	0.0	0.0	0.0	0.0	0.0	0.0	0.0	0.0
_scratch_st-cdeboer-1_asfar_VLPs_results_crispresso_aggregated_spacer_ABE8e-SpRY_rep3_.staging_CRISPRessoPooled_on_ABE8e-SpRY_D2_rep3_CRISPResso_on_B2M	Insertions_Left	0.0	0.0	0.0	0.0	0.0	0.0	0.0	0.0	0.0	0.0	0.0	0.0	0.0	0.0	0.0	0.0	0.0	0.0	0.0	0.0
_scratch_st-cdeboer-1_asfar_VLPs_results_crispresso_aggregated_spacer_ABE8e-SpRY_rep3_.staging_CRISPRessoPooled_on_ABE8e-SpRY_D2_rep3_CRISPResso_on_B2M	Deletions	3.398355196085095e-05	6.79671039217019e-05	3.398355196085095e-05	3.398355196085095e-05	3.398355196085095e-05	3.398355196085095e-05	3.398355196085095e-05	3.398355196085095e-05	3.398355196085095e-05	3.398355196085095e-05	3.398355196085095e-05	3.398355196085095e-05	3.398355196085095e-05	3.398355196085095e-05	3.398355196085095e-05	3.398355196085095e-05	3.398355196085095e-05	3.398355196085095e-05	3.398355196085095e-05	3.398355196085095e-05
_scratch_st-cdeboer-1_asfar_VLPs_results_crispresso_aggregated_spacer_ABE8e-SpRY_rep3_.staging_CRISPRessoPooled_on_ABE8e-SpRY_D2_rep3_CRISPResso_on_B2M	Substitutions	0.000322843743628084	0.00042479439951063685	0.0002718684156868076	0.0002718684156868076	0.0005097532794127642	5.097532794127642e-05	0.0003908108475497859	0.0001359342078434038	0.0008325970230408482	0.0001869095357846802	8.495887990212736e-05	0.0002039013117651057	0.00011894243186297832	0.000322843743628084	0.0001359342078434038	0.015683409229932714	0.00035682729558893494	0.00016991775980425473	0.0001359342078434038	0.00030585196764765856
_scratch_st-cdeboer-1_asfar_VLPs_results_crispresso_aggregated_spacer_ABE8e-SpRY_rep3_.staging_CRISPRessoPooled_on_ABE8e-SpRY_D2_rep3_CRISPResso_on_B2M	All_modifications	0.00035682729558893494	0.0004927615034323388	0.00030585196764765856	0.00030585196764765856	0.0005437368313736152	8.495887990212736e-05	0.00042479439951063685	0.00016991775980425473	0.0008665805750016992	0.00022089308774553117	0.00011894243186297832	0.00023788486372595664	0.00015292598382382928	0.00035682729558893494	0.00016991775980425473	0.015717392781893564	0.0003908108475497859	0.0002039013117651057	0.00016991775980425473	0.00033983551960850946
_scratch_st-cdeboer-1_asfar_VLPs_results_crispresso_aggregated_spacer_ABE8e-SpRY_rep3_.staging_CRISPRessoPooled_on_ABE8e-SpRY_D3_rep3_CRISPResso_on_B2M	Insertions	0.0	0.0	0.0	0.0	0.0	0.0	0.0	0.0	0.0	0.00011219746754287546	0.00011219746754287546	0.0	0.0	0.0	0.00012822567719185767	0.00012822567719185767	0.0	0.0	0.0	0.0
_scratch_st-cdeboer-1_asfar_VLPs_results_crispresso_aggregated_spacer_ABE8e-SpRY_rep3_.staging_CRISPRessoPooled_on_ABE8e-SpRY_D3_rep3_CRISPResso_on_B2M	Insertions_Left	0.0	0.0	0.0	0.0	0.0	0.0	0.0	0.0	0.0	0.00011219746754287546	0.0	0.0	0.0	0.0	0.00012822567719185767	0.0	0.0	0.0	0.0	0.0
_scratch_st-cdeboer-1_asfar_VLPs_results_crispresso_aggregated_spacer_ABE8e-SpRY_rep3_.staging_CRISPRessoPooled_on_ABE8e-SpRY_D3_rep3_CRISPResso_on_B2M	Deletions	1.602820964898221e-05	6.411283859592884e-05	1.602820964898221e-05	1.602820964898221e-05	9.616925789389325e-05	9.616925789389325e-05	9.616925789389325e-05	9.616925789389325e-05	9.616925789389325e-05	0.00011219746754287546	0.00012822567719185767	9.616925789389325e-05	9.616925789389325e-05	9.616925789389325e-05	9.616925789389325e-05	9.616925789389325e-05	9.616925789389325e-05	9.616925789389325e-05	9.616925789389325e-05	1.602820964898221e-05
_scratch_st-cdeboer-1_asfar_VLPs_results_crispresso_aggregated_spacer_ABE8e-SpRY_rep3_.staging_CRISPRessoPooled_on_ABE8e-SpRY_D3_rep3_CRISPResso_on_B2M	Substitutions	0.00024042314473473312	0.00044878987017150186	0.0002083667254367687	0.0004167334508735374	0.00016028209648982208	0.00012822567719185767	0.0008014104824491104	0.0001442538868408399	0.0028049366885718866	0.00011219746754287546	0.0001442538868408399	0.00030453598333066194	0.00016028209648982208	0.00030453598333066194	8.014104824491104e-05	0.09331623657637442	0.000384677031575573	0.00027247956403269756	0.00024042314473473312	0.000993748998236897
_scratch_st-cdeboer-1_asfar_VLPs_results_crispresso_aggregated_spacer_ABE8e-SpRY_rep3_.staging_CRISPRessoPooled_on_ABE8e-SpRY_D3_rep3_CRISPResso_on_B2M	All_modifications	0.00025645135438371534	0.0005129027087674307	0.00022439493508575093	0.00043276166052251964	0.00025645135438371534	0.00022439493508575093	0.0008975797403430037	0.00024042314473473312	0.0029011059464657796	0.0003365924026286264	0.000384677031575573	0.0004007052412245552	0.00025645135438371534	0.0004007052412245552	0.00030453598333066194	0.09354063151146016	0.00048084628946946624	0.0003686488219265908	0.0003365924026286264	0.0010097772078858792
_scratch_st-cdeboer-1_asfar_VLPs_results_crispresso_aggregated_spacer_ABE8e-SpRY_rep3_.staging_CRISPRessoPooled_on_ABE8e-SpRY_D4_rep3_CRISPResso_on_B2M	Insertions	0.0	0.0	0.0	0.0	2.1832789939450397e-05	2.1832789939450397e-05	0.0	2.1832789939450397e-05	2.1832789939450397e-05	0.0006840940847694457	0.0006840940847694457	2.1832789939450397e-05	2.1832789939450397e-05	0.0	0.00024016068933395434	0.00024016068933395434	0.0	0.0	0.0	0.0
_scratch_st-cdeboer-1_asfar_VLPs_results_crispresso_aggregated_spacer_ABE8e-SpRY_rep3_.staging_CRISPRessoPooled_on_ABE8e-SpRY_D4_rep3_CRISPResso_on_B2M	Insertions_Left	0.0	0.0	0.0	0.0	2.1832789939450397e-05	0.0	0.0	2.1832789939450397e-05	0.0	0.0006840940847694457	0.0	2.1832789939450397e-05	0.0	0.0	0.00024016068933395434	0.0	0.0	0.0	0.0	0.0
_scratch_st-cdeboer-1_asfar_VLPs_results_crispresso_aggregated_spacer_ABE8e-SpRY_rep3_.staging_CRISPRessoPooled_on_ABE8e-SpRY_D4_rep3_CRISPResso_on_B2M	Deletions	0.00011644154634373545	0.00018193991616208665	0.00017466231951560317	0.00017466231951560317	0.00019649510945505356	0.00019649510945505356	0.0002838262692128551	0.0002838262692128551	0.00032021425244527246	0.00032021425244527246	0.0003784350256171402	0.0003566022356776898	0.00032021425244527246	0.00029838146250582207	0.00026927107591988823	0.00026927107591988823	0.0002765486725663717	0.00026927107591988823	0.00026927107591988823	0.00021105030274802048
_scratch_st-cdeboer-1_asfar_VLPs_results_crispresso_aggregated_spacer_ABE8e-SpRY_rep3_.staging_CRISPRessoPooled_on_ABE8e-SpRY_D4_rep3_CRISPResso_on_B2M	Substitutions	0.00032749184909175596	0.0005167093619003261	0.000312936655798789	0.00032749184909175596	0.00022560549604098743	0.0001892175128085701	0.002554436422915696	0.00024016068933395434	0.010596180717279925	0.0001892175128085701	0.00015282952957615278	0.00019649510945505356	0.00015282952957615278	0.00018193991616208665	0.00032749184909175596	0.3467774802049371	0.000625873311597578	0.00020377270610153704	0.00019649510945505356	0.002408884489986027
_scratch_st-cdeboer-1_asfar_VLPs_results_crispresso_aggregated_spacer_ABE8e-SpRY_rep3_.staging_CRISPRessoPooled_on_ABE8e-SpRY_D4_rep3_CRISPResso_on_B2M	All_modifications	0.0004439333954354914	0.0006986492780624127	0.0004875989753143922	0.0005021541686073591	0.0004439333954354914	0.00040754541220307407	0.0028382626921285513	0.0005458197484862599	0.010938227759664649	0.0011935258500232883	0.0012153586399627388	0.0005749301350721937	0.0004948765719608757	0.0004803213786679087	0.0008369236143455985	0.34728691197019096	0.0009024219841639497	0.00047304378202142524	0.0004657661853749418	0.0026199347927340477
_scratch_st-cdeboer-1_asfar_VLPs_results_crispresso_aggregated_spacer_ABE8e-SpRY_rep3_.staging_CRISPRessoPooled_on_ABE8e-SpRY_D5_rep3_CRISPResso_on_B2M	Insertions	0.0	0.0	0.0	0.0	0.0	0.0	0.0	0.0	0.0	0.001102158710854363	0.001102158710854363	0.0	0.0	0.0	0.00010134792743488395	0.00010134792743488395	0.0	0.0	0.0	0.0
_scratch_st-cdeboer-1_asfar_VLPs_results_crispresso_aggregated_spacer_ABE8e-SpRY_rep3_.staging_CRISPRessoPooled_on_ABE8e-SpRY_D5_rep3_CRISPResso_on_B2M	Insertions_Left	0.0	0.0	0.0	0.0	0.0	0.0	0.0	0.0	0.0	0.001102158710854363	0.0	0.0	0.0	0.0	0.00010134792743488395	0.0	0.0	0.0	0.0	0.0
_scratch_st-cdeboer-1_asfar_VLPs_results_crispresso_aggregated_spacer_ABE8e-SpRY_rep3_.staging_CRISPRessoPooled_on_ABE8e-SpRY_D5_rep3_CRISPResso_on_B2M	Deletions	7.601094557616297e-05	0.00010134792743488395	7.601094557616297e-05	7.601094557616297e-05	8.867943650552347e-05	8.867943650552347e-05	0.00010134792743488395	0.00010134792743488395	0.00015202189115232594	0.00015202189115232594	0.00012668490929360494	7.601094557616297e-05	7.601094557616297e-05	0.0001900273639404074	0.00017735887301104694	6.334245464680247e-05	6.334245464680247e-05	2.533698185872099e-05	2.533698185872099e-05	1.2668490929360494e-05
_scratch_st-cdeboer-1_asfar_VLPs_results_crispresso_aggregated_spacer_ABE8e-SpRY_rep3_.staging_CRISPRessoPooled_on_ABE8e-SpRY_D5_rep3_CRISPResso_on_B2M	Substitutions	0.0003040437823046519	0.00035471774602209387	0.0002026958548697679	0.00035471774602209387	0.00034204925509273337	0.00013935340022296544	0.002761731022600588	0.00012668490929360494	0.010350157089287524	0.00016469038208168644	0.0002280328367284889	0.0002660383095165704	0.0002913752913752914	0.0002533698185872099	0.0003800547278808148	0.32646701124961996	0.0008867943650552346	0.0002913752913752914	0.0002407013276578494	0.0028250734772473905
_scratch_st-cdeboer-1_asfar_VLPs_results_crispresso_aggregated_spacer_ABE8e-SpRY_rep3_.staging_CRISPRessoPooled_on_ABE8e-SpRY_D5_rep3_CRISPResso_on_B2M	All_modifications	0.0003800547278808148	0.0004560656734569778	0.0002787068004459309	0.0004307286915982568	0.0004307286915982568	0.0002280328367284889	0.002863078950035472	0.0002280328367284889	0.01050217898043985	0.0014188709840883755	0.001456876456876457	0.00034204925509273337	0.0003673862369514543	0.0004433971825276173	0.0006587615283267457	0.32663170163170163	0.0009501368197020371	0.0003167122732340124	0.0002660383095165704	0.002837741968176751
