Folder	Modification	G	G	C	C	C	A	G	A	C	T	G	A	G	C	A	C	G	T	G	A
_scratch_st-cdeboer-1_asfar_VLPs_results_crispresso_aggregated_spacer_ABE8e_rep1_.staging_CRISPRessoPooled_on_ABE8e_D0_rep1_CRISPResso_on_HEK3	Insertions	0.0	0.0	0.0	0.0	0.0	0.0	0.0	0.0	0.0	0.0	0.0	0.0	0.0	0.0	0.0	0.0	0.0	0.0	0.0	0.0
_scratch_st-cdeboer-1_asfar_VLPs_results_crispresso_aggregated_spacer_ABE8e_rep1_.staging_CRISPRessoPooled_on_ABE8e_D0_rep1_CRISPResso_on_HEK3	Insertions_Left	0.0	0.0	0.0	0.0	0.0	0.0	0.0	0.0	0.0	0.0	0.0	0.0	0.0	0.0	0.0	0.0	0.0	0.0	0.0	0.0
_scratch_st-cdeboer-1_asfar_VLPs_results_crispresso_aggregated_spacer_ABE8e_rep1_.staging_CRISPRessoPooled_on_ABE8e_D0_rep1_CRISPResso_on_HEK3	Deletions	0.0	0.00015313935681470137	0.0	0.0	5.104645227156713e-05	0.0	0.0	0.0	0.0	0.0	0.0	0.0	0.0	0.0	0.0	0.0	0.0	0.0	0.0	0.0
_scratch_st-cdeboer-1_asfar_VLPs_results_crispresso_aggregated_spacer_ABE8e_rep1_.staging_CRISPRessoPooled_on_ABE8e_D0_rep1_CRISPResso_on_HEK3	Substitutions	0.00030627871362940275	0.00010209290454313425	5.104645227156713e-05	0.00015313935681470137	5.104645227156713e-05	0.00030627871362940275	0.00030627871362940275	0.000408371618172537	0.00015313935681470137	0.00015313935681470137	0.00025523226135783564	0.000408371618172537	0.00010209290454313425	0.00025523226135783564	5.104645227156713e-05	0.00010209290454313425	0.000408371618172537	0.00015313935681470137	0.00010209290454313425	0.00025523226135783564
_scratch_st-cdeboer-1_asfar_VLPs_results_crispresso_aggregated_spacer_ABE8e_rep1_.staging_CRISPRessoPooled_on_ABE8e_D0_rep1_CRISPResso_on_HEK3	All_modifications	0.00030627871362940275	0.00025523226135783564	5.104645227156713e-05	0.00015313935681470137	0.00010209290454313425	0.00030627871362940275	0.00030627871362940275	0.000408371618172537	0.00015313935681470137	0.00015313935681470137	0.00025523226135783564	0.000408371618172537	0.00010209290454313425	0.00025523226135783564	5.104645227156713e-05	0.00010209290454313425	0.000408371618172537	0.00015313935681470137	0.00010209290454313425	0.00025523226135783564
_scratch_st-cdeboer-1_asfar_VLPs_results_crispresso_aggregated_spacer_ABE8e_rep1_.staging_CRISPRessoPooled_on_ABE8e_D1_rep1_CRISPResso_on_HEK3	Insertions	4.0337219152111657e-05	0.0	0.0	0.0	4.0337219152111657e-05	0.00020168609576055828	0.0003630349723690049	0.00020168609576055828	0.00016134887660844663	0.003872373038602719	0.003711024161994272	0.0	0.0	0.0	0.0	8.067443830422331e-05	0.00032269775321689325	0.00024202331491266993	0.0	0.0
_scratch_st-cdeboer-1_asfar_VLPs_results_crispresso_aggregated_spacer_ABE8e_rep1_.staging_CRISPRessoPooled_on_ABE8e_D1_rep1_CRISPResso_on_HEK3	Insertions_Left	0.0	0.0	0.0	0.0	4.0337219152111657e-05	0.00016134887660844663	0.00020168609576055828	0.0	0.00016134887660844663	0.003711024161994272	0.0	0.0	0.0	0.0	0.0	8.067443830422331e-05	0.00024202331491266993	0.0	0.0	0.0
_scratch_st-cdeboer-1_asfar_VLPs_results_crispresso_aggregated_spacer_ABE8e_rep1_.staging_CRISPRessoPooled_on_ABE8e_D1_rep1_CRISPResso_on_HEK3	Deletions	0.0012504537937154613	0.001734500423540801	0.001290791012867573	0.0016941632043886894	0.0018151748618450245	0.001976523738453471	0.0018151748618450245	0.0020571981767576945	0.0013311282320196845	0.001048767697954903	0.0008067443830422331	0.0008067443830422331	0.0007664071638901214	0.0006857327255858981	0.0005243838489774515	0.0005243838489774515	0.0006453955064337865	0.0006453955064337865	0.0005243838489774515	0.00032269775321689325
_scratch_st-cdeboer-1_asfar_VLPs_results_crispresso_aggregated_spacer_ABE8e_rep1_.staging_CRISPRessoPooled_on_ABE8e_D1_rep1_CRISPResso_on_HEK3	Substitutions	0.00048404662982533985	0.00032269775321689325	0.0008067443830422331	0.008753176556008229	0.010850711951918035	0.8032753821951515	0.00048404662982533985	0.6750433625105885	0.00020168609576055828	0.00024202331491266993	8.067443830422331e-05	0.001976523738453471	0.00020168609576055828	0.0003630349723690049	0.0006857327255858981	0.00016134887660844663	0.00024202331491266993	0.00020168609576055828	8.067443830422331e-05	0.00028236053406478155
_scratch_st-cdeboer-1_asfar_VLPs_results_crispresso_aggregated_spacer_ABE8e_rep1_.staging_CRISPRessoPooled_on_ABE8e_D1_rep1_CRISPResso_on_HEK3	All_modifications	0.0017748376426929128	0.0020571981767576945	0.002097535395909806	0.010447339760396919	0.012706224032915171	0.8054535920293655	0.002662256464039369	0.6773022467831068	0.0016941632043886894	0.005163164051470292	0.004598442983340729	0.002783268121495704	0.0009680932596506797	0.001048767697954903	0.0012101165745633496	0.0007664071638901214	0.0012101165745633496	0.0010891049171070147	0.0006050582872816748	0.0006050582872816748
_scratch_st-cdeboer-1_asfar_VLPs_results_crispresso_aggregated_spacer_ABE8e_rep1_.staging_CRISPRessoPooled_on_ABE8e_D2_rep1_CRISPResso_on_HEK3	Insertions	0.0	0.0	0.0	0.0	0.0	0.00015091302379395343	0.00020121736505860456	0.00030182604758790686	0.0008048694602344182	0.004728608078877207	0.004175260324966045	0.0	0.0	5.030434126465114e-05	5.030434126465114e-05	5.030434126465114e-05	0.00010060868252930228	5.030434126465114e-05	0.0	0.0
_scratch_st-cdeboer-1_asfar_VLPs_results_crispresso_aggregated_spacer_ABE8e_rep1_.staging_CRISPRessoPooled_on_ABE8e_D2_rep1_CRISPResso_on_HEK3	Insertions_Left	0.0	0.0	0.0	0.0	0.0	0.00015091302379395343	5.030434126465114e-05	0.0002515217063232557	0.0005533477539111625	0.004175260324966045	0.0	0.0	0.0	5.030434126465114e-05	0.0	5.030434126465114e-05	5.030434126465114e-05	0.0	0.0	0.0
_scratch_st-cdeboer-1_asfar_VLPs_results_crispresso_aggregated_spacer_ABE8e_rep1_.staging_CRISPRessoPooled_on_ABE8e_D2_rep1_CRISPResso_on_HEK3	Deletions	0.0006539564364404648	0.0017103476029981387	0.000704260777705116	0.0012576085316162785	0.0015594345792041852	0.0019618693093213947	0.0019115649680567432	0.0030685648171437196	0.002112782333115348	0.001458825896674883	0.0016097389204688364	0.0015091302379395342	0.0015594345792041852	0.001408521555410232	0.001056391166557674	0.0008551738014990694	0.000704260777705116	0.0005533477539111625	0.000352130388852558	0.00030182604758790686
_scratch_st-cdeboer-1_asfar_VLPs_results_crispresso_aggregated_spacer_ABE8e_rep1_.staging_CRISPRessoPooled_on_ABE8e_D2_rep1_CRISPResso_on_HEK3	Substitutions	0.0002515217063232557	0.00030182604758790686	0.0009557824840283716	0.010262085617988833	0.01594647618089441	0.9678052215906233	0.0002515217063232557	0.8990894914231098	0.000352130388852558	5.030434126465114e-05	0.0002515217063232557	0.00221339101564465	0.00015091302379395343	0.00020121736505860456	0.001458825896674883	0.00010060868252930228	0.00015091302379395343	0.00020121736505860456	0.00030182604758790686	0.00010060868252930228
_scratch_st-cdeboer-1_asfar_VLPs_results_crispresso_aggregated_spacer_ABE8e_rep1_.staging_CRISPRessoPooled_on_ABE8e_D2_rep1_CRISPResso_on_HEK3	All_modifications	0.0009054781427637205	0.0020121736505860455	0.0016600432617334877	0.011519694149605112	0.017505910760098598	0.9699180039237386	0.0023643040394386037	0.9024598822878415	0.003269782182202324	0.006237738316816741	0.006036520951758137	0.0037225212535841844	0.0017103476029981387	0.0016600432617334877	0.002565521404497208	0.0010060868252930227	0.0009557824840283716	0.0008048694602344182	0.0006539564364404648	0.0004024347301172091
_scratch_st-cdeboer-1_asfar_VLPs_results_crispresso_aggregated_spacer_ABE8e_rep1_.staging_CRISPRessoPooled_on_ABE8e_D3_rep1_CRISPResso_on_HEK3	Insertions	0.0	9.202171712524156e-05	0.00021471733995889695	0.00012269562283365542	0.0	6.134781141682771e-05	6.134781141682771e-05	0.0005214563970430355	0.0008588693598355878	0.004232998987761112	0.0038955860249685593	0.0	0.0	0.0	0.0	3.0673905708413856e-05	0.00018404343425048312	0.00015336952854206926	0.0	0.0
_scratch_st-cdeboer-1_asfar_VLPs_results_crispresso_aggregated_spacer_ABE8e_rep1_.staging_CRISPRessoPooled_on_ABE8e_D3_rep1_CRISPResso_on_HEK3	Insertions_Left	0.0	9.202171712524156e-05	0.00012269562283365542	0.0	0.0	6.134781141682771e-05	0.0	0.0005214563970430355	0.0003374129627925524	0.0038955860249685593	0.0	0.0	0.0	0.0	0.0	3.0673905708413856e-05	0.00015336952854206926	0.0	0.0	0.0
_scratch_st-cdeboer-1_asfar_VLPs_results_crispresso_aggregated_spacer_ABE8e_rep1_.staging_CRISPRessoPooled_on_ABE8e_D3_rep1_CRISPResso_on_HEK3	Deletions	0.0009508910769608295	0.0014109996625870371	0.0009202171712524155	0.0015643691911291064	0.0017484126253795897	0.002055151682463728	0.0023618907395478667	0.0038342382135517316	0.0019938038710469006	0.0011349345112113126	0.001226956228336554	0.0011962823226281403	0.0010122388883776572	0.0007361737370019325	0.0007361737370019325	0.0005214563970430355	0.0003987607742093801	0.0004294346799177939	0.0003374129627925524	0.00027606515137572465
_scratch_st-cdeboer-1_asfar_VLPs_results_crispresso_aggregated_spacer_ABE8e_rep1_.staging_CRISPRessoPooled_on_ABE8e_D3_rep1_CRISPResso_on_HEK3	Substitutions	0.0004294346799177939	0.0003374129627925524	0.0019938038710469006	0.014294040060120855	0.01901782153921659	0.9762583969816877	0.0003067390570841385	0.9342658200668691	0.0003067390570841385	0.00024539124566731084	0.00015336952854206926	0.0017790865310880035	0.00021471733995889695	0.00021471733995889695	0.0015030213797122788	9.202171712524156e-05	0.00021471733995889695	0.00018404343425048312	6.134781141682771e-05	0.0003987607742093801
_scratch_st-cdeboer-1_asfar_VLPs_results_crispresso_aggregated_spacer_ABE8e_rep1_.staging_CRISPRessoPooled_on_ABE8e_D3_rep1_CRISPResso_on_HEK3	All_modifications	0.0013803257568786233	0.001840434342504831	0.0031287383822582128	0.015981104874083617	0.02076623416459618	0.9783748964755682	0.002729977608048833	0.9386215146774639	0.003159412287966627	0.005613324744639735	0.005275911781847183	0.0029753688537161437	0.001226956228336554	0.0009508910769608295	0.002239195116714211	0.0006441520198766909	0.0007975215484187602	0.0007668476427103463	0.0003987607742093801	0.0006748259255851048
_scratch_st-cdeboer-1_asfar_VLPs_results_crispresso_aggregated_spacer_ABE8e_rep1_.staging_CRISPRessoPooled_on_ABE8e_D4_rep1_CRISPResso_on_HEK3	Insertions	9.637625289128758e-06	9.637625289128758e-06	0.0	0.0002313030069390902	0.0002313030069390902	0.00033731688511950655	0.00033731688511950655	1.9275250578257516e-05	0.00022166538164996146	0.005946414803392444	0.00574402467232074	0.0	0.00019275250578257516	0.00019275250578257516	0.0	0.0	0.0	0.0	0.0	0.0
_scratch_st-cdeboer-1_asfar_VLPs_results_crispresso_aggregated_spacer_ABE8e_rep1_.staging_CRISPRessoPooled_on_ABE8e_D4_rep1_CRISPResso_on_HEK3	Insertions_Left	9.637625289128758e-06	0.0	0.0	0.0002313030069390902	0.0	0.00033731688511950655	0.0	1.9275250578257516e-05	0.00020239013107170394	0.00574402467232074	0.0	0.0	0.00019275250578257516	0.0	0.0	0.0	0.0	0.0	0.0	0.0
_scratch_st-cdeboer-1_asfar_VLPs_results_crispresso_aggregated_spacer_ABE8e_rep1_.staging_CRISPRessoPooled_on_ABE8e_D4_rep1_CRISPResso_on_HEK3	Deletions	0.00026021588280647647	0.0011468774094063224	0.0005011565150346954	0.0009444872783346183	0.001599845797995374	0.0019660755589822666	0.0016480339244410178	0.002476869699306091	0.0015034695451040863	0.001204703161141095	0.0012143407864302236	0.00124325366229761	0.0009926754047802622	0.0009926754047802622	0.0006457208943716268	0.00038550501156515033	0.00031804163454124905	0.00031804163454124905	0.00031804163454124905	0.00030840400925212025
_scratch_st-cdeboer-1_asfar_VLPs_results_crispresso_aggregated_spacer_ABE8e_rep1_.staging_CRISPRessoPooled_on_ABE8e_D4_rep1_CRISPResso_on_HEK3	Substitutions	0.00015420200462606013	0.00047224363916730915	0.0021781033153430995	0.015381649961449499	0.02058596761757903	0.9901503469545104	0.00021202775636083268	0.9703932151117964	6.746337702390132e-05	0.00036622976098689284	0.00015420200462606013	0.0018889745566692366	0.0003758673862760216	0.0004433307632999229	0.0019275250578257518	9.637625289128758e-05	0.0007806476484194295	0.0002505782575173477	0.00014456437933693138	0.00024094063222821898
_scratch_st-cdeboer-1_asfar_VLPs_results_crispresso_aggregated_spacer_ABE8e_rep1_.staging_CRISPRessoPooled_on_ABE8e_D4_rep1_CRISPResso_on_HEK3	All_modifications	0.00042405551272166537	0.0016287586738627602	0.002679259830377795	0.016557440246723207	0.022417116422513494	0.9924537393986121	0.002197378565921357	0.9728893600616808	0.001792598303777949	0.007517347725520432	0.007112567463377024	0.0031322282189668467	0.001561295296838859	0.0016287586738627602	0.0025732459521973787	0.00048188126445643795	0.0010986892829606785	0.0005686198920585967	0.0004626060138781804	0.0005493446414803392
_scratch_st-cdeboer-1_asfar_VLPs_results_crispresso_aggregated_spacer_ABE8e_rep1_.staging_CRISPRessoPooled_on_ABE8e_D5_rep1_CRISPResso_on_HEK3	Insertions	0.0	0.0	0.0	0.0	0.0	0.0009315743606695315	0.0012320822189500254	0.0007813204315292845	0.00048081257324879045	0.0038465005859903236	0.0038465005859903236	0.0	0.0	0.0	0.0	3.0050785828049403e-05	3.0050785828049403e-05	0.0	0.0	0.0
_scratch_st-cdeboer-1_asfar_VLPs_results_crispresso_aggregated_spacer_ABE8e_rep1_.staging_CRISPRessoPooled_on_ABE8e_D5_rep1_CRISPResso_on_HEK3	Insertions_Left	0.0	0.0	0.0	0.0	0.0	0.0009315743606695315	0.000300507858280494	0.00048081257324879045	0.0	0.0038465005859903236	0.0	0.0	0.0	0.0	0.0	3.0050785828049403e-05	0.0	0.0	0.0	0.0
_scratch_st-cdeboer-1_asfar_VLPs_results_crispresso_aggregated_spacer_ABE8e_rep1_.staging_CRISPRessoPooled_on_ABE8e_D5_rep1_CRISPResso_on_HEK3	Deletions	0.0013222345764341737	0.002404062866243952	0.0010217267181536797	0.002223758151275656	0.002223758151275656	0.0022538089371037053	0.003125281726117138	0.004838176518315954	0.004898278089972053	0.0036361450851939777	0.004627821017519608	0.003936652943474472	0.003936652943474472	0.003936652943474472	0.004237160801754966	0.004237160801754966	0.003906602157646422	0.0034558403702256812	0.0027947230820085946	0.0027947230820085946
_scratch_st-cdeboer-1_asfar_VLPs_results_crispresso_aggregated_spacer_ABE8e_rep1_.staging_CRISPRessoPooled_on_ABE8e_D5_rep1_CRISPResso_on_HEK3	Substitutions	0.00024040628662439523	0.000601015716560988	0.00039066021576464224	0.014875138984884455	0.020404483577245544	0.9840730835111338	0.00027045707245244464	0.9469904137993208	0.000150253929140247	0.000150253929140247	0.0002103555007963458	0.0022538089371037053	0.000150253929140247	0.00012020314331219761	0.0018330979355110136	0.0	0.0002103555007963458	0.000300507858280494	0.0002103555007963458	0.000150253929140247
_scratch_st-cdeboer-1_asfar_VLPs_results_crispresso_aggregated_spacer_ABE8e_rep1_.staging_CRISPRessoPooled_on_ABE8e_D5_rep1_CRISPResso_on_HEK3	All_modifications	0.001562640863058569	0.00300507858280494	0.0014123869339183219	0.01709889713616011	0.022628241728521202	0.987258466808907	0.004627821017519608	0.9526099107491661	0.00552934459236109	0.007632899600324548	0.008684677104306277	0.006190461880578177	0.004086906872614719	0.004056856086786669	0.006070258737265979	0.004267211587583015	0.004147008444270818	0.0037563482285061754	0.00300507858280494	0.0029449770111488415
