Folder	Modification	C	A	C	C	T	A	C	C	T	A	A	G	A	A	C	C	A	T	C	C
_scratch_st-cdeboer-1_asfar_VLPs_results_crispresso_aggregated_spacer_ABE8e_rep3_.staging_CRISPRessoPooled_on_ABE8e_D0_rep3_CRISPResso_on_PDCD1	Insertions	2.54323499491353e-05	2.54323499491353e-05	0.0	0.0	0.0	0.0	0.0	0.0	0.0	0.0	0.0	0.0	0.0	0.0	0.0	0.0	0.0	0.0	0.0	0.0
_scratch_st-cdeboer-1_asfar_VLPs_results_crispresso_aggregated_spacer_ABE8e_rep3_.staging_CRISPRessoPooled_on_ABE8e_D0_rep3_CRISPResso_on_PDCD1	Insertions_Left	2.54323499491353e-05	0.0	0.0	0.0	0.0	0.0	0.0	0.0	0.0	0.0	0.0	0.0	0.0	0.0	0.0	0.0	0.0	0.0	0.0	0.0
_scratch_st-cdeboer-1_asfar_VLPs_results_crispresso_aggregated_spacer_ABE8e_rep3_.staging_CRISPRessoPooled_on_ABE8e_D0_rep3_CRISPResso_on_PDCD1	Deletions	7.62970498474059e-05	0.0	0.0	0.0	0.0	0.0	0.0	0.0	2.54323499491353e-05	0.0	7.62970498474059e-05	0.0	0.0	0.0	0.0	0.0	0.0	0.0	0.0	0.0
_scratch_st-cdeboer-1_asfar_VLPs_results_crispresso_aggregated_spacer_ABE8e_rep3_.staging_CRISPRessoPooled_on_ABE8e_D0_rep3_CRISPResso_on_PDCD1	Substitutions	0.0001271617497456765	0.0001780264496439471	2.54323499491353e-05	2.54323499491353e-05	0.0001271617497456765	0.000254323499491353	0.0003306205493387589	0.0002288911495422177	0.0003306205493387589	7.62970498474059e-05	0.0002034587995930824	0.0001525940996948118	0.0003814852492370295	0.0003306205493387589	2.54323499491353e-05	0.0001525940996948118	0.000254323499491353	0.0003051881993896236	0.0001780264496439471	0.0001271617497456765
_scratch_st-cdeboer-1_asfar_VLPs_results_crispresso_aggregated_spacer_ABE8e_rep3_.staging_CRISPRessoPooled_on_ABE8e_D0_rep3_CRISPResso_on_PDCD1	All_modifications	0.0002288911495422177	0.0002034587995930824	2.54323499491353e-05	2.54323499491353e-05	0.0001271617497456765	0.000254323499491353	0.0003306205493387589	0.0002288911495422177	0.0003560528992878942	7.62970498474059e-05	0.0002797558494404883	0.0001525940996948118	0.0003814852492370295	0.0003306205493387589	2.54323499491353e-05	0.0001525940996948118	0.000254323499491353	0.0003051881993896236	0.0001780264496439471	0.0001271617497456765
_scratch_st-cdeboer-1_asfar_VLPs_results_crispresso_aggregated_spacer_ABE8e_rep3_.staging_CRISPRessoPooled_on_ABE8e_D1_rep3_CRISPResso_on_PDCD1	Insertions	2.4951967462634428e-05	2.4951967462634428e-05	0.0	0.0	0.0	0.0	0.0	0.0	0.0	9.980786985053771e-05	9.980786985053771e-05	0.0	0.0	0.0	0.0	0.0	0.0	0.0	0.0	2.4951967462634428e-05
_scratch_st-cdeboer-1_asfar_VLPs_results_crispresso_aggregated_spacer_ABE8e_rep3_.staging_CRISPRessoPooled_on_ABE8e_D1_rep3_CRISPResso_on_PDCD1	Insertions_Left	2.4951967462634428e-05	0.0	0.0	0.0	0.0	0.0	0.0	0.0	0.0	9.980786985053771e-05	0.0	0.0	0.0	0.0	0.0	0.0	0.0	0.0	0.0	2.4951967462634428e-05
_scratch_st-cdeboer-1_asfar_VLPs_results_crispresso_aggregated_spacer_ABE8e_rep3_.staging_CRISPRessoPooled_on_ABE8e_D1_rep3_CRISPResso_on_PDCD1	Deletions	0.0	0.0	0.0	0.0	0.0	0.0	0.0	2.4951967462634428e-05	0.0	0.0	4.9903934925268855e-05	4.9903934925268855e-05	0.0	2.4951967462634428e-05	0.0	0.0	0.0	2.4951967462634428e-05	0.0	0.0
_scratch_st-cdeboer-1_asfar_VLPs_results_crispresso_aggregated_spacer_ABE8e_rep3_.staging_CRISPRessoPooled_on_ABE8e_D1_rep3_CRISPResso_on_PDCD1	Substitutions	9.980786985053771e-05	0.0011976944382064525	0.00012475983731317214	0.00012475983731317214	0.00019961573970107542	0.011627616837587644	2.4951967462634428e-05	0.0002994236095516131	0.00014971180477580656	0.004391546273423659	0.00014971180477580656	0.000174663772238441	0.0002744716420889787	0.000174663772238441	0.0	7.485590238790328e-05	0.0002495196746263443	0.00044913541432741973	0.00014971180477580656	9.980786985053771e-05
_scratch_st-cdeboer-1_asfar_VLPs_results_crispresso_aggregated_spacer_ABE8e_rep3_.staging_CRISPRessoPooled_on_ABE8e_D1_rep3_CRISPResso_on_PDCD1	All_modifications	0.00012475983731317214	0.001222646405669087	0.00012475983731317214	0.00012475983731317214	0.00019961573970107542	0.011627616837587644	2.4951967462634428e-05	0.0003243755770142476	0.00014971180477580656	0.0044913541432741975	0.0002994236095516131	0.00022456770716370987	0.0002744716420889787	0.00019961573970107542	0.0	7.485590238790328e-05	0.0002495196746263443	0.00047408738179005415	0.00014971180477580656	0.00012475983731317214
_scratch_st-cdeboer-1_asfar_VLPs_results_crispresso_aggregated_spacer_ABE8e_rep3_.staging_CRISPRessoPooled_on_ABE8e_D2_rep3_CRISPResso_on_PDCD1	Insertions	3.209345614429218e-05	3.209345614429218e-05	0.0	0.0	0.0	0.0	0.0	0.0	0.0	3.209345614429218e-05	3.209345614429218e-05	0.0	0.0	0.0	0.0	0.0	0.0	0.0	0.0	0.0
_scratch_st-cdeboer-1_asfar_VLPs_results_crispresso_aggregated_spacer_ABE8e_rep3_.staging_CRISPRessoPooled_on_ABE8e_D2_rep3_CRISPResso_on_PDCD1	Insertions_Left	3.209345614429218e-05	0.0	0.0	0.0	0.0	0.0	0.0	0.0	0.0	3.209345614429218e-05	0.0	0.0	0.0	0.0	0.0	0.0	0.0	0.0	0.0	0.0
_scratch_st-cdeboer-1_asfar_VLPs_results_crispresso_aggregated_spacer_ABE8e_rep3_.staging_CRISPRessoPooled_on_ABE8e_D2_rep3_CRISPResso_on_PDCD1	Deletions	6.418691228858436e-05	0.0	0.0	0.0	0.0	0.0	0.0	0.0	0.0	0.0	1.604672807214609e-05	0.0	0.0	0.0	0.0	0.0	0.0	1.604672807214609e-05	0.0	0.0
_scratch_st-cdeboer-1_asfar_VLPs_results_crispresso_aggregated_spacer_ABE8e_rep3_.staging_CRISPRessoPooled_on_ABE8e_D2_rep3_CRISPResso_on_PDCD1	Substitutions	0.00019256073686575308	0.002727943772264835	6.418691228858436e-05	0.00016046728072146088	0.00022465419301004525	0.02721525081035977	0.00020860746493789917	0.00024070092108219134	0.0001283738245771687	0.007702429474630123	0.00041721492987579833	0.00022465419301004525	0.0001283738245771687	0.0002567476491543374	6.418691228858436e-05	0.0001283738245771687	0.0001283738245771687	0.0003369812895150679	6.418691228858436e-05	0.00019256073686575308
_scratch_st-cdeboer-1_asfar_VLPs_results_crispresso_aggregated_spacer_ABE8e_rep3_.staging_CRISPRessoPooled_on_ABE8e_D2_rep3_CRISPResso_on_PDCD1	All_modifications	0.0002888411052986296	0.0027600372284091275	6.418691228858436e-05	0.00016046728072146088	0.00022465419301004525	0.02721525081035977	0.00020860746493789917	0.00024070092108219134	0.0001283738245771687	0.007734522930774415	0.0004653551140922366	0.00022465419301004525	0.0001283738245771687	0.0002567476491543374	6.418691228858436e-05	0.0001283738245771687	0.0001283738245771687	0.000353028017587214	6.418691228858436e-05	0.00019256073686575308
_scratch_st-cdeboer-1_asfar_VLPs_results_crispresso_aggregated_spacer_ABE8e_rep3_.staging_CRISPRessoPooled_on_ABE8e_D3_rep3_CRISPResso_on_PDCD1	Insertions	0.0002206108041743401	0.0002206108041743401	0.0	0.0	0.0	9.591774094536525e-06	9.591774094536525e-06	9.591774094536525e-06	9.591774094536525e-06	0.0014003990178023326	0.0014003990178023326	0.0	0.0	0.0	2.8775322283609577e-05	2.8775322283609577e-05	0.0	1.918354818907305e-05	1.918354818907305e-05	0.0
_scratch_st-cdeboer-1_asfar_VLPs_results_crispresso_aggregated_spacer_ABE8e_rep3_.staging_CRISPRessoPooled_on_ABE8e_D3_rep3_CRISPResso_on_PDCD1	Insertions_Left	0.0002206108041743401	0.0	0.0	0.0	0.0	9.591774094536525e-06	0.0	9.591774094536525e-06	0.0	0.0014003990178023326	0.0	0.0	0.0	0.0	2.8775322283609577e-05	0.0	0.0	1.918354818907305e-05	0.0	0.0
_scratch_st-cdeboer-1_asfar_VLPs_results_crispresso_aggregated_spacer_ABE8e_rep3_.staging_CRISPRessoPooled_on_ABE8e_D3_rep3_CRISPResso_on_PDCD1	Deletions	7.67341927562922e-05	6.714241866175568e-05	9.591774094536525e-05	9.591774094536525e-05	0.00011510128913443831	0.00012469306322897484	0.0003740791896869245	0.00040285451197053407	0.00041244628606507057	0.00043162983425414363	0.00023020257826887662	0.00013428483732351137	0.00013428483732351137	0.00013428483732351137	0.00013428483732351137	0.00013428483732351137	9.591774094536525e-05	0.00010550951503990178	0.00012469306322897484	0.00013428483732351137
_scratch_st-cdeboer-1_asfar_VLPs_results_crispresso_aggregated_spacer_ABE8e_rep3_.staging_CRISPRessoPooled_on_ABE8e_D3_rep3_CRISPResso_on_PDCD1	Substitutions	0.00010550951503990178	0.03699547268262738	0.00021101903007980356	0.000748158379373849	0.00020142725598526704	0.29103360957642727	0.0012852977286678944	0.0007769337016574585	0.0001918354818907305	0.10870357581338244	0.006234653161448741	0.00016306015960712092	0.0004891804788213629	0.0002589779005524862	5.7550644567219155e-05	7.67341927562922e-05	0.00020142725598526704	0.00027816144874155923	0.00011510128913443831	9.591774094536525e-05
_scratch_st-cdeboer-1_asfar_VLPs_results_crispresso_aggregated_spacer_ABE8e_rep3_.staging_CRISPRessoPooled_on_ABE8e_D3_rep3_CRISPResso_on_PDCD1	All_modifications	0.00040285451197053407	0.03728322590546347	0.0003069367710251688	0.0008440761203192143	0.00031652854511970535	0.2911678944137508	0.0016689686924493555	0.0011893799877225292	0.0006138735420503376	0.11053560466543892	0.007865254757519952	0.0002973449969306323	0.0006234653161448742	0.00039326273787599757	0.0002206108041743401	0.00023979435236341315	0.0002973449969306323	0.00040285451197053407	0.0002589779005524862	0.00023020257826887662
_scratch_st-cdeboer-1_asfar_VLPs_results_crispresso_aggregated_spacer_ABE8e_rep3_.staging_CRISPRessoPooled_on_ABE8e_D4_rep3_CRISPResso_on_PDCD1	Insertions	0.0	0.0	0.0	0.0	0.0	0.0	2.7888557324929582e-05	2.7888557324929582e-05	1.3944278662464791e-05	0.0018545890621078172	0.0019103661767576764	6.972139331232396e-05	0.0	0.0	1.3944278662464791e-05	2.7888557324929582e-05	4.183283598739437e-05	2.7888557324929582e-05	0.0	0.0
_scratch_st-cdeboer-1_asfar_VLPs_results_crispresso_aggregated_spacer_ABE8e_rep3_.staging_CRISPRessoPooled_on_ABE8e_D4_rep3_CRISPResso_on_PDCD1	Insertions_Left	0.0	0.0	0.0	0.0	0.0	0.0	2.7888557324929582e-05	0.0	1.3944278662464791e-05	0.0018406447834453524	6.972139331232396e-05	0.0	0.0	0.0	1.3944278662464791e-05	1.3944278662464791e-05	2.7888557324929582e-05	0.0	0.0	0.0
_scratch_st-cdeboer-1_asfar_VLPs_results_crispresso_aggregated_spacer_ABE8e_rep3_.staging_CRISPRessoPooled_on_ABE8e_D4_rep3_CRISPResso_on_PDCD1	Deletions	5.5777114649859164e-05	2.7888557324929582e-05	1.3944278662464791e-05	1.3944278662464791e-05	6.972139331232396e-05	9.760995063725353e-05	0.00018127562261204227	0.00018127562261204227	0.00015338706528711268	0.00022310845859943666	0.00015338706528711268	0.00012549850796218312	0.00012549850796218312	0.00015338706528711268	0.00015338706528711268	0.00015338706528711268	0.00015338706528711268	0.00015338706528711268	0.00015338706528711268	0.00015338706528711268
_scratch_st-cdeboer-1_asfar_VLPs_results_crispresso_aggregated_spacer_ABE8e_rep3_.staging_CRISPRessoPooled_on_ABE8e_D4_rep3_CRISPResso_on_PDCD1	Substitutions	8.366567197478874e-05	0.03497225088546169	9.760995063725353e-05	0.0010318766210223945	0.00029282985191176063	0.28354296232255904	0.0010597651783473242	0.000599603982485986	0.00022310845859943666	0.10159801433471846	0.00628886967677162	0.00022310845859943666	0.00026494129458683104	0.00022310845859943666	1.3944278662464791e-05	4.183283598739437e-05	0.00015338706528711268	0.00013944278662464792	5.5777114649859164e-05	0.00023705273726190145
_scratch_st-cdeboer-1_asfar_VLPs_results_crispresso_aggregated_spacer_ABE8e_rep3_.staging_CRISPRessoPooled_on_ABE8e_D4_rep3_CRISPResso_on_PDCD1	All_modifications	0.00013944278662464792	0.035000139442786626	0.00011155422929971833	0.0010458208996848592	0.00036255124522408455	0.28364057227319633	0.001268929358284296	0.0008087681624229579	0.00039043980254901414	0.10367571185542572	0.008352622918816409	0.0004183283598739437	0.00039043980254901414	0.00037649552388654934	0.00018127562261204227	0.00022310845859943666	0.00034860696656161975	0.00032071840923669016	0.00020916417993697186	0.00039043980254901414
_scratch_st-cdeboer-1_asfar_VLPs_results_crispresso_aggregated_spacer_ABE8e_rep3_.staging_CRISPRessoPooled_on_ABE8e_D5_rep3_CRISPResso_on_PDCD1	Insertions	0.0	0.0	0.0	0.0	0.0	0.0	9.745638826625085e-05	0.0001949127765325017	0.00011369911964395933	0.0035409154403404476	0.003524672708962739	0.0	0.0	3.248546275541695e-05	3.248546275541695e-05	0.0	1.6242731377708475e-05	1.6242731377708475e-05	0.0	0.0
_scratch_st-cdeboer-1_asfar_VLPs_results_crispresso_aggregated_spacer_ABE8e_rep3_.staging_CRISPRessoPooled_on_ABE8e_D5_rep3_CRISPResso_on_PDCD1	Insertions_Left	0.0	0.0	0.0	0.0	0.0	0.0	9.745638826625085e-05	9.745638826625085e-05	1.6242731377708475e-05	0.003524672708962739	0.0	0.0	0.0	3.248546275541695e-05	0.0	0.0	1.6242731377708475e-05	0.0	0.0	0.0
_scratch_st-cdeboer-1_asfar_VLPs_results_crispresso_aggregated_spacer_ABE8e_rep3_.staging_CRISPRessoPooled_on_ABE8e_D5_rep3_CRISPResso_on_PDCD1	Deletions	0.00030861189617646103	0.0004060682844427119	0.00035734009030958646	0.00035734009030958646	0.00024364097066562713	0.00024364097066562713	0.0004060682844427119	0.0004060682844427119	0.0006659519864860475	0.0007146801806191729	0.0006172237923529221	0.0005522528668420882	0.0005522528668420882	0.0005360101354643797	0.0005197674040866712	0.0005197674040866712	0.00017867004515479323	0.0002598837020433356	0.00024364097066562713	0.00024364097066562713
_scratch_st-cdeboer-1_asfar_VLPs_results_crispresso_aggregated_spacer_ABE8e_rep3_.staging_CRISPRessoPooled_on_ABE8e_D5_rep3_CRISPResso_on_PDCD1	Substitutions	0.0001299418510216678	0.08397492122275282	0.00017867004515479323	0.0020303414222135594	9.745638826625085e-05	0.655394211090537	0.0021765260046129357	0.0019328850339473086	0.00029236916479875256	0.25541695091446576	0.014212389955494916	0.0002598837020433356	0.0009745638826625085	0.0006984374492414644	6.49709255108339e-05	3.248546275541695e-05	0.0002761264334210441	0.00043855374719812884	8.121365688854238e-05	8.121365688854238e-05
_scratch_st-cdeboer-1_asfar_VLPs_results_crispresso_aggregated_spacer_ABE8e_rep3_.staging_CRISPRessoPooled_on_ABE8e_D5_rep3_CRISPResso_on_PDCD1	All_modifications	0.00043855374719812884	0.08438098950719553	0.0005360101354643797	0.002387681512523146	0.000341097358931878	0.6556378520612026	0.0026800506773218984	0.002533866094922522	0.0010720202709287594	0.2596725465354254	0.018354286456810576	0.0008121365688854238	0.0015268167495045967	0.001266933047461261	0.0006172237923529221	0.0005522528668420882	0.0004710392099535458	0.0007146801806191729	0.0003248546275541695	0.0003248546275541695
