Folder	Modification	G	G	C	C	C	A	G	A	C	T	G	A	G	C	A	C	G	T	G	A
_scratch_st-cdeboer-1_asfar_VLPs_results_crispresso_aggregated_spacer_ABE8e-SpRY_rep2_.staging_CRISPRessoPooled_on_ABE8e-SpRY_D0_rep2_CRISPResso_on_HEK3	Insertions	0.0	0.0	0.0	0.0	0.0	0.0	0.0	0.0	0.0	0.0	0.0	0.0	0.0	0.0	0.0	0.0	0.0	0.0	0.0	0.0
_scratch_st-cdeboer-1_asfar_VLPs_results_crispresso_aggregated_spacer_ABE8e-SpRY_rep2_.staging_CRISPRessoPooled_on_ABE8e-SpRY_D0_rep2_CRISPResso_on_HEK3	Insertions_Left	0.0	0.0	0.0	0.0	0.0	0.0	0.0	0.0	0.0	0.0	0.0	0.0	0.0	0.0	0.0	0.0	0.0	0.0	0.0	0.0
_scratch_st-cdeboer-1_asfar_VLPs_results_crispresso_aggregated_spacer_ABE8e-SpRY_rep2_.staging_CRISPRessoPooled_on_ABE8e-SpRY_D0_rep2_CRISPResso_on_HEK3	Deletions	0.0	0.00011890606420927467	0.0	0.0	0.0	0.0	0.0	0.0	0.0	0.0	0.0	0.0	0.0	0.0	0.0	0.0	0.0	0.0	0.0	0.0
_scratch_st-cdeboer-1_asfar_VLPs_results_crispresso_aggregated_spacer_ABE8e-SpRY_rep2_.staging_CRISPRessoPooled_on_ABE8e-SpRY_D0_rep2_CRISPResso_on_HEK3	Substitutions	0.000178359096313912	0.00029726516052318666	0.0	0.00011890606420927467	0.00011890606420927467	0.00011890606420927467	0.00029726516052318666	0.00011890606420927467	5.945303210463734e-05	0.000178359096313912	0.00023781212841854935	0.000178359096313912	0.00011890606420927467	0.000356718192627824	5.945303210463734e-05	0.00023781212841854935	0.00029726516052318666	0.000178359096313912	0.000178359096313912	0.000356718192627824
_scratch_st-cdeboer-1_asfar_VLPs_results_crispresso_aggregated_spacer_ABE8e-SpRY_rep2_.staging_CRISPRessoPooled_on_ABE8e-SpRY_D0_rep2_CRISPResso_on_HEK3	All_modifications	0.000178359096313912	0.00041617122473246133	0.0	0.00011890606420927467	0.00011890606420927467	0.00011890606420927467	0.00029726516052318666	0.00011890606420927467	5.945303210463734e-05	0.000178359096313912	0.00023781212841854935	0.000178359096313912	0.00011890606420927467	0.000356718192627824	5.945303210463734e-05	0.00023781212841854935	0.00029726516052318666	0.000178359096313912	0.000178359096313912	0.000356718192627824
_scratch_st-cdeboer-1_asfar_VLPs_results_crispresso_aggregated_spacer_ABE8e-SpRY_rep2_.staging_CRISPRessoPooled_on_ABE8e-SpRY_D1_rep2_CRISPResso_on_HEK3	Insertions	0.0	0.0	0.0	0.0	0.0	0.0	0.0	0.0	0.0	6.113590511707526e-05	6.113590511707526e-05	0.0	0.0	0.0	0.0	0.0	0.0	0.0	0.0	0.0
_scratch_st-cdeboer-1_asfar_VLPs_results_crispresso_aggregated_spacer_ABE8e-SpRY_rep2_.staging_CRISPRessoPooled_on_ABE8e-SpRY_D1_rep2_CRISPResso_on_HEK3	Insertions_Left	0.0	0.0	0.0	0.0	0.0	0.0	0.0	0.0	0.0	6.113590511707526e-05	0.0	0.0	0.0	0.0	0.0	0.0	0.0	0.0	0.0	0.0
_scratch_st-cdeboer-1_asfar_VLPs_results_crispresso_aggregated_spacer_ABE8e-SpRY_rep2_.staging_CRISPRessoPooled_on_ABE8e-SpRY_D1_rep2_CRISPResso_on_HEK3	Deletions	0.0	0.00012227181023415052	0.0	0.0	0.0	0.0	0.0	0.0	0.0	0.0	0.0	0.0	0.0	0.0	0.0	0.0	0.0	0.0	0.0	0.0
_scratch_st-cdeboer-1_asfar_VLPs_results_crispresso_aggregated_spacer_ABE8e-SpRY_rep2_.staging_CRISPRessoPooled_on_ABE8e-SpRY_D1_rep2_CRISPResso_on_HEK3	Substitutions	0.00018340771535122578	6.113590511707526e-05	6.113590511707526e-05	0.00018340771535122578	0.00018340771535122578	0.0029345234456196125	0.00018340771535122578	0.00244543620468301	0.0	0.00018340771535122578	0.00012227181023415052	0.00030567952558537627	6.113590511707526e-05	0.00018340771535122578	0.00012227181023415052	0.0	0.00018340771535122578	0.00024454362046830104	0.00018340771535122578	6.113590511707526e-05
_scratch_st-cdeboer-1_asfar_VLPs_results_crispresso_aggregated_spacer_ABE8e-SpRY_rep2_.staging_CRISPRessoPooled_on_ABE8e-SpRY_D1_rep2_CRISPResso_on_HEK3	All_modifications	0.00018340771535122578	0.00018340771535122578	6.113590511707526e-05	0.00018340771535122578	0.00018340771535122578	0.0029345234456196125	0.00018340771535122578	0.00244543620468301	0.0	0.00024454362046830104	0.00018340771535122578	0.00030567952558537627	6.113590511707526e-05	0.00018340771535122578	0.00012227181023415052	0.0	0.00018340771535122578	0.00024454362046830104	0.00018340771535122578	6.113590511707526e-05
_scratch_st-cdeboer-1_asfar_VLPs_results_crispresso_aggregated_spacer_ABE8e-SpRY_rep2_.staging_CRISPRessoPooled_on_ABE8e-SpRY_D2_rep2_CRISPResso_on_HEK3	Insertions	0.0	0.0	0.0	0.0	0.0	0.0	0.0	0.0	0.0	8.721437292865864e-05	8.721437292865864e-05	0.0	0.0	0.0	0.0	0.0	0.0	0.0	0.0	0.0
_scratch_st-cdeboer-1_asfar_VLPs_results_crispresso_aggregated_spacer_ABE8e-SpRY_rep2_.staging_CRISPRessoPooled_on_ABE8e-SpRY_D2_rep2_CRISPResso_on_HEK3	Insertions_Left	0.0	0.0	0.0	0.0	0.0	0.0	0.0	0.0	0.0	8.721437292865864e-05	0.0	0.0	0.0	0.0	0.0	0.0	0.0	0.0	0.0	0.0
_scratch_st-cdeboer-1_asfar_VLPs_results_crispresso_aggregated_spacer_ABE8e-SpRY_rep2_.staging_CRISPRessoPooled_on_ABE8e-SpRY_D2_rep2_CRISPResso_on_HEK3	Deletions	0.0	8.721437292865864e-05	0.0	0.0	0.0	0.0	0.0	0.0	0.0	0.0	0.0	0.0	0.0	0.0	0.0	0.0	0.0	0.0	0.0	0.0
_scratch_st-cdeboer-1_asfar_VLPs_results_crispresso_aggregated_spacer_ABE8e-SpRY_rep2_.staging_CRISPRessoPooled_on_ABE8e-SpRY_D2_rep2_CRISPResso_on_HEK3	Substitutions	8.721437292865864e-05	0.00017442874585731728	0.00017442874585731728	0.0006105006105006105	0.0005232862375719519	0.0474446188731903	0.00034885749171463456	0.03549624978196407	8.721437292865864e-05	0.00026164311878597594	0.00017442874585731728	0.00034885749171463456	8.721437292865864e-05	0.0	8.721437292865864e-05	0.0	0.00034885749171463456	8.721437292865864e-05	0.00017442874585731728	0.00017442874585731728
_scratch_st-cdeboer-1_asfar_VLPs_results_crispresso_aggregated_spacer_ABE8e-SpRY_rep2_.staging_CRISPRessoPooled_on_ABE8e-SpRY_D2_rep2_CRISPResso_on_HEK3	All_modifications	8.721437292865864e-05	0.00026164311878597594	0.00017442874585731728	0.0006105006105006105	0.0005232862375719519	0.0474446188731903	0.00034885749171463456	0.03549624978196407	8.721437292865864e-05	0.00034885749171463456	0.00026164311878597594	0.00034885749171463456	8.721437292865864e-05	0.0	8.721437292865864e-05	0.0	0.00034885749171463456	8.721437292865864e-05	0.00017442874585731728	0.00017442874585731728
_scratch_st-cdeboer-1_asfar_VLPs_results_crispresso_aggregated_spacer_ABE8e-SpRY_rep2_.staging_CRISPRessoPooled_on_ABE8e-SpRY_D3_rep2_CRISPResso_on_HEK3	Insertions	0.0	0.0	2.7407772844378667e-05	2.7407772844378667e-05	0.0	0.0	0.0	2.7407772844378667e-05	0.00013703886422189332	0.0005481554568875733	0.00043852436551005867	0.0	0.0	0.0	0.0	0.0	0.0	0.0	0.0	0.0
_scratch_st-cdeboer-1_asfar_VLPs_results_crispresso_aggregated_spacer_ABE8e-SpRY_rep2_.staging_CRISPRessoPooled_on_ABE8e-SpRY_D3_rep2_CRISPResso_on_HEK3	Insertions_Left	0.0	0.0	2.7407772844378667e-05	0.0	0.0	0.0	0.0	2.7407772844378667e-05	0.00010963109137751467	0.00043852436551005867	0.0	0.0	0.0	0.0	0.0	0.0	0.0	0.0	0.0	0.0
_scratch_st-cdeboer-1_asfar_VLPs_results_crispresso_aggregated_spacer_ABE8e-SpRY_rep2_.staging_CRISPRessoPooled_on_ABE8e-SpRY_D3_rep2_CRISPResso_on_HEK3	Deletions	5.481554568875733e-05	0.000164446637066272	0.0	0.0	2.7407772844378667e-05	0.0	0.0	0.0	0.0	0.0	0.0	0.0	0.0	0.0	0.0	0.0	0.0	0.0	0.0	0.0
_scratch_st-cdeboer-1_asfar_VLPs_results_crispresso_aggregated_spacer_ABE8e-SpRY_rep2_.staging_CRISPRessoPooled_on_ABE8e-SpRY_D3_rep2_CRISPResso_on_HEK3	Substitutions	8.2223318533136e-05	0.000246669955599408	0.0	0.0006303787754207093	0.0015074275064408265	0.07197281148933837	0.00021926218275502933	0.056597050923641944	0.00013703886422189332	8.2223318533136e-05	2.7407772844378667e-05	0.000246669955599408	0.00010963109137751467	8.2223318533136e-05	8.2223318533136e-05	0.00021926218275502933	0.000246669955599408	0.000164446637066272	0.00027407772844378664	0.00013703886422189332
_scratch_st-cdeboer-1_asfar_VLPs_results_crispresso_aggregated_spacer_ABE8e-SpRY_rep2_.staging_CRISPRessoPooled_on_ABE8e-SpRY_D3_rep2_CRISPResso_on_HEK3	All_modifications	0.00013703886422189332	0.00041111659266568	2.7407772844378667e-05	0.000657786548265088	0.0015348352792852052	0.07197281148933837	0.00021926218275502933	0.05662445869648632	0.00027407772844378664	0.0006303787754207093	0.0004659321383544373	0.000246669955599408	0.00010963109137751467	8.2223318533136e-05	8.2223318533136e-05	0.00021926218275502933	0.000246669955599408	0.000164446637066272	0.00027407772844378664	0.00013703886422189332
_scratch_st-cdeboer-1_asfar_VLPs_results_crispresso_aggregated_spacer_ABE8e-SpRY_rep2_.staging_CRISPRessoPooled_on_ABE8e-SpRY_D4_rep2_CRISPResso_on_HEK3	Insertions	0.0	0.0	0.0	0.00034528399608678136	0.00034528399608678136	5.754733268113023e-05	5.754733268113023e-05	0.00011509466536226047	0.00028773666340565113	0.0016113253150716463	0.0014386833170282557	0.0	0.0	0.0	0.0	5.754733268113023e-05	5.754733268113023e-05	0.0	0.0	0.0
_scratch_st-cdeboer-1_asfar_VLPs_results_crispresso_aggregated_spacer_ABE8e-SpRY_rep2_.staging_CRISPRessoPooled_on_ABE8e-SpRY_D4_rep2_CRISPResso_on_HEK3	Insertions_Left	0.0	0.0	0.0	0.00034528399608678136	0.0	5.754733268113023e-05	0.0	0.00011509466536226047	0.00017264199804339068	0.0014386833170282557	0.0	0.0	0.0	0.0	0.0	5.754733268113023e-05	0.0	0.0	0.0	0.0
_scratch_st-cdeboer-1_asfar_VLPs_results_crispresso_aggregated_spacer_ABE8e-SpRY_rep2_.staging_CRISPRessoPooled_on_ABE8e-SpRY_D4_rep2_CRISPResso_on_HEK3	Deletions	0.00017264199804339068	0.0005179259941301721	0.00017264199804339068	0.00023018933072452093	0.00046037866144904186	0.0006330206594924325	0.0005179259941301721	0.0006330206594924325	0.0005179259941301721	0.0005179259941301721	0.0005179259941301721	0.0004028313287679116	0.00023018933072452093	0.00023018933072452093	0.00023018933072452093	0.00023018933072452093	0.00023018933072452093	0.00023018933072452093	0.00023018933072452093	0.00017264199804339068
_scratch_st-cdeboer-1_asfar_VLPs_results_crispresso_aggregated_spacer_ABE8e-SpRY_rep2_.staging_CRISPRessoPooled_on_ABE8e-SpRY_D4_rep2_CRISPResso_on_HEK3	Substitutions	5.754733268113023e-05	0.00017264199804339068	0.00034528399608678136	0.0035679346262300743	0.006042469931518674	0.3219197790182425	0.00046037866144904186	0.2512516544858146	0.00028773666340565113	0.00011509466536226047	0.00017264199804339068	0.0005754733268113023	0.00023018933072452093	0.00023018933072452093	0.00011509466536226047	0.00028773666340565113	0.00023018933072452093	0.00028773666340565113	0.00023018933072452093	0.0
_scratch_st-cdeboer-1_asfar_VLPs_results_crispresso_aggregated_spacer_ABE8e-SpRY_rep2_.staging_CRISPRessoPooled_on_ABE8e-SpRY_D4_rep2_CRISPResso_on_HEK3	All_modifications	0.00023018933072452093	0.0006905679921735627	0.0005179259941301721	0.004143407953041377	0.006848132589054498	0.3226103470104161	0.0010358519882603442	0.2519997698106693	0.0010933993209414745	0.0022443459745640788	0.0021292513092018186	0.000978304655579214	0.00046037866144904186	0.00046037866144904186	0.00034528399608678136	0.0005754733268113023	0.0005179259941301721	0.0005179259941301721	0.00046037866144904186	0.00017264199804339068
_scratch_st-cdeboer-1_asfar_VLPs_results_crispresso_aggregated_spacer_ABE8e-SpRY_rep2_.staging_CRISPRessoPooled_on_ABE8e-SpRY_D5_rep2_CRISPResso_on_HEK3	Insertions	0.0	0.0	0.0	0.0	0.0	0.0	8.09498111171074e-05	8.09498111171074e-05	0.0005126821370750135	0.0019427954668105774	0.001430113329735564	0.0	0.0	0.0	0.0	5.3966540744738264e-05	5.3966540744738264e-05	0.0	0.0	0.0
_scratch_st-cdeboer-1_asfar_VLPs_results_crispresso_aggregated_spacer_ABE8e-SpRY_rep2_.staging_CRISPRessoPooled_on_ABE8e-SpRY_D5_rep2_CRISPResso_on_HEK3	Insertions_Left	0.0	0.0	0.0	0.0	0.0	0.0	8.09498111171074e-05	0.0	0.0005126821370750135	0.001430113329735564	0.0	0.0	0.0	0.0	0.0	5.3966540744738264e-05	0.0	0.0	0.0	0.0
_scratch_st-cdeboer-1_asfar_VLPs_results_crispresso_aggregated_spacer_ABE8e-SpRY_rep2_.staging_CRISPRessoPooled_on_ABE8e-SpRY_D5_rep2_CRISPResso_on_HEK3	Deletions	5.3966540744738264e-05	0.0003237992444684296	0.00010793308148947653	0.00018888289260658391	0.0002698327037236913	0.00048569886670264434	0.00037776578521316783	0.00062061521856449	0.00048569886670264434	0.00037776578521316783	0.0005126821370750135	0.0005126821370750135	0.0005126821370750135	0.0005126821370750135	0.0005126821370750135	0.0005126821370750135	0.0005126821370750135	0.0005666486778197517	0.00048569886670264434	0.00037776578521316783
_scratch_st-cdeboer-1_asfar_VLPs_results_crispresso_aggregated_spacer_ABE8e-SpRY_rep2_.staging_CRISPRessoPooled_on_ABE8e-SpRY_D5_rep2_CRISPResso_on_HEK3	Substitutions	0.0001618996222342148	0.00010793308148947653	0.0002698327037236913	0.002671343766864544	0.004155423637344846	0.26106314085267135	0.00018888289260658391	0.19943335132218024	0.0001618996222342148	0.00010793308148947653	0.0001618996222342148	0.00048569886670264434	8.09498111171074e-05	2.6983270372369132e-05	0.0001618996222342148	8.09498111171074e-05	0.0002698327037236913	0.00010793308148947653	0.00024284943335132217	5.3966540744738264e-05
_scratch_st-cdeboer-1_asfar_VLPs_results_crispresso_aggregated_spacer_ABE8e-SpRY_rep2_.staging_CRISPRessoPooled_on_ABE8e-SpRY_D5_rep2_CRISPResso_on_HEK3	All_modifications	0.00021586616297895306	0.0004317323259579061	0.00037776578521316783	0.002860226659471128	0.004425256341068538	0.261548839719374	0.0006475984889368592	0.20013491635186184	0.0011602806260118726	0.0024284943335132216	0.002104695089044792	0.0009983810037776579	0.0005936319481921209	0.0005396654074473826	0.0006745817593092283	0.0006475984889368592	0.000836481381543443	0.0006745817593092283	0.0007285483000539666	0.0004317323259579061
