Folder	Modification	G	G	C	C	C	A	G	A	C	T	G	A	G	C	A	C	G	T	G	A
_scratch_st-cdeboer-1_asfar_VLPs_results_crispresso_aggregated_spacer_ABE8e-SpRY_rep1_.staging_CRISPRessoPooled_on_ABE8e-SpRY_D0_rep1_CRISPResso_on_HEK3	Insertions	0.0	0.0	0.0	0.0	0.0	0.0	0.0	0.0	0.0	0.0	0.0	0.0	0.0	0.0	0.0	0.0	0.0	0.0	0.0	0.0
_scratch_st-cdeboer-1_asfar_VLPs_results_crispresso_aggregated_spacer_ABE8e-SpRY_rep1_.staging_CRISPRessoPooled_on_ABE8e-SpRY_D0_rep1_CRISPResso_on_HEK3	Insertions_Left	0.0	0.0	0.0	0.0	0.0	0.0	0.0	0.0	0.0	0.0	0.0	0.0	0.0	0.0	0.0	0.0	0.0	0.0	0.0	0.0
_scratch_st-cdeboer-1_asfar_VLPs_results_crispresso_aggregated_spacer_ABE8e-SpRY_rep1_.staging_CRISPRessoPooled_on_ABE8e-SpRY_D0_rep1_CRISPResso_on_HEK3	Deletions	0.0	0.0	0.0	0.0	0.0	0.0	0.0	0.0	0.0	0.0	0.0	0.0	0.0	0.0	0.0	0.0	0.0	0.0	0.0	0.0
_scratch_st-cdeboer-1_asfar_VLPs_results_crispresso_aggregated_spacer_ABE8e-SpRY_rep1_.staging_CRISPRessoPooled_on_ABE8e-SpRY_D0_rep1_CRISPResso_on_HEK3	Substitutions	0.0	0.0	0.0	0.0	0.0	0.0	0.0	0.0	0.0	0.0007451564828614009	0.0	0.0	0.0	0.0	0.0	0.0	0.0007451564828614009	0.0	0.0	0.0
_scratch_st-cdeboer-1_asfar_VLPs_results_crispresso_aggregated_spacer_ABE8e-SpRY_rep1_.staging_CRISPRessoPooled_on_ABE8e-SpRY_D0_rep1_CRISPResso_on_HEK3	All_modifications	0.0	0.0	0.0	0.0	0.0	0.0	0.0	0.0	0.0	0.0007451564828614009	0.0	0.0	0.0	0.0	0.0	0.0	0.0007451564828614009	0.0	0.0	0.0
_scratch_st-cdeboer-1_asfar_VLPs_results_crispresso_aggregated_spacer_ABE8e-SpRY_rep1_.staging_CRISPRessoPooled_on_ABE8e-SpRY_D1_rep1_CRISPResso_on_HEK3	Insertions	0.0	0.0	0.0	0.0	0.0	0.0	0.0	0.0	0.0	0.00013946028868279758	0.00013946028868279758	0.0	0.0	0.0	0.0	0.0	0.0	0.0	0.0	0.0
_scratch_st-cdeboer-1_asfar_VLPs_results_crispresso_aggregated_spacer_ABE8e-SpRY_rep1_.staging_CRISPRessoPooled_on_ABE8e-SpRY_D1_rep1_CRISPResso_on_HEK3	Insertions_Left	0.0	0.0	0.0	0.0	0.0	0.0	0.0	0.0	0.0	0.00013946028868279758	0.0	0.0	0.0	0.0	0.0	0.0	0.0	0.0	0.0	0.0
_scratch_st-cdeboer-1_asfar_VLPs_results_crispresso_aggregated_spacer_ABE8e-SpRY_rep1_.staging_CRISPRessoPooled_on_ABE8e-SpRY_D1_rep1_CRISPResso_on_HEK3	Deletions	6.973014434139879e-05	0.00013946028868279758	6.973014434139879e-05	6.973014434139879e-05	6.973014434139879e-05	6.973014434139879e-05	6.973014434139879e-05	6.973014434139879e-05	6.973014434139879e-05	6.973014434139879e-05	6.973014434139879e-05	6.973014434139879e-05	6.973014434139879e-05	6.973014434139879e-05	6.973014434139879e-05	6.973014434139879e-05	6.973014434139879e-05	6.973014434139879e-05	6.973014434139879e-05	6.973014434139879e-05
_scratch_st-cdeboer-1_asfar_VLPs_results_crispresso_aggregated_spacer_ABE8e-SpRY_rep1_.staging_CRISPRessoPooled_on_ABE8e-SpRY_D1_rep1_CRISPResso_on_HEK3	Substitutions	6.973014434139879e-05	0.0	0.00013946028868279758	6.973014434139879e-05	0.00013946028868279758	0.003277316784045743	0.00027892057736559516	0.0023708249076075587	0.00013946028868279758	0.00020919043302419636	0.00020919043302419636	0.00027892057736559516	6.973014434139879e-05	0.00020919043302419636	0.0003486507217069939	6.973014434139879e-05	0.00027892057736559516	0.0003486507217069939	6.973014434139879e-05	0.00020919043302419636
_scratch_st-cdeboer-1_asfar_VLPs_results_crispresso_aggregated_spacer_ABE8e-SpRY_rep1_.staging_CRISPRessoPooled_on_ABE8e-SpRY_D1_rep1_CRISPResso_on_HEK3	All_modifications	0.00013946028868279758	0.00013946028868279758	0.00020919043302419636	0.00013946028868279758	0.00020919043302419636	0.0033470469283871417	0.0003486507217069939	0.0024405550519489574	0.00020919043302419636	0.0004183808660483927	0.0004183808660483927	0.0003486507217069939	0.00013946028868279758	0.00027892057736559516	0.0004183808660483927	0.00013946028868279758	0.0003486507217069939	0.0004183808660483927	0.00013946028868279758	0.00027892057736559516
_scratch_st-cdeboer-1_asfar_VLPs_results_crispresso_aggregated_spacer_ABE8e-SpRY_rep1_.staging_CRISPRessoPooled_on_ABE8e-SpRY_D2_rep1_CRISPResso_on_HEK3	Insertions	0.0	0.0	0.0	0.0	0.0	0.0	3.2934821987287156e-05	3.2934821987287156e-05	0.0	9.880446596186147e-05	9.880446596186147e-05	0.0	0.0	0.0	0.0	0.0	0.0	0.0	0.0	0.0
_scratch_st-cdeboer-1_asfar_VLPs_results_crispresso_aggregated_spacer_ABE8e-SpRY_rep1_.staging_CRISPRessoPooled_on_ABE8e-SpRY_D2_rep1_CRISPResso_on_HEK3	Insertions_Left	0.0	0.0	0.0	0.0	0.0	0.0	3.2934821987287156e-05	0.0	0.0	9.880446596186147e-05	0.0	0.0	0.0	0.0	0.0	0.0	0.0	0.0	0.0	0.0
_scratch_st-cdeboer-1_asfar_VLPs_results_crispresso_aggregated_spacer_ABE8e-SpRY_rep1_.staging_CRISPRessoPooled_on_ABE8e-SpRY_D2_rep1_CRISPResso_on_HEK3	Deletions	0.0	3.2934821987287156e-05	0.0	0.0	6.586964397457431e-05	9.880446596186147e-05	0.0	0.0	0.0	0.0	0.0	0.0	0.0	0.0	0.0	0.0	0.0	0.0	0.0	0.0
_scratch_st-cdeboer-1_asfar_VLPs_results_crispresso_aggregated_spacer_ABE8e-SpRY_rep1_.staging_CRISPRessoPooled_on_ABE8e-SpRY_D2_rep1_CRISPResso_on_HEK3	Substitutions	0.0002305437539110101	0.00026347857589829724	3.2934821987287156e-05	0.0007245660837203175	0.0004610875078220202	0.03639297829595231	0.0002305437539110101	0.02664427098771531	0.00016467410993643578	0.0002305437539110101	0.00019760893192372295	0.00026347857589829724	3.2934821987287156e-05	0.00013173928794914862	0.00019760893192372295	0.00013173928794914862	0.00026347857589829724	0.0002305437539110101	0.00016467410993643578	0.00032934821987287157
_scratch_st-cdeboer-1_asfar_VLPs_results_crispresso_aggregated_spacer_ABE8e-SpRY_rep1_.staging_CRISPRessoPooled_on_ABE8e-SpRY_D2_rep1_CRISPResso_on_HEK3	All_modifications	0.0002305437539110101	0.00029641339788558443	3.2934821987287156e-05	0.0007245660837203175	0.0005269571517965945	0.03649178276191417	0.00026347857589829724	0.0266772058097026	0.00016467410993643578	0.00032934821987287157	0.00029641339788558443	0.00026347857589829724	3.2934821987287156e-05	0.00013173928794914862	0.00019760893192372295	0.00013173928794914862	0.00026347857589829724	0.0002305437539110101	0.00016467410993643578	0.00032934821987287157
_scratch_st-cdeboer-1_asfar_VLPs_results_crispresso_aggregated_spacer_ABE8e-SpRY_rep1_.staging_CRISPRessoPooled_on_ABE8e-SpRY_D3_rep1_CRISPResso_on_HEK3	Insertions	0.0	0.0	0.0	0.0	0.0	0.0	0.0002339494000868955	0.0003007920858260085	6.6842685739113e-05	6.6842685739113e-05	6.6842685739113e-05	0.0	0.0	0.0	0.0	0.0	0.0	0.0	0.0	0.0
_scratch_st-cdeboer-1_asfar_VLPs_results_crispresso_aggregated_spacer_ABE8e-SpRY_rep1_.staging_CRISPRessoPooled_on_ABE8e-SpRY_D3_rep1_CRISPResso_on_HEK3	Insertions_Left	0.0	0.0	0.0	0.0	0.0	0.0	0.0002339494000868955	6.6842685739113e-05	0.0	6.6842685739113e-05	0.0	0.0	0.0	0.0	0.0	0.0	0.0	0.0	0.0	0.0
_scratch_st-cdeboer-1_asfar_VLPs_results_crispresso_aggregated_spacer_ABE8e-SpRY_rep1_.staging_CRISPRessoPooled_on_ABE8e-SpRY_D3_rep1_CRISPResso_on_HEK3	Deletions	0.0001002640286086695	0.0001671067143477825	0.0001002640286086695	0.0001002640286086695	0.0001671067143477825	0.000133685371478226	0.0001002640286086695	0.0001002640286086695	0.0	0.0001002640286086695	0.0001002640286086695	0.0001002640286086695	0.000133685371478226	0.0001002640286086695	0.0001002640286086695	0.0001002640286086695	0.0001002640286086695	0.0001002640286086695	0.0	0.0
_scratch_st-cdeboer-1_asfar_VLPs_results_crispresso_aggregated_spacer_ABE8e-SpRY_rep1_.staging_CRISPRessoPooled_on_ABE8e-SpRY_D3_rep1_CRISPResso_on_HEK3	Substitutions	0.0001002640286086695	0.000334213428695565	0.000334213428695565	0.0003676347715651215	0.0005681628287824605	0.04000534741485913	0.000267370742956452	0.030580528725644197	3.34213428695565e-05	0.0001671067143477825	0.000334213428695565	0.000401056114434678	6.6842685739113e-05	0.0001671067143477825	6.6842685739113e-05	0.000200528057217339	6.6842685739113e-05	0.000200528057217339	0.0002339494000868955	0.000200528057217339
_scratch_st-cdeboer-1_asfar_VLPs_results_crispresso_aggregated_spacer_ABE8e-SpRY_rep1_.staging_CRISPRessoPooled_on_ABE8e-SpRY_D3_rep1_CRISPResso_on_HEK3	All_modifications	0.000200528057217339	0.0005013201430433474	0.00043447745730423447	0.000467898800173791	0.000735269543130243	0.040139032786337354	0.000601584171652017	0.030981584840078874	0.0001002640286086695	0.000334213428695565	0.0005013201430433474	0.0005013201430433474	0.000200528057217339	0.000267370742956452	0.0001671067143477825	0.0003007920858260085	0.0001671067143477825	0.0003007920858260085	0.0002339494000868955	0.000200528057217339
_scratch_st-cdeboer-1_asfar_VLPs_results_crispresso_aggregated_spacer_ABE8e-SpRY_rep1_.staging_CRISPRessoPooled_on_ABE8e-SpRY_D4_rep1_CRISPResso_on_HEK3	Insertions	0.0	2.2526073930574642e-05	2.2526073930574642e-05	0.0	0.0	6.757822179172393e-05	6.757822179172393e-05	9.010429572229857e-05	0.00024778681323632106	0.001689455544793098	0.0015317730272790754	0.0	0.0	0.0	0.0	0.0	0.00013515644358344785	0.00013515644358344785	0.0	0.0
_scratch_st-cdeboer-1_asfar_VLPs_results_crispresso_aggregated_spacer_ABE8e-SpRY_rep1_.staging_CRISPRessoPooled_on_ABE8e-SpRY_D4_rep1_CRISPResso_on_HEK3	Insertions_Left	0.0	2.2526073930574642e-05	0.0	0.0	0.0	6.757822179172393e-05	0.0	9.010429572229857e-05	0.0001576825175140225	0.0015317730272790754	0.0	0.0	0.0	0.0	0.0	0.0	0.00013515644358344785	0.0	0.0	0.0
_scratch_st-cdeboer-1_asfar_VLPs_results_crispresso_aggregated_spacer_ABE8e-SpRY_rep1_.staging_CRISPRessoPooled_on_ABE8e-SpRY_D4_rep1_CRISPResso_on_HEK3	Deletions	0.00024778681323632106	0.00042799540468091814	0.00024778681323632106	0.00036041718288919427	0.0004505214786114928	0.00042799540468091814	0.00042799540468091814	0.0006532561439866646	0.0004730475525420674	0.00029283896109747034	0.00029283896109747034	0.0002703128871668957	0.0	0.0	0.0	0.0	0.0	0.0	2.2526073930574642e-05	0.0
_scratch_st-cdeboer-1_asfar_VLPs_results_crispresso_aggregated_spacer_ABE8e-SpRY_rep1_.staging_CRISPRessoPooled_on_ABE8e-SpRY_D4_rep1_CRISPResso_on_HEK3	Substitutions	0.0002703128871668957	0.00029283896109747034	0.000878516883292411	0.0052260491518933165	0.0064649832180749215	0.38440745162525625	0.0002703128871668957	0.30441736309778566	9.010429572229857e-05	0.0002703128871668957	9.010429572229857e-05	0.0009686211790147095	0.00013515644358344785	0.0001126303696528732	0.00029283896109747034	0.0001126303696528732	0.000315365035028045	0.000315365035028045	0.00020273466537517175	0.00020273466537517175
_scratch_st-cdeboer-1_asfar_VLPs_results_crispresso_aggregated_spacer_ABE8e-SpRY_rep1_.staging_CRISPRessoPooled_on_ABE8e-SpRY_D4_rep1_CRISPResso_on_HEK3	All_modifications	0.0005180997004032167	0.0007433604397089631	0.0011488297704593067	0.005586466334782511	0.0069155046966864146	0.38490302525172887	0.0007658865136395377	0.3051607235374946	0.000810938661500687	0.002252607393057464	0.0019147162840988444	0.0012389340661816052	0.00013515644358344785	0.0001126303696528732	0.00029283896109747034	0.0001126303696528732	0.0004505214786114928	0.0004505214786114928	0.0002252607393057464	0.00020273466537517175
_scratch_st-cdeboer-1_asfar_VLPs_results_crispresso_aggregated_spacer_ABE8e-SpRY_rep1_.staging_CRISPRessoPooled_on_ABE8e-SpRY_D5_rep1_CRISPResso_on_HEK3	Insertions	0.0	0.0	0.0	0.0	0.0	1.6696720764041943e-05	6.678688305616777e-05	0.00025045081146062915	0.00038402457757296467	0.0013357376611233553	0.001152073732718894	0.0	0.0	0.0	0.0	3.339344152808389e-05	8.348360382020971e-05	5.009016229212583e-05	0.0	0.0
_scratch_st-cdeboer-1_asfar_VLPs_results_crispresso_aggregated_spacer_ABE8e-SpRY_rep1_.staging_CRISPRessoPooled_on_ABE8e-SpRY_D5_rep1_CRISPResso_on_HEK3	Insertions_Left	0.0	0.0	0.0	0.0	0.0	1.6696720764041943e-05	5.009016229212583e-05	0.0002003606491685033	0.00018366392840446136	0.001152073732718894	0.0	0.0	0.0	0.0	0.0	3.339344152808389e-05	5.009016229212583e-05	0.0	0.0	0.0
_scratch_st-cdeboer-1_asfar_VLPs_results_crispresso_aggregated_spacer_ABE8e-SpRY_rep1_.staging_CRISPRessoPooled_on_ABE8e-SpRY_D5_rep1_CRISPResso_on_HEK3	Deletions	8.348360382020971e-05	0.00025045081146062915	0.00010018032458425165	0.00015027048687637747	0.00016696720764041941	0.00028384425298871304	0.00030054097375275494	0.0004341147398650905	0.00030054097375275494	0.0002003606491685033	0.0002671475322246711	0.00025045081146062915	0.00030054097375275494	0.00028384425298871304	0.00028384425298871304	0.0002003606491685033	0.0002337540906965872	0.00018366392840446136	5.009016229212583e-05	5.009016229212583e-05
_scratch_st-cdeboer-1_asfar_VLPs_results_crispresso_aggregated_spacer_ABE8e-SpRY_rep1_.staging_CRISPRessoPooled_on_ABE8e-SpRY_D5_rep1_CRISPResso_on_HEK3	Substitutions	0.00025045081146062915	0.00030054097375275494	8.348360382020971e-05	0.003255860548988179	0.0049923195084485405	0.2867828758431844	0.00025045081146062915	0.22341882054364523	0.00041741801910104856	0.00010018032458425165	0.00016696720764041941	0.0007680491551459293	8.348360382020971e-05	0.00015027048687637747	0.0003673278568089227	0.00015027048687637747	0.00021705736993254525	0.0002337540906965872	0.00015027048687637747	0.0001168770453482936
_scratch_st-cdeboer-1_asfar_VLPs_results_crispresso_aggregated_spacer_ABE8e-SpRY_rep1_.staging_CRISPRessoPooled_on_ABE8e-SpRY_D5_rep1_CRISPResso_on_HEK3	All_modifications	0.00033393441528083883	0.0005509917852133841	0.00018366392840446136	0.0034061310358645563	0.00515928671608896	0.28708341681693716	0.0006177786682695518	0.22410338609497094	0.0011019835704267683	0.0016362786348761104	0.0015861884725839844	0.0010184999666065584	0.00038402457757296467	0.0004341147398650905	0.0006511721097976357	0.00038402457757296467	0.0005342950644493422	0.0004675081813931744	0.0002003606491685033	0.00016696720764041941
