Folder	Modification	C	A	C	C	T	A	C	C	T	A	A	G	A	A	C	C	A	T	C	C
_scratch_st-cdeboer-1_asfar_VLPs_results_crispresso_aggregated_spacer_ABE8e-SpRY_rep3_.staging_CRISPRessoPooled_on_ABE8e-SpRY_D0_rep3_CRISPResso_on_PDCD1	Insertions	5.247360577629452e-05	5.247360577629452e-05	0.0	0.0	0.0	0.0	0.0	0.0	0.0	0.0	0.0	0.0	0.0	0.0	0.0	0.0	0.0	0.0	0.0	0.0
_scratch_st-cdeboer-1_asfar_VLPs_results_crispresso_aggregated_spacer_ABE8e-SpRY_rep3_.staging_CRISPRessoPooled_on_ABE8e-SpRY_D0_rep3_CRISPResso_on_PDCD1	Insertions_Left	5.247360577629452e-05	0.0	0.0	0.0	0.0	0.0	0.0	0.0	0.0	0.0	0.0	0.0	0.0	0.0	0.0	0.0	0.0	0.0	0.0	0.0
_scratch_st-cdeboer-1_asfar_VLPs_results_crispresso_aggregated_spacer_ABE8e-SpRY_rep3_.staging_CRISPRessoPooled_on_ABE8e-SpRY_D0_rep3_CRISPResso_on_PDCD1	Deletions	4.197888462103562e-05	0.0	0.0	0.0	1.0494721155258905e-05	0.0	0.0	0.0	1.0494721155258905e-05	0.0	5.247360577629452e-05	0.0	0.0	1.0494721155258905e-05	0.0	0.0	0.0	0.0	0.0	0.0
_scratch_st-cdeboer-1_asfar_VLPs_results_crispresso_aggregated_spacer_ABE8e-SpRY_rep3_.staging_CRISPRessoPooled_on_ABE8e-SpRY_D0_rep3_CRISPResso_on_PDCD1	Substitutions	9.445249039733015e-05	0.00013643137501836576	0.00013643137501836576	0.00012593665386310686	0.0001784102596394014	9.445249039733015e-05	7.346304808681233e-05	8.395776924207124e-05	0.00011544193270784795	0.00016791553848414248	0.00010494721155258904	0.0001993997019499192	0.0002308838654156959	0.0002728627500367315	9.445249039733015e-05	9.445249039733015e-05	0.0001993997019499192	0.00036731524043406166	5.247360577629452e-05	9.445249039733015e-05
_scratch_st-cdeboer-1_asfar_VLPs_results_crispresso_aggregated_spacer_ABE8e-SpRY_rep3_.staging_CRISPRessoPooled_on_ABE8e-SpRY_D0_rep3_CRISPResso_on_PDCD1	All_modifications	0.0001889049807946603	0.0001889049807946603	0.00013643137501836576	0.00012593665386310686	0.0001889049807946603	9.445249039733015e-05	7.346304808681233e-05	8.395776924207124e-05	0.00012593665386310686	0.00016791553848414248	0.00015742081732888358	0.0001993997019499192	0.0002308838654156959	0.0002833574711919904	9.445249039733015e-05	9.445249039733015e-05	0.0001993997019499192	0.00036731524043406166	5.247360577629452e-05	9.445249039733015e-05
_scratch_st-cdeboer-1_asfar_VLPs_results_crispresso_aggregated_spacer_ABE8e-SpRY_rep3_.staging_CRISPRessoPooled_on_ABE8e-SpRY_D1_rep3_CRISPResso_on_PDCD1	Insertions	0.0001585288522511097	0.0001585288522511097	0.0	0.0	0.0	0.0	0.0	0.0	0.0	0.0	0.0	0.0	0.0	0.0	0.0	0.0	0.0	0.0	0.0	0.0
_scratch_st-cdeboer-1_asfar_VLPs_results_crispresso_aggregated_spacer_ABE8e-SpRY_rep3_.staging_CRISPRessoPooled_on_ABE8e-SpRY_D1_rep3_CRISPResso_on_PDCD1	Insertions_Left	0.0001585288522511097	0.0	0.0	0.0	0.0	0.0	0.0	0.0	0.0	0.0	0.0	0.0	0.0	0.0	0.0	0.0	0.0	0.0	0.0	0.0
_scratch_st-cdeboer-1_asfar_VLPs_results_crispresso_aggregated_spacer_ABE8e-SpRY_rep3_.staging_CRISPRessoPooled_on_ABE8e-SpRY_D1_rep3_CRISPResso_on_PDCD1	Deletions	2.642147537518495e-05	0.0	0.0	0.0	0.0	2.642147537518495e-05	0.0	0.0	0.0	0.0	2.642147537518495e-05	0.0	0.0	0.0	0.0	0.0	0.0	0.0	0.0	0.0
_scratch_st-cdeboer-1_asfar_VLPs_results_crispresso_aggregated_spacer_ABE8e-SpRY_rep3_.staging_CRISPRessoPooled_on_ABE8e-SpRY_D1_rep3_CRISPResso_on_PDCD1	Substitutions	0.0001056859015007398	0.0002113718030014796	0.0001056859015007398	0.00013210737687592474	0.0002113718030014796	5.28429507503699e-05	0.0002113718030014796	0.0002113718030014796	0.00013210737687592474	0.00013210737687592474	0.0001585288522511097	0.00018495032762629466	0.0002113718030014796	2.642147537518495e-05	2.642147537518495e-05	7.926442612555485e-05	0.0002113718030014796	0.0003699006552525893	2.642147537518495e-05	0.0001585288522511097
_scratch_st-cdeboer-1_asfar_VLPs_results_crispresso_aggregated_spacer_ABE8e-SpRY_rep3_.staging_CRISPRessoPooled_on_ABE8e-SpRY_D1_rep3_CRISPResso_on_PDCD1	All_modifications	0.00029063622912703444	0.0003699006552525893	0.0001056859015007398	0.00013210737687592474	0.0002113718030014796	7.926442612555485e-05	0.0002113718030014796	0.0002113718030014796	0.00013210737687592474	0.00013210737687592474	0.00018495032762629466	0.00018495032762629466	0.0002113718030014796	2.642147537518495e-05	2.642147537518495e-05	7.926442612555485e-05	0.0002113718030014796	0.0003699006552525893	2.642147537518495e-05	0.0001585288522511097
_scratch_st-cdeboer-1_asfar_VLPs_results_crispresso_aggregated_spacer_ABE8e-SpRY_rep3_.staging_CRISPRessoPooled_on_ABE8e-SpRY_D2_rep3_CRISPResso_on_PDCD1	Insertions	0.0	0.0	0.0	0.0	0.0	0.0	0.0	0.0	0.0	0.0	0.0	0.0	0.0	0.0	0.0	0.0	0.0	0.0	0.0	0.0
_scratch_st-cdeboer-1_asfar_VLPs_results_crispresso_aggregated_spacer_ABE8e-SpRY_rep3_.staging_CRISPRessoPooled_on_ABE8e-SpRY_D2_rep3_CRISPResso_on_PDCD1	Insertions_Left	0.0	0.0	0.0	0.0	0.0	0.0	0.0	0.0	0.0	0.0	0.0	0.0	0.0	0.0	0.0	0.0	0.0	0.0	0.0	0.0
_scratch_st-cdeboer-1_asfar_VLPs_results_crispresso_aggregated_spacer_ABE8e-SpRY_rep3_.staging_CRISPRessoPooled_on_ABE8e-SpRY_D2_rep3_CRISPResso_on_PDCD1	Deletions	3.362474781439139e-05	0.0	0.0	0.0	0.0	0.0	0.0	0.0	0.0	0.0	3.362474781439139e-05	0.0	0.0	0.0	0.0	0.0	0.0	0.0	0.0	3.362474781439139e-05
_scratch_st-cdeboer-1_asfar_VLPs_results_crispresso_aggregated_spacer_ABE8e-SpRY_rep3_.staging_CRISPRessoPooled_on_ABE8e-SpRY_D2_rep3_CRISPResso_on_PDCD1	Substitutions	0.00020174848688634834	0.0005043712172158709	0.00023537323470073976	0.00013449899125756557	0.00023537323470073976	0.0019502353732347008	3.362474781439139e-05	0.0003026227303295225	0.00010087424344317417	0.0008069939475453934	0.00016812373907195696	0.00016812373907195696	0.0003362474781439139	0.00013449899125756557	3.362474781439139e-05	0.00020174848688634834	0.00010087424344317417	0.00010087424344317417	0.00016812373907195696	0.00016812373907195696
_scratch_st-cdeboer-1_asfar_VLPs_results_crispresso_aggregated_spacer_ABE8e-SpRY_rep3_.staging_CRISPRessoPooled_on_ABE8e-SpRY_D2_rep3_CRISPResso_on_PDCD1	All_modifications	0.00023537323470073976	0.0005043712172158709	0.00023537323470073976	0.00013449899125756557	0.00023537323470073976	0.0019502353732347008	3.362474781439139e-05	0.0003026227303295225	0.00010087424344317417	0.0008069939475453934	0.00020174848688634834	0.00016812373907195696	0.0003362474781439139	0.00013449899125756557	3.362474781439139e-05	0.00020174848688634834	0.00010087424344317417	0.00010087424344317417	0.00016812373907195696	0.00020174848688634834
_scratch_st-cdeboer-1_asfar_VLPs_results_crispresso_aggregated_spacer_ABE8e-SpRY_rep3_.staging_CRISPRessoPooled_on_ABE8e-SpRY_D3_rep3_CRISPResso_on_PDCD1	Insertions	0.0	0.0	0.0	0.0	0.0	0.0	0.0	0.0	0.0	0.0	0.0	0.0	0.0	0.0	0.0	0.0	0.0	0.0	0.0	0.0
_scratch_st-cdeboer-1_asfar_VLPs_results_crispresso_aggregated_spacer_ABE8e-SpRY_rep3_.staging_CRISPRessoPooled_on_ABE8e-SpRY_D3_rep3_CRISPResso_on_PDCD1	Insertions_Left	0.0	0.0	0.0	0.0	0.0	0.0	0.0	0.0	0.0	0.0	0.0	0.0	0.0	0.0	0.0	0.0	0.0	0.0	0.0	0.0
_scratch_st-cdeboer-1_asfar_VLPs_results_crispresso_aggregated_spacer_ABE8e-SpRY_rep3_.staging_CRISPRessoPooled_on_ABE8e-SpRY_D3_rep3_CRISPResso_on_PDCD1	Deletions	0.0	0.0	0.0	0.0	0.0	0.0	0.0	0.0	0.0	0.0	1.86250954536142e-05	0.0	0.0	1.86250954536142e-05	0.0	0.0	0.0	0.0	0.0	0.0
_scratch_st-cdeboer-1_asfar_VLPs_results_crispresso_aggregated_spacer_ABE8e-SpRY_rep3_.staging_CRISPRessoPooled_on_ABE8e-SpRY_D3_rep3_CRISPResso_on_PDCD1	Substitutions	7.45003818144568e-05	0.0019928852135367194	0.0001303756681752994	0.0001490007636289136	0.000186250954536142	0.017135087817325066	9.3125477268071e-05	0.0001676258590825278	0.0001490007636289136	0.007077536272373396	0.0008567543908662531	0.0001676258590825278	0.0002607513363505988	0.0001303756681752994	7.45003818144568e-05	3.72501909072284e-05	0.0002421262408969846	0.0002980015272578272	0.0	5.58752863608426e-05
_scratch_st-cdeboer-1_asfar_VLPs_results_crispresso_aggregated_spacer_ABE8e-SpRY_rep3_.staging_CRISPRessoPooled_on_ABE8e-SpRY_D3_rep3_CRISPResso_on_PDCD1	All_modifications	7.45003818144568e-05	0.0019928852135367194	0.0001303756681752994	0.0001490007636289136	0.000186250954536142	0.017135087817325066	9.3125477268071e-05	0.0001676258590825278	0.0001490007636289136	0.007077536272373396	0.0008753794863198674	0.0001676258590825278	0.0002607513363505988	0.0001490007636289136	7.45003818144568e-05	3.72501909072284e-05	0.0002421262408969846	0.0002980015272578272	0.0	5.58752863608426e-05
_scratch_st-cdeboer-1_asfar_VLPs_results_crispresso_aggregated_spacer_ABE8e-SpRY_rep3_.staging_CRISPRessoPooled_on_ABE8e-SpRY_D4_rep3_CRISPResso_on_PDCD1	Insertions	0.0	0.0	0.0	0.0	0.0	0.0	0.0	0.0	0.0	0.0	0.0	0.0	0.0	0.0	0.0	0.0	0.0	0.0	0.0	0.0
_scratch_st-cdeboer-1_asfar_VLPs_results_crispresso_aggregated_spacer_ABE8e-SpRY_rep3_.staging_CRISPRessoPooled_on_ABE8e-SpRY_D4_rep3_CRISPResso_on_PDCD1	Insertions_Left	0.0	0.0	0.0	0.0	0.0	0.0	0.0	0.0	0.0	0.0	0.0	0.0	0.0	0.0	0.0	0.0	0.0	0.0	0.0	0.0
_scratch_st-cdeboer-1_asfar_VLPs_results_crispresso_aggregated_spacer_ABE8e-SpRY_rep3_.staging_CRISPRessoPooled_on_ABE8e-SpRY_D4_rep3_CRISPResso_on_PDCD1	Deletions	0.0	1.2557765722322685e-05	0.0	0.0	0.0	0.0	1.2557765722322685e-05	1.2557765722322685e-05	3.767329716696805e-05	1.2557765722322685e-05	2.511553144464537e-05	0.0	0.0	1.2557765722322685e-05	0.0	1.2557765722322685e-05	0.0	1.2557765722322685e-05	0.0	1.2557765722322685e-05
_scratch_st-cdeboer-1_asfar_VLPs_results_crispresso_aggregated_spacer_ABE8e-SpRY_rep3_.staging_CRISPRessoPooled_on_ABE8e-SpRY_D4_rep3_CRISPResso_on_PDCD1	Substitutions	0.00020092425155716296	0.0007660237090616837	0.00012557765722322683	0.00010046212577858148	0.00017580872011251758	0.007873719107896323	0.00020092425155716296	0.00012557765722322683	0.00018836648583484027	0.0035664054651396424	0.0004520795660036166	0.00021348201727948562	0.0003265019087803898	0.00010046212577858148	0.00010046212577858148	0.0001632509543901949	0.0001506931886678722	0.00018836648583484027	0.0001506931886678722	0.00012557765722322683
_scratch_st-cdeboer-1_asfar_VLPs_results_crispresso_aggregated_spacer_ABE8e-SpRY_rep3_.staging_CRISPRessoPooled_on_ABE8e-SpRY_D4_rep3_CRISPResso_on_PDCD1	All_modifications	0.00020092425155716296	0.0007785814747840065	0.00012557765722322683	0.00010046212577858148	0.00017580872011251758	0.007873719107896323	0.00021348201727948562	0.00013813542294554952	0.0002260397830018083	0.003578963230861965	0.000477195097448262	0.00021348201727948562	0.0003265019087803898	0.00011301989150090416	0.00010046212577858148	0.00017580872011251758	0.0001506931886678722	0.00020092425155716296	0.0001506931886678722	0.00013813542294554952
_scratch_st-cdeboer-1_asfar_VLPs_results_crispresso_aggregated_spacer_ABE8e-SpRY_rep3_.staging_CRISPRessoPooled_on_ABE8e-SpRY_D5_rep3_CRISPResso_on_PDCD1	Insertions	0.0	0.0	0.0	0.0	0.0	0.0	0.0	0.0	0.0	0.0	0.0	0.0	0.0	0.0	0.0	0.0	0.0	0.0	0.0	0.0
_scratch_st-cdeboer-1_asfar_VLPs_results_crispresso_aggregated_spacer_ABE8e-SpRY_rep3_.staging_CRISPRessoPooled_on_ABE8e-SpRY_D5_rep3_CRISPResso_on_PDCD1	Insertions_Left	0.0	0.0	0.0	0.0	0.0	0.0	0.0	0.0	0.0	0.0	0.0	0.0	0.0	0.0	0.0	0.0	0.0	0.0	0.0	0.0
_scratch_st-cdeboer-1_asfar_VLPs_results_crispresso_aggregated_spacer_ABE8e-SpRY_rep3_.staging_CRISPRessoPooled_on_ABE8e-SpRY_D5_rep3_CRISPResso_on_PDCD1	Deletions	3.757891572301834e-05	1.2526305241006113e-05	0.0	0.0	0.0	0.0	0.0	0.0	0.0	0.0	5.010522096402445e-05	0.0	0.0	0.0	0.0	1.2526305241006113e-05	0.0	0.0	0.0	0.0
_scratch_st-cdeboer-1_asfar_VLPs_results_crispresso_aggregated_spacer_ABE8e-SpRY_rep3_.staging_CRISPRessoPooled_on_ABE8e-SpRY_D5_rep3_CRISPResso_on_PDCD1	Substitutions	0.00015031566289207336	0.002668103016334302	0.00012526305241006112	0.00016284196813307948	0.00025052610482012225	0.017023248822527308	0.0001002104419280489	0.00015031566289207336	0.00023799979957911616	0.008618098005812206	0.0007891572301833851	0.00022547349433811004	0.0002004208838560978	0.00015031566289207336	7.515783144603668e-05	0.00012526305241006112	0.00016284196813307948	0.00032568393626615895	0.00011273674716905502	0.00013778935765106724
_scratch_st-cdeboer-1_asfar_VLPs_results_crispresso_aggregated_spacer_ABE8e-SpRY_rep3_.staging_CRISPRessoPooled_on_ABE8e-SpRY_D5_rep3_CRISPResso_on_PDCD1	All_modifications	0.00018789457861509169	0.002680629321575308	0.00012526305241006112	0.00016284196813307948	0.00025052610482012225	0.017023248822527308	0.0001002104419280489	0.00015031566289207336	0.00023799979957911616	0.008618098005812206	0.0008392624511474096	0.00022547349433811004	0.0002004208838560978	0.00015031566289207336	7.515783144603668e-05	0.00013778935765106724	0.00016284196813307948	0.00032568393626615895	0.00011273674716905502	0.00013778935765106724
