Folder	Modification	G	G	A	G	G	C	T	A	T	C	C	A	G	C	G	T	G	A	G	T
_scratch_st-cdeboer-1_asfar_VLPs_results_crispresso_aggregated_spacer_ABE8e_rep2_.staging_CRISPRessoPooled_on_ABE8e_D0_rep2_CRISPResso_on_B2M	Insertions	7.47077060998842e-05	7.47077060998842e-05	0.0	0.0	0.0	0.0	0.0	0.0	0.0001120615591498263	0.0005229539426991894	0.0004856000896492473	7.47077060998842e-05	0.0	0.0	0.0	0.0	0.0	0.0	0.0	0.0
_scratch_st-cdeboer-1_asfar_VLPs_results_crispresso_aggregated_spacer_ABE8e_rep2_.staging_CRISPRessoPooled_on_ABE8e_D0_rep2_CRISPResso_on_B2M	Insertions_Left	7.47077060998842e-05	0.0	0.0	0.0	0.0	0.0	0.0	0.0	0.0001120615591498263	0.0004108923835493631	7.47077060998842e-05	0.0	0.0	0.0	0.0	0.0	0.0	0.0	0.0	0.0
_scratch_st-cdeboer-1_asfar_VLPs_results_crispresso_aggregated_spacer_ABE8e_rep2_.staging_CRISPRessoPooled_on_ABE8e_D0_rep2_CRISPResso_on_B2M	Deletions	0.0	3.73538530499421e-05	0.0	0.0	0.0001494154121997684	0.0001494154121997684	0.0002241231182996526	0.0004108923835493631	0.0002988308243995368	0.0002988308243995368	0.0005603077957491315	0.0004856000896492473	0.0005603077957491315	0.0004856000896492473	0.0005229539426991894	0.0004108923835493631	0.0004108923835493631	0.0002988308243995368	0.0002614769713495947	0.0002614769713495947
_scratch_st-cdeboer-1_asfar_VLPs_results_crispresso_aggregated_spacer_ABE8e_rep2_.staging_CRISPRessoPooled_on_ABE8e_D0_rep2_CRISPResso_on_B2M	Substitutions	0.0006723693548989578	0.0004482462365993052	0.0001867692652497105	0.0002614769713495947	0.000373538530499421	7.47077060998842e-05	0.0002241231182996526	0.0004108923835493631	0.0002241231182996526	0.0003361846774494789	0.0001494154121997684	0.000373538530499421	0.006163385753240447	0.0001867692652497105	0.004781293190392589	0.0010459078853983787	0.0031750775092450785	0.0003361846774494789	0.0003361846774494789	0.0002988308243995368
_scratch_st-cdeboer-1_asfar_VLPs_results_crispresso_aggregated_spacer_ABE8e_rep2_.staging_CRISPRessoPooled_on_ABE8e_D0_rep2_CRISPResso_on_B2M	All_modifications	0.000747077060998842	0.0005603077957491315	0.0001867692652497105	0.0002614769713495947	0.0005229539426991894	0.0002241231182996526	0.0004482462365993052	0.0008217847670987262	0.0006350155018490157	0.0011579694445482051	0.0011953232975981472	0.0009338463262485526	0.006723693548989578	0.0006723693548989578	0.005304247133091779	0.001456800268947742	0.0035859698927944417	0.0006350155018490157	0.0005976616487990736	0.0005603077957491315
_scratch_st-cdeboer-1_asfar_VLPs_results_crispresso_aggregated_spacer_ABE8e_rep2_.staging_CRISPRessoPooled_on_ABE8e_D1_rep2_CRISPResso_on_B2M	Insertions	0.0	0.0	0.0	0.0	0.0	0.0	0.0	0.0	0.0	0.000370064618975775	0.000370064618975775	0.0	0.0	0.0	0.00019926556406387884	0.00019926556406387884	0.0	0.0	0.0	0.0
_scratch_st-cdeboer-1_asfar_VLPs_results_crispresso_aggregated_spacer_ABE8e_rep2_.staging_CRISPRessoPooled_on_ABE8e_D1_rep2_CRISPResso_on_B2M	Insertions_Left	0.0	0.0	0.0	0.0	0.0	0.0	0.0	0.0	0.0	0.000370064618975775	0.0	0.0	0.0	0.0	0.00019926556406387884	0.0	0.0	0.0	0.0	0.0
_scratch_st-cdeboer-1_asfar_VLPs_results_crispresso_aggregated_spacer_ABE8e_rep2_.staging_CRISPRessoPooled_on_ABE8e_D1_rep2_CRISPResso_on_B2M	Deletions	0.0	0.0	0.0	0.0	0.0	0.0	0.0	0.0	0.0	0.0	0.0	0.0	0.0	0.0	0.0	0.0	0.0	0.0	0.0	0.0
_scratch_st-cdeboer-1_asfar_VLPs_results_crispresso_aggregated_spacer_ABE8e_rep2_.staging_CRISPRessoPooled_on_ABE8e_D1_rep2_CRISPResso_on_B2M	Substitutions	0.0004269976372797404	0.0005408636738876712	0.00011386603660793077	0.0005977966921916365	0.00011386603660793077	8.539952745594807e-05	0.0009678613111674116	0.00019926556406387884	0.0025619858236784424	0.00022773207321586154	0.00022773207321586154	0.000370064618975775	0.00019926556406387884	0.00022773207321586154	0.00011386603660793077	0.11224344558626775	0.0003985311281277577	0.00022773207321586154	0.0003131316006718096	0.0010817273477753424
_scratch_st-cdeboer-1_asfar_VLPs_results_crispresso_aggregated_spacer_ABE8e_rep2_.staging_CRISPRessoPooled_on_ABE8e_D1_rep2_CRISPResso_on_B2M	All_modifications	0.0004269976372797404	0.0005408636738876712	0.00011386603660793077	0.0005977966921916365	0.00011386603660793077	8.539952745594807e-05	0.0009678613111674116	0.00019926556406387884	0.0025619858236784424	0.0005977966921916365	0.0005977966921916365	0.000370064618975775	0.00019926556406387884	0.00022773207321586154	0.0003131316006718096	0.11244271115033164	0.0003985311281277577	0.00022773207321586154	0.0003131316006718096	0.0010817273477753424
_scratch_st-cdeboer-1_asfar_VLPs_results_crispresso_aggregated_spacer_ABE8e_rep2_.staging_CRISPRessoPooled_on_ABE8e_D2_rep2_CRISPResso_on_B2M	Insertions	0.0	0.0	0.0	0.0	0.0	0.0	0.0	8.863152918931695e-05	8.863152918931695e-05	0.0033384542661309383	0.0033384542661309383	0.0001772630583786339	0.0002954384306310565	0.0001181753722524226	0.00026589458756795086	0.00026589458756795086	0.0	0.0	0.0	0.0
_scratch_st-cdeboer-1_asfar_VLPs_results_crispresso_aggregated_spacer_ABE8e_rep2_.staging_CRISPRessoPooled_on_ABE8e_D2_rep2_CRISPResso_on_B2M	Insertions_Left	0.0	0.0	0.0	0.0	0.0	0.0	0.0	8.863152918931695e-05	0.0	0.0033384542661309383	0.0	0.0001772630583786339	0.0001181753722524226	0.0	0.00026589458756795086	0.0	0.0	0.0	0.0	0.0
_scratch_st-cdeboer-1_asfar_VLPs_results_crispresso_aggregated_spacer_ABE8e_rep2_.staging_CRISPRessoPooled_on_ABE8e_D2_rep2_CRISPResso_on_B2M	Deletions	0.0004727014890096904	0.0007090522335145356	0.0007090522335145356	0.0007090522335145356	0.0007385960765776413	0.0007385960765776413	0.0007385960765776413	0.0007681399196407468	0.0007385960765776413	0.0007385960765776413	0.0007681399196407468	0.0007090522335145356	0.0006795083904514299	0.0006795083904514299	0.0006499645473883243	0.0006795083904514299	0.0006795083904514299	0.00032498227369416214	0.00032498227369416214	0.00032498227369416214
_scratch_st-cdeboer-1_asfar_VLPs_results_crispresso_aggregated_spacer_ABE8e_rep2_.staging_CRISPRessoPooled_on_ABE8e_D2_rep2_CRISPResso_on_B2M	Substitutions	0.0005317891751359017	0.000502245332072796	0.0003545261167572678	0.00044315764594658475	8.863152918931695e-05	0.00032498227369416214	0.008981328291184117	0.00014771921531552825	0.023782793665800047	0.0002363507445048452	0.0004727014890096904	0.00041361380288347906	0.0004727014890096904	0.0003545261167572678	0.0004727014890096904	0.8377156700543607	0.0012408414086504372	0.0001181753722524226	0.0002954384306310565	0.0067655400614511935
_scratch_st-cdeboer-1_asfar_VLPs_results_crispresso_aggregated_spacer_ABE8e_rep2_.staging_CRISPRessoPooled_on_ABE8e_D2_rep2_CRISPResso_on_B2M	All_modifications	0.001004490664145592	0.0012112975655873316	0.0010635783502718035	0.0011522098794611202	0.0008272276057669581	0.0010635783502718035	0.009719924367761758	0.001004490664145592	0.024610021271567004	0.0043134010872134245	0.0045792956747813755	0.0012999290947766486	0.0014476483100921767	0.0011522098794611202	0.0013885606239659655	0.83866107303238	0.0019203497991018672	0.00044315764594658475	0.0006204207043252186	0.007090522335145356
_scratch_st-cdeboer-1_asfar_VLPs_results_crispresso_aggregated_spacer_ABE8e_rep2_.staging_CRISPRessoPooled_on_ABE8e_D3_rep2_CRISPResso_on_B2M	Insertions	0.0	0.0	0.0	0.0	0.0	0.0	0.0	0.0	0.0	0.002067376126889446	0.002067376126889446	0.0	3.389141191622043e-05	0.000237239883413543	0.0005761540025757473	0.0003728055310784247	0.0	0.0	0.0	0.0
_scratch_st-cdeboer-1_asfar_VLPs_results_crispresso_aggregated_spacer_ABE8e_rep2_.staging_CRISPRessoPooled_on_ABE8e_D3_rep2_CRISPResso_on_B2M	Insertions_Left	0.0	0.0	0.0	0.0	0.0	0.0	0.0	0.0	0.0	0.002067376126889446	0.0	0.0	3.389141191622043e-05	0.00020334847149732258	0.0003728055310784247	0.0	0.0	0.0	0.0	0.0
_scratch_st-cdeboer-1_asfar_VLPs_results_crispresso_aggregated_spacer_ABE8e_rep2_.staging_CRISPRessoPooled_on_ABE8e_D3_rep2_CRISPResso_on_B2M	Deletions	0.00010167423574866129	0.00013556564766488172	0.00010167423574866129	0.00010167423574866129	0.00016945705958110215	0.00016945705958110215	0.00020334847149732258	0.00030502270724598384	0.00030502270724598384	0.00030502270724598384	0.00030502270724598384	0.00030502270724598384	0.00030502270724598384	0.0005422625906595269	0.0005083711787433065	0.00027113129532976344	0.00027113129532976344	0.00027113129532976344	0.00027113129532976344	0.00020334847149732258
_scratch_st-cdeboer-1_asfar_VLPs_results_crispresso_aggregated_spacer_ABE8e_rep2_.staging_CRISPRessoPooled_on_ABE8e_D3_rep2_CRISPResso_on_B2M	Substitutions	0.00027113129532976344	0.0005083711787433065	0.00016945705958110215	0.0003728055310784247	3.389141191622043e-05	6.778282383244086e-05	0.006778282383244086	6.778282383244086e-05	0.021385480919135093	0.00027113129532976344	0.0006778282383244086	0.00010167423574866129	0.00016945705958110215	0.000237239883413543	0.0009828509455703926	0.7941774554327933	0.0014573307123974784	0.0003389141191622043	0.00020334847149732258	0.006608825323662984
_scratch_st-cdeboer-1_asfar_VLPs_results_crispresso_aggregated_spacer_ABE8e_rep2_.staging_CRISPRessoPooled_on_ABE8e_D3_rep2_CRISPResso_on_B2M	All_modifications	0.0003728055310784247	0.0006439368264081882	0.00027113129532976344	0.000474479766827086	0.00020334847149732258	0.000237239883413543	0.006981630854741409	0.0003728055310784247	0.021690503626381075	0.0026435301294651936	0.003050227072459839	0.00040669694299464516	0.0005083711787433065	0.001016742357486613	0.002067376126889446	0.7948213922592016	0.0017284620077272419	0.0006100454144919677	0.000474479766827086	0.006812173795160306
_scratch_st-cdeboer-1_asfar_VLPs_results_crispresso_aggregated_spacer_ABE8e_rep2_.staging_CRISPRessoPooled_on_ABE8e_D4_rep2_CRISPResso_on_B2M	Insertions	0.0	0.0	0.0	0.0	0.0	0.0	0.0	0.0	0.0	0.001954524724737768	0.001954524724737768	0.0	6.515082415792559e-05	6.515082415792559e-05	0.0007818098898951072	0.0007818098898951072	0.0	0.0	0.0	0.0
_scratch_st-cdeboer-1_asfar_VLPs_results_crispresso_aggregated_spacer_ABE8e_rep2_.staging_CRISPRessoPooled_on_ABE8e_D4_rep2_CRISPResso_on_B2M	Insertions_Left	0.0	0.0	0.0	0.0	0.0	0.0	0.0	0.0	0.0	0.001954524724737768	0.0	0.0	6.515082415792559e-05	0.0	0.0007818098898951072	0.0	0.0	0.0	0.0	0.0
_scratch_st-cdeboer-1_asfar_VLPs_results_crispresso_aggregated_spacer_ABE8e_rep2_.staging_CRISPRessoPooled_on_ABE8e_D4_rep2_CRISPResso_on_B2M	Deletions	0.0	0.0	0.00013030164831585118	0.00013030164831585118	0.00013030164831585118	0.00026060329663170237	0.000325754120789628	0.000325754120789628	0.000325754120789628	0.000325754120789628	0.0004560557691054792	0.0004560557691054792	0.0004560557691054792	0.0005212065932634047	0.0005212065932634047	0.0003909049449475536	0.000325754120789628	0.0001954524724737768	0.00013030164831585118	0.00013030164831585118
_scratch_st-cdeboer-1_asfar_VLPs_results_crispresso_aggregated_spacer_ABE8e_rep2_.staging_CRISPRessoPooled_on_ABE8e_D4_rep2_CRISPResso_on_B2M	Substitutions	6.515082415792559e-05	0.0007166590657371816	0.0003909049449475536	0.0007166590657371816	0.0	0.00026060329663170237	0.012769561534953417	0.0	0.038960192846439506	0.00013030164831585118	0.0003909049449475536	0.000325754120789628	0.00013030164831585118	0.0005212065932634047	0.0007166590657371816	0.9791517362694638	0.0020196755488956935	0.000325754120789628	0.00026060329663170237	0.01465893543553326
_scratch_st-cdeboer-1_asfar_VLPs_results_crispresso_aggregated_spacer_ABE8e_rep2_.staging_CRISPRessoPooled_on_ABE8e_D4_rep2_CRISPResso_on_B2M	All_modifications	6.515082415792559e-05	0.0007166590657371816	0.0005212065932634047	0.0008469607140530327	0.00013030164831585118	0.0005212065932634047	0.013095315655743045	0.000325754120789628	0.03928594696722913	0.002410580493843247	0.002801485438790801	0.0007818098898951072	0.000651508241579256	0.0011075640106847351	0.0020196755488956935	0.9803244511043064	0.0023454296696853215	0.0005212065932634047	0.0003909049449475536	0.01478923708384911
_scratch_st-cdeboer-1_asfar_VLPs_results_crispresso_aggregated_spacer_ABE8e_rep2_.staging_CRISPRessoPooled_on_ABE8e_D5_rep2_CRISPResso_on_B2M	Insertions	0.0	0.0	0.0	0.0	0.0	0.0	4.1978003526152295e-05	4.1978003526152295e-05	0.0	0.002392746200990681	0.002392746200990681	0.0	0.00016791201410460918	0.00016791201410460918	0.0003778020317353707	0.00046175803878767527	8.395600705230459e-05	0.0	0.0	0.0
_scratch_st-cdeboer-1_asfar_VLPs_results_crispresso_aggregated_spacer_ABE8e_rep2_.staging_CRISPRessoPooled_on_ABE8e_D5_rep2_CRISPResso_on_B2M	Insertions_Left	0.0	0.0	0.0	0.0	0.0	0.0	4.1978003526152295e-05	0.0	0.0	0.002392746200990681	0.0	0.0	0.00016791201410460918	0.0	0.0003778020317353707	8.395600705230459e-05	0.0	0.0	0.0	0.0
_scratch_st-cdeboer-1_asfar_VLPs_results_crispresso_aggregated_spacer_ABE8e_rep2_.staging_CRISPRessoPooled_on_ABE8e_D5_rep2_CRISPResso_on_B2M	Deletions	0.00016791201410460918	0.00025186802115691377	0.00016791201410460918	0.00016791201410460918	0.0002938460246830661	0.00046175803878767527	0.00046175803878767527	0.0003778020317353707	0.00041978003526152295	0.00041978003526152295	0.00046175803878767527	0.00046175803878767527	0.0005037360423138275	0.0008395600705230459	0.0006716480564184367	0.00033582402820921836	0.0005037360423138275	0.0005037360423138275	0.0005037360423138275	0.00041978003526152295
_scratch_st-cdeboer-1_asfar_VLPs_results_crispresso_aggregated_spacer_ABE8e_rep2_.staging_CRISPRessoPooled_on_ABE8e_D5_rep2_CRISPResso_on_B2M	Substitutions	0.0003778020317353707	0.0003778020317353707	0.00016791201410460918	0.0005876920493661322	0.00016791201410460918	4.1978003526152295e-05	0.008899336747544288	8.395600705230459e-05	0.02762152632020821	0.00020989001763076147	0.0002938460246830661	0.00012593401057845688	0.0011753840987322644	0.00025186802115691377	0.0009654940811015028	0.9690202333976996	0.0018890101586768533	8.395600705230459e-05	0.00020989001763076147	0.010998236923851901
_scratch_st-cdeboer-1_asfar_VLPs_results_crispresso_aggregated_spacer_ABE8e_rep2_.staging_CRISPRessoPooled_on_ABE8e_D5_rep2_CRISPResso_on_B2M	All_modifications	0.0005457140458399798	0.0006296700528922844	0.00033582402820921836	0.0007556040634707414	0.00046175803878767527	0.0005037360423138275	0.009403072789858115	0.0005037360423138275	0.028041306355469735	0.0030224162538829654	0.0031483502644614222	0.0005876920493661322	0.001847032155150701	0.0012593401057845689	0.00201494416925531	0.9698178154646965	0.0024767022080429855	0.0005876920493661322	0.0007136260599445891	0.011418016959113425
