Folder	Modification	G	G	A	G	G	C	T	A	T	C	C	A	G	C	G	T	G	A	G	T
_scratch_st-cdeboer-1_asfar_VLPs_results_crispresso_aggregated_spacer_ABE8e_rep1_.staging_CRISPRessoPooled_on_ABE8e_D0_rep1_CRISPResso_on_B2M	Insertions	0.0	0.0	0.0	0.0	0.0	0.0	0.0	0.0	0.0	0.0	0.0	0.0	0.0	0.0	0.0	0.0	0.0	0.0	0.0	0.0
_scratch_st-cdeboer-1_asfar_VLPs_results_crispresso_aggregated_spacer_ABE8e_rep1_.staging_CRISPRessoPooled_on_ABE8e_D0_rep1_CRISPResso_on_B2M	Insertions_Left	0.0	0.0	0.0	0.0	0.0	0.0	0.0	0.0	0.0	0.0	0.0	0.0	0.0	0.0	0.0	0.0	0.0	0.0	0.0	0.0
_scratch_st-cdeboer-1_asfar_VLPs_results_crispresso_aggregated_spacer_ABE8e_rep1_.staging_CRISPRessoPooled_on_ABE8e_D0_rep1_CRISPResso_on_B2M	Deletions	1.695576241585703e-05	5.0867287247571086e-05	2.5433643623785543e-05	1.695576241585703e-05	1.695576241585703e-05	1.695576241585703e-05	1.695576241585703e-05	1.695576241585703e-05	2.5433643623785543e-05	1.695576241585703e-05	5.0867287247571086e-05	1.695576241585703e-05	1.695576241585703e-05	1.695576241585703e-05	1.695576241585703e-05	1.695576241585703e-05	1.695576241585703e-05	1.695576241585703e-05	1.695576241585703e-05	1.695576241585703e-05
_scratch_st-cdeboer-1_asfar_VLPs_results_crispresso_aggregated_spacer_ABE8e_rep1_.staging_CRISPRessoPooled_on_ABE8e_D0_rep1_CRISPResso_on_B2M	Substitutions	0.0002882479610695695	0.0006867083778422096	0.00025433643623785544	0.00015260186174271325	5.0867287247571086e-05	0.00010173457449514217	0.000313681604693355	0.00026281431744578396	0.000313681604693355	0.00013564609932685624	0.00025433643623785544	0.0003475931295250691	0.00019499126778235582	0.0002373806738219984	0.0002289027926140699	0.0005510622785153534	0.0002712921986537125	0.0003815046543567831	0.000296725842277498	0.0003391152483171406
_scratch_st-cdeboer-1_asfar_VLPs_results_crispresso_aggregated_spacer_ABE8e_rep1_.staging_CRISPRessoPooled_on_ABE8e_D0_rep1_CRISPResso_on_B2M	All_modifications	0.0003052037234854265	0.0007375756650897807	0.000279770079861641	0.0001695576241585703	6.782304966342812e-05	0.0001186903369109992	0.00033063736710921206	0.000279770079861641	0.0003391152483171406	0.00015260186174271325	0.0003052037234854265	0.00036454889194092614	0.00021194703019821286	0.00025433643623785544	0.0002458585550299269	0.0005680180409312105	0.0002882479610695695	0.00039846041677264017	0.000313681604693355	0.0003560710107329976
_scratch_st-cdeboer-1_asfar_VLPs_results_crispresso_aggregated_spacer_ABE8e_rep1_.staging_CRISPRessoPooled_on_ABE8e_D1_rep1_CRISPResso_on_B2M	Insertions	0.0	0.0	0.0	0.0	0.0	0.0	0.0	0.0	0.0	0.00011187738238890177	0.00011187738238890177	0.0	0.0	0.0	0.00019178979838097444	0.00019178979838097444	0.0	0.0	0.0	0.0
_scratch_st-cdeboer-1_asfar_VLPs_results_crispresso_aggregated_spacer_ABE8e_rep1_.staging_CRISPRessoPooled_on_ABE8e_D1_rep1_CRISPResso_on_B2M	Insertions_Left	0.0	0.0	0.0	0.0	0.0	0.0	0.0	0.0	0.0	0.00011187738238890177	0.0	0.0	0.0	0.0	0.00019178979838097444	0.0	0.0	0.0	0.0	0.0
_scratch_st-cdeboer-1_asfar_VLPs_results_crispresso_aggregated_spacer_ABE8e_rep1_.staging_CRISPRessoPooled_on_ABE8e_D1_rep1_CRISPResso_on_B2M	Deletions	0.0	1.598248319841454e-05	0.0	0.0	0.0	0.0	0.0	0.0	0.0	5.593869119445088e-05	5.593869119445088e-05	5.593869119445088e-05	0.0	0.0	0.0	0.0	0.0	0.0	0.0	0.0
_scratch_st-cdeboer-1_asfar_VLPs_results_crispresso_aggregated_spacer_ABE8e_rep1_.staging_CRISPRessoPooled_on_ABE8e_D1_rep1_CRISPResso_on_B2M	Substitutions	0.00035161463036511984	0.0007351942271270688	0.0002796934559722544	0.00037558835516274166	0.00019178979838097444	0.00014384234878573083	0.0008710453343135923	0.00017580731518255992	0.0022775038557740716	0.00015982483198414538	0.00022375476477780353	0.0002637109727738399	0.0001837985567817672	0.00017580731518255992	0.00014384234878573083	0.10657119796702813	0.00031964966396829075	0.00024772848957542535	0.00047947449595243615	0.0009429665087064578
_scratch_st-cdeboer-1_asfar_VLPs_results_crispresso_aggregated_spacer_ABE8e_rep1_.staging_CRISPRessoPooled_on_ABE8e_D1_rep1_CRISPResso_on_B2M	All_modifications	0.00035161463036511984	0.0007511767103254833	0.0002796934559722544	0.00037558835516274166	0.00019178979838097444	0.00014384234878573083	0.0008710453343135923	0.00017580731518255992	0.0022775038557740716	0.000327640905567498	0.00039157083836115615	0.00031964966396829075	0.0001837985567817672	0.00017580731518255992	0.0003356321471667053	0.10676298776540911	0.00031964966396829075	0.00024772848957542535	0.00047947449595243615	0.0009429665087064578
_scratch_st-cdeboer-1_asfar_VLPs_results_crispresso_aggregated_spacer_ABE8e_rep1_.staging_CRISPRessoPooled_on_ABE8e_D2_rep1_CRISPResso_on_B2M	Insertions	0.0	0.0	0.0	0.0	0.0	0.0	0.0	0.0	0.0	0.0003957261574990107	0.0003957261574990107	1.648858989579211e-05	1.648858989579211e-05	0.0	0.0004616805170821791	0.0004616805170821791	0.0	0.0	0.0	0.0
_scratch_st-cdeboer-1_asfar_VLPs_results_crispresso_aggregated_spacer_ABE8e_rep1_.staging_CRISPRessoPooled_on_ABE8e_D2_rep1_CRISPResso_on_B2M	Insertions_Left	0.0	0.0	0.0	0.0	0.0	0.0	0.0	0.0	0.0	0.0003957261574990107	0.0	1.648858989579211e-05	0.0	0.0	0.0004616805170821791	0.0	0.0	0.0	0.0	0.0
_scratch_st-cdeboer-1_asfar_VLPs_results_crispresso_aggregated_spacer_ABE8e_rep1_.staging_CRISPRessoPooled_on_ABE8e_D2_rep1_CRISPResso_on_B2M	Deletions	1.648858989579211e-05	9.893153937475267e-05	0.00013190871916633689	0.00011542012927054478	0.00013190871916633689	0.00013190871916633689	0.0002473288484368817	0.00023084025854108956	0.000148397309062129	0.00013190871916633689	0.00013190871916633689	0.00011542012927054478	9.893153937475267e-05	9.893153937475267e-05	1.648858989579211e-05	0.0	0.0	0.0	0.0	0.0
_scratch_st-cdeboer-1_asfar_VLPs_results_crispresso_aggregated_spacer_ABE8e_rep1_.staging_CRISPRessoPooled_on_ABE8e_D2_rep1_CRISPResso_on_B2M	Substitutions	0.0004946576968737634	0.0007914523149980214	0.00023084025854108956	0.00016488589895792113	0.00011542012927054478	0.00013190871916633689	0.0027535945125972826	0.00018137448885371322	0.00733742250362749	0.00021435166864529746	0.0003132832080200501	0.0002473288484368817	0.00026381743833267377	0.00021435166864529746	0.00016488589895792113	0.3554939981532779	0.0005771006463527239	0.0002803060282284659	0.00026381743833267377	0.0025887086136393614
_scratch_st-cdeboer-1_asfar_VLPs_results_crispresso_aggregated_spacer_ABE8e_rep1_.staging_CRISPRessoPooled_on_ABE8e_D2_rep1_CRISPResso_on_B2M	All_modifications	0.0005111462867695555	0.000890383854372774	0.00036274897770742644	0.0002803060282284659	0.0002473288484368817	0.00026381743833267377	0.0030009233610341643	0.0004122147473948028	0.007485819812689619	0.000741986545310645	0.0008409180846853977	0.0003792375676032186	0.0003792375676032186	0.0003132832080200501	0.0006430550059358923	0.3559556786703601	0.0005771006463527239	0.0002803060282284659	0.00026381743833267377	0.0025887086136393614
_scratch_st-cdeboer-1_asfar_VLPs_results_crispresso_aggregated_spacer_ABE8e_rep1_.staging_CRISPRessoPooled_on_ABE8e_D3_rep1_CRISPResso_on_B2M	Insertions	0.0	0.0	0.0	0.0	2.7407960642168518e-05	3.4259950802710644e-05	6.8519901605421296e-06	0.000157595773692469	0.000157595773692469	0.0019870771465572176	0.0019870771465572176	0.0	4.111194096325278e-05	0.00013018781305030046	0.0005687151833249967	0.00047963931123794906	0.0	0.0	0.0	0.0
_scratch_st-cdeboer-1_asfar_VLPs_results_crispresso_aggregated_spacer_ABE8e_rep1_.staging_CRISPRessoPooled_on_ABE8e_D3_rep1_CRISPResso_on_B2M	Insertions_Left	0.0	0.0	0.0	0.0	2.7407960642168518e-05	6.8519901605421296e-06	0.0	0.000157595773692469	0.0	0.0019870771465572176	0.0	0.0	4.111194096325278e-05	8.907587208704769e-05	0.00047963931123794906	0.0	0.0	0.0	0.0	0.0
_scratch_st-cdeboer-1_asfar_VLPs_results_crispresso_aggregated_spacer_ABE8e_rep1_.staging_CRISPRessoPooled_on_ABE8e_D3_rep1_CRISPResso_on_B2M	Deletions	2.7407960642168518e-05	6.166791144487917e-05	6.166791144487917e-05	6.166791144487917e-05	0.00017815174417409538	0.00022611567529789027	0.0002603756261006009	0.0002603756261006009	0.00038371144899035923	0.000370007468669275	0.00044537936043523844	0.0004385273702746963	0.0004042674194719856	0.0004042674194719856	0.000370007468669275	0.00032204353754548007	0.00036315547850873284	0.000370007468669275	0.00036315547850873284	0.00021241169497680603
_scratch_st-cdeboer-1_asfar_VLPs_results_crispresso_aggregated_spacer_ABE8e_rep1_.staging_CRISPRessoPooled_on_ABE8e_D3_rep1_CRISPResso_on_B2M	Substitutions	0.0004042674194719856	0.0004179713997930699	0.000315191547384938	0.00030833955722439583	0.00019870771465572176	0.00021926368513734815	0.005906415518387316	0.0002809315965822273	0.016773671913007132	0.00010963184256867407	0.000370007468669275	0.0002329676654584324	0.00042482338995361205	0.0002466716457795167	0.0008907587208704769	0.6877616603742557	0.001000390563439151	0.00017129975401355323	0.00032204353754548007	0.0035630348834819075
_scratch_st-cdeboer-1_asfar_VLPs_results_crispresso_aggregated_spacer_ABE8e_rep1_.staging_CRISPRessoPooled_on_ABE8e_D3_rep1_CRISPResso_on_B2M	All_modifications	0.00043167538011415414	0.00047963931123794906	0.00037685945882981714	0.000370007468669275	0.0004042674194719856	0.00047963931123794906	0.0061736431346484585	0.0006989029963752972	0.01731497913568996	0.0024667164577951667	0.002802463975661731	0.0006714950357331287	0.0008702027503888505	0.0007811268783018027	0.0018294813728647486	0.6885633432230391	0.0013635460419478837	0.0005413072226828282	0.0006851990160542129	0.0037754465784587132
_scratch_st-cdeboer-1_asfar_VLPs_results_crispresso_aggregated_spacer_ABE8e_rep1_.staging_CRISPRessoPooled_on_ABE8e_D4_rep1_CRISPResso_on_B2M	Insertions	0.0	0.0	0.0	7.983585747702723e-06	7.983585747702723e-06	0.0	0.0001037866147201354	0.00011177020046783813	0.00019958964369256807	0.0028740908691729803	0.002682484811228115	0.0	0.00014370454345864902	0.00014370454345864902	0.0014609961918295984	0.0014609961918295984	0.0	0.0	0.0	0.0
_scratch_st-cdeboer-1_asfar_VLPs_results_crispresso_aggregated_spacer_ABE8e_rep1_.staging_CRISPRessoPooled_on_ABE8e_D4_rep1_CRISPResso_on_B2M	Insertions_Left	0.0	0.0	0.0	7.983585747702723e-06	0.0	0.0	0.0001037866147201354	7.983585747702723e-06	0.00019160605794486536	0.002682484811228115	0.0	0.0	0.00014370454345864902	0.0	0.0014609961918295984	0.0	0.0	0.0	0.0	0.0
_scratch_st-cdeboer-1_asfar_VLPs_results_crispresso_aggregated_spacer_ABE8e_rep1_.staging_CRISPRessoPooled_on_ABE8e_D4_rep1_CRISPResso_on_B2M	Deletions	0.00016765530070175718	0.00019958964369256807	0.00019160605794486536	0.00022354040093567625	0.00031934342990810893	0.0003832121158897307	0.00036724494439432524	0.000375228530142028	0.0004710315591144607	0.0004231300446282443	0.0005269166593483797	0.000518933073600677	0.0004550643876190552	0.0004231300446282443	0.0004231300446282443	0.0005428838308437851	0.0004790151448621634	0.00033531060140351435	0.00030337625841270346	0.00022354040093567625
_scratch_st-cdeboer-1_asfar_VLPs_results_crispresso_aggregated_spacer_ABE8e_rep1_.staging_CRISPRessoPooled_on_ABE8e_D4_rep1_CRISPResso_on_B2M	Substitutions	0.00032732701565581164	0.00031934342990810893	0.00032732701565581164	0.0002395075724310817	0.0002075732294402708	0.00015967171495405447	0.009628204411729483	0.00019160605794486536	0.03385838715600725	0.0001756388864494599	0.00013572095771094628	0.00028740908691729804	0.00018362247219716262	0.00012773737196324357	0.00032732701565581164	0.9759135217991809	0.0018442083077193291	0.0004231300446282443	0.00033531060140351435	0.012230853365480573
_scratch_st-cdeboer-1_asfar_VLPs_results_crispresso_aggregated_spacer_ABE8e_rep1_.staging_CRISPRessoPooled_on_ABE8e_D4_rep1_CRISPResso_on_B2M	All_modifications	0.0004949823163575689	0.000518933073600677	0.000518933073600677	0.0004710315591144607	0.0005349002450960825	0.0005428838308437851	0.010099235970843945	0.0006786047885547315	0.03452900835881428	0.0034728598002506847	0.003345122428287441	0.000806342160517975	0.0007823914032748669	0.0006945719600501369	0.002211453252113654	0.9779174018218543	0.0023232234525814924	0.0007584406460317587	0.0006386868598162179	0.012454393766416248
_scratch_st-cdeboer-1_asfar_VLPs_results_crispresso_aggregated_spacer_ABE8e_rep1_.staging_CRISPRessoPooled_on_ABE8e_D5_rep1_CRISPResso_on_B2M	Insertions	0.0	0.0	0.0	0.0	0.0	0.0	0.00011543434094686942	0.00011543434094686942	0.0	0.0025472511235609184	0.0025472511235609184	3.078249091916518e-05	5.3869359108539064e-05	2.3086868189373883e-05	0.0009465615957643292	0.0010312134457920335	8.465185002770424e-05	0.0	0.0	0.0
_scratch_st-cdeboer-1_asfar_VLPs_results_crispresso_aggregated_spacer_ABE8e_rep1_.staging_CRISPRessoPooled_on_ABE8e_D5_rep1_CRISPResso_on_B2M	Insertions_Left	0.0	0.0	0.0	0.0	0.0	0.0	0.00011543434094686942	0.0	0.0	0.0025472511235609184	0.0	3.078249091916518e-05	2.3086868189373883e-05	0.0	0.0009465615957643292	8.465185002770424e-05	0.0	0.0	0.0	0.0
_scratch_st-cdeboer-1_asfar_VLPs_results_crispresso_aggregated_spacer_ABE8e_rep1_.staging_CRISPRessoPooled_on_ABE8e_D5_rep1_CRISPResso_on_B2M	Deletions	0.00025395555008311273	0.0004463461183278951	0.00040017238194914735	0.00041556362740872993	0.0006541279320322601	0.0006695191774918427	0.0006849104229514252	0.0007695622729791294	0.0007926491411685034	0.0007772578957089207	0.0012159083913070245	0.0011697346549282767	0.0013390383549836853	0.001408298959551807	0.0013082558640645202	0.0012082127685772333	0.0012005171458474419	0.001046604691251616	0.001046604691251616	0.000731084159330173
_scratch_st-cdeboer-1_asfar_VLPs_results_crispresso_aggregated_spacer_ABE8e_rep1_.staging_CRISPRessoPooled_on_ABE8e_D5_rep1_CRISPResso_on_B2M	Substitutions	0.00036938989102998213	0.0005156067228960168	0.00020778181370436496	0.00020778181370436496	0.00010773871821707813	0.0001693037000554085	0.00945022471218371	0.00023086868189373883	0.029743581850643352	0.0001693037000554085	9.234747275749553e-05	0.00018469494551499107	0.0014698639413901374	0.00023856430462353012	0.001931601305177615	0.9785446038293418	0.001616080773256172	0.000130825586406452	0.00036938989102998213	0.010489133780705534
_scratch_st-cdeboer-1_asfar_VLPs_results_crispresso_aggregated_spacer_ABE8e_rep1_.staging_CRISPRessoPooled_on_ABE8e_D5_rep1_CRISPResso_on_B2M	All_modifications	0.0006233454411130949	0.0009619528412239118	0.0006079541956535122	0.0006233454411130949	0.0007618666502493381	0.0008388228775472511	0.010250569476082005	0.0011158652958197378	0.030536230991811856	0.0034938127193252476	0.0038555069876254388	0.001385212091362433	0.0028627716554823616	0.001669950132364711	0.004186418765006464	0.9807840300437112	0.002901249769131318	0.0011774302776580681	0.0014159945822815982	0.011220217940035708
