Folder	Modification	C	A	C	C	T	A	C	C	T	A	A	G	A	A	C	C	A	T	C	C
_scratch_st-cdeboer-1_asfar_VLPs_results_crispresso_aggregated_spacer_ABE8e_rep2_.staging_CRISPRessoPooled_on_ABE8e_D0_rep2_CRISPResso_on_PDCD1	Insertions	0.0	0.0	0.0	0.0	0.0	0.0	0.0	0.0	0.0	0.0	0.0	0.0	0.0	0.0	0.0	0.0	0.0	0.0	0.0	0.0
_scratch_st-cdeboer-1_asfar_VLPs_results_crispresso_aggregated_spacer_ABE8e_rep2_.staging_CRISPRessoPooled_on_ABE8e_D0_rep2_CRISPResso_on_PDCD1	Insertions_Left	0.0	0.0	0.0	0.0	0.0	0.0	0.0	0.0	0.0	0.0	0.0	0.0	0.0	0.0	0.0	0.0	0.0	0.0	0.0	0.0
_scratch_st-cdeboer-1_asfar_VLPs_results_crispresso_aggregated_spacer_ABE8e_rep2_.staging_CRISPRessoPooled_on_ABE8e_D0_rep2_CRISPResso_on_PDCD1	Deletions	1.5100949849745549e-05	1.5100949849745549e-05	1.5100949849745549e-05	1.5100949849745549e-05	1.5100949849745549e-05	1.5100949849745549e-05	1.5100949849745549e-05	1.5100949849745549e-05	3.0201899699491097e-05	1.5100949849745549e-05	7.550474924872775e-05	1.5100949849745549e-05	1.5100949849745549e-05	1.5100949849745549e-05	1.5100949849745549e-05	1.5100949849745549e-05	1.5100949849745549e-05	1.5100949849745549e-05	1.5100949849745549e-05	1.5100949849745549e-05
_scratch_st-cdeboer-1_asfar_VLPs_results_crispresso_aggregated_spacer_ABE8e_rep2_.staging_CRISPRessoPooled_on_ABE8e_D0_rep2_CRISPResso_on_PDCD1	Substitutions	0.00010570664894821885	0.0001510094984974555	7.550474924872775e-05	0.00013590854864770993	0.00018121139819694658	0.0001510094984974555	0.00013590854864770993	0.00018121139819694658	0.0003775237462436387	4.5302849549236644e-05	0.00016611044834720105	0.00019631234804669213	0.00027181709729541987	0.00012080759879796439	4.5302849549236644e-05	0.00010570664894821885	0.00012080759879796439	0.00031711994684465654	9.060569909847329e-05	0.0001510094984974555
_scratch_st-cdeboer-1_asfar_VLPs_results_crispresso_aggregated_spacer_ABE8e_rep2_.staging_CRISPRessoPooled_on_ABE8e_D0_rep2_CRISPResso_on_PDCD1	All_modifications	0.00012080759879796439	0.00016611044834720105	9.060569909847329e-05	0.0001510094984974555	0.00019631234804669213	0.00016611044834720105	0.0001510094984974555	0.00019631234804669213	0.0004077256459431298	6.0403799398982195e-05	0.00024161519759592878	0.0002114132978964377	0.0002869180471451654	0.00013590854864770993	6.0403799398982195e-05	0.00012080759879796439	0.00013590854864770993	0.0003322208966944021	0.00010570664894821885	0.00016611044834720105
_scratch_st-cdeboer-1_asfar_VLPs_results_crispresso_aggregated_spacer_ABE8e_rep2_.staging_CRISPRessoPooled_on_ABE8e_D1_rep2_CRISPResso_on_PDCD1	Insertions	1.626227801990503e-05	1.626227801990503e-05	0.0	0.0	0.0	0.0	0.0	0.0	0.0	0.0	0.0	0.0	0.0	0.0	0.0	0.0	0.0	0.0	0.0	0.0
_scratch_st-cdeboer-1_asfar_VLPs_results_crispresso_aggregated_spacer_ABE8e_rep2_.staging_CRISPRessoPooled_on_ABE8e_D1_rep2_CRISPResso_on_PDCD1	Insertions_Left	1.626227801990503e-05	0.0	0.0	0.0	0.0	0.0	0.0	0.0	0.0	0.0	0.0	0.0	0.0	0.0	0.0	0.0	0.0	0.0	0.0	0.0
_scratch_st-cdeboer-1_asfar_VLPs_results_crispresso_aggregated_spacer_ABE8e_rep2_.staging_CRISPRessoPooled_on_ABE8e_D1_rep2_CRISPResso_on_PDCD1	Deletions	0.0001138359461393352	3.252455603981006e-05	3.252455603981006e-05	3.252455603981006e-05	3.252455603981006e-05	3.252455603981006e-05	3.252455603981006e-05	3.252455603981006e-05	0.0	0.0	3.252455603981006e-05	0.0	0.0	0.0	0.0	0.0	0.0	0.0	0.0	0.0
_scratch_st-cdeboer-1_asfar_VLPs_results_crispresso_aggregated_spacer_ABE8e_rep2_.staging_CRISPRessoPooled_on_ABE8e_D1_rep2_CRISPResso_on_PDCD1	Substitutions	4.878683405971508e-05	0.001609965523970598	0.0001626227801990503	0.0001138359461393352	0.0001626227801990503	0.01380667403889937	8.131139009952515e-05	0.00026019644831848046	0.0001626227801990503	0.004488388733493788	0.0003415078384180056	0.0003089832823781955	0.0002764587263383855	0.0001138359461393352	8.131139009952515e-05	0.0001138359461393352	0.00019514733623886033	0.0003415078384180056	0.0001138359461393352	0.00013009822415924023
_scratch_st-cdeboer-1_asfar_VLPs_results_crispresso_aggregated_spacer_ABE8e_rep2_.staging_CRISPRessoPooled_on_ABE8e_D1_rep2_CRISPResso_on_PDCD1	All_modifications	0.0001788850582189553	0.001658752358030313	0.00019514733623886033	0.00014636050217914525	0.00019514733623886033	0.013839198594939178	0.0001138359461393352	0.0002927210043582905	0.0001626227801990503	0.004488388733493788	0.00037403239445781564	0.0003089832823781955	0.0002764587263383855	0.0001138359461393352	8.131139009952515e-05	0.0001138359461393352	0.00019514733623886033	0.0003415078384180056	0.0001138359461393352	0.00013009822415924023
_scratch_st-cdeboer-1_asfar_VLPs_results_crispresso_aggregated_spacer_ABE8e_rep2_.staging_CRISPRessoPooled_on_ABE8e_D2_rep2_CRISPResso_on_PDCD1	Insertions	0.0	0.0	0.0	0.0	0.0	0.0	9.660435685649422e-05	0.0001690576244988649	0.00019320871371298845	0.0012800077283485485	0.0011834033714920543	2.4151089214123556e-05	0.0	0.0	0.0	0.0	0.0	0.0	0.0	0.0
_scratch_st-cdeboer-1_asfar_VLPs_results_crispresso_aggregated_spacer_ABE8e_rep2_.staging_CRISPRessoPooled_on_ABE8e_D2_rep2_CRISPResso_on_PDCD1	Insertions_Left	0.0	0.0	0.0	0.0	0.0	0.0	9.660435685649422e-05	7.245326764237067e-05	0.00012075544607061779	0.0011592522822779308	2.4151089214123556e-05	0.0	0.0	0.0	0.0	0.0	0.0	0.0	0.0	0.0
_scratch_st-cdeboer-1_asfar_VLPs_results_crispresso_aggregated_spacer_ABE8e_rep2_.staging_CRISPRessoPooled_on_ABE8e_D2_rep2_CRISPResso_on_PDCD1	Deletions	0.00012075544607061779	0.00012075544607061779	0.00012075544607061779	0.00012075544607061779	9.660435685649422e-05	9.660435685649422e-05	0.00012075544607061779	0.00012075544607061779	0.00012075544607061779	0.00012075544607061779	0.0001690576244988649	9.660435685649422e-05	9.660435685649422e-05	0.0001690576244988649	0.0001690576244988649	0.0001690576244988649	0.0001690576244988649	9.660435685649422e-05	9.660435685649422e-05	9.660435685649422e-05
_scratch_st-cdeboer-1_asfar_VLPs_results_crispresso_aggregated_spacer_ABE8e_rep2_.staging_CRISPRessoPooled_on_ABE8e_D2_rep2_CRISPResso_on_PDCD1	Substitutions	0.00014490653528474135	0.022846930396560886	0.00019320871371298845	0.0013283099067767955	0.0002898130705694827	0.18502149446940058	0.0007003815872095832	0.001038496836207313	9.660435685649422e-05	0.06426604839878279	0.00359851229290441	0.0001690576244988649	0.000652079408781336	0.0002656619813553591	4.830217842824711e-05	0.00014490653528474135	0.00014490653528474135	0.0002898130705694827	4.830217842824711e-05	0.00014490653528474135
_scratch_st-cdeboer-1_asfar_VLPs_results_crispresso_aggregated_spacer_ABE8e_rep2_.staging_CRISPRessoPooled_on_ABE8e_D2_rep2_CRISPResso_on_PDCD1	All_modifications	0.0002656619813553591	0.022967685842631504	0.00031396415978360623	0.0014490653528474134	0.0003864174274259769	0.18511809882625707	0.0009177413901366952	0.0013283099067767955	0.0004105685166401005	0.06566681157320195	0.0049509732888953295	0.0002898130705694827	0.0007486837656378302	0.000434719605854224	0.000217359802927112	0.00031396415978360623	0.00031396415978360623	0.0003864174274259769	0.00014490653528474135	0.00024151089214123557
_scratch_st-cdeboer-1_asfar_VLPs_results_crispresso_aggregated_spacer_ABE8e_rep2_.staging_CRISPRessoPooled_on_ABE8e_D3_rep2_CRISPResso_on_PDCD1	Insertions	3.664301156697732e-05	3.664301156697732e-05	0.0	1.221433718899244e-05	1.221433718899244e-05	2.442867437798488e-05	2.442867437798488e-05	1.221433718899244e-05	3.664301156697732e-05	0.002174152019640654	0.0021497233452626692	0.0	0.0	0.0	0.0	0.0	0.00012214337188992439	0.00012214337188992439	0.0	0.0
_scratch_st-cdeboer-1_asfar_VLPs_results_crispresso_aggregated_spacer_ABE8e_rep2_.staging_CRISPRessoPooled_on_ABE8e_D3_rep2_CRISPResso_on_PDCD1	Insertions_Left	3.664301156697732e-05	0.0	0.0	1.221433718899244e-05	0.0	2.442867437798488e-05	0.0	1.221433718899244e-05	2.442867437798488e-05	0.0021497233452626692	0.0	0.0	0.0	0.0	0.0	0.0	0.00012214337188992439	0.0	0.0	0.0
_scratch_st-cdeboer-1_asfar_VLPs_results_crispresso_aggregated_spacer_ABE8e_rep2_.staging_CRISPRessoPooled_on_ABE8e_D3_rep2_CRISPResso_on_PDCD1	Deletions	0.00021985806940186392	0.00021985806940186392	0.00019542939502387903	0.00019542939502387903	0.0001832150578348866	0.00023207240659085636	0.000305358429724811	0.00039085879004775807	0.0003664301156697732	0.0003297871041027959	0.00025650108096884124	0.00021985806940186392	0.0001832150578348866	0.0001832150578348866	0.0001832150578348866	0.0001832150578348866	6.107168594496219e-05	6.107168594496219e-05	6.107168594496219e-05	6.107168594496219e-05
_scratch_st-cdeboer-1_asfar_VLPs_results_crispresso_aggregated_spacer_ABE8e_rep2_.staging_CRISPRessoPooled_on_ABE8e_D3_rep2_CRISPResso_on_PDCD1	Substitutions	0.00019542939502387903	0.04083252922280173	0.00010992903470093196	0.0009038609519854405	0.0001587863834569017	0.3346484103040149	0.0015267921486240548	0.0010504329982533498	0.00020764373221287147	0.12241208730808223	0.007792747126577176	0.00025650108096884124	0.0005740738478826447	0.0003297871041027959	6.107168594496219e-05	6.107168594496219e-05	0.00017100072064589415	0.0004641448131817127	0.00014657204626790927	0.00017100072064589415
_scratch_st-cdeboer-1_asfar_VLPs_results_crispresso_aggregated_spacer_ABE8e_rep2_.staging_CRISPRessoPooled_on_ABE8e_D3_rep2_CRISPResso_on_PDCD1	All_modifications	0.00045193047599272025	0.04108903030377056	0.000305358429724811	0.001111504684198312	0.0003542157784807807	0.3349049113849837	0.0018565792527268509	0.0014535061254901003	0.000610716859449622	0.12491602643182567	0.010198971552808687	0.00047635915037070513	0.0007572889057175312	0.0005130021619376825	0.00024428674377984877	0.00024428674377984877	0.0003542157784807807	0.0006473598710165993	0.00020764373221287147	0.00023207240659085636
_scratch_st-cdeboer-1_asfar_VLPs_results_crispresso_aggregated_spacer_ABE8e_rep2_.staging_CRISPRessoPooled_on_ABE8e_D4_rep2_CRISPResso_on_PDCD1	Insertions	1.1716598905669662e-05	1.1716598905669662e-05	0.0	3.514979671700899e-05	3.514979671700899e-05	4.686639562267865e-05	0.0003163481704530809	0.0003163481704530809	0.00014059918686803595	0.002741684143926701	0.0026479513526813437	0.0	0.0	0.0	0.0	1.1716598905669662e-05	5.858299452834831e-05	4.686639562267865e-05	0.0	0.0
_scratch_st-cdeboer-1_asfar_VLPs_results_crispresso_aggregated_spacer_ABE8e_rep2_.staging_CRISPRessoPooled_on_ABE8e_D4_rep2_CRISPResso_on_PDCD1	Insertions_Left	1.1716598905669662e-05	0.0	0.0	3.514979671700899e-05	0.0	4.686639562267865e-05	0.0002694817748304022	4.686639562267865e-05	9.37327912453573e-05	0.0026479513526813437	0.0	0.0	0.0	0.0	0.0	1.1716598905669662e-05	4.686639562267865e-05	0.0	0.0	0.0
_scratch_st-cdeboer-1_asfar_VLPs_results_crispresso_aggregated_spacer_ABE8e_rep2_.staging_CRISPRessoPooled_on_ABE8e_D4_rep2_CRISPResso_on_PDCD1	Deletions	8.201619233968763e-05	8.201619233968763e-05	0.00011716598905669662	0.0001288825879623663	8.201619233968763e-05	0.0001523157857737056	0.0002577651759247326	0.0005155303518494652	0.0003983643627927685	0.00046866395622678647	0.0004100809616984382	0.0003163481704530809	0.0003163481704530809	0.0002694817748304022	0.0002694817748304022	0.0002694817748304022	0.0002460485770190629	0.00023433197811339323	0.00023433197811339323	0.00023433197811339323
_scratch_st-cdeboer-1_asfar_VLPs_results_crispresso_aggregated_spacer_ABE8e_rep2_.staging_CRISPRessoPooled_on_ABE8e_D4_rep2_CRISPResso_on_PDCD1	Substitutions	0.00014059918686803595	0.06568325346518412	0.00014059918686803595	0.0016403238467937527	0.00042179756060410785	0.51797912102075	0.0028002671384550495	0.0010310607036989304	0.00016403238467937526	0.19398001148226693	0.009900526075290865	0.0001874655824907146	0.000867028319019555	0.0004100809616984382	9.37327912453573e-05	0.00011716598905669662	0.0001523157857737056	0.0002460485770190629	5.858299452834831e-05	0.00011716598905669662
_scratch_st-cdeboer-1_asfar_VLPs_results_crispresso_aggregated_spacer_ABE8e_rep2_.staging_CRISPRessoPooled_on_ABE8e_D4_rep2_CRISPResso_on_PDCD1	All_modifications	0.00023433197811339323	0.06577698625642948	0.0002577651759247326	0.001804356231473128	0.0005389635496608044	0.5181783032021465	0.003374380484832863	0.0018629392260014763	0.0007029959343401798	0.19719035958242043	0.012958558389670647	0.0005038137529437955	0.001183376489472636	0.0006795627365288404	0.0003632145660757595	0.0003983643627927685	0.00045694735732111684	0.0005272469507551348	0.00029291497264174153	0.0003514979671700899
_scratch_st-cdeboer-1_asfar_VLPs_results_crispresso_aggregated_spacer_ABE8e_rep2_.staging_CRISPRessoPooled_on_ABE8e_D5_rep2_CRISPResso_on_PDCD1	Insertions	8.41998905401423e-06	8.41998905401423e-06	0.0	0.0	0.0	3.367995621605692e-05	4.2099945270071146e-05	0.00012629983581021346	0.00015155980297225613	0.0034185155559297775	0.00338483559971372	8.41998905401423e-06	8.41998905401423e-06	0.0	4.2099945270071146e-05	5.893992337809961e-05	8.419989054014229e-05	7.577990148612806e-05	8.41998905401423e-06	0.0
_scratch_st-cdeboer-1_asfar_VLPs_results_crispresso_aggregated_spacer_ABE8e_rep2_.staging_CRISPRessoPooled_on_ABE8e_D5_rep2_CRISPResso_on_PDCD1	Insertions_Left	8.41998905401423e-06	0.0	0.0	0.0	0.0	3.367995621605692e-05	8.41998905401423e-06	0.00011787984675619922	3.367995621605692e-05	0.00338483559971372	0.0	8.41998905401423e-06	0.0	0.0	4.2099945270071146e-05	1.683997810802846e-05	6.735991243211384e-05	8.41998905401423e-06	0.0	0.0
_scratch_st-cdeboer-1_asfar_VLPs_results_crispresso_aggregated_spacer_ABE8e_rep2_.staging_CRISPRessoPooled_on_ABE8e_D5_rep2_CRISPResso_on_PDCD1	Deletions	0.00018523975918831307	0.0002525996716204269	0.00016839978108028458	0.00016839978108028458	0.00016839978108028458	0.00017681977013429882	0.00027785963878246956	0.00046309939797078265	0.0003115395949985265	0.0003115395949985265	0.00012629983581021346	0.00010103986864817076	0.00010103986864817076	0.00019365974824232728	0.00021049972635035574	0.00021049972635035574	0.00015155980297225613	0.00020207973729634152	0.00020207973729634152	0.00020207973729634152
_scratch_st-cdeboer-1_asfar_VLPs_results_crispresso_aggregated_spacer_ABE8e_rep2_.staging_CRISPRessoPooled_on_ABE8e_D5_rep2_CRISPResso_on_PDCD1	Substitutions	0.00015997979202627037	0.0827263924556898	0.00013471982486422767	0.001827137624721088	0.00015997979202627037	0.6440449627415484	0.002307077000799899	0.0016418978655327748	0.00015997979202627037	0.245552140782217	0.013842462004799393	0.00021049972635035574	0.0008840988506714941	0.00042941944175472574	4.2099945270071146e-05	9.261987959415653e-05	0.00011787984675619922	0.00032837957310655495	0.00011787984675619922	0.00010103986864817076
_scratch_st-cdeboer-1_asfar_VLPs_results_crispresso_aggregated_spacer_ABE8e_rep2_.staging_CRISPRessoPooled_on_ABE8e_D5_rep2_CRISPResso_on_PDCD1	All_modifications	0.00035363954026859765	0.08298741211636425	0.00030311960594451225	0.0019955374058013725	0.00032837957310655495	0.6442554624678988	0.0026270365848524396	0.002231297099313771	0.000623079189997053	0.2492821959331453	0.01735359744032333	0.00031995958405254074	0.000993558708373679	0.000623079189997053	0.00029469961689049804	0.00036205952932261186	0.00035363954026859765	0.0006062392118890245	0.00032837957310655495	0.00030311960594451225
