Folder	Modification	C	A	C	C	T	A	C	C	T	A	A	G	A	A	C	C	A	T	C	C
_scratch_st-cdeboer-1_asfar_VLPs_results_crispresso_aggregated_spacer_ABE8e-SpRY_rep2_.staging_CRISPRessoPooled_on_ABE8e-SpRY_D0_rep2_CRISPResso_on_PDCD1	Insertions	1.5928385976648985e-05	1.5928385976648985e-05	0.0	0.0	0.0	0.0	0.0	0.0	0.0	0.0	0.0	0.0	0.0	0.0	0.0	0.0	0.0	0.0	0.0	0.0
_scratch_st-cdeboer-1_asfar_VLPs_results_crispresso_aggregated_spacer_ABE8e-SpRY_rep2_.staging_CRISPRessoPooled_on_ABE8e-SpRY_D0_rep2_CRISPResso_on_PDCD1	Insertions_Left	1.5928385976648985e-05	0.0	0.0	0.0	0.0	0.0	0.0	0.0	0.0	0.0	0.0	0.0	0.0	0.0	0.0	0.0	0.0	0.0	0.0	0.0
_scratch_st-cdeboer-1_asfar_VLPs_results_crispresso_aggregated_spacer_ABE8e-SpRY_rep2_.staging_CRISPRessoPooled_on_ABE8e-SpRY_D0_rep2_CRISPResso_on_PDCD1	Deletions	6.371354390659594e-05	0.0	0.0	0.0	0.0	0.0	0.0	0.0	0.0	0.0	1.5928385976648985e-05	0.0	0.0	0.0	0.0	0.0	0.0	1.5928385976648985e-05	0.0	0.0
_scratch_st-cdeboer-1_asfar_VLPs_results_crispresso_aggregated_spacer_ABE8e-SpRY_rep2_.staging_CRISPRessoPooled_on_ABE8e-SpRY_D0_rep2_CRISPResso_on_PDCD1	Substitutions	4.7785157929946956e-05	0.00014335547378984087	0.00017521224574313884	0.0001114987018365429	0.00019114063171978782	0.00015928385976648985	3.185677195329797e-05	6.371354390659594e-05	0.00019114063171978782	9.557031585989391e-05	0.00014335547378984087	0.00025485417562638377	0.00025485417562638377	0.00015928385976648985	4.7785157929946956e-05	0.00012742708781319188	0.0002229974036730858	0.00028671094757968174	0.00012742708781319188	0.00017521224574313884
_scratch_st-cdeboer-1_asfar_VLPs_results_crispresso_aggregated_spacer_ABE8e-SpRY_rep2_.staging_CRISPRessoPooled_on_ABE8e-SpRY_D0_rep2_CRISPResso_on_PDCD1	All_modifications	0.00012742708781319188	0.00015928385976648985	0.00017521224574313884	0.0001114987018365429	0.00019114063171978782	0.00015928385976648985	3.185677195329797e-05	6.371354390659594e-05	0.00019114063171978782	9.557031585989391e-05	0.00015928385976648985	0.00025485417562638377	0.00025485417562638377	0.00015928385976648985	4.7785157929946956e-05	0.00012742708781319188	0.0002229974036730858	0.0003026393335563307	0.00012742708781319188	0.00017521224574313884
_scratch_st-cdeboer-1_asfar_VLPs_results_crispresso_aggregated_spacer_ABE8e-SpRY_rep2_.staging_CRISPRessoPooled_on_ABE8e-SpRY_D1_rep2_CRISPResso_on_PDCD1	Insertions	1.780817038857428e-05	1.780817038857428e-05	0.0	0.0	0.0	0.0	0.0	0.0	0.0	0.0	0.0	0.0	0.0	0.0	0.0	0.0	0.0	0.0	0.0	0.0
_scratch_st-cdeboer-1_asfar_VLPs_results_crispresso_aggregated_spacer_ABE8e-SpRY_rep2_.staging_CRISPRessoPooled_on_ABE8e-SpRY_D1_rep2_CRISPResso_on_PDCD1	Insertions_Left	1.780817038857428e-05	0.0	0.0	0.0	0.0	0.0	0.0	0.0	0.0	0.0	0.0	0.0	0.0	0.0	0.0	0.0	0.0	0.0	0.0	0.0
_scratch_st-cdeboer-1_asfar_VLPs_results_crispresso_aggregated_spacer_ABE8e-SpRY_rep2_.staging_CRISPRessoPooled_on_ABE8e-SpRY_D1_rep2_CRISPResso_on_PDCD1	Deletions	1.780817038857428e-05	1.780817038857428e-05	1.780817038857428e-05	0.0	0.0	0.0	0.0	0.0	0.0	0.0	5.3424511165722836e-05	0.0	0.0	0.0	0.0	3.561634077714856e-05	0.0	0.0	0.0	0.0
_scratch_st-cdeboer-1_asfar_VLPs_results_crispresso_aggregated_spacer_ABE8e-SpRY_rep2_.staging_CRISPRessoPooled_on_ABE8e-SpRY_D1_rep2_CRISPResso_on_PDCD1	Substitutions	0.0001780817038857428	0.0002493143854400399	7.123268155429712e-05	0.00037397157816005983	0.00012465719272001995	0.00010684902233144567	8.90408519428714e-05	0.00021369804466289135	0.0001780817038857428	0.00012465719272001995	0.0001602735334971685	0.0003027388966057627	0.0001780817038857428	0.0002493143854400399	5.3424511165722836e-05	0.00012465719272001995	0.00010684902233144567	0.0003027388966057627	8.90408519428714e-05	0.00010684902233144567
_scratch_st-cdeboer-1_asfar_VLPs_results_crispresso_aggregated_spacer_ABE8e-SpRY_rep2_.staging_CRISPRessoPooled_on_ABE8e-SpRY_D1_rep2_CRISPResso_on_PDCD1	All_modifications	0.00021369804466289135	0.00028493072621718846	8.90408519428714e-05	0.00037397157816005983	0.00012465719272001995	0.00010684902233144567	8.90408519428714e-05	0.00021369804466289135	0.0001780817038857428	0.00012465719272001995	0.00021369804466289135	0.0003027388966057627	0.0001780817038857428	0.0002493143854400399	5.3424511165722836e-05	0.0001602735334971685	0.00010684902233144567	0.0003027388966057627	8.90408519428714e-05	0.00010684902233144567
_scratch_st-cdeboer-1_asfar_VLPs_results_crispresso_aggregated_spacer_ABE8e-SpRY_rep2_.staging_CRISPRessoPooled_on_ABE8e-SpRY_D2_rep2_CRISPResso_on_PDCD1	Insertions	1.1218182430082678e-05	1.1218182430082678e-05	0.0	0.0	0.0	0.0	0.0	0.0	0.0	0.0	0.0	0.0	0.0	0.0	0.0	0.0	0.0	0.0	0.0	0.0
_scratch_st-cdeboer-1_asfar_VLPs_results_crispresso_aggregated_spacer_ABE8e-SpRY_rep2_.staging_CRISPRessoPooled_on_ABE8e-SpRY_D2_rep2_CRISPResso_on_PDCD1	Insertions_Left	1.1218182430082678e-05	0.0	0.0	0.0	0.0	0.0	0.0	0.0	0.0	0.0	0.0	0.0	0.0	0.0	0.0	0.0	0.0	0.0	0.0	0.0
_scratch_st-cdeboer-1_asfar_VLPs_results_crispresso_aggregated_spacer_ABE8e-SpRY_rep2_.staging_CRISPRessoPooled_on_ABE8e-SpRY_D2_rep2_CRISPResso_on_PDCD1	Deletions	0.0	0.0	0.0	0.0	0.0	0.0	0.0	1.1218182430082678e-05	1.1218182430082678e-05	0.0	1.1218182430082678e-05	0.0	0.0	0.0	0.0	0.0	0.0	0.0	0.0	0.0
_scratch_st-cdeboer-1_asfar_VLPs_results_crispresso_aggregated_spacer_ABE8e-SpRY_rep2_.staging_CRISPRessoPooled_on_ABE8e-SpRY_D2_rep2_CRISPResso_on_PDCD1	Substitutions	0.00016827273645124018	0.0005272545742138859	6.730909458049607e-05	8.974545944066142e-05	0.0002131454661715709	0.0018958728306839726	8.974545944066142e-05	0.0001009636418707441	0.00023558183103173624	0.0009984182362773584	0.000347763655332563	0.00016827273645124018	0.00022436364860165355	0.0002131454661715709	3.365454729024803e-05	0.00014583637159107482	0.0001570545540211575	0.00026923637832198426	0.0001570545540211575	4.487272972033071e-05
_scratch_st-cdeboer-1_asfar_VLPs_results_crispresso_aggregated_spacer_ABE8e-SpRY_rep2_.staging_CRISPRessoPooled_on_ABE8e-SpRY_D2_rep2_CRISPResso_on_PDCD1	All_modifications	0.00017949091888132284	0.0005384727566439685	6.730909458049607e-05	8.974545944066142e-05	0.0002131454661715709	0.0018958728306839726	8.974545944066142e-05	0.00011218182430082678	0.00024680001346181894	0.0009984182362773584	0.0003589818377626457	0.00016827273645124018	0.00022436364860165355	0.0002131454661715709	3.365454729024803e-05	0.00014583637159107482	0.0001570545540211575	0.00026923637832198426	0.0001570545540211575	4.487272972033071e-05
_scratch_st-cdeboer-1_asfar_VLPs_results_crispresso_aggregated_spacer_ABE8e-SpRY_rep2_.staging_CRISPRessoPooled_on_ABE8e-SpRY_D3_rep2_CRISPResso_on_PDCD1	Insertions	1.5574140696787056e-05	1.5574140696787056e-05	0.0	0.0	0.0	0.0	0.0	0.0	0.0	0.0	0.0	0.0	0.0	0.0	0.0	0.0	0.0	0.0	0.0	0.0
_scratch_st-cdeboer-1_asfar_VLPs_results_crispresso_aggregated_spacer_ABE8e-SpRY_rep2_.staging_CRISPRessoPooled_on_ABE8e-SpRY_D3_rep2_CRISPResso_on_PDCD1	Insertions_Left	1.5574140696787056e-05	0.0	0.0	0.0	0.0	0.0	0.0	0.0	0.0	0.0	0.0	0.0	0.0	0.0	0.0	0.0	0.0	0.0	0.0	0.0
_scratch_st-cdeboer-1_asfar_VLPs_results_crispresso_aggregated_spacer_ABE8e-SpRY_rep2_.staging_CRISPRessoPooled_on_ABE8e-SpRY_D3_rep2_CRISPResso_on_PDCD1	Deletions	1.5574140696787056e-05	0.0	0.0	0.0	1.5574140696787056e-05	0.0	0.0	0.0	0.0	0.0	4.672242209036116e-05	0.0	0.0	3.114828139357411e-05	0.0	0.0	0.0	0.0	0.0	1.5574140696787056e-05
_scratch_st-cdeboer-1_asfar_VLPs_results_crispresso_aggregated_spacer_ABE8e-SpRY_rep2_.staging_CRISPRessoPooled_on_ABE8e-SpRY_D3_rep2_CRISPResso_on_PDCD1	Substitutions	9.344484418072232e-05	0.00026476039184537993	9.344484418072232e-05	7.787070348393527e-05	0.00012459312557429645	0.0006852621906586304	6.229656278714822e-05	7.787070348393527e-05	9.344484418072232e-05	0.0003893535174196764	0.00014016726627108349	0.00021803796975501877	0.0002336121104518058	0.00012459312557429645	9.344484418072232e-05	0.00018688968836144465	0.0002024638290582317	0.00015574140696787055	9.344484418072232e-05	0.0002491862511485929
_scratch_st-cdeboer-1_asfar_VLPs_results_crispresso_aggregated_spacer_ABE8e-SpRY_rep2_.staging_CRISPRessoPooled_on_ABE8e-SpRY_D3_rep2_CRISPResso_on_PDCD1	All_modifications	0.00012459312557429645	0.00028033453254216697	9.344484418072232e-05	7.787070348393527e-05	0.00014016726627108349	0.0006852621906586304	6.229656278714822e-05	7.787070348393527e-05	9.344484418072232e-05	0.0003893535174196764	0.00018688968836144465	0.00021803796975501877	0.0002336121104518058	0.00015574140696787055	9.344484418072232e-05	0.00018688968836144465	0.0002024638290582317	0.00015574140696787055	9.344484418072232e-05	0.00026476039184537993
_scratch_st-cdeboer-1_asfar_VLPs_results_crispresso_aggregated_spacer_ABE8e-SpRY_rep2_.staging_CRISPRessoPooled_on_ABE8e-SpRY_D4_rep2_CRISPResso_on_PDCD1	Insertions	1.2436109487507928e-05	1.2436109487507928e-05	0.0	1.2436109487507928e-05	1.2436109487507928e-05	0.0	0.0	0.0	0.0	0.0	0.0	0.0	0.0	0.0	0.0	0.0	0.0	0.0	0.0	0.0
_scratch_st-cdeboer-1_asfar_VLPs_results_crispresso_aggregated_spacer_ABE8e-SpRY_rep2_.staging_CRISPRessoPooled_on_ABE8e-SpRY_D4_rep2_CRISPResso_on_PDCD1	Insertions_Left	1.2436109487507928e-05	0.0	0.0	1.2436109487507928e-05	0.0	0.0	0.0	0.0	0.0	0.0	0.0	0.0	0.0	0.0	0.0	0.0	0.0	0.0	0.0	0.0
_scratch_st-cdeboer-1_asfar_VLPs_results_crispresso_aggregated_spacer_ABE8e-SpRY_rep2_.staging_CRISPRessoPooled_on_ABE8e-SpRY_D4_rep2_CRISPResso_on_PDCD1	Deletions	4.974443795003171e-05	0.0	0.0	1.2436109487507928e-05	0.0	6.218054743753964e-05	6.218054743753964e-05	6.218054743753964e-05	6.218054743753964e-05	6.218054743753964e-05	0.00016166942333760306	6.218054743753964e-05	6.218054743753964e-05	8.70527664125555e-05	6.218054743753964e-05	8.70527664125555e-05	6.218054743753964e-05	6.218054743753964e-05	6.218054743753964e-05	6.218054743753964e-05
_scratch_st-cdeboer-1_asfar_VLPs_results_crispresso_aggregated_spacer_ABE8e-SpRY_rep2_.staging_CRISPRessoPooled_on_ABE8e-SpRY_D4_rep2_CRISPResso_on_PDCD1	Substitutions	6.218054743753964e-05	0.0015047692479884594	9.948887590006342e-05	0.0002238499707751427	0.00023628608026265063	0.017907997662011416	0.00011192498538757135	0.00019897775180012685	0.00016166942333760306	0.0073497407071171856	0.0006466776933504123	0.00019897775180012685	0.00018654164231261892	0.0002735944087251744	8.70527664125555e-05	0.00012436109487507928	0.00012436109487507928	0.000348211065650222	0.00011192498538757135	7.461665692504757e-05
_scratch_st-cdeboer-1_asfar_VLPs_results_crispresso_aggregated_spacer_ABE8e-SpRY_rep2_.staging_CRISPRessoPooled_on_ABE8e-SpRY_D4_rep2_CRISPResso_on_PDCD1	All_modifications	0.00012436109487507928	0.0015172053574759672	9.948887590006342e-05	0.00024872218975015856	0.00024872218975015856	0.017970178209448955	0.000174105532825111	0.0002611582992376665	0.0002238499707751427	0.0074119212545547255	0.0008083471166880153	0.0002611582992376665	0.00024872218975015856	0.0003606471751377299	0.00014923331385009514	0.00021141386128763478	0.00018654164231261892	0.0004103916130877616	0.000174105532825111	0.0001367972043625872
_scratch_st-cdeboer-1_asfar_VLPs_results_crispresso_aggregated_spacer_ABE8e-SpRY_rep2_.staging_CRISPRessoPooled_on_ABE8e-SpRY_D5_rep2_CRISPResso_on_PDCD1	Insertions	0.0	0.0	0.0	0.0	0.0	0.0	0.0	0.0	0.0	1.432480052715266e-05	1.432480052715266e-05	0.0	0.0	0.0	0.0	0.0	0.0	0.0	0.0	0.0
_scratch_st-cdeboer-1_asfar_VLPs_results_crispresso_aggregated_spacer_ABE8e-SpRY_rep2_.staging_CRISPRessoPooled_on_ABE8e-SpRY_D5_rep2_CRISPResso_on_PDCD1	Insertions_Left	0.0	0.0	0.0	0.0	0.0	0.0	0.0	0.0	0.0	1.432480052715266e-05	0.0	0.0	0.0	0.0	0.0	0.0	0.0	0.0	0.0	0.0
_scratch_st-cdeboer-1_asfar_VLPs_results_crispresso_aggregated_spacer_ABE8e-SpRY_rep2_.staging_CRISPRessoPooled_on_ABE8e-SpRY_D5_rep2_CRISPResso_on_PDCD1	Deletions	5.729920210861064e-05	1.432480052715266e-05	1.432480052715266e-05	1.432480052715266e-05	2.864960105430532e-05	1.432480052715266e-05	1.432480052715266e-05	1.432480052715266e-05	1.432480052715266e-05	1.432480052715266e-05	0.00010027360369006862	1.432480052715266e-05	1.432480052715266e-05	1.432480052715266e-05	1.432480052715266e-05	1.432480052715266e-05	1.432480052715266e-05	1.432480052715266e-05	1.432480052715266e-05	2.864960105430532e-05
_scratch_st-cdeboer-1_asfar_VLPs_results_crispresso_aggregated_spacer_ABE8e-SpRY_rep2_.staging_CRISPRessoPooled_on_ABE8e-SpRY_D5_rep2_CRISPResso_on_PDCD1	Substitutions	8.594880316291596e-05	0.00226331848329012	0.00011459840421722128	0.0009454368347920755	0.00015757280579867925	0.012749072469165866	8.594880316291596e-05	0.00021487200790728988	0.00022919680843444255	0.007405921872537925	0.001045710438482144	0.0003151456115973585	0.00022919680843444255	0.00020054720738013724	0.0001432480052715266	0.00012892320474437393	0.00012892320474437393	0.00027217121001590054	5.729920210861064e-05	0.00015757280579867925
_scratch_st-cdeboer-1_asfar_VLPs_results_crispresso_aggregated_spacer_ABE8e-SpRY_rep2_.staging_CRISPRessoPooled_on_ABE8e-SpRY_D5_rep2_CRISPResso_on_PDCD1	All_modifications	0.0001432480052715266	0.002277643283817273	0.00012892320474437393	0.0009597616353192282	0.00018622240685298456	0.012763397269693019	0.00010027360369006862	0.00022919680843444255	0.00024352160896159522	0.007434571473592231	0.0011603088426993655	0.00032947041212451117	0.00024352160896159522	0.00021487200790728988	0.00015757280579867925	0.0001432480052715266	0.0001432480052715266	0.0002864960105430532	7.16240026357633e-05	0.00018622240685298456
