Folder	Modification	G	G	C	C	C	A	G	A	C	T	G	A	G	C	A	C	G	T	G	A
_scratch_st-cdeboer-1_asfar_VLPs_results_crispresso_aggregated_spacer_ABE8e_rep3_.staging_CRISPRessoPooled_on_ABE8e_D0_rep3_CRISPResso_on_HEK3	Insertions	0.0	0.0	0.0	0.0	0.0	0.0	0.0	0.0	0.0	0.0	0.0	0.0	0.0	0.0	0.0	0.0	0.0	0.0	0.0	0.0
_scratch_st-cdeboer-1_asfar_VLPs_results_crispresso_aggregated_spacer_ABE8e_rep3_.staging_CRISPRessoPooled_on_ABE8e_D0_rep3_CRISPResso_on_HEK3	Insertions_Left	0.0	0.0	0.0	0.0	0.0	0.0	0.0	0.0	0.0	0.0	0.0	0.0	0.0	0.0	0.0	0.0	0.0	0.0	0.0	0.0
_scratch_st-cdeboer-1_asfar_VLPs_results_crispresso_aggregated_spacer_ABE8e_rep3_.staging_CRISPRessoPooled_on_ABE8e_D0_rep3_CRISPResso_on_HEK3	Deletions	1.2058944118852954e-05	8.441260883197067e-05	0.0	0.0	4.8235776475411815e-05	0.0	0.0	0.0	0.0	0.0	0.0	0.0	0.0	0.0	0.0	0.0	0.0	0.0	0.0	0.0
_scratch_st-cdeboer-1_asfar_VLPs_results_crispresso_aggregated_spacer_ABE8e_rep3_.staging_CRISPRessoPooled_on_ABE8e_D0_rep3_CRISPResso_on_HEK3	Substitutions	0.00024117888237705907	0.00034970937944673566	9.647155295082363e-05	7.235366471311772e-05	0.00016882521766394134	0.0003014736029713238	0.00025323782649591204	0.0003135325470901768	6.029472059426477e-05	0.00014470732942623544	0.0001567662735450884	0.0002894146588524709	0.00010853049706967658	0.00014470732942623544	9.647155295082363e-05	7.235366471311772e-05	0.00032559149120902974	0.00024117888237705907	0.00019294310590164726	0.0001808841617827943
_scratch_st-cdeboer-1_asfar_VLPs_results_crispresso_aggregated_spacer_ABE8e_rep3_.staging_CRISPRessoPooled_on_ABE8e_D0_rep3_CRISPResso_on_HEK3	All_modifications	0.00025323782649591204	0.0004341219882787063	9.647155295082363e-05	7.235366471311772e-05	0.00021706099413935315	0.0003014736029713238	0.00025323782649591204	0.0003135325470901768	6.029472059426477e-05	0.00014470732942623544	0.0001567662735450884	0.0002894146588524709	0.00010853049706967658	0.00014470732942623544	9.647155295082363e-05	7.235366471311772e-05	0.00032559149120902974	0.00024117888237705907	0.00019294310590164726	0.0001808841617827943
_scratch_st-cdeboer-1_asfar_VLPs_results_crispresso_aggregated_spacer_ABE8e_rep3_.staging_CRISPRessoPooled_on_ABE8e_D1_rep3_CRISPResso_on_HEK3	Insertions	4.451368795904741e-05	8.902737591809482e-05	6.677053193857111e-05	0.0	6.677053193857111e-05	6.677053193857111e-05	0.00015579790785666593	0.00037836634765190297	0.0008457600712219008	0.0034275539728466503	0.002804362341419987	0.0	0.0	0.0	0.0	0.0	0.00015579790785666593	0.00015579790785666593	0.0	0.0
_scratch_st-cdeboer-1_asfar_VLPs_results_crispresso_aggregated_spacer_ABE8e_rep3_.staging_CRISPRessoPooled_on_ABE8e_D1_rep3_CRISPResso_on_HEK3	Insertions_Left	2.2256843979523704e-05	6.677053193857111e-05	0.0	0.0	6.677053193857111e-05	0.0	0.00015579790785666593	0.00022256843979523704	0.0006231916314266637	0.002804362341419987	0.0	0.0	0.0	0.0	0.0	0.0	0.00015579790785666593	0.0	0.0	0.0
_scratch_st-cdeboer-1_asfar_VLPs_results_crispresso_aggregated_spacer_ABE8e_rep3_.staging_CRISPRessoPooled_on_ABE8e_D1_rep3_CRISPResso_on_HEK3	Deletions	0.0004451368795904741	0.001268640106832851	0.0005564210994880925	0.0012463832628533274	0.0014466948586690407	0.0016692632984642779	0.0013354106387714222	0.0024259959937680837	0.0018918317382595148	0.0010460716670376141	0.0010460716670376141	0.000979301135099043	0.0006231916314266637	0.0004896505675495215	0.00020031159581571334	0.00017805475183618963	0.00013354106387714222	6.677053193857111e-05	4.451368795904741e-05	2.2256843979523704e-05
_scratch_st-cdeboer-1_asfar_VLPs_results_crispresso_aggregated_spacer_ABE8e_rep3_.staging_CRISPRessoPooled_on_ABE8e_D1_rep3_CRISPResso_on_HEK3	Substitutions	0.00013354106387714222	0.00011128421989761852	0.001135099042955709	0.011039394613843756	0.014734030714444691	0.9277765412864456	0.00024482528377476074	0.8409525929223236	0.0007122190073447585	0.00017805475183618963	0.00011128421989761852	0.002270198085911418	0.00013354106387714222	0.00015579790785666593	0.001112842198976185	0.00013354106387714222	0.00020031159581571334	0.00015579790785666593	0.00022256843979523704	0.00020031159581571334
_scratch_st-cdeboer-1_asfar_VLPs_results_crispresso_aggregated_spacer_ABE8e_rep3_.staging_CRISPRessoPooled_on_ABE8e_D1_rep3_CRISPResso_on_HEK3	All_modifications	0.0006231916314266637	0.0014689517026485644	0.0017582906743823727	0.012285777876697084	0.016247496105052304	0.9295125751168485	0.0017360338304028488	0.8437569552637436	0.003449810816826174	0.004651680391720454	0.00396171822835522	0.0032494992210104607	0.0007567326953038059	0.0006454484754061874	0.0013131537947918986	0.00031159581571333186	0.0004896505675495215	0.00037836634765190297	0.00026708212775428445	0.00022256843979523704
_scratch_st-cdeboer-1_asfar_VLPs_results_crispresso_aggregated_spacer_ABE8e_rep3_.staging_CRISPRessoPooled_on_ABE8e_D2_rep3_CRISPResso_on_HEK3	Insertions	0.0	7.987645774535385e-05	8.520155492837745e-05	1.065019436604718e-05	5.32509718302359e-06	0.00013845252675861335	0.00020235369295489643	0.00040470738590979286	0.00040470738590979286	0.0045529580914851694	0.004489056925288886	0.0	0.0	0.0	0.0	0.0	6.922626337930668e-05	6.922626337930668e-05	0.0	0.0
_scratch_st-cdeboer-1_asfar_VLPs_results_crispresso_aggregated_spacer_ABE8e_rep3_.staging_CRISPRessoPooled_on_ABE8e_D2_rep3_CRISPResso_on_HEK3	Insertions_Left	0.0	7.987645774535385e-05	5.32509718302359e-06	5.32509718302359e-06	0.0	0.00013845252675861335	6.390116619628308e-05	0.0003408062197135098	6.390116619628308e-05	0.004489056925288886	0.0	0.0	0.0	0.0	0.0	0.0	6.922626337930668e-05	0.0	0.0	0.0
_scratch_st-cdeboer-1_asfar_VLPs_results_crispresso_aggregated_spacer_ABE8e_rep3_.staging_CRISPRessoPooled_on_ABE8e_D2_rep3_CRISPResso_on_HEK3	Deletions	0.0005964108844986421	0.0014484264337824165	0.0007295383140742319	0.0013898503647691571	0.0015922040577240535	0.001741306778848714	0.0016987060013845252	0.0029288034506629746	0.0020501624154640823	0.0013152990042068268	0.0015815538633580063	0.0013845252675861335	0.0012247723520954258	0.001011768464774482	0.0009957931732254115	0.0009425422013951755	0.0006017359816816657	0.00040470738590979286	0.00040470738590979286	0.00028755524788327385
_scratch_st-cdeboer-1_asfar_VLPs_results_crispresso_aggregated_spacer_ABE8e_rep3_.staging_CRISPRessoPooled_on_ABE8e_D2_rep3_CRISPResso_on_HEK3	Substitutions	0.0003301560253474626	0.0002236540816869908	0.0011129453112519304	0.012955961446296394	0.018536663294105117	0.9630278502582672	0.0002556046647851323	0.9035465147238937	0.0002130038873209436	0.00028755524788327385	0.0001597529154907077	0.0019436604718036103	0.00010117684647744822	0.0002236540816869908	0.0008520155492837744	0.00019170349858884923	0.0003354811225304862	0.0001650780126737313	0.00018637840140582566	0.00024495447041908517
_scratch_st-cdeboer-1_asfar_VLPs_results_crispresso_aggregated_spacer_ABE8e_rep3_.staging_CRISPRessoPooled_on_ABE8e_D2_rep3_CRISPResso_on_HEK3	All_modifications	0.0009265669098461047	0.0017519569732147612	0.0019276851802545395	0.014356462005431598	0.020134192449012194	0.9649076095638746	0.002156664359124554	0.9068800255604664	0.0026678736886948185	0.00615581234357527	0.006230363704137601	0.003328185739389744	0.001325949198572874	0.001235422546461473	0.0018478087225091858	0.0011342456999840246	0.0010064433675914585	0.0006390116619628308	0.0005910857873156185	0.000532509718302359
_scratch_st-cdeboer-1_asfar_VLPs_results_crispresso_aggregated_spacer_ABE8e_rep3_.staging_CRISPRessoPooled_on_ABE8e_D3_rep3_CRISPResso_on_HEK3	Insertions	0.0	0.00028553823958161133	0.00028553823958161133	1.5028328399032176e-05	1.5028328399032176e-05	3.0056656798064352e-05	0.00010519829879322523	0.00048090650876902964	0.0006913031063554801	0.004388271892517395	0.004102733652935784	0.0	0.0	0.0	0.0	0.0	4.508498519709653e-05	4.508498519709653e-05	0.0	0.0
_scratch_st-cdeboer-1_asfar_VLPs_results_crispresso_aggregated_spacer_ABE8e_rep3_.staging_CRISPRessoPooled_on_ABE8e_D3_rep3_CRISPResso_on_HEK3	Insertions_Left	0.0	0.00028553823958161133	0.0	1.5028328399032176e-05	0.0	3.0056656798064352e-05	7.514164199516088e-05	0.00040576486677386874	0.00028553823958161133	0.004102733652935784	0.0	0.0	0.0	0.0	0.0	0.0	4.508498519709653e-05	0.0	0.0	0.0
_scratch_st-cdeboer-1_asfar_VLPs_results_crispresso_aggregated_spacer_ABE8e_rep3_.staging_CRISPRessoPooled_on_ABE8e_D3_rep3_CRISPResso_on_HEK3	Deletions	0.00046587818036999745	0.0014878045115041855	0.0005410198223651583	0.0009467846891390271	0.0010820396447303166	0.0012172946003216063	0.001292436242316767	0.0024496175290422448	0.0013224928991148314	0.0009016997039419305	0.0010369546595332202	0.0010068980027351558	0.0008115297335477375	0.0007814730767496731	0.0006612464495574157	0.00043582152357193307	0.00039073653837483655	0.00040576486677386874	0.00039073653837483655	0.00027050991118257914
_scratch_st-cdeboer-1_asfar_VLPs_results_crispresso_aggregated_spacer_ABE8e_rep3_.staging_CRISPRessoPooled_on_ABE8e_D3_rep3_CRISPResso_on_HEK3	Substitutions	0.00045084985197096526	0.00043582152357193307	0.001442719526307089	0.014938158428637983	0.019025863753174735	0.9814400144271953	0.00016531161238935392	0.9448009497903548	0.00027050991118257914	0.00019536826918741828	0.00019536826918741828	0.0017132294374896681	0.00018033994078838611	9.016997039419306e-05	0.0016681444522925715	0.00018033994078838611	0.00027050991118257914	0.00021039659758645047	0.00019536826918741828	0.00013525495559128957
_scratch_st-cdeboer-1_asfar_VLPs_results_crispresso_aggregated_spacer_ABE8e_rep3_.staging_CRISPRessoPooled_on_ABE8e_D3_rep3_CRISPResso_on_HEK3	All_modifications	0.0009167280323409627	0.0022091642746577297	0.0022692775882538585	0.015899971446176043	0.020122931726304083	0.9826873656843149	0.0015629461534993462	0.9477314738281661	0.0022843059166528907	0.005485339865646744	0.005335056581656422	0.0027201274402248237	0.0009918696743361237	0.0008716430471438661	0.0023293909018499872	0.0006161614643603192	0.0007063314347545123	0.0006612464495574157	0.0005861048075622549	0.00040576486677386874
_scratch_st-cdeboer-1_asfar_VLPs_results_crispresso_aggregated_spacer_ABE8e_rep3_.staging_CRISPRessoPooled_on_ABE8e_D4_rep3_CRISPResso_on_HEK3	Insertions	7.584951456310679e-05	0.00012641585760517798	5.05663430420712e-05	7.584951456310679e-05	7.584951456310679e-05	5.05663430420712e-05	0.00012641585760517798	0.0002781148867313916	0.0005562297734627832	0.0052588996763754045	0.004904935275080906	0.0	2.52831715210356e-05	2.52831715210356e-05	0.0	0.0	0.0	0.0	0.0	0.0
_scratch_st-cdeboer-1_asfar_VLPs_results_crispresso_aggregated_spacer_ABE8e_rep3_.staging_CRISPRessoPooled_on_ABE8e_D4_rep3_CRISPResso_on_HEK3	Insertions_Left	7.584951456310679e-05	5.05663430420712e-05	0.0	7.584951456310679e-05	0.0	5.05663430420712e-05	7.584951456310679e-05	0.0002022653721682848	0.0003539644012944984	0.004904935275080906	0.0	0.0	2.52831715210356e-05	0.0	0.0	0.0	0.0	0.0	0.0	0.0
_scratch_st-cdeboer-1_asfar_VLPs_results_crispresso_aggregated_spacer_ABE8e_rep3_.staging_CRISPRessoPooled_on_ABE8e_D4_rep3_CRISPResso_on_HEK3	Deletions	0.0005056634304207119	0.0012641585760517799	0.0006320792880258899	0.0011883090614886731	0.0013652912621359224	0.0014664239482200647	0.0017445388349514564	0.0028317152103559872	0.0017951051779935274	0.0014411407766990291	0.001643406148867314	0.0014158576051779936	0.0011630258899676376	0.0010366100323624596	0.0008090614886731392	0.000379247572815534	0.0002275485436893204	0.0004045307443365696	0.000379247572815534	0.0001011326860841424
_scratch_st-cdeboer-1_asfar_VLPs_results_crispresso_aggregated_spacer_ABE8e_rep3_.staging_CRISPRessoPooled_on_ABE8e_D4_rep3_CRISPResso_on_HEK3	Substitutions	7.584951456310679e-05	0.0006573624595469256	0.001769822006472492	0.015675566343042072	0.019543891585760517	0.9909991909385113	0.0001011326860841424	0.972264360841424	0.0006573624595469256	0.0003286812297734628	0.00015169902912621358	0.00189623786407767	0.00015169902912621358	0.00015169902912621358	0.0012135922330097086	0.0001769822006472492	0.00012641585760517798	0.00012641585760517798	0.00025283171521035597	0.0002022653721682848
_scratch_st-cdeboer-1_asfar_VLPs_results_crispresso_aggregated_spacer_ABE8e_rep3_.staging_CRISPRessoPooled_on_ABE8e_D4_rep3_CRISPResso_on_HEK3	All_modifications	0.0006573624595469256	0.0020479368932038835	0.002452467637540453	0.016939724919093853	0.020985032362459546	0.9925161812297735	0.0019720873786407767	0.9753741909385113	0.003008697411003236	0.007028721682847896	0.006700040453074434	0.0033120954692556635	0.0013400080906148866	0.0012135922330097086	0.0020226537216828477	0.0005562297734627832	0.0003539644012944984	0.0005309466019417476	0.0006320792880258899	0.00030339805825242716
_scratch_st-cdeboer-1_asfar_VLPs_results_crispresso_aggregated_spacer_ABE8e_rep3_.staging_CRISPRessoPooled_on_ABE8e_D5_rep3_CRISPResso_on_HEK3	Insertions	0.0	0.00015369954812332852	0.00015369954812332852	3.07399096246657e-05	3.07399096246657e-05	0.0	0.0001229596384986628	0.0007377578309919769	0.0009221972887399711	0.004303587347453198	0.003996188251206541	0.0	0.0	6.14798192493314e-05	6.14798192493314e-05	0.0	0.0	0.0	0.0	0.0
_scratch_st-cdeboer-1_asfar_VLPs_results_crispresso_aggregated_spacer_ABE8e_rep3_.staging_CRISPRessoPooled_on_ABE8e_D5_rep3_CRISPResso_on_HEK3	Insertions_Left	0.0	0.00015369954812332852	0.0	3.07399096246657e-05	0.0	0.0	0.0001229596384986628	0.0006147981924933141	0.00030739909624665705	0.003996188251206541	0.0	0.0	0.0	6.14798192493314e-05	0.0	0.0	0.0	0.0	0.0	0.0
_scratch_st-cdeboer-1_asfar_VLPs_results_crispresso_aggregated_spacer_ABE8e_rep3_.staging_CRISPRessoPooled_on_ABE8e_D5_rep3_CRISPResso_on_HEK3	Deletions	0.0006147981924933141	0.002305493221849928	0.0007070179213673112	0.001352556023485291	0.0015062555716086196	0.001659955119731948	0.0016906950293566138	0.0031662106913405673	0.0014755156619839537	0.0009529371983646368	0.000829977559865974	0.000829977559865974	0.0007684977406166426	0.0006455381021179797	0.0005840582828686484	0.0003688789154959884	0.00030739909624665705	0.0002766591866219913	0.00021517936737265993	0.0001844394577479942
_scratch_st-cdeboer-1_asfar_VLPs_results_crispresso_aggregated_spacer_ABE8e_rep3_.staging_CRISPRessoPooled_on_ABE8e_D5_rep3_CRISPResso_on_HEK3	Substitutions	0.00021517936737265993	0.00043035873474531986	0.001659955119731948	0.01266484276536227	0.019427622882788726	0.990071009191233	0.0002459192769973256	0.9554271310442347	6.14798192493314e-05	0.00030739909624665705	0.0001229596384986628	0.0025514124988472533	0.0001229596384986628	9.22197288739971e-05	0.0018443945774799422	0.00015369954812332852	0.00021517936737265993	0.0002459192769973256	0.0001844394577479942	0.0002766591866219913
_scratch_st-cdeboer-1_asfar_VLPs_results_crispresso_aggregated_spacer_ABE8e_rep3_.staging_CRISPRessoPooled_on_ABE8e_D5_rep3_CRISPResso_on_HEK3	All_modifications	0.000829977559865974	0.002889551504718576	0.0025206725892225877	0.014048138698472226	0.02096461836402201	0.991730964310965	0.0020595739448526023	0.9593310995665673	0.0024591927699732564	0.005563923642064492	0.004949125449571178	0.0033813900587132276	0.0008914573791153054	0.0007992376502413083	0.002489932679597922	0.000522578463619317	0.000522578463619317	0.000522578463619317	0.00039961882512065417	0.00046109864436998555
