Folder	Modification	G	G	A	G	G	C	T	A	T	C	C	A	G	C	G	T	G	A	G	T
_scratch_st-cdeboer-1_asfar_VLPs_results_crispresso_aggregated_spacer_ABE8e_rep3_.staging_CRISPRessoPooled_on_ABE8e_D0_rep3_CRISPResso_on_B2M	Insertions	0.0	0.0	0.0	0.0	0.0	0.0	0.0	0.0	0.0	0.0	0.0	0.0	0.0	0.0	0.0	0.0	0.0	0.0	0.0	0.0
_scratch_st-cdeboer-1_asfar_VLPs_results_crispresso_aggregated_spacer_ABE8e_rep3_.staging_CRISPRessoPooled_on_ABE8e_D0_rep3_CRISPResso_on_B2M	Insertions_Left	0.0	0.0	0.0	0.0	0.0	0.0	0.0	0.0	0.0	0.0	0.0	0.0	0.0	0.0	0.0	0.0	0.0	0.0	0.0	0.0
_scratch_st-cdeboer-1_asfar_VLPs_results_crispresso_aggregated_spacer_ABE8e_rep3_.staging_CRISPRessoPooled_on_ABE8e_D0_rep3_CRISPResso_on_B2M	Deletions	2.532479043735913e-05	7.597437131207739e-05	2.532479043735913e-05	2.532479043735913e-05	3.798718565603869e-05	2.532479043735913e-05	2.532479043735913e-05	2.532479043735913e-05	2.532479043735913e-05	2.532479043735913e-05	3.798718565603869e-05	3.798718565603869e-05	3.798718565603869e-05	3.798718565603869e-05	3.798718565603869e-05	3.798718565603869e-05	5.064958087471826e-05	2.532479043735913e-05	2.532479043735913e-05	2.532479043735913e-05
_scratch_st-cdeboer-1_asfar_VLPs_results_crispresso_aggregated_spacer_ABE8e_rep3_.staging_CRISPRessoPooled_on_ABE8e_D0_rep3_CRISPResso_on_B2M	Substitutions	0.0004685086230911439	0.0005951325752779396	0.00029123509002963	0.00031655988046698914	0.00026591029959227087	0.0001139615569681161	0.00015194874262415477	0.0001139615569681161	0.0003292222756856687	0.00013928634740547523	0.00012662395218679566	0.00021526071871755262	0.00015194874262415477	0.00012662395218679566	0.00015194874262415477	0.0003672094613417074	0.0003672094613417074	0.00027857269481095046	0.00016461113784283434	0.00031655988046698914
_scratch_st-cdeboer-1_asfar_VLPs_results_crispresso_aggregated_spacer_ABE8e_rep3_.staging_CRISPRessoPooled_on_ABE8e_D0_rep3_CRISPResso_on_B2M	All_modifications	0.000493833413528503	0.000671106946590017	0.00031655988046698914	0.0003418846709043483	0.00030389748524830955	0.00013928634740547523	0.0001772735330615139	0.00013928634740547523	0.0003545470661230278	0.00016461113784283434	0.00016461113784283434	0.0002532479043735913	0.00018993592828019348	0.00016461113784283434	0.00018993592828019348	0.0004051966469977461	0.00041785904221642564	0.00030389748524830955	0.00018993592828019348	0.0003418846709043483
_scratch_st-cdeboer-1_asfar_VLPs_results_crispresso_aggregated_spacer_ABE8e_rep3_.staging_CRISPRessoPooled_on_ABE8e_D1_rep3_CRISPResso_on_B2M	Insertions	0.0	0.0	0.0	0.0	0.0	0.0	0.0	0.0	0.0	0.00048206221139696553	0.00048206221139696553	0.0	0.0	0.0	0.00017760186735677678	0.00017760186735677678	0.0	0.0	0.0	0.0
_scratch_st-cdeboer-1_asfar_VLPs_results_crispresso_aggregated_spacer_ABE8e_rep3_.staging_CRISPRessoPooled_on_ABE8e_D1_rep3_CRISPResso_on_B2M	Insertions_Left	0.0	0.0	0.0	0.0	0.0	0.0	0.0	0.0	0.0	0.00048206221139696553	0.0	0.0	0.0	0.0	0.00017760186735677678	0.0	0.0	0.0	0.0	0.0
_scratch_st-cdeboer-1_asfar_VLPs_results_crispresso_aggregated_spacer_ABE8e_rep3_.staging_CRISPRessoPooled_on_ABE8e_D1_rep3_CRISPResso_on_B2M	Deletions	5.074339067336479e-05	7.611508601004719e-05	5.074339067336479e-05	5.074339067336479e-05	5.074339067336479e-05	5.074339067336479e-05	5.074339067336479e-05	5.074339067336479e-05	5.074339067336479e-05	5.074339067336479e-05	5.074339067336479e-05	7.611508601004719e-05	7.611508601004719e-05	7.611508601004719e-05	7.611508601004719e-05	0.00015223017202009437	0.000126858476683412	5.074339067336479e-05	5.074339067336479e-05	5.074339067336479e-05
_scratch_st-cdeboer-1_asfar_VLPs_results_crispresso_aggregated_spacer_ABE8e_rep3_.staging_CRISPRessoPooled_on_ABE8e_D1_rep3_CRISPResso_on_B2M	Substitutions	0.0005835489927436951	0.0005328056020703304	0.000253716953366824	0.00048206221139696553	0.000253716953366824	0.00010148678134672958	0.0013700715481808495	0.00020297356269345917	0.0027147714010250165	0.00020297356269345917	0.00010148678134672958	0.00020297356269345917	0.00017760186735677678	0.00015223017202009437	0.000126858476683412	0.13129852336733142	0.00017760186735677678	0.000253716953366824	0.0003298320393768712	0.001217841376160755
_scratch_st-cdeboer-1_asfar_VLPs_results_crispresso_aggregated_spacer_ABE8e_rep3_.staging_CRISPRessoPooled_on_ABE8e_D1_rep3_CRISPResso_on_B2M	All_modifications	0.0006342923834170599	0.0006089206880803775	0.00030446034404018875	0.0005328056020703304	0.00030446034404018875	0.00015223017202009437	0.0014208149388542143	0.000253716953366824	0.0027655147916983815	0.0007357791647637895	0.0006342923834170599	0.00027908864870350637	0.000253716953366824	0.00022834525803014157	0.00038057543005023595	0.13162835540670828	0.00030446034404018875	0.00030446034404018875	0.00038057543005023595	0.0012685847668341198
_scratch_st-cdeboer-1_asfar_VLPs_results_crispresso_aggregated_spacer_ABE8e_rep3_.staging_CRISPRessoPooled_on_ABE8e_D2_rep3_CRISPResso_on_B2M	Insertions	0.0	0.0	0.0	0.0	0.0	3.423778139176581e-05	3.423778139176581e-05	1.7118890695882905e-05	1.7118890695882905e-05	0.001095609004536506	0.001095609004536506	0.0	0.0	0.0	0.0006505178464435504	0.0006505178464435504	0.0	0.0	0.0	0.0
_scratch_st-cdeboer-1_asfar_VLPs_results_crispresso_aggregated_spacer_ABE8e_rep3_.staging_CRISPRessoPooled_on_ABE8e_D2_rep3_CRISPResso_on_B2M	Insertions_Left	0.0	0.0	0.0	0.0	0.0	3.423778139176581e-05	0.0	1.7118890695882905e-05	0.0	0.001095609004536506	0.0	0.0	0.0	0.0	0.0006505178464435504	0.0	0.0	0.0	0.0	0.0
_scratch_st-cdeboer-1_asfar_VLPs_results_crispresso_aggregated_spacer_ABE8e_rep3_.staging_CRISPRessoPooled_on_ABE8e_D2_rep3_CRISPResso_on_B2M	Deletions	5.135667208764872e-05	0.00010271334417529744	0.00022254557904647778	0.00020542668835059488	0.00034237781391765814	0.00034237781391765814	0.00044509115809295555	0.00044509115809295555	0.0005991611743559018	0.0006162800650517847	0.000547804502268253	0.0004622100487888385	0.0002567833604382436	0.0002567833604382436	0.0002567833604382436	0.00020542668835059488	6.847556278353162e-05	6.847556278353162e-05	5.135667208764872e-05	1.7118890695882905e-05
_scratch_st-cdeboer-1_asfar_VLPs_results_crispresso_aggregated_spacer_ABE8e_rep3_.staging_CRISPRessoPooled_on_ABE8e_D2_rep3_CRISPResso_on_B2M	Substitutions	0.0005135667208764872	0.0005135667208764872	0.0003252589232217752	0.0008730634254900283	0.00030814003252589234	0.00015407001626294617	0.0026191902764700846	0.00013695112556706324	0.009192844303689121	0.00010271334417529744	0.00022254557904647778	0.00017118890695882907	0.0002910211418300094	0.00018830779765471197	0.0003252589232217752	0.3853633484550201	0.0007532311906188479	0.00030814003252589234	0.00030814003252589234	0.0030300436531712745
_scratch_st-cdeboer-1_asfar_VLPs_results_crispresso_aggregated_spacer_ABE8e_rep3_.staging_CRISPRessoPooled_on_ABE8e_D2_rep3_CRISPResso_on_B2M	All_modifications	0.0005649233929641359	0.0006162800650517847	0.000547804502268253	0.0010784901138406232	0.0006505178464435504	0.0005306856115723701	0.0030985192159548062	0.0005991611743559018	0.009809124368740905	0.001814602413763588	0.0018659590858512369	0.0006333989557476675	0.000547804502268253	0.00044509115809295555	0.0012325601301035694	0.3862192929898143	0.0008217067534023795	0.00037661559530942395	0.000359496704613541	0.0030471625438671574
_scratch_st-cdeboer-1_asfar_VLPs_results_crispresso_aggregated_spacer_ABE8e_rep3_.staging_CRISPRessoPooled_on_ABE8e_D3_rep3_CRISPResso_on_B2M	Insertions	0.0	0.0	0.0	0.0	0.0	0.0	0.0	9.202171712524156e-05	0.00021471733995889695	0.0019631299653384868	0.001840434342504831	3.0673905708413856e-05	3.0673905708413856e-05	0.0	0.0005214563970430355	0.0005214563970430355	6.134781141682771e-05	0.00012269562283365542	6.134781141682771e-05	0.0
_scratch_st-cdeboer-1_asfar_VLPs_results_crispresso_aggregated_spacer_ABE8e_rep3_.staging_CRISPRessoPooled_on_ABE8e_D3_rep3_CRISPResso_on_B2M	Insertions_Left	0.0	0.0	0.0	0.0	0.0	0.0	0.0	9.202171712524156e-05	0.00012269562283365542	0.001840434342504831	0.0	3.0673905708413856e-05	0.0	0.0	0.0005214563970430355	0.0	6.134781141682771e-05	6.134781141682771e-05	0.0	0.0
_scratch_st-cdeboer-1_asfar_VLPs_results_crispresso_aggregated_spacer_ABE8e_rep3_.staging_CRISPRessoPooled_on_ABE8e_D3_rep3_CRISPResso_on_B2M	Deletions	0.00027606515137572465	0.0003067390570841385	0.00036808686850096624	0.00036808686850096624	0.0004907824913346217	0.0004907824913346217	0.0004907824913346217	0.0004907824913346217	0.0004907824913346217	0.0004907824913346217	0.0005521303027514493	0.0003987607742093801	0.0003987607742093801	0.0005521303027514493	0.0004907824913346217	0.00036808686850096624	0.00036808686850096624	0.00027606515137572465	0.00027606515137572465	0.00012269562283365542
_scratch_st-cdeboer-1_asfar_VLPs_results_crispresso_aggregated_spacer_ABE8e_rep3_.staging_CRISPRessoPooled_on_ABE8e_D3_rep3_CRISPResso_on_B2M	Substitutions	0.00036808686850096624	0.0003067390570841385	0.00024539124566731084	0.0005828042084598632	9.202171712524156e-05	9.202171712524156e-05	0.009447562958191467	0.00024539124566731084	0.03073525351983068	0.00024539124566731084	9.202171712524156e-05	0.0003067390570841385	0.0004294346799177939	0.00027606515137572465	0.0007361737370019325	0.9187754976841201	0.0021778473052973834	0.00018404343425048312	0.00015336952854206926	0.009018128278273672
_scratch_st-cdeboer-1_asfar_VLPs_results_crispresso_aggregated_spacer_ABE8e_rep3_.staging_CRISPRessoPooled_on_ABE8e_D3_rep3_CRISPResso_on_B2M	All_modifications	0.0006441520198766909	0.000613478114168277	0.000613478114168277	0.0009508910769608295	0.0005828042084598632	0.0005828042084598632	0.009938345449526088	0.000828195454127174	0.0314407533511242	0.002699303702340419	0.002484586362381522	0.0007361737370019325	0.0008588693598355878	0.000828195454127174	0.0017484126253795897	0.9196650409496642	0.0026072819852151776	0.0005828042084598632	0.0004907824913346217	0.009140823901107329
_scratch_st-cdeboer-1_asfar_VLPs_results_crispresso_aggregated_spacer_ABE8e_rep3_.staging_CRISPRessoPooled_on_ABE8e_D4_rep3_CRISPResso_on_B2M	Insertions	0.0	0.0	0.0	0.0	0.0	0.0	9.767771238797587e-05	0.0002441942809699397	0.0001465165685819638	0.0034187199335791556	0.0034187199335791556	0.0	4.883885619398794e-05	7.32582842909819e-05	0.0012453908329466924	0.0012209714048496984	0.0	0.0	0.0	0.0
_scratch_st-cdeboer-1_asfar_VLPs_results_crispresso_aggregated_spacer_ABE8e_rep3_.staging_CRISPRessoPooled_on_ABE8e_D4_rep3_CRISPResso_on_B2M	Insertions_Left	0.0	0.0	0.0	0.0	0.0	0.0	9.767771238797587e-05	0.0001465165685819638	0.0	0.0034187199335791556	0.0	0.0	4.883885619398794e-05	2.441942809699397e-05	0.0012209714048496984	0.0	0.0	0.0	0.0	0.0
_scratch_st-cdeboer-1_asfar_VLPs_results_crispresso_aggregated_spacer_ABE8e_rep3_.staging_CRISPRessoPooled_on_ABE8e_D4_rep3_CRISPResso_on_B2M	Deletions	0.0002441942809699397	0.0003174525652609216	0.0003662914214549095	0.0003662914214549095	0.0005860662743278552	0.0005860662743278552	0.0005616468462308613	0.0006104857024248492	0.0007081634148128251	0.0006837439867158311	0.0008302605552977949	0.0008302605552977949	0.000805841127200801	0.000757002271006813	0.0006837439867158311	0.000732582842909819	0.00043954970574589143	0.00034187199335791556	0.00034187199335791556	0.00017093599667895778
_scratch_st-cdeboer-1_asfar_VLPs_results_crispresso_aggregated_spacer_ABE8e_rep3_.staging_CRISPRessoPooled_on_ABE8e_D4_rep3_CRISPResso_on_B2M	Substitutions	0.0003907108495519035	0.0004639691338428854	0.0003174525652609216	0.0004639691338428854	0.00017093599667895778	0.00019535542477595175	0.011428292349393177	0.00012209714048496984	0.03594539815877512	0.00019535542477595175	0.0002930331371639276	0.0003662914214549095	0.0002441942809699397	0.00019535542477595175	0.0005616468462308613	0.967497741202901	0.0014407462577226441	0.0003174525652609216	0.00026861370906693365	0.011110839784132256
_scratch_st-cdeboer-1_asfar_VLPs_results_crispresso_aggregated_spacer_ABE8e_rep3_.staging_CRISPRessoPooled_on_ABE8e_D4_rep3_CRISPResso_on_B2M	All_modifications	0.0006349051305218432	0.000781421699103807	0.0006837439867158311	0.0008302605552977949	0.000757002271006813	0.000781421699103807	0.012087616908012015	0.0009767771238797587	0.03680007814216991	0.0042978193450709384	0.004542013626040878	0.0011965519767527045	0.0010988742643647286	0.0010256159800737467	0.0024907816658933848	0.9694512954506606	0.0018802959634685356	0.0006593245586188371	0.0006104857024248492	0.011281775780811213
_scratch_st-cdeboer-1_asfar_VLPs_results_crispresso_aggregated_spacer_ABE8e_rep3_.staging_CRISPRessoPooled_on_ABE8e_D5_rep3_CRISPResso_on_B2M	Insertions	0.0	0.0	0.0	0.0	3.755798013182851e-05	3.755798013182851e-05	0.00022534788079097107	0.0002629058609227996	3.755798013182851e-05	0.0016713301158663688	0.0016713301158663688	0.0	0.0	0.0	0.000657264652306999	0.0007136016225047417	5.6336970197742766e-05	0.0	0.0	0.0
_scratch_st-cdeboer-1_asfar_VLPs_results_crispresso_aggregated_spacer_ABE8e_rep3_.staging_CRISPRessoPooled_on_ABE8e_D5_rep3_CRISPResso_on_B2M	Insertions_Left	0.0	0.0	0.0	0.0	3.755798013182851e-05	0.0	0.00022534788079097107	3.755798013182851e-05	0.0	0.0016713301158663688	0.0	0.0	0.0	0.0	0.000657264652306999	5.6336970197742766e-05	0.0	0.0	0.0	0.0
_scratch_st-cdeboer-1_asfar_VLPs_results_crispresso_aggregated_spacer_ABE8e_rep3_.staging_CRISPRessoPooled_on_ABE8e_D5_rep3_CRISPResso_on_B2M	Deletions	7.511596026365702e-05	0.0001690109105932283	0.00018778990065914256	0.0001314529304613998	0.00045069576158194213	0.0005070327317796848	0.0005445907119115134	0.000657264652306999	0.0008262755629002272	0.000807496572834313	0.0011830763741525981	0.0010140654635593697	0.0010140654635593697	0.0010140654635593697	0.0009389495032957127	0.0009389495032957127	0.0009013915231638843	0.0007136016225047417	0.000657264652306999	0.0003755798013182851
_scratch_st-cdeboer-1_asfar_VLPs_results_crispresso_aggregated_spacer_ABE8e_rep3_.staging_CRISPRessoPooled_on_ABE8e_D5_rep3_CRISPResso_on_B2M	Substitutions	0.00031924283112054236	0.00031924283112054236	0.00039435879138419936	0.0005821486920433419	0.00035680081125237084	7.511596026365702e-05	0.0092204841223639	0.00045069576158194213	0.02908865561210118	0.00018778990065914256	0.00031924283112054236	0.00031924283112054236	0.00028168485098871383	0.00015023192052731403	0.0003755798013182851	0.9722822106627106	0.0015586561754708831	0.0001690109105932283	5.6336970197742766e-05	0.011117162119021239
_scratch_st-cdeboer-1_asfar_VLPs_results_crispresso_aggregated_spacer_ABE8e_rep3_.staging_CRISPRessoPooled_on_ABE8e_D5_rep3_CRISPResso_on_B2M	All_modifications	0.00039435879138419936	0.00048825374171377066	0.0005821486920433419	0.0007136016225047417	0.0008450545529661414	0.0006197066721751704	0.009990422715066383	0.0013708662748117405	0.02995248915513324	0.002666616589359824	0.0031736493211395093	0.001333308294679912	0.0012957503145480836	0.0011642973840866838	0.0019717939569209968	0.973934761788511	0.00251638466883251	0.00088261253309797	0.0007136016225047417	0.011492741920339524
