Folder	Modification	G	G	C	C	C	A	G	A	C	T	G	A	G	C	A	C	G	T	G	A
_scratch_st-cdeboer-1_asfar_VLPs_results_crispresso_aggregated_spacer_ABE8e_rep2_.staging_CRISPRessoPooled_on_ABE8e_D0_rep2_CRISPResso_on_HEK3	Insertions	0.0	0.0	0.0	0.0	0.0	0.0	0.0	0.0	0.0	0.0002756947507719453	0.0002756947507719453	0.0	0.0	0.0	0.0	0.0	0.0	0.0	0.0	0.0
_scratch_st-cdeboer-1_asfar_VLPs_results_crispresso_aggregated_spacer_ABE8e_rep2_.staging_CRISPRessoPooled_on_ABE8e_D0_rep2_CRISPResso_on_HEK3	Insertions_Left	0.0	0.0	0.0	0.0	0.0	0.0	0.0	0.0	0.0	0.0002756947507719453	0.0	0.0	0.0	0.0	0.0	0.0	0.0	0.0	0.0	0.0
_scratch_st-cdeboer-1_asfar_VLPs_results_crispresso_aggregated_spacer_ABE8e_rep2_.staging_CRISPRessoPooled_on_ABE8e_D0_rep2_CRISPResso_on_HEK3	Deletions	0.0	5.513895015438906e-05	0.0	0.0	0.0001654168504631672	0.0	0.0	0.0002756947507719453	0.0	0.0	0.0	0.0	0.0	5.513895015438906e-05	0.0	0.0	0.0	0.0	0.0	0.0
_scratch_st-cdeboer-1_asfar_VLPs_results_crispresso_aggregated_spacer_ABE8e_rep2_.staging_CRISPRessoPooled_on_ABE8e_D0_rep2_CRISPResso_on_HEK3	Substitutions	0.00022055580061755624	0.0003859726510807234	0.00011027790030877812	0.0004411116012351125	0.0006616674018526688	0.0277348919276577	0.0003308337009263344	0.02177988531098368	0.0001654168504631672	0.0001654168504631672	0.0003859726510807234	0.0004411116012351125	0.00011027790030877812	5.513895015438906e-05	0.00011027790030877812	5.513895015438906e-05	0.00011027790030877812	0.0001654168504631672	0.00022055580061755624	0.0003308337009263344
_scratch_st-cdeboer-1_asfar_VLPs_results_crispresso_aggregated_spacer_ABE8e_rep2_.staging_CRISPRessoPooled_on_ABE8e_D0_rep2_CRISPResso_on_HEK3	All_modifications	0.00022055580061755624	0.0004411116012351125	0.00011027790030877812	0.0004411116012351125	0.0008270842523158359	0.0277348919276577	0.0003308337009263344	0.022055580061755623	0.0001654168504631672	0.0004411116012351125	0.0006616674018526688	0.0004411116012351125	0.00011027790030877812	0.00011027790030877812	0.00011027790030877812	5.513895015438906e-05	0.00011027790030877812	0.0001654168504631672	0.00022055580061755624	0.0003308337009263344
_scratch_st-cdeboer-1_asfar_VLPs_results_crispresso_aggregated_spacer_ABE8e_rep2_.staging_CRISPRessoPooled_on_ABE8e_D1_rep2_CRISPResso_on_HEK3	Insertions	0.0	0.00011068068622025456	0.00011068068622025456	0.0	0.0	0.0	2.767017155506364e-05	0.00016602102933038185	0.0001383508577753182	0.0023519645821804096	0.0023519645821804096	0.0	0.0	0.0	0.0	0.0	0.0	0.0	0.0	0.0
_scratch_st-cdeboer-1_asfar_VLPs_results_crispresso_aggregated_spacer_ABE8e_rep2_.staging_CRISPRessoPooled_on_ABE8e_D1_rep2_CRISPResso_on_HEK3	Insertions_Left	0.0	0.00011068068622025456	0.0	0.0	0.0	0.0	2.767017155506364e-05	0.0001383508577753182	0.0	0.0023519645821804096	0.0	0.0	0.0	0.0	0.0	0.0	0.0	0.0	0.0	0.0
_scratch_st-cdeboer-1_asfar_VLPs_results_crispresso_aggregated_spacer_ABE8e_rep2_.staging_CRISPRessoPooled_on_ABE8e_D1_rep2_CRISPResso_on_HEK3	Deletions	0.0006640841173215274	0.0010237963475373548	0.000691754288876591	0.0009131156613171002	0.001079136690647482	0.0013004980630879912	0.0011068068622025456	0.0014388489208633094	0.0010237963475373548	0.0007194244604316547	0.0007194244604316547	0.0005534034311012728	0.000387382401770891	0.0002767017155506364	0.0002490315439955728	0.0003320420586607637	0.0003320420586607637	0.00016602102933038185	8.301051466519092e-05	8.301051466519092e-05
_scratch_st-cdeboer-1_asfar_VLPs_results_crispresso_aggregated_spacer_ABE8e_rep2_.staging_CRISPRessoPooled_on_ABE8e_D1_rep2_CRISPResso_on_HEK3	Substitutions	0.00016602102933038185	0.0002767017155506364	0.0002767017155506364	0.005783065855008301	0.0066685113447703375	0.5384338682899834	0.00022136137244050912	0.43375760929717766	0.00022136137244050912	0.0002767017155506364	8.301051466519092e-05	0.0007194244604316547	0.00011068068622025456	0.0001383508577753182	0.0004703929164360819	8.301051466519092e-05	0.0002767017155506364	0.0001936912008854455	8.301051466519092e-05	0.00022136137244050912
_scratch_st-cdeboer-1_asfar_VLPs_results_crispresso_aggregated_spacer_ABE8e_rep2_.staging_CRISPRessoPooled_on_ABE8e_D1_rep2_CRISPResso_on_HEK3	All_modifications	0.0008301051466519093	0.0014111787493082458	0.001079136690647482	0.0066961815163254015	0.00774764803541782	0.5397343663530714	0.0013558384061981184	0.4353624792473713	0.001383508577753182	0.0033480907581627008	0.003154399557277255	0.0012728278915329276	0.0004980630879911456	0.00041505257332595465	0.0007194244604316547	0.00041505257332595465	0.0006087437742114001	0.00035971223021582735	0.00016602102933038185	0.00030437188710570005
_scratch_st-cdeboer-1_asfar_VLPs_results_crispresso_aggregated_spacer_ABE8e_rep2_.staging_CRISPRessoPooled_on_ABE8e_D2_rep2_CRISPResso_on_HEK3	Insertions	0.0	0.00018341892883345562	0.00018341892883345562	0.0	0.0	0.00018341892883345562	0.0002751283932501834	0.000458547322083639	0.00036683785766691124	0.003393250183418929	0.003393250183418929	0.00036683785766691124	0.00036683785766691124	9.170946441672781e-05	9.170946441672781e-05	0.0	0.0	0.0	0.0	0.0
_scratch_st-cdeboer-1_asfar_VLPs_results_crispresso_aggregated_spacer_ABE8e_rep2_.staging_CRISPRessoPooled_on_ABE8e_D2_rep2_CRISPResso_on_HEK3	Insertions_Left	0.0	0.00018341892883345562	0.0	0.0	0.0	0.00018341892883345562	9.170946441672781e-05	0.00036683785766691124	0.0	0.003393250183418929	0.0	0.00036683785766691124	0.0	9.170946441672781e-05	0.0	0.0	0.0	0.0	0.0	0.0
_scratch_st-cdeboer-1_asfar_VLPs_results_crispresso_aggregated_spacer_ABE8e_rep2_.staging_CRISPRessoPooled_on_ABE8e_D2_rep2_CRISPResso_on_HEK3	Deletions	0.00036683785766691124	0.0012839325018341892	0.00036683785766691124	0.0008253851797505503	0.000917094644167278	0.0011005135730007337	0.0011922230374174616	0.0020176082171680116	0.0015590608950843726	0.000917094644167278	0.001375641966250917	0.001375641966250917	0.0012839325018341892	0.0012839325018341892	0.0012839325018341892	0.0011922230374174616	0.0005502567865003668	0.0005502567865003668	0.0005502567865003668	0.0005502567865003668
_scratch_st-cdeboer-1_asfar_VLPs_results_crispresso_aggregated_spacer_ABE8e_rep2_.staging_CRISPRessoPooled_on_ABE8e_D2_rep2_CRISPResso_on_HEK3	Substitutions	9.170946441672781e-05	9.170946441672781e-05	0.0012839325018341892	0.010821716801173881	0.016232575201760822	0.9446074834922964	9.170946441672781e-05	0.8745414526779164	0.0002751283932501834	0.0005502567865003668	0.0002751283932501834	0.001925898752751284	9.170946441672781e-05	0.0002751283932501834	0.000917094644167278	0.00018341892883345562	0.00018341892883345562	0.00018341892883345562	9.170946441672781e-05	9.170946441672781e-05
_scratch_st-cdeboer-1_asfar_VLPs_results_crispresso_aggregated_spacer_ABE8e_rep2_.staging_CRISPRessoPooled_on_ABE8e_D2_rep2_CRISPResso_on_HEK3	All_modifications	0.000458547322083639	0.0015590608950843726	0.001834189288334556	0.011647101980924432	0.0171496698459281	0.9458914159941306	0.0015590608950843726	0.877017608217168	0.0022010271460014674	0.004860601614086574	0.005044020542920029	0.003668378576669112	0.0017424798239178284	0.0016507703595011005	0.0022927366104181952	0.001375641966250917	0.0007336757153338225	0.0007336757153338225	0.0006419662509170946	0.0006419662509170946
_scratch_st-cdeboer-1_asfar_VLPs_results_crispresso_aggregated_spacer_ABE8e_rep2_.staging_CRISPRessoPooled_on_ABE8e_D3_rep2_CRISPResso_on_HEK3	Insertions	3.070781513895286e-05	3.070781513895286e-05	0.0	0.0	0.0	0.00018424689083371717	0.00018424689083371717	0.0003377859665284815	0.0007062797481959159	0.005803777061262091	0.005435283279594656	0.0	0.0	0.0	0.0	6.141563027790572e-05	0.0003377859665284815	0.0002763703362505758	0.0	0.0
_scratch_st-cdeboer-1_asfar_VLPs_results_crispresso_aggregated_spacer_ABE8e_rep2_.staging_CRISPRessoPooled_on_ABE8e_D3_rep2_CRISPResso_on_HEK3	Insertions_Left	3.070781513895286e-05	0.0	0.0	0.0	0.0	0.00018424689083371717	0.0	0.0003377859665284815	0.00036849378166743435	0.005435283279594656	0.0	0.0	0.0	0.0	0.0	6.141563027790572e-05	0.0002763703362505758	0.0	0.0	0.0
_scratch_st-cdeboer-1_asfar_VLPs_results_crispresso_aggregated_spacer_ABE8e_rep2_.staging_CRISPRessoPooled_on_ABE8e_D3_rep2_CRISPResso_on_HEK3	Deletions	0.0005220328573621987	0.0016889298326424075	0.000675571933056963	0.0009212344541685859	0.0009212344541685859	0.0010747735298633502	0.0011976047904191617	0.0021188392445877476	0.0012283126055581146	0.0010440657147243973	0.0011054813450023032	0.0011054813450023032	0.0010747735298633502	0.0009519422693075387	0.0007984031936127744	0.0006141563027790573	0.00046061722708429296	0.0002763703362505758	0.00021495470597267006	0.00012283126055581144
_scratch_st-cdeboer-1_asfar_VLPs_results_crispresso_aggregated_spacer_ABE8e_rep2_.staging_CRISPRessoPooled_on_ABE8e_D3_rep2_CRISPResso_on_HEK3	Substitutions	0.0003992015968063872	0.0003992015968063872	0.0009212344541685859	0.014524796560724704	0.018793182865039153	0.9785659450330109	0.0002456625211116229	0.9393520651005681	0.0004299094119453401	0.00036849378166743435	0.00012283126055581144	0.0016275142023645017	0.00015353907569476432	9.212344541685859e-05	0.0020881314294487947	0.00012283126055581144	0.0003377859665284815	0.00015353907569476432	0.00030707815138952864	0.00046061722708429296
_scratch_st-cdeboer-1_asfar_VLPs_results_crispresso_aggregated_spacer_ABE8e_rep2_.staging_CRISPRessoPooled_on_ABE8e_D3_rep2_CRISPResso_on_HEK3	All_modifications	0.0009519422693075387	0.0021188392445877476	0.0015968063872255488	0.01544603101489329	0.019714417319207738	0.979824965453708	0.0016275142023645017	0.9418086903116843	0.0023645017656993704	0.007216336557653923	0.006663595885152771	0.002732995547366805	0.0012283126055581146	0.0010440657147243973	0.002886534623061569	0.0007984031936127744	0.0011361891601412558	0.0007062797481959159	0.0005220328573621987	0.0005834484876401044
_scratch_st-cdeboer-1_asfar_VLPs_results_crispresso_aggregated_spacer_ABE8e_rep2_.staging_CRISPRessoPooled_on_ABE8e_D4_rep2_CRISPResso_on_HEK3	Insertions	0.0	5.1749120264955494e-05	5.1749120264955494e-05	0.0	5.1749120264955494e-05	0.0001552473607948665	0.00010349824052991099	0.00025874560132477746	0.00041399296211964395	0.004191678741461395	0.004036431380666529	0.0	0.0	0.0	0.0	0.0	0.0	0.0	0.0	0.0
_scratch_st-cdeboer-1_asfar_VLPs_results_crispresso_aggregated_spacer_ABE8e_rep2_.staging_CRISPRessoPooled_on_ABE8e_D4_rep2_CRISPResso_on_HEK3	Insertions_Left	0.0	5.1749120264955494e-05	0.0	0.0	5.1749120264955494e-05	0.00010349824052991099	0.0	0.00025874560132477746	0.0001552473607948665	0.004036431380666529	0.0	0.0	0.0	0.0	0.0	0.0	0.0	0.0	0.0	0.0
_scratch_st-cdeboer-1_asfar_VLPs_results_crispresso_aggregated_spacer_ABE8e_rep2_.staging_CRISPRessoPooled_on_ABE8e_D4_rep2_CRISPResso_on_HEK3	Deletions	0.0008797350445042435	0.001448975367418754	0.0011902297660939763	0.002173463051128131	0.002846201614572552	0.0030014489753674187	0.003208445456427241	0.004191678741461395	0.00310494721589733	0.001552473607948665	0.0016042227282136205	0.0012937280066238875	0.001241978886358932	0.0011902297660939763	0.0010867315255640654	0.000724487683709377	0.0005174912026495549	0.000724487683709377	0.00041399296211964395	0.00020699648105982198
_scratch_st-cdeboer-1_asfar_VLPs_results_crispresso_aggregated_spacer_ABE8e_rep2_.staging_CRISPRessoPooled_on_ABE8e_D4_rep2_CRISPResso_on_HEK3	Substitutions	0.00020699648105982198	0.0003622438418546885	0.001759470089008487	0.013506520389153384	0.017335955288760092	0.9900641689091285	0.00025874560132477746	0.9722107224177189	0.00025874560132477746	0.00020699648105982198	0.0003622438418546885	0.0024322086524529085	0.00010349824052991099	0.00010349824052991099	0.001241978886358932	0.00025874560132477746	0.00025874560132477746	0.00010349824052991099	0.00025874560132477746	0.0001552473607948665
_scratch_st-cdeboer-1_asfar_VLPs_results_crispresso_aggregated_spacer_ABE8e_rep2_.staging_CRISPRessoPooled_on_ABE8e_D4_rep2_CRISPResso_on_HEK3	All_modifications	0.0010867315255640654	0.0018629683295383979	0.0030014489753674187	0.015679983440281514	0.0202339060235976	0.9932208652452909	0.0035706892982819293	0.9766611467605051	0.003777685779341751	0.005951148830469882	0.006002897950734837	0.0037259366590767957	0.0013454771268888428	0.0012937280066238875	0.0023287104119229973	0.0009832332850341545	0.0007762368039743324	0.0008279859242392879	0.0006727385634444214	0.0003622438418546885
_scratch_st-cdeboer-1_asfar_VLPs_results_crispresso_aggregated_spacer_ABE8e_rep2_.staging_CRISPRessoPooled_on_ABE8e_D5_rep2_CRISPResso_on_HEK3	Insertions	0.0	4.7641734159123394e-05	0.00019056693663649358	0.00023820867079561695	9.528346831824679e-05	0.00023820867079561695	0.00038113387327298715	0.00038113387327298715	0.0004287756074321105	0.005097665555026203	0.00490709861838971	0.0	4.7641734159123394e-05	4.7641734159123394e-05	0.0	4.7641734159123394e-05	4.7641734159123394e-05	0.0	0.0	0.0
_scratch_st-cdeboer-1_asfar_VLPs_results_crispresso_aggregated_spacer_ABE8e_rep2_.staging_CRISPRessoPooled_on_ABE8e_D5_rep2_CRISPResso_on_HEK3	Insertions_Left	0.0	4.7641734159123394e-05	0.00014292520247737017	9.528346831824679e-05	0.0	0.00023820867079561695	0.00014292520247737017	0.00023820867079561695	0.00019056693663649358	0.00490709861838971	0.0	0.0	4.7641734159123394e-05	0.0	0.0	4.7641734159123394e-05	0.0	0.0	0.0	0.0
_scratch_st-cdeboer-1_asfar_VLPs_results_crispresso_aggregated_spacer_ABE8e_rep2_.staging_CRISPRessoPooled_on_ABE8e_D5_rep2_CRISPResso_on_HEK3	Deletions	0.0009051929490233445	0.0020485945688423057	0.001095759885659838	0.0016198189614101952	0.0017627441638875655	0.0021438780371605525	0.002191519771319676	0.00281086231538828	0.0022391615054787994	0.001333968556455455	0.0014292520247737017	0.0012386850881372083	0.001095759885659838	0.001095759885659838	0.0010004764173415913	0.0007622677465459743	0.0004287756074321105	0.0005240590757503573	0.00038113387327298715	0.0003334921391138637
_scratch_st-cdeboer-1_asfar_VLPs_results_crispresso_aggregated_spacer_ABE8e_rep2_.staging_CRISPRessoPooled_on_ABE8e_D5_rep2_CRISPResso_on_HEK3	Substitutions	0.00023820867079561695	0.00023820867079561695	0.001715102429728442	0.015435921867555978	0.01939018580276322	0.9873272987136732	0.00023820867079561695	0.9542639352072415	0.0004287756074321105	0.0005240590757503573	0.00019056693663649358	0.002096236303001429	0.00019056693663649358	0.0003334921391138637	0.0009051929490233445	0.00019056693663649358	0.0003334921391138637	0.00023820867079561695	0.00014292520247737017	0.0004764173415912339
_scratch_st-cdeboer-1_asfar_VLPs_results_crispresso_aggregated_spacer_ABE8e_rep2_.staging_CRISPRessoPooled_on_ABE8e_D5_rep2_CRISPResso_on_HEK3	All_modifications	0.0011434016198189614	0.0023344449737970462	0.0030014292520247738	0.01729394949976179	0.02124821343496903	0.9897093854216293	0.00281086231538828	0.9574559313959028	0.0030967127203430206	0.006955693187232015	0.006526917579799904	0.0033349213911386373	0.001333968556455455	0.0014768937589328252	0.0019056693663649356	0.0010004764173415913	0.0008099094807050976	0.0007622677465459743	0.0005240590757503573	0.0008099094807050976
