Folder	Modification	G	G	A	G	G	C	T	A	T	C	C	A	G	C	G	T	G	A	G	T
_scratch_st-cdeboer-1_asfar_VLPs_results_crispresso_aggregated_spacer_ABE8e-SpRY_rep2_.staging_CRISPRessoPooled_on_ABE8e-SpRY_D0_rep2_CRISPResso_on_B2M	Insertions	0.0	0.0	0.0	0.0	0.0	0.0	0.0	0.0	0.0	0.0	0.0	0.0	0.0	0.0	0.0	0.0	0.0	0.0	0.0	0.0
_scratch_st-cdeboer-1_asfar_VLPs_results_crispresso_aggregated_spacer_ABE8e-SpRY_rep2_.staging_CRISPRessoPooled_on_ABE8e-SpRY_D0_rep2_CRISPResso_on_B2M	Insertions_Left	0.0	0.0	0.0	0.0	0.0	0.0	0.0	0.0	0.0	0.0	0.0	0.0	0.0	0.0	0.0	0.0	0.0	0.0	0.0	0.0
_scratch_st-cdeboer-1_asfar_VLPs_results_crispresso_aggregated_spacer_ABE8e-SpRY_rep2_.staging_CRISPRessoPooled_on_ABE8e-SpRY_D0_rep2_CRISPResso_on_B2M	Deletions	0.0	3.5677334189589356e-05	0.0	0.0	0.0	0.0	0.0	0.0	3.5677334189589356e-05	0.0	0.0	0.0	0.0	0.0	0.0	0.0	0.0	0.0	0.0	0.0
_scratch_st-cdeboer-1_asfar_VLPs_results_crispresso_aggregated_spacer_ABE8e-SpRY_rep2_.staging_CRISPRessoPooled_on_ABE8e-SpRY_D0_rep2_CRISPResso_on_B2M	Substitutions	0.00035677334189589355	0.0004638053444646616	0.00028541867351671485	0.000499482678654251	0.0002497413393271255	0.00028541867351671485	0.00035677334189589355	0.00028541867351671485	0.0004638053444646616	0.00014270933675835742	0.00017838667094794677	0.00039245067608548287	0.00014270933675835742	0.00028541867351671485	0.00014270933675835742	0.00017838667094794677	0.00014270933675835742	0.00032109600770630417	0.0004638053444646616	0.0004638053444646616
_scratch_st-cdeboer-1_asfar_VLPs_results_crispresso_aggregated_spacer_ABE8e-SpRY_rep2_.staging_CRISPRessoPooled_on_ABE8e-SpRY_D0_rep2_CRISPResso_on_B2M	All_modifications	0.00035677334189589355	0.000499482678654251	0.00028541867351671485	0.000499482678654251	0.0002497413393271255	0.00028541867351671485	0.00035677334189589355	0.00028541867351671485	0.000499482678654251	0.00014270933675835742	0.00017838667094794677	0.00039245067608548287	0.00014270933675835742	0.00028541867351671485	0.00014270933675835742	0.00017838667094794677	0.00014270933675835742	0.00032109600770630417	0.0004638053444646616	0.0004638053444646616
_scratch_st-cdeboer-1_asfar_VLPs_results_crispresso_aggregated_spacer_ABE8e-SpRY_rep2_.staging_CRISPRessoPooled_on_ABE8e-SpRY_D1_rep2_CRISPResso_on_B2M	Insertions	0.0	0.0	0.0	0.0	0.0	0.0	0.0	0.0	0.0	0.0	0.0	0.0	0.0	0.0	0.0	0.0	0.0	0.0	0.0	0.0
_scratch_st-cdeboer-1_asfar_VLPs_results_crispresso_aggregated_spacer_ABE8e-SpRY_rep2_.staging_CRISPRessoPooled_on_ABE8e-SpRY_D1_rep2_CRISPResso_on_B2M	Insertions_Left	0.0	0.0	0.0	0.0	0.0	0.0	0.0	0.0	0.0	0.0	0.0	0.0	0.0	0.0	0.0	0.0	0.0	0.0	0.0	0.0
_scratch_st-cdeboer-1_asfar_VLPs_results_crispresso_aggregated_spacer_ABE8e-SpRY_rep2_.staging_CRISPRessoPooled_on_ABE8e-SpRY_D1_rep2_CRISPResso_on_B2M	Deletions	0.0	0.0	0.0	0.0	0.0	0.0	0.0	0.0	0.0	0.0	0.0	0.0	0.0	0.0	0.0	0.0	0.0	0.0	0.0	0.0
_scratch_st-cdeboer-1_asfar_VLPs_results_crispresso_aggregated_spacer_ABE8e-SpRY_rep2_.staging_CRISPRessoPooled_on_ABE8e-SpRY_D1_rep2_CRISPResso_on_B2M	Substitutions	0.0007245501750996257	0.0006641709938413235	0.00012075836251660427	0.00042265426880811494	0.00018113754377490642	0.00036227508754981284	0.0003018959062915107	0.00024151672503320854	0.000905687718874532	0.00012075836251660427	0.0	0.00018113754377490642	0.0	0.0004830334500664171	0.00024151672503320854	0.011773940345368918	0.00036227508754981284	0.00036227508754981284	0.00018113754377490642	0.0005434126313247192
_scratch_st-cdeboer-1_asfar_VLPs_results_crispresso_aggregated_spacer_ABE8e-SpRY_rep2_.staging_CRISPRessoPooled_on_ABE8e-SpRY_D1_rep2_CRISPResso_on_B2M	All_modifications	0.0007245501750996257	0.0006641709938413235	0.00012075836251660427	0.00042265426880811494	0.00018113754377490642	0.00036227508754981284	0.0003018959062915107	0.00024151672503320854	0.000905687718874532	0.00012075836251660427	0.0	0.00018113754377490642	0.0	0.0004830334500664171	0.00024151672503320854	0.011773940345368918	0.00036227508754981284	0.00036227508754981284	0.00018113754377490642	0.0005434126313247192
_scratch_st-cdeboer-1_asfar_VLPs_results_crispresso_aggregated_spacer_ABE8e-SpRY_rep2_.staging_CRISPRessoPooled_on_ABE8e-SpRY_D2_rep2_CRISPResso_on_B2M	Insertions	0.0	0.0	0.0	0.0	0.0	0.0	0.0	0.0	0.0	0.00024036294805155785	0.00024036294805155785	0.0	0.0	0.0	0.0	0.0	0.0	0.0	0.0	0.0
_scratch_st-cdeboer-1_asfar_VLPs_results_crispresso_aggregated_spacer_ABE8e-SpRY_rep2_.staging_CRISPRessoPooled_on_ABE8e-SpRY_D2_rep2_CRISPResso_on_B2M	Insertions_Left	0.0	0.0	0.0	0.0	0.0	0.0	0.0	0.0	0.0	0.00024036294805155785	0.0	0.0	0.0	0.0	0.0	0.0	0.0	0.0	0.0	0.0
_scratch_st-cdeboer-1_asfar_VLPs_results_crispresso_aggregated_spacer_ABE8e-SpRY_rep2_.staging_CRISPRessoPooled_on_ABE8e-SpRY_D2_rep2_CRISPResso_on_B2M	Deletions	0.0	6.009073701288946e-05	0.0	0.0	0.0	0.0	0.0	0.0	0.0	0.0	3.004536850644473e-05	0.0	0.0	0.0	0.0	0.0	0.0	0.0	0.0	0.0
_scratch_st-cdeboer-1_asfar_VLPs_results_crispresso_aggregated_spacer_ABE8e-SpRY_rep2_.staging_CRISPRessoPooled_on_ABE8e-SpRY_D2_rep2_CRISPResso_on_B2M	Substitutions	0.00045068052759667096	0.00030045368506444734	0.00024036294805155785	0.0004807258961031157	0.00036054442207733675	6.009073701288946e-05	0.0008112249496740078	6.009073701288946e-05	0.0015924045308415707	9.013610551933419e-05	6.009073701288946e-05	0.00024036294805155785	0.00015022684253222367	0.00015022684253222367	6.009073701288946e-05	0.05002553856323048	0.0002704083165580026	0.00036054442207733675	0.00024036294805155785	0.000781179581167563
_scratch_st-cdeboer-1_asfar_VLPs_results_crispresso_aggregated_spacer_ABE8e-SpRY_rep2_.staging_CRISPRessoPooled_on_ABE8e-SpRY_D2_rep2_CRISPResso_on_B2M	All_modifications	0.00045068052759667096	0.00036054442207733675	0.00024036294805155785	0.0004807258961031157	0.00036054442207733675	6.009073701288946e-05	0.0008112249496740078	6.009073701288946e-05	0.0015924045308415707	0.000330499053570892	0.000330499053570892	0.00024036294805155785	0.00015022684253222367	0.00015022684253222367	6.009073701288946e-05	0.05002553856323048	0.0002704083165580026	0.00036054442207733675	0.00024036294805155785	0.000781179581167563
_scratch_st-cdeboer-1_asfar_VLPs_results_crispresso_aggregated_spacer_ABE8e-SpRY_rep2_.staging_CRISPRessoPooled_on_ABE8e-SpRY_D3_rep2_CRISPResso_on_B2M	Insertions	0.0	0.0	0.0	0.0	0.0	0.0	0.0	0.0	0.0	0.00043142499676431255	0.00043142499676431255	0.0	0.0	0.0	0.0	0.0	0.0	0.0	0.0	0.0
_scratch_st-cdeboer-1_asfar_VLPs_results_crispresso_aggregated_spacer_ABE8e-SpRY_rep2_.staging_CRISPRessoPooled_on_ABE8e-SpRY_D3_rep2_CRISPResso_on_B2M	Insertions_Left	0.0	0.0	0.0	0.0	0.0	0.0	0.0	0.0	0.0	0.00043142499676431255	0.0	0.0	0.0	0.0	0.0	0.0	0.0	0.0	0.0	0.0
_scratch_st-cdeboer-1_asfar_VLPs_results_crispresso_aggregated_spacer_ABE8e-SpRY_rep2_.staging_CRISPRessoPooled_on_ABE8e-SpRY_D3_rep2_CRISPResso_on_B2M	Deletions	0.0	0.0	0.0	0.0	0.0	0.0	0.0	0.0	0.0	0.0	0.0	0.0	0.0	0.0	0.0	4.3142499676431255e-05	0.0	0.0	0.0	0.0
_scratch_st-cdeboer-1_asfar_VLPs_results_crispresso_aggregated_spacer_ABE8e-SpRY_rep2_.staging_CRISPRessoPooled_on_ABE8e-SpRY_D3_rep2_CRISPResso_on_B2M	Substitutions	0.00012942749902929376	0.0006039949954700375	0.00025885499805858753	0.0004745674964407438	0.00021571249838215627	8.628499935286251e-05	0.0008628499935286251	0.00017256999870572502	0.0041416799689374005	0.00012942749902929376	8.628499935286251e-05	0.00034513999741145004	0.00017256999870572502	0.00038828249708788127	0.00021571249838215627	0.12960006902799948	0.00012942749902929376	0.00030199749773501876	0.00021571249838215627	0.0007765649941757625
_scratch_st-cdeboer-1_asfar_VLPs_results_crispresso_aggregated_spacer_ABE8e-SpRY_rep2_.staging_CRISPRessoPooled_on_ABE8e-SpRY_D3_rep2_CRISPResso_on_B2M	All_modifications	0.00012942749902929376	0.0006039949954700375	0.00025885499805858753	0.0004745674964407438	0.00021571249838215627	8.628499935286251e-05	0.0008628499935286251	0.00017256999870572502	0.0041416799689374005	0.0005608524957936063	0.0005177099961171751	0.00034513999741145004	0.00017256999870572502	0.00038828249708788127	0.00021571249838215627	0.1296432115276759	0.00012942749902929376	0.00030199749773501876	0.00021571249838215627	0.0007765649941757625
_scratch_st-cdeboer-1_asfar_VLPs_results_crispresso_aggregated_spacer_ABE8e-SpRY_rep2_.staging_CRISPRessoPooled_on_ABE8e-SpRY_D4_rep2_CRISPResso_on_B2M	Insertions	0.0	0.0	0.0	0.0	0.0	0.0	0.0	0.0	0.0	0.0008928866695327226	0.0008928866695327226	0.0	0.0	0.0	6.61397532987202e-05	6.61397532987202e-05	0.0	0.0	0.0	0.0
_scratch_st-cdeboer-1_asfar_VLPs_results_crispresso_aggregated_spacer_ABE8e-SpRY_rep2_.staging_CRISPRessoPooled_on_ABE8e-SpRY_D4_rep2_CRISPResso_on_B2M	Insertions_Left	0.0	0.0	0.0	0.0	0.0	0.0	0.0	0.0	0.0	0.0008928866695327226	0.0	0.0	0.0	0.0	6.61397532987202e-05	0.0	0.0	0.0	0.0	0.0
_scratch_st-cdeboer-1_asfar_VLPs_results_crispresso_aggregated_spacer_ABE8e-SpRY_rep2_.staging_CRISPRessoPooled_on_ABE8e-SpRY_D4_rep2_CRISPResso_on_B2M	Deletions	3.30698766493601e-05	9.920962994808029e-05	3.30698766493601e-05	3.30698766493601e-05	6.61397532987202e-05	6.61397532987202e-05	0.0001322795065974404	0.00019841925989616058	0.00019841925989616058	0.00019841925989616058	0.0002314891365455207	0.00019841925989616058	0.00019841925989616058	0.0001653493832468005	9.920962994808029e-05	9.920962994808029e-05	9.920962994808029e-05	9.920962994808029e-05	9.920962994808029e-05	9.920962994808029e-05
_scratch_st-cdeboer-1_asfar_VLPs_results_crispresso_aggregated_spacer_ABE8e-SpRY_rep2_.staging_CRISPRessoPooled_on_ABE8e-SpRY_D4_rep2_CRISPResso_on_B2M	Substitutions	0.00039683851979232116	0.0005291180263897615	0.0002314891365455207	0.0004629782730910414	0.00019841925989616058	9.920962994808029e-05	0.002612520255299448	0.0002314891365455207	0.010450081021197792	9.920962994808029e-05	9.920962994808029e-05	0.0002645590131948808	0.00039683851979232116	0.0004299083964416813	0.000330698766493601	0.3562948510202057	0.0011243758060782434	0.0002314891365455207	0.0002314891365455207	0.003703826184728331
_scratch_st-cdeboer-1_asfar_VLPs_results_crispresso_aggregated_spacer_ABE8e-SpRY_rep2_.staging_CRISPRessoPooled_on_ABE8e-SpRY_D4_rep2_CRISPResso_on_B2M	All_modifications	0.0004299083964416813	0.0006283276563378419	0.0002645590131948808	0.0004960481497404015	0.0002645590131948808	0.0001653493832468005	0.002744799761896888	0.0004299083964416813	0.010648500281093952	0.0011905155593769634	0.0012235854360263237	0.0004629782730910414	0.0005952577796884817	0.0005952577796884817	0.0004960481497404015	0.3564602004034525	0.0012235854360263237	0.000330698766493601	0.000330698766493601	0.003803035814676411
_scratch_st-cdeboer-1_asfar_VLPs_results_crispresso_aggregated_spacer_ABE8e-SpRY_rep2_.staging_CRISPRessoPooled_on_ABE8e-SpRY_D5_rep2_CRISPResso_on_B2M	Insertions	0.0	0.0	0.0	0.0	0.0	0.0	0.00010889292196007259	0.00010889292196007259	0.0	0.000544464609800363	0.000544464609800363	0.0	0.0	0.0	0.00010889292196007259	0.00010889292196007259	0.0	0.0	0.0	0.0
_scratch_st-cdeboer-1_asfar_VLPs_results_crispresso_aggregated_spacer_ABE8e-SpRY_rep2_.staging_CRISPRessoPooled_on_ABE8e-SpRY_D5_rep2_CRISPResso_on_B2M	Insertions_Left	0.0	0.0	0.0	0.0	0.0	0.0	0.00010889292196007259	0.0	0.0	0.000544464609800363	0.0	0.0	0.0	0.0	0.00010889292196007259	0.0	0.0	0.0	0.0	0.0
_scratch_st-cdeboer-1_asfar_VLPs_results_crispresso_aggregated_spacer_ABE8e-SpRY_rep2_.staging_CRISPRessoPooled_on_ABE8e-SpRY_D5_rep2_CRISPResso_on_B2M	Deletions	0.0	0.0	0.0	0.0	0.0	3.6297640653357535e-05	3.6297640653357535e-05	7.259528130671507e-05	7.259528130671507e-05	7.259528130671507e-05	7.259528130671507e-05	7.259528130671507e-05	7.259528130671507e-05	7.259528130671507e-05	7.259528130671507e-05	0.00010889292196007259	0.00021778584392014518	0.00021778584392014518	0.00021778584392014518	7.259528130671507e-05
_scratch_st-cdeboer-1_asfar_VLPs_results_crispresso_aggregated_spacer_ABE8e-SpRY_rep2_.staging_CRISPRessoPooled_on_ABE8e-SpRY_D5_rep2_CRISPResso_on_B2M	Substitutions	0.0003266787658802178	0.0004718693284936479	0.00025408348457350274	0.0003629764065335753	0.00014519056261343014	7.259528130671507e-05	0.004573502722323049	0.00010889292196007259	0.009655172413793104	0.00010889292196007259	0.00025408348457350274	0.000544464609800363	0.00010889292196007259	0.00025408348457350274	0.00021778584392014518	0.32457350272232305	0.000544464609800363	0.0003266787658802178	0.00021778584392014518	0.0023230490018148822
_scratch_st-cdeboer-1_asfar_VLPs_results_crispresso_aggregated_spacer_ABE8e-SpRY_rep2_.staging_CRISPRessoPooled_on_ABE8e-SpRY_D5_rep2_CRISPResso_on_B2M	All_modifications	0.0003266787658802178	0.0004718693284936479	0.00025408348457350274	0.0003629764065335753	0.00014519056261343014	0.00010889292196007259	0.004718693284936479	0.0002903811252268603	0.009727767695099818	0.0007259528130671506	0.0008711433756805807	0.0006170598911070781	0.00018148820326678765	0.0003266787658802178	0.00039927404718693283	0.3247912885662432	0.0007622504537205081	0.000544464609800363	0.00043557168784029036	0.002395644283121597
