Folder	Modification	G	G	C	C	C	A	G	A	C	T	G	A	G	C	A	C	G	T	G	A
_scratch_st-cdeboer-1_asfar_VLPs_results_crispresso_aggregated_spacer_ABE8e-SpRY_rep3_.staging_CRISPRessoPooled_on_ABE8e-SpRY_D0_rep3_CRISPResso_on_HEK3	Insertions	0.0	0.0	0.0	0.0	0.0	0.0	0.0	0.0	0.0	0.0	0.0	0.0	0.0	0.0	0.0	0.0	0.0	0.0	0.0	0.0
_scratch_st-cdeboer-1_asfar_VLPs_results_crispresso_aggregated_spacer_ABE8e-SpRY_rep3_.staging_CRISPRessoPooled_on_ABE8e-SpRY_D0_rep3_CRISPResso_on_HEK3	Insertions_Left	0.0	0.0	0.0	0.0	0.0	0.0	0.0	0.0	0.0	0.0	0.0	0.0	0.0	0.0	0.0	0.0	0.0	0.0	0.0	0.0
_scratch_st-cdeboer-1_asfar_VLPs_results_crispresso_aggregated_spacer_ABE8e-SpRY_rep3_.staging_CRISPRessoPooled_on_ABE8e-SpRY_D0_rep3_CRISPResso_on_HEK3	Deletions	3.35328538135238e-05	8.38321345338095e-05	0.0	0.0	1.67664269067619e-05	0.0	0.0	0.0	0.0	0.0	0.0	0.0	0.0	0.0	0.0	0.0	0.0	0.0	0.0	0.0
_scratch_st-cdeboer-1_asfar_VLPs_results_crispresso_aggregated_spacer_ABE8e-SpRY_rep3_.staging_CRISPRessoPooled_on_ABE8e-SpRY_D0_rep3_CRISPResso_on_HEK3	Substitutions	0.0001844306959743809	0.0001844306959743809	6.70657076270476e-05	0.0002011971228811428	0.0001844306959743809	0.0008718541991516188	0.0001005985614405714	0.0007712556377110474	0.0001005985614405714	0.0001341314152540952	0.0001005985614405714	0.000335328538135238	8.38321345338095e-05	0.0002179635497879047	6.70657076270476e-05	8.38321345338095e-05	0.000167664269067619	0.0002179635497879047	0.0001508978421608571	0.0002514964036014285
_scratch_st-cdeboer-1_asfar_VLPs_results_crispresso_aggregated_spacer_ABE8e-SpRY_rep3_.staging_CRISPRessoPooled_on_ABE8e-SpRY_D0_rep3_CRISPResso_on_HEK3	All_modifications	0.0002179635497879047	0.0002682628305081904	6.70657076270476e-05	0.0002011971228811428	0.0002011971228811428	0.0008718541991516188	0.0001005985614405714	0.0007712556377110474	0.0001005985614405714	0.0001341314152540952	0.0001005985614405714	0.000335328538135238	8.38321345338095e-05	0.0002179635497879047	6.70657076270476e-05	8.38321345338095e-05	0.000167664269067619	0.0002179635497879047	0.0001508978421608571	0.0002514964036014285
_scratch_st-cdeboer-1_asfar_VLPs_results_crispresso_aggregated_spacer_ABE8e-SpRY_rep3_.staging_CRISPRessoPooled_on_ABE8e-SpRY_D1_rep3_CRISPResso_on_HEK3	Insertions	0.0	0.0	0.0	0.0	0.0	0.0	0.0	0.0	0.0	0.0	0.0	0.0	0.0	0.0	0.0	0.0	0.0	0.0	0.0	0.0
_scratch_st-cdeboer-1_asfar_VLPs_results_crispresso_aggregated_spacer_ABE8e-SpRY_rep3_.staging_CRISPRessoPooled_on_ABE8e-SpRY_D1_rep3_CRISPResso_on_HEK3	Insertions_Left	0.0	0.0	0.0	0.0	0.0	0.0	0.0	0.0	0.0	0.0	0.0	0.0	0.0	0.0	0.0	0.0	0.0	0.0	0.0	0.0
_scratch_st-cdeboer-1_asfar_VLPs_results_crispresso_aggregated_spacer_ABE8e-SpRY_rep3_.staging_CRISPRessoPooled_on_ABE8e-SpRY_D1_rep3_CRISPResso_on_HEK3	Deletions	0.0	8.751792434412047e-05	0.0	0.0	4.0392888158824835e-05	0.0	6.732148026470806e-06	6.732148026470806e-06	0.0	0.0	0.0	0.0	0.0	0.0	0.0	6.732148026470806e-06	0.0	0.0	1.3464296052941612e-05	0.0
_scratch_st-cdeboer-1_asfar_VLPs_results_crispresso_aggregated_spacer_ABE8e-SpRY_rep3_.staging_CRISPRessoPooled_on_ABE8e-SpRY_D1_rep3_CRISPResso_on_HEK3	Substitutions	0.0001144465164500037	0.0002154287368470658	6.732148026470806e-05	0.00016157155263529934	0.0001009822203970621	0.002571680546111848	0.00018850014474118258	0.00225526958886772	4.7125036185295646e-05	0.00016157155263529934	0.000242357328952949	0.0002019644407941242	0.00013464296052941613	0.0001009822203970621	3.366074013235403e-05	8.078577631764967e-05	0.0002490894769794198	0.00016830370066177016	0.00016830370066177016	0.00015483940460882855
_scratch_st-cdeboer-1_asfar_VLPs_results_crispresso_aggregated_spacer_ABE8e-SpRY_rep3_.staging_CRISPRessoPooled_on_ABE8e-SpRY_D1_rep3_CRISPResso_on_HEK3	All_modifications	0.0001144465164500037	0.0003029466611911863	6.732148026470806e-05	0.00016157155263529934	0.00014137510855588692	0.002571680546111848	0.00019523229276765337	0.0022620017368941907	4.7125036185295646e-05	0.00016157155263529934	0.000242357328952949	0.0002019644407941242	0.00013464296052941613	0.0001009822203970621	3.366074013235403e-05	8.751792434412047e-05	0.0002490894769794198	0.00016830370066177016	0.00018176799671471177	0.00015483940460882855
_scratch_st-cdeboer-1_asfar_VLPs_results_crispresso_aggregated_spacer_ABE8e-SpRY_rep3_.staging_CRISPRessoPooled_on_ABE8e-SpRY_D2_rep3_CRISPResso_on_HEK3	Insertions	0.0	0.0	0.0	0.0	0.0	0.0	2.7925680455747105e-05	2.7925680455747105e-05	0.0	0.00026063968425363965	0.00026063968425363965	0.0	0.0	0.0	0.0	0.0	0.0	0.0	0.0	0.0
_scratch_st-cdeboer-1_asfar_VLPs_results_crispresso_aggregated_spacer_ABE8e-SpRY_rep3_.staging_CRISPRessoPooled_on_ABE8e-SpRY_D2_rep3_CRISPResso_on_HEK3	Insertions_Left	0.0	0.0	0.0	0.0	0.0	0.0	2.7925680455747105e-05	0.0	0.0	0.00026063968425363965	0.0	0.0	0.0	0.0	0.0	0.0	0.0	0.0	0.0	0.0
_scratch_st-cdeboer-1_asfar_VLPs_results_crispresso_aggregated_spacer_ABE8e-SpRY_rep3_.staging_CRISPRessoPooled_on_ABE8e-SpRY_D2_rep3_CRISPResso_on_HEK3	Deletions	1.8617120303831402e-05	7.446848121532561e-05	1.8617120303831402e-05	6.515992106340991e-05	8.377704136724132e-05	6.515992106340991e-05	6.515992106340991e-05	8.377704136724132e-05	6.515992106340991e-05	1.8617120303831402e-05	2.7925680455747105e-05	1.8617120303831402e-05	1.8617120303831402e-05	1.8617120303831402e-05	1.8617120303831402e-05	1.8617120303831402e-05	2.7925680455747105e-05	1.8617120303831402e-05	1.8617120303831402e-05	0.0
_scratch_st-cdeboer-1_asfar_VLPs_results_crispresso_aggregated_spacer_ABE8e-SpRY_rep3_.staging_CRISPRessoPooled_on_ABE8e-SpRY_D2_rep3_CRISPResso_on_HEK3	Substitutions	0.00022340544364597684	0.00022340544364597684	0.00015824552258256693	0.000344416725620881	0.00106117585731839	0.03658264139702871	0.00018617120303831403	0.02680865323751722	7.446848121532561e-05	0.00019547976319022974	0.00020478832334214545	0.00038165096622854377	0.00011170272182298842	0.00014893696243065122	0.00013031984212681983	9.308560151915701e-05	0.00029787392486130244	0.00019547976319022974	0.00017686264288639832	0.00019547976319022974
_scratch_st-cdeboer-1_asfar_VLPs_results_crispresso_aggregated_spacer_ABE8e-SpRY_rep3_.staging_CRISPRessoPooled_on_ABE8e-SpRY_D2_rep3_CRISPResso_on_HEK3	All_modifications	0.00024202256394980823	0.00029787392486130244	0.00017686264288639832	0.0004095766466842909	0.0011449528986856312	0.036647801318092116	0.00027925680455747107	0.026920355959340208	0.00013962840227873554	0.0004747365677477008	0.0004933536880515322	0.0004002680865323752	0.00013031984212681983	0.00016755408273448264	0.00014893696243065122	0.00011170272182298842	0.00032579960531704957	0.00021409688349406113	0.00019547976319022974	0.00019547976319022974
_scratch_st-cdeboer-1_asfar_VLPs_results_crispresso_aggregated_spacer_ABE8e-SpRY_rep3_.staging_CRISPRessoPooled_on_ABE8e-SpRY_D3_rep3_CRISPResso_on_HEK3	Insertions	0.0	0.0	5.1793791650840785e-05	5.1793791650840785e-05	0.0	8.632298608473464e-05	0.00017264597216946927	0.00044887952764062017	0.0007941714719795587	0.002002693277165844	0.0015710783467421704	0.0	0.0	0.0	0.0	0.0	0.0	0.0	0.0	0.0
_scratch_st-cdeboer-1_asfar_VLPs_results_crispresso_aggregated_spacer_ABE8e-SpRY_rep3_.staging_CRISPRessoPooled_on_ABE8e-SpRY_D3_rep3_CRISPResso_on_HEK3	Insertions_Left	0.0	0.0	5.1793791650840785e-05	0.0	0.0	8.632298608473464e-05	8.632298608473464e-05	0.0003625565415558855	0.0004316149304236732	0.0015710783467421704	0.0	0.0	0.0	0.0	0.0	0.0	0.0	0.0	0.0	0.0
_scratch_st-cdeboer-1_asfar_VLPs_results_crispresso_aggregated_spacer_ABE8e-SpRY_rep3_.staging_CRISPRessoPooled_on_ABE8e-SpRY_D3_rep3_CRISPResso_on_HEK3	Deletions	0.0006215254998100894	0.000984082041365975	0.0007596422775456649	0.0009495528469320811	0.0010358758330168158	0.001208521805186285	0.0011739926107523912	0.0013466385829218603	0.0012775801940540727	0.0008804944580642933	0.0007596422775456649	0.0006215254998100894	0.0005179379165084079	0.00044887952764062017	0.00037982113877283244	0.00044887952764062017	0.0004316149304236732	0.0004316149304236732	0.00025896895825420395	0.000241704361037257
_scratch_st-cdeboer-1_asfar_VLPs_results_crispresso_aggregated_spacer_ABE8e-SpRY_rep3_.staging_CRISPRessoPooled_on_ABE8e-SpRY_D3_rep3_CRISPResso_on_HEK3	Substitutions	0.00017264597216946927	0.0002934981526880978	0.00044887952764062017	0.0047477642346604055	0.006387900970270363	0.3882635268119195	0.00013811677773557544	0.3097959324608957	5.1793791650840785e-05	0.00010358758330168157	0.000241704361037257	0.0009495528469320811	0.00015538137495252235	0.0003107627499050447	0.00039708573598977936	0.00013811677773557544	0.0002934981526880978	0.00015538137495252235	0.00017264597216946927	0.00020717516660336314
_scratch_st-cdeboer-1_asfar_VLPs_results_crispresso_aggregated_spacer_ABE8e-SpRY_rep3_.staging_CRISPRessoPooled_on_ABE8e-SpRY_D3_rep3_CRISPResso_on_HEK3	All_modifications	0.0007941714719795587	0.0012775801940540727	0.0012603155968371259	0.0057491108732433275	0.007423776803287179	0.3895583716031905	0.001484755360657436	0.31159145057145815	0.002123545457684472	0.0029867753185318187	0.002572424985325092	0.0015710783467421704	0.0006733192914609302	0.0007596422775456649	0.0007769068747626118	0.0005869963053761956	0.000725113083111771	0.0005869963053761956	0.0004316149304236732	0.00044887952764062017
_scratch_st-cdeboer-1_asfar_VLPs_results_crispresso_aggregated_spacer_ABE8e-SpRY_rep3_.staging_CRISPRessoPooled_on_ABE8e-SpRY_D4_rep3_CRISPResso_on_HEK3	Insertions	2.4264777249344852e-05	2.4264777249344852e-05	0.0	0.0	0.0	4.8529554498689704e-05	6.672813743569834e-05	6.672813743569834e-05	6.066194312336213e-05	0.0008674657866640784	0.000855333398039406	0.0	0.0	0.0	0.0	0.0	6.066194312336213e-06	6.066194312336213e-06	0.0	0.0
_scratch_st-cdeboer-1_asfar_VLPs_results_crispresso_aggregated_spacer_ABE8e-SpRY_rep3_.staging_CRISPRessoPooled_on_ABE8e-SpRY_D4_rep3_CRISPResso_on_HEK3	Insertions_Left	2.4264777249344852e-05	0.0	0.0	0.0	0.0	4.8529554498689704e-05	1.819858293700864e-05	4.8529554498689704e-05	1.2132388624672426e-05	0.000855333398039406	0.0	0.0	0.0	0.0	0.0	0.0	6.066194312336213e-06	0.0	0.0	0.0
_scratch_st-cdeboer-1_asfar_VLPs_results_crispresso_aggregated_spacer_ABE8e-SpRY_rep3_.staging_CRISPRessoPooled_on_ABE8e-SpRY_D4_rep3_CRISPResso_on_HEK3	Deletions	0.00012132388624672426	0.00025478016111812093	0.00010919149762205183	0.00024264777249344852	0.000285111132679802	0.00030330971561681063	0.00025478016111812093	0.000370037853052509	0.0002790449383674658	0.00015165485780840532	0.00015165485780840532	0.00015772105212074152	0.00015772105212074152	0.00015772105212074152	0.00013345627487139667	0.00013345627487139667	0.00010919149762205183	9.705910899737941e-05	9.099291468504319e-05	5.4595748811025917e-05
_scratch_st-cdeboer-1_asfar_VLPs_results_crispresso_aggregated_spacer_ABE8e-SpRY_rep3_.staging_CRISPRessoPooled_on_ABE8e-SpRY_D4_rep3_CRISPResso_on_HEK3	Substitutions	0.00016985344074541396	0.00026084635543045716	0.00019411821799475881	0.0014437542463360186	0.0019290497913229156	0.12962850626031253	0.0001455886634960691	0.09995268368436377	9.099291468504319e-05	0.00013345627487139667	0.00010919149762205183	0.00026691254974279334	9.099291468504319e-05	0.00013345627487139667	0.00021231680093176743	0.00012739008055906047	0.00030330971561681063	0.00018198582937008637	0.00021838299524410367	0.00016985344074541396
_scratch_st-cdeboer-1_asfar_VLPs_results_crispresso_aggregated_spacer_ABE8e-SpRY_rep3_.staging_CRISPRessoPooled_on_ABE8e-SpRY_D4_rep3_CRISPResso_on_HEK3	All_modifications	0.00031544210424148305	0.000539891293797923	0.00030330971561681063	0.001686402018829467	0.002214160924002718	0.12998034553042803	0.0004670969620498884	0.10038944967485199	0.0004306997961758711	0.0011525769193438805	0.0011161797534698632	0.00042463360186353487	0.0002487139668057847	0.0002911773269921382	0.0003457730758031641	0.00026084635543045716	0.0004185674075511987	0.000285111132679802	0.00030937590992914687	0.00022444918955643987
_scratch_st-cdeboer-1_asfar_VLPs_results_crispresso_aggregated_spacer_ABE8e-SpRY_rep3_.staging_CRISPRessoPooled_on_ABE8e-SpRY_D5_rep3_CRISPResso_on_HEK3	Insertions	5.052716677333513e-05	5.052716677333513e-05	3.368477784889009e-05	0.0	0.0	3.368477784889009e-05	0.00010105433354667026	0.00025263583386667566	0.0002694782227911207	0.0014484454475022738	0.0013642335028800484	0.0	0.0	0.0	0.0	0.0	0.0	0.0	0.0	0.0
_scratch_st-cdeboer-1_asfar_VLPs_results_crispresso_aggregated_spacer_ABE8e-SpRY_rep3_.staging_CRISPRessoPooled_on_ABE8e-SpRY_D5_rep3_CRISPResso_on_HEK3	Insertions_Left	1.6842388924445044e-05	3.368477784889009e-05	0.0	0.0	0.0	3.368477784889009e-05	6.736955569778018e-05	0.00018526627816889548	8.421194462222522e-05	0.0013642335028800484	0.0	0.0	0.0	0.0	0.0	0.0	0.0	0.0	0.0	0.0
_scratch_st-cdeboer-1_asfar_VLPs_results_crispresso_aggregated_spacer_ABE8e-SpRY_rep3_.staging_CRISPRessoPooled_on_ABE8e-SpRY_D5_rep3_CRISPResso_on_HEK3	Deletions	0.00016842388924445044	0.00028632061171556574	0.0002694782227911207	0.0003368477784889009	0.00037053255633779096	0.0005052716677333513	0.0003536901674133459	0.0005052716677333513	0.00040421733418668105	0.0002357934449422306	0.00021895105601778557	0.00021895105601778557	0.00021895105601778557	0.0002357934449422306	0.00021895105601778557	0.00025263583386667566	0.00025263583386667566	0.00018526627816889548	0.0001515815003200054	6.736955569778018e-05
_scratch_st-cdeboer-1_asfar_VLPs_results_crispresso_aggregated_spacer_ABE8e-SpRY_rep3_.staging_CRISPRessoPooled_on_ABE8e-SpRY_D5_rep3_CRISPResso_on_HEK3	Substitutions	0.00010105433354667026	0.00032000538956445583	0.00020210866709334053	0.002627412672213427	0.004766396065617947	0.24389463401488867	0.00025263583386667566	0.18728736483982888	0.0	0.0001515815003200054	0.00010105433354667026	0.0006063260012800216	0.0001178967224711153	0.00013473911139556035	0.0001515815003200054	6.736955569778018e-05	0.0003031630006400108	0.00021895105601778557	0.0001515815003200054	0.00016842388924445044
_scratch_st-cdeboer-1_asfar_VLPs_results_crispresso_aggregated_spacer_ABE8e-SpRY_rep3_.staging_CRISPRessoPooled_on_ABE8e-SpRY_D5_rep3_CRISPResso_on_HEK3	All_modifications	0.00032000538956445583	0.0006568531680533567	0.0005052716677333513	0.0029642604507023277	0.0051369286219557385	0.24443359046047092	0.0007073803348266918	0.1880452723414289	0.0006736955569778018	0.0018358203927645097	0.0016842388924445044	0.0008252770572978071	0.0003368477784889009	0.00037053255633779096	0.00037053255633779096	0.00032000538956445583	0.0005557988345066864	0.00040421733418668105	0.0003031630006400108	0.0002357934449422306
