Folder	Modification	G	G	A	G	G	C	T	A	T	C	C	A	G	C	G	T	G	A	G	T
_scratch_st-cdeboer-1_asfar_VLPs_results_crispresso_aggregated_spacer_ABEmax-NG_rep3_.staging_CRISPRessoPooled_on_ABEmax-NG_D0_rep3_CRISPResso_on_B2M	Insertions	0.0	0.0	0.0	0.0	0.0	0.0	0.0	0.0	0.0	0.0	0.0	0.0	0.0	0.0	0.0	0.0	0.0	0.0	0.0	0.0
_scratch_st-cdeboer-1_asfar_VLPs_results_crispresso_aggregated_spacer_ABEmax-NG_rep3_.staging_CRISPRessoPooled_on_ABEmax-NG_D0_rep3_CRISPResso_on_B2M	Insertions_Left	0.0	0.0	0.0	0.0	0.0	0.0	0.0	0.0	0.0	0.0	0.0	0.0	0.0	0.0	0.0	0.0	0.0	0.0	0.0	0.0
_scratch_st-cdeboer-1_asfar_VLPs_results_crispresso_aggregated_spacer_ABEmax-NG_rep3_.staging_CRISPRessoPooled_on_ABEmax-NG_D0_rep3_CRISPResso_on_B2M	Deletions	0.0	0.0	0.0	0.0	0.0	0.0	0.0	0.0	0.0	0.0	3.2079042761364e-05	0.0	0.0	0.0	0.0	0.0	0.0	0.0	0.0	0.0
_scratch_st-cdeboer-1_asfar_VLPs_results_crispresso_aggregated_spacer_ABEmax-NG_rep3_.staging_CRISPRessoPooled_on_ABEmax-NG_D0_rep3_CRISPResso_on_B2M	Substitutions	0.000513264684181824	0.000459799612912884	0.000310097413359852	0.00058811578395834	0.00029940439910606403	0.000181781242314396	0.000342176456121216	0.000256632342090912	0.00039564152739015603	0.00014970219955303201	0.00014970219955303201	0.000245939327837124	0.000171088228060608	0.000181781242314396	4.2772057015152e-05	0.000288711384852276	0.000224553299329548	0.00032079042761364	0.000245939327837124	0.000331483441867428
_scratch_st-cdeboer-1_asfar_VLPs_results_crispresso_aggregated_spacer_ABEmax-NG_rep3_.staging_CRISPRessoPooled_on_ABEmax-NG_D0_rep3_CRISPResso_on_B2M	All_modifications	0.000513264684181824	0.000459799612912884	0.000310097413359852	0.00058811578395834	0.00029940439910606403	0.000181781242314396	0.000342176456121216	0.000256632342090912	0.00039564152739015603	0.00014970219955303201	0.000181781242314396	0.000245939327837124	0.000171088228060608	0.000181781242314396	4.2772057015152e-05	0.000288711384852276	0.000224553299329548	0.00032079042761364	0.000245939327837124	0.000331483441867428
_scratch_st-cdeboer-1_asfar_VLPs_results_crispresso_aggregated_spacer_ABEmax-NG_rep3_.staging_CRISPRessoPooled_on_ABEmax-NG_D1_rep3_CRISPResso_on_B2M	Insertions	0.0	0.0	0.0	0.0	0.0	0.0	0.0	0.0	0.0	0.0	0.0	0.0	0.0	0.0	0.0	0.0	0.0	0.0	0.0	0.0
_scratch_st-cdeboer-1_asfar_VLPs_results_crispresso_aggregated_spacer_ABEmax-NG_rep3_.staging_CRISPRessoPooled_on_ABEmax-NG_D1_rep3_CRISPResso_on_B2M	Insertions_Left	0.0	0.0	0.0	0.0	0.0	0.0	0.0	0.0	0.0	0.0	0.0	0.0	0.0	0.0	0.0	0.0	0.0	0.0	0.0	0.0
_scratch_st-cdeboer-1_asfar_VLPs_results_crispresso_aggregated_spacer_ABEmax-NG_rep3_.staging_CRISPRessoPooled_on_ABEmax-NG_D1_rep3_CRISPResso_on_B2M	Deletions	0.0	4.062068405231944e-05	0.0	0.0	0.0	0.0	0.0	0.0	0.0	0.0	4.062068405231944e-05	0.0	0.0	0.0	0.0	0.0	0.0	0.0	0.0	0.0
_scratch_st-cdeboer-1_asfar_VLPs_results_crispresso_aggregated_spacer_ABEmax-NG_rep3_.staging_CRISPRessoPooled_on_ABEmax-NG_D1_rep3_CRISPResso_on_B2M	Substitutions	0.0008530343650987082	0.0005686895767324722	0.0004062068405231944	0.000365586156470875	0.000365586156470875	8.124136810463888e-05	0.0002031034202615972	0.00012186205215695832	0.00032496547241855553	8.124136810463888e-05	0.00016248273620927777	0.000365586156470875	0.00012186205215695832	0.0002843447883662361	0.00016248273620927777	0.0004062068405231944	0.00024372410431391665	0.0	4.062068405231944e-05	0.00044682752457551384
_scratch_st-cdeboer-1_asfar_VLPs_results_crispresso_aggregated_spacer_ABEmax-NG_rep3_.staging_CRISPRessoPooled_on_ABEmax-NG_D1_rep3_CRISPResso_on_B2M	All_modifications	0.0008530343650987082	0.0006093102607847916	0.0004062068405231944	0.000365586156470875	0.000365586156470875	8.124136810463888e-05	0.0002031034202615972	0.00012186205215695832	0.00032496547241855553	8.124136810463888e-05	0.0002031034202615972	0.000365586156470875	0.00012186205215695832	0.0002843447883662361	0.00016248273620927777	0.0004062068405231944	0.00024372410431391665	0.0	4.062068405231944e-05	0.00044682752457551384
_scratch_st-cdeboer-1_asfar_VLPs_results_crispresso_aggregated_spacer_ABEmax-NG_rep3_.staging_CRISPRessoPooled_on_ABEmax-NG_D2_rep3_CRISPResso_on_B2M	Insertions	0.0	0.0	0.0	0.0	0.0	0.0	0.0	0.0	0.0	0.0	0.0	0.0	0.0	0.0	0.0	0.0	0.0	0.0	0.0	0.0
_scratch_st-cdeboer-1_asfar_VLPs_results_crispresso_aggregated_spacer_ABEmax-NG_rep3_.staging_CRISPRessoPooled_on_ABEmax-NG_D2_rep3_CRISPResso_on_B2M	Insertions_Left	0.0	0.0	0.0	0.0	0.0	0.0	0.0	0.0	0.0	0.0	0.0	0.0	0.0	0.0	0.0	0.0	0.0	0.0	0.0	0.0
_scratch_st-cdeboer-1_asfar_VLPs_results_crispresso_aggregated_spacer_ABEmax-NG_rep3_.staging_CRISPRessoPooled_on_ABEmax-NG_D2_rep3_CRISPResso_on_B2M	Deletions	0.0	3.24454105966711e-05	0.0	0.0	0.0	0.0	0.0	0.0	3.24454105966711e-05	0.0	3.24454105966711e-05	0.0	0.0	0.0	0.0	0.0	0.0	0.0	0.0	0.0
_scratch_st-cdeboer-1_asfar_VLPs_results_crispresso_aggregated_spacer_ABEmax-NG_rep3_.staging_CRISPRessoPooled_on_ABEmax-NG_D2_rep3_CRISPResso_on_B2M	Substitutions	0.0002920086953700399	0.0002920086953700399	0.0002920086953700399	0.00019467246358002662	0.00019467246358002662	6.48908211933422e-05	0.0002920086953700399	0.00019467246358002662	0.0002920086953700399	0.0001297816423866844	0.0001622270529833555	0.0002271178741766977	6.48908211933422e-05	0.0001622270529833555	3.24454105966711e-05	0.002822750721910386	0.0002595632847733688	0.0002595632847733688	6.48908211933422e-05	0.0002920086953700399
_scratch_st-cdeboer-1_asfar_VLPs_results_crispresso_aggregated_spacer_ABEmax-NG_rep3_.staging_CRISPRessoPooled_on_ABEmax-NG_D2_rep3_CRISPResso_on_B2M	All_modifications	0.0002920086953700399	0.000324454105966711	0.0002920086953700399	0.00019467246358002662	0.00019467246358002662	6.48908211933422e-05	0.0002920086953700399	0.00019467246358002662	0.000324454105966711	0.0001297816423866844	0.00019467246358002662	0.0002271178741766977	6.48908211933422e-05	0.0001622270529833555	3.24454105966711e-05	0.002822750721910386	0.0002595632847733688	0.0002595632847733688	6.48908211933422e-05	0.0002920086953700399
_scratch_st-cdeboer-1_asfar_VLPs_results_crispresso_aggregated_spacer_ABEmax-NG_rep3_.staging_CRISPRessoPooled_on_ABEmax-NG_D3_rep3_CRISPResso_on_B2M	Insertions	0.0	0.0	0.0	0.0	0.0	0.0	0.0	0.0	0.0	0.0	0.0	0.0	0.0	0.0	0.0	0.0	0.0	0.0	0.0	0.0
_scratch_st-cdeboer-1_asfar_VLPs_results_crispresso_aggregated_spacer_ABEmax-NG_rep3_.staging_CRISPRessoPooled_on_ABEmax-NG_D3_rep3_CRISPResso_on_B2M	Insertions_Left	0.0	0.0	0.0	0.0	0.0	0.0	0.0	0.0	0.0	0.0	0.0	0.0	0.0	0.0	0.0	0.0	0.0	0.0	0.0	0.0
_scratch_st-cdeboer-1_asfar_VLPs_results_crispresso_aggregated_spacer_ABEmax-NG_rep3_.staging_CRISPRessoPooled_on_ABEmax-NG_D3_rep3_CRISPResso_on_B2M	Deletions	0.0	0.0	2.8845876481956904e-05	0.0	0.0	0.0	0.0	0.0	0.0	0.0	0.0	0.0	0.0	0.0	0.0	0.0	0.0	0.0	0.0	0.0
_scratch_st-cdeboer-1_asfar_VLPs_results_crispresso_aggregated_spacer_ABEmax-NG_rep3_.staging_CRISPRessoPooled_on_ABEmax-NG_D3_rep3_CRISPResso_on_B2M	Substitutions	0.0002596128883376121	0.0002596128883376121	0.00017307525889174142	0.00028845876481956907	0.00020192113537369834	0.00011538350592782762	0.00020192113537369834	0.00014422938240978453	0.00031730464130152596	0.00017307525889174142	0.00014422938240978453	0.0002596128883376121	0.00020192113537369834	0.00011538350592782762	8.653762944587071e-05	0.0037499639426543975	0.0002596128883376121	0.00037499639426543974	5.769175296391381e-05	0.0004038422707473967
_scratch_st-cdeboer-1_asfar_VLPs_results_crispresso_aggregated_spacer_ABEmax-NG_rep3_.staging_CRISPRessoPooled_on_ABEmax-NG_D3_rep3_CRISPResso_on_B2M	All_modifications	0.0002596128883376121	0.0002596128883376121	0.00020192113537369834	0.00028845876481956907	0.00020192113537369834	0.00011538350592782762	0.00020192113537369834	0.00014422938240978453	0.00031730464130152596	0.00017307525889174142	0.00014422938240978453	0.0002596128883376121	0.00020192113537369834	0.00011538350592782762	8.653762944587071e-05	0.0037499639426543975	0.0002596128883376121	0.00037499639426543974	5.769175296391381e-05	0.0004038422707473967
_scratch_st-cdeboer-1_asfar_VLPs_results_crispresso_aggregated_spacer_ABEmax-NG_rep3_.staging_CRISPRessoPooled_on_ABEmax-NG_D4_rep3_CRISPResso_on_B2M	Insertions	0.0	0.0	0.0	0.0	0.0	0.0	0.0	0.0	0.0	0.0	0.0	0.0	0.0	0.0	0.0	0.0	0.0	0.0	0.0	0.0
_scratch_st-cdeboer-1_asfar_VLPs_results_crispresso_aggregated_spacer_ABEmax-NG_rep3_.staging_CRISPRessoPooled_on_ABEmax-NG_D4_rep3_CRISPResso_on_B2M	Insertions_Left	0.0	0.0	0.0	0.0	0.0	0.0	0.0	0.0	0.0	0.0	0.0	0.0	0.0	0.0	0.0	0.0	0.0	0.0	0.0	0.0
_scratch_st-cdeboer-1_asfar_VLPs_results_crispresso_aggregated_spacer_ABEmax-NG_rep3_.staging_CRISPRessoPooled_on_ABEmax-NG_D4_rep3_CRISPResso_on_B2M	Deletions	0.0	6.815703380588877e-05	1.239218796470705e-05	0.0	6.196093982353525e-06	0.0	0.0	0.0	0.0	0.0	0.0	0.0	0.0	0.0	0.0	0.0	0.0	0.0	0.0	0.0
_scratch_st-cdeboer-1_asfar_VLPs_results_crispresso_aggregated_spacer_ABEmax-NG_rep3_.staging_CRISPRessoPooled_on_ABEmax-NG_D4_rep3_CRISPResso_on_B2M	Substitutions	0.0004585109546941608	0.0004275304847823932	0.0002292554773470804	0.00045231486071180727	0.0002726281352235551	0.0001239218796470705	0.0002726281352235551	0.00018588281947060572	0.000247843759294141	0.00014870625557648459	0.00017349063150589867	0.0002788242292059086	0.00010533359770000992	0.000260235947258848	9.91375037176564e-05	0.0035751462278179836	0.00032839298106473677	0.00036556954495885793	0.0002292554773470804	0.0005018836125706354
_scratch_st-cdeboer-1_asfar_VLPs_results_crispresso_aggregated_spacer_ABEmax-NG_rep3_.staging_CRISPRessoPooled_on_ABEmax-NG_D4_rep3_CRISPResso_on_B2M	All_modifications	0.0004585109546941608	0.000495687518588282	0.00024164766531178746	0.00045231486071180727	0.0002788242292059086	0.0001239218796470705	0.0002726281352235551	0.00018588281947060572	0.000247843759294141	0.00014870625557648459	0.00017349063150589867	0.0002788242292059086	0.00010533359770000992	0.000260235947258848	9.91375037176564e-05	0.0035751462278179836	0.00032839298106473677	0.00036556954495885793	0.0002292554773470804	0.0005018836125706354
_scratch_st-cdeboer-1_asfar_VLPs_results_crispresso_aggregated_spacer_ABEmax-NG_rep3_.staging_CRISPRessoPooled_on_ABEmax-NG_D5_rep3_CRISPResso_on_B2M	Insertions	0.0	0.0	0.0	0.0	0.0	0.0	0.0	0.0	0.0	0.0	0.0	0.0	0.0	0.0	8.606370435396281e-06	8.606370435396281e-06	0.0	0.0	0.0	0.0
_scratch_st-cdeboer-1_asfar_VLPs_results_crispresso_aggregated_spacer_ABEmax-NG_rep3_.staging_CRISPRessoPooled_on_ABEmax-NG_D5_rep3_CRISPResso_on_B2M	Insertions_Left	0.0	0.0	0.0	0.0	0.0	0.0	0.0	0.0	0.0	0.0	0.0	0.0	0.0	0.0	8.606370435396281e-06	0.0	0.0	0.0	0.0	0.0
_scratch_st-cdeboer-1_asfar_VLPs_results_crispresso_aggregated_spacer_ABEmax-NG_rep3_.staging_CRISPRessoPooled_on_ABEmax-NG_D5_rep3_CRISPResso_on_B2M	Deletions	8.606370435396281e-06	4.30318521769814e-05	8.606370435396281e-06	8.606370435396281e-06	8.606370435396281e-06	8.606370435396281e-06	8.606370435396281e-06	8.606370435396281e-06	8.606370435396281e-06	8.606370435396281e-06	3.4425481741585123e-05	8.606370435396281e-06	6.885096348317025e-05	6.885096348317025e-05	6.885096348317025e-05	6.885096348317025e-05	6.885096348317025e-05	6.885096348317025e-05	6.885096348317025e-05	6.885096348317025e-05
_scratch_st-cdeboer-1_asfar_VLPs_results_crispresso_aggregated_spacer_ABEmax-NG_rep3_.staging_CRISPRessoPooled_on_ABEmax-NG_D5_rep3_CRISPResso_on_B2M	Substitutions	0.0003872866695928326	0.000430318521769814	0.00023237200175569957	0.0004991694852529842	0.0001377019269663405	9.467007478935909e-05	0.0002495847426264921	0.00014630829740173678	0.0005852331896069471	0.0001377019269663405	0.0001290955565309442	0.0002667974834972847	0.00014630829740173678	0.00020655289044951074	0.0001377019269663405	0.03139603934832563	0.0003614675582866438	0.0003442548174158512	0.0002495847426264921	0.0005680204487361545
_scratch_st-cdeboer-1_asfar_VLPs_results_crispresso_aggregated_spacer_ABEmax-NG_rep3_.staging_CRISPRessoPooled_on_ABEmax-NG_D5_rep3_CRISPResso_on_B2M	All_modifications	0.0003958930400282289	0.00047335037394679544	0.00024097837219109585	0.0005077758556883805	0.00014630829740173678	0.00010327644522475537	0.0002581911130618884	0.00015491466783713304	0.0005938395600423433	0.00014630829740173678	0.00016352103827252932	0.000275403853932681	0.000215159260884907	0.000275403853932681	0.000215159260884907	0.031473496682244195	0.000430318521769814	0.0004131057808990215	0.0003184357061096624	0.0006368714122193248
