Folder	Modification	G	G	C	C	C	A	G	A	C	T	G	A	G	C	A	C	G	T	G	A
_scratch_st-cdeboer-1_asfar_VLPs_results_crispresso_aggregated_spacer_ABEmax-NG_rep2_.staging_CRISPRessoPooled_on_ABEmax-NG_D0_rep2_CRISPResso_on_HEK3	Insertions	0.0	0.0	0.0	0.0	0.0	0.0	0.0	0.0	0.0	0.0	0.0	0.0	0.0	0.0	0.0	0.0	0.0	0.0	0.0	0.0
_scratch_st-cdeboer-1_asfar_VLPs_results_crispresso_aggregated_spacer_ABEmax-NG_rep2_.staging_CRISPRessoPooled_on_ABEmax-NG_D0_rep2_CRISPResso_on_HEK3	Insertions_Left	0.0	0.0	0.0	0.0	0.0	0.0	0.0	0.0	0.0	0.0	0.0	0.0	0.0	0.0	0.0	0.0	0.0	0.0	0.0	0.0
_scratch_st-cdeboer-1_asfar_VLPs_results_crispresso_aggregated_spacer_ABEmax-NG_rep2_.staging_CRISPRessoPooled_on_ABEmax-NG_D0_rep2_CRISPResso_on_HEK3	Deletions	0.0	2.7831895352073476e-05	0.0	0.0	2.7831895352073476e-05	0.0	0.0	0.0	0.0	0.0	0.0	0.0	0.0	0.0	0.0	0.0	0.0	0.0	0.0	0.0
_scratch_st-cdeboer-1_asfar_VLPs_results_crispresso_aggregated_spacer_ABEmax-NG_rep2_.staging_CRISPRessoPooled_on_ABEmax-NG_D0_rep2_CRISPResso_on_HEK3	Substitutions	0.00013915947676036738	0.00013915947676036738	0.0	8.349568605622043e-05	0.00016699137211244086	0.00013915947676036738	0.0002226551628165878	0.0003618146395769552	2.7831895352073476e-05	5.566379070414695e-05	0.00016699137211244086	0.00013915947676036738	0.0001113275814082939	8.349568605622043e-05	0.00013915947676036738	0.00013915947676036738	0.00013915947676036738	0.00016699137211244086	0.0002226551628165878	0.0003618146395769552
_scratch_st-cdeboer-1_asfar_VLPs_results_crispresso_aggregated_spacer_ABEmax-NG_rep2_.staging_CRISPRessoPooled_on_ABEmax-NG_D0_rep2_CRISPResso_on_HEK3	All_modifications	0.00013915947676036738	0.00016699137211244086	0.0	8.349568605622043e-05	0.00019482326746451432	0.00013915947676036738	0.0002226551628165878	0.0003618146395769552	2.7831895352073476e-05	5.566379070414695e-05	0.00016699137211244086	0.00013915947676036738	0.0001113275814082939	8.349568605622043e-05	0.00013915947676036738	0.00013915947676036738	0.00013915947676036738	0.00016699137211244086	0.0002226551628165878	0.0003618146395769552
_scratch_st-cdeboer-1_asfar_VLPs_results_crispresso_aggregated_spacer_ABEmax-NG_rep2_.staging_CRISPRessoPooled_on_ABEmax-NG_D1_rep2_CRISPResso_on_HEK3	Insertions	0.0	0.0	0.0	0.0	0.0	0.0	0.0	0.0	0.0	0.0	0.0	0.0	0.0	0.0	0.0	0.0	0.0	0.0	0.0	0.0
_scratch_st-cdeboer-1_asfar_VLPs_results_crispresso_aggregated_spacer_ABEmax-NG_rep2_.staging_CRISPRessoPooled_on_ABEmax-NG_D1_rep2_CRISPResso_on_HEK3	Insertions_Left	0.0	0.0	0.0	0.0	0.0	0.0	0.0	0.0	0.0	0.0	0.0	0.0	0.0	0.0	0.0	0.0	0.0	0.0	0.0	0.0
_scratch_st-cdeboer-1_asfar_VLPs_results_crispresso_aggregated_spacer_ABEmax-NG_rep2_.staging_CRISPRessoPooled_on_ABEmax-NG_D1_rep2_CRISPResso_on_HEK3	Deletions	3.8687712782420303e-05	7.737542556484061e-05	3.8687712782420303e-05	3.8687712782420303e-05	0.00011606313834726091	3.8687712782420303e-05	3.8687712782420303e-05	3.8687712782420303e-05	3.8687712782420303e-05	3.8687712782420303e-05	3.8687712782420303e-05	3.8687712782420303e-05	3.8687712782420303e-05	3.8687712782420303e-05	3.8687712782420303e-05	3.8687712782420303e-05	3.8687712782420303e-05	3.8687712782420303e-05	3.8687712782420303e-05	3.8687712782420303e-05
_scratch_st-cdeboer-1_asfar_VLPs_results_crispresso_aggregated_spacer_ABEmax-NG_rep2_.staging_CRISPRessoPooled_on_ABEmax-NG_D1_rep2_CRISPResso_on_HEK3	Substitutions	0.0002708139894769421	0.0002708139894769421	0.00015475085112968121	3.8687712782420303e-05	0.00011606313834726091	0.0011219436706901887	0.00030950170225936243	0.0005803156917363045	7.737542556484061e-05	0.00019343856391210152	0.00015475085112968121	0.00034818941504178273	7.737542556484061e-05	0.00015475085112968121	7.737542556484061e-05	0.00011606313834726091	0.00046425255338904364	0.0002708139894769421	0.00030950170225936243	0.00011606313834726091
_scratch_st-cdeboer-1_asfar_VLPs_results_crispresso_aggregated_spacer_ABEmax-NG_rep2_.staging_CRISPRessoPooled_on_ABEmax-NG_D1_rep2_CRISPResso_on_HEK3	All_modifications	0.00030950170225936243	0.00034818941504178273	0.00019343856391210152	7.737542556484061e-05	0.00023212627669452182	0.001160631383472609	0.00034818941504178273	0.0006190034045187249	0.00011606313834726091	0.00023212627669452182	0.00019343856391210152	0.00038687712782420303	0.00011606313834726091	0.00019343856391210152	0.00011606313834726091	0.00015475085112968121	0.0005029402661714639	0.00030950170225936243	0.00034818941504178273	0.00015475085112968121
_scratch_st-cdeboer-1_asfar_VLPs_results_crispresso_aggregated_spacer_ABEmax-NG_rep2_.staging_CRISPRessoPooled_on_ABEmax-NG_D2_rep2_CRISPResso_on_HEK3	Insertions	0.0	0.0	0.0	0.0	0.0	0.0	0.0	0.0	0.0	0.0003537631555673477	0.0003537631555673477	0.0	0.0	0.0	0.0	0.0	0.0	0.0	0.0	0.0
_scratch_st-cdeboer-1_asfar_VLPs_results_crispresso_aggregated_spacer_ABEmax-NG_rep2_.staging_CRISPRessoPooled_on_ABEmax-NG_D2_rep2_CRISPResso_on_HEK3	Insertions_Left	0.0	0.0	0.0	0.0	0.0	0.0	0.0	0.0	0.0	0.0003537631555673477	0.0	0.0	0.0	0.0	0.0	0.0	0.0	0.0	0.0	0.0
_scratch_st-cdeboer-1_asfar_VLPs_results_crispresso_aggregated_spacer_ABEmax-NG_rep2_.staging_CRISPRessoPooled_on_ABEmax-NG_D2_rep2_CRISPResso_on_HEK3	Deletions	0.0	4.422039444591846e-05	0.0	0.0	0.00017688157778367384	0.00013266118333775536	8.844078889183692e-05	8.844078889183692e-05	8.844078889183692e-05	8.844078889183692e-05	0.0	0.0	0.0	0.0	0.0	0.0	0.0	0.0	0.0	0.0
_scratch_st-cdeboer-1_asfar_VLPs_results_crispresso_aggregated_spacer_ABEmax-NG_rep2_.staging_CRISPRessoPooled_on_ABEmax-NG_D2_rep2_CRISPResso_on_HEK3	Substitutions	0.00017688157778367384	0.00017688157778367384	8.844078889183692e-05	0.00017688157778367384	8.844078889183692e-05	0.021446891306270453	0.0004422039444591846	0.006588838772441851	0.0	8.844078889183692e-05	0.0003537631555673477	0.00017688157778367384	8.844078889183692e-05	0.00017688157778367384	0.0	0.00017688157778367384	0.0002653223666755107	0.00013266118333775536	4.422039444591846e-05	0.00030954276112142923
_scratch_st-cdeboer-1_asfar_VLPs_results_crispresso_aggregated_spacer_ABEmax-NG_rep2_.staging_CRISPRessoPooled_on_ABEmax-NG_D2_rep2_CRISPResso_on_HEK3	All_modifications	0.00017688157778367384	0.0002211019722295923	8.844078889183692e-05	0.00017688157778367384	0.0002653223666755107	0.021579552489608207	0.0005306447333510214	0.006677279561333687	8.844078889183692e-05	0.0005306447333510214	0.0007075263111346954	0.00017688157778367384	8.844078889183692e-05	0.00017688157778367384	0.0	0.00017688157778367384	0.0002653223666755107	0.00013266118333775536	4.422039444591846e-05	0.00030954276112142923
_scratch_st-cdeboer-1_asfar_VLPs_results_crispresso_aggregated_spacer_ABEmax-NG_rep2_.staging_CRISPRessoPooled_on_ABEmax-NG_D3_rep2_CRISPResso_on_HEK3	Insertions	0.0	0.0	0.0	0.0	0.0	0.0	2.425359559554704e-05	2.425359559554704e-05	0.0	4.850719119109408e-05	4.850719119109408e-05	0.0	0.0	0.0	0.0	0.0	0.0	0.0	0.0	0.0
_scratch_st-cdeboer-1_asfar_VLPs_results_crispresso_aggregated_spacer_ABEmax-NG_rep2_.staging_CRISPRessoPooled_on_ABEmax-NG_D3_rep2_CRISPResso_on_HEK3	Insertions_Left	0.0	0.0	0.0	0.0	0.0	0.0	2.425359559554704e-05	0.0	0.0	4.850719119109408e-05	0.0	0.0	0.0	0.0	0.0	0.0	0.0	0.0	0.0	0.0
_scratch_st-cdeboer-1_asfar_VLPs_results_crispresso_aggregated_spacer_ABEmax-NG_rep2_.staging_CRISPRessoPooled_on_ABEmax-NG_D3_rep2_CRISPResso_on_HEK3	Deletions	0.0	7.276078678664112e-05	0.0	0.0	4.850719119109408e-05	0.0	9.701438238218816e-05	9.701438238218816e-05	9.701438238218816e-05	9.701438238218816e-05	9.701438238218816e-05	9.701438238218816e-05	9.701438238218816e-05	9.701438238218816e-05	9.701438238218816e-05	0.0	0.0	0.0	0.0	0.0
_scratch_st-cdeboer-1_asfar_VLPs_results_crispresso_aggregated_spacer_ABEmax-NG_rep2_.staging_CRISPRessoPooled_on_ABEmax-NG_D3_rep2_CRISPResso_on_HEK3	Substitutions	0.00014552157357328223	9.701438238218816e-05	0.0001212679779777352	9.701438238218816e-05	0.0001212679779777352	0.01450365016613713	0.00019402876476437632	0.004850719119109408	2.425359559554704e-05	9.701438238218816e-05	9.701438238218816e-05	0.0004365647207198467	2.425359559554704e-05	9.701438238218816e-05	0.0001212679779777352	0.0001212679779777352	0.00029104314714656446	0.00016977516916882927	0.00026678955155101745	0.00016977516916882927
_scratch_st-cdeboer-1_asfar_VLPs_results_crispresso_aggregated_spacer_ABEmax-NG_rep2_.staging_CRISPRessoPooled_on_ABEmax-NG_D3_rep2_CRISPResso_on_HEK3	All_modifications	0.00014552157357328223	0.00016977516916882927	0.0001212679779777352	9.701438238218816e-05	0.00016977516916882927	0.01450365016613713	0.00031529674274211153	0.004971987097087143	0.0001212679779777352	0.0002425359559554704	0.0002425359559554704	0.0005335791031020349	0.0001212679779777352	0.00019402876476437632	0.00021828236035992336	0.0001212679779777352	0.00029104314714656446	0.00016977516916882927	0.00026678955155101745	0.00016977516916882927
_scratch_st-cdeboer-1_asfar_VLPs_results_crispresso_aggregated_spacer_ABEmax-NG_rep2_.staging_CRISPRessoPooled_on_ABEmax-NG_D4_rep2_CRISPResso_on_HEK3	Insertions	0.0	0.0	0.0	0.0	0.0	0.0	0.00010226691665246293	0.00010226691665246293	0.00010226691665246293	0.00044315663882733933	0.0003408897221748764	0.0	0.0	0.0	0.0	0.0	0.0	0.0	0.0	0.0
_scratch_st-cdeboer-1_asfar_VLPs_results_crispresso_aggregated_spacer_ABEmax-NG_rep2_.staging_CRISPRessoPooled_on_ABEmax-NG_D4_rep2_CRISPResso_on_HEK3	Insertions_Left	0.0	0.0	0.0	0.0	0.0	0.0	0.00010226691665246293	0.0	0.00010226691665246293	0.0003408897221748764	0.0	0.0	0.0	0.0	0.0	0.0	0.0	0.0	0.0	0.0
_scratch_st-cdeboer-1_asfar_VLPs_results_crispresso_aggregated_spacer_ABEmax-NG_rep2_.staging_CRISPRessoPooled_on_ABEmax-NG_D4_rep2_CRISPResso_on_HEK3	Deletions	0.0	6.817794443497529e-05	0.0	0.0	0.0	0.0	0.0	0.0	0.0	0.0	0.0	0.0	0.0	0.0	0.0	0.0	0.0	0.0	0.0	0.0
_scratch_st-cdeboer-1_asfar_VLPs_results_crispresso_aggregated_spacer_ABEmax-NG_rep2_.staging_CRISPRessoPooled_on_ABEmax-NG_D4_rep2_CRISPResso_on_HEK3	Substitutions	0.00037497869439236407	0.00010226691665246293	0.0	0.00010226691665246293	6.817794443497529e-05	0.039100051133458325	0.0002386228055224135	0.010294869609681269	6.817794443497529e-05	0.00010226691665246293	0.00010226691665246293	0.0003408897221748764	6.817794443497529e-05	0.00013635588886995058	6.817794443497529e-05	6.817794443497529e-05	0.0003408897221748764	0.00027271177773990115	0.00020453383330492586	0.0001704448610874382
_scratch_st-cdeboer-1_asfar_VLPs_results_crispresso_aggregated_spacer_ABEmax-NG_rep2_.staging_CRISPRessoPooled_on_ABEmax-NG_D4_rep2_CRISPResso_on_HEK3	All_modifications	0.00037497869439236407	0.0001704448610874382	0.0	0.00010226691665246293	6.817794443497529e-05	0.039100051133458325	0.0003408897221748764	0.010397136526333731	0.0001704448610874382	0.0005454235554798023	0.00044315663882733933	0.0003408897221748764	6.817794443497529e-05	0.00013635588886995058	6.817794443497529e-05	6.817794443497529e-05	0.0003408897221748764	0.00027271177773990115	0.00020453383330492586	0.0001704448610874382
_scratch_st-cdeboer-1_asfar_VLPs_results_crispresso_aggregated_spacer_ABEmax-NG_rep2_.staging_CRISPRessoPooled_on_ABEmax-NG_D5_rep2_CRISPResso_on_HEK3	Insertions	0.0	0.00010889094571786355	0.00010889094571786355	0.0	0.0	5.444547285893178e-05	0.00010889094571786355	0.00010889094571786355	5.444547285893178e-05	0.0008166820928839767	0.0008166820928839767	0.0	0.0	0.0	0.0	0.0	0.0	0.0	0.0	0.0
_scratch_st-cdeboer-1_asfar_VLPs_results_crispresso_aggregated_spacer_ABEmax-NG_rep2_.staging_CRISPRessoPooled_on_ABEmax-NG_D5_rep2_CRISPResso_on_HEK3	Insertions_Left	0.0	0.00010889094571786355	0.0	0.0	0.0	5.444547285893178e-05	5.444547285893178e-05	5.444547285893178e-05	0.0	0.0008166820928839767	0.0	0.0	0.0	0.0	0.0	0.0	0.0	0.0	0.0	0.0
_scratch_st-cdeboer-1_asfar_VLPs_results_crispresso_aggregated_spacer_ABEmax-NG_rep2_.staging_CRISPRessoPooled_on_ABEmax-NG_D5_rep2_CRISPResso_on_HEK3	Deletions	0.0	0.00010889094571786355	0.0	0.0	5.444547285893178e-05	5.444547285893178e-05	5.444547285893178e-05	5.444547285893178e-05	5.444547285893178e-05	0.0	0.0	0.0	0.0	0.0	0.0	0.0	0.0	0.0	0.0	0.0
_scratch_st-cdeboer-1_asfar_VLPs_results_crispresso_aggregated_spacer_ABEmax-NG_rep2_.staging_CRISPRessoPooled_on_ABEmax-NG_D5_rep2_CRISPResso_on_HEK3	Substitutions	0.00016333641857679533	5.444547285893178e-05	0.00010889094571786355	0.00016333641857679533	0.00010889094571786355	0.06658681330647356	0.00038111831001252244	0.02292154407361028	0.00010889094571786355	0.00010889094571786355	0.0	0.0002177818914357271	5.444547285893178e-05	0.00016333641857679533	5.444547285893178e-05	0.00010889094571786355	0.00032667283715359066	5.444547285893178e-05	0.0002177818914357271	0.0002722273642946589
_scratch_st-cdeboer-1_asfar_VLPs_results_crispresso_aggregated_spacer_ABEmax-NG_rep2_.staging_CRISPRessoPooled_on_ABEmax-NG_D5_rep2_CRISPResso_on_HEK3	All_modifications	0.00016333641857679533	0.0002722273642946589	0.0002177818914357271	0.00016333641857679533	0.00016333641857679533	0.06669570425219143	0.0005444547285893178	0.023084880492187074	0.0002177818914357271	0.0009255730386018402	0.0008166820928839767	0.0002177818914357271	5.444547285893178e-05	0.00016333641857679533	5.444547285893178e-05	0.00010889094571786355	0.00032667283715359066	5.444547285893178e-05	0.0002177818914357271	0.0002722273642946589
