Folder	Modification	G	G	C	C	C	A	G	A	C	T	G	A	G	C	A	C	G	T	G	A
_scratch_st-cdeboer-1_asfar_VLPs_results_crispresso_aggregated_spacer_ABEmax-NG_rep1_.staging_CRISPRessoPooled_on_ABEmax-NG_D0_rep1_CRISPResso_on_HEK3	Insertions	0.0	0.0	0.0	0.0	0.0	0.0	0.0	0.0	0.0	0.0	0.0	0.0	0.0	0.0	0.0	0.0	0.0	0.0	0.0	0.0
_scratch_st-cdeboer-1_asfar_VLPs_results_crispresso_aggregated_spacer_ABEmax-NG_rep1_.staging_CRISPRessoPooled_on_ABEmax-NG_D0_rep1_CRISPResso_on_HEK3	Insertions_Left	0.0	0.0	0.0	0.0	0.0	0.0	0.0	0.0	0.0	0.0	0.0	0.0	0.0	0.0	0.0	0.0	0.0	0.0	0.0	0.0
_scratch_st-cdeboer-1_asfar_VLPs_results_crispresso_aggregated_spacer_ABEmax-NG_rep1_.staging_CRISPRessoPooled_on_ABEmax-NG_D0_rep1_CRISPResso_on_HEK3	Deletions	0.0	7.833511763323498e-05	0.0	0.0	2.6111705877744993e-05	0.0	0.0	0.0	0.0	0.0	0.0	0.0	0.0	0.0	0.0	0.0	0.0	0.0	0.0	0.0
_scratch_st-cdeboer-1_asfar_VLPs_results_crispresso_aggregated_spacer_ABEmax-NG_rep1_.staging_CRISPRessoPooled_on_ABEmax-NG_D0_rep1_CRISPResso_on_HEK3	Substitutions	0.00013055852938872496	0.00020889364702195994	5.2223411755489986e-05	7.833511763323498e-05	5.2223411755489986e-05	5.2223411755489986e-05	0.00031334047053293993	0.00023500535289970495	2.6111705877744993e-05	0.00020889364702195994	0.00020889364702195994	0.00023500535289970495	0.0002611170587774499	0.00015667023526646996	7.833511763323498e-05	0.00010444682351097997	0.00023500535289970495	0.00020889364702195994	0.00013055852938872496	0.00020889364702195994
_scratch_st-cdeboer-1_asfar_VLPs_results_crispresso_aggregated_spacer_ABEmax-NG_rep1_.staging_CRISPRessoPooled_on_ABEmax-NG_D0_rep1_CRISPResso_on_HEK3	All_modifications	0.00013055852938872496	0.0002872287646551949	5.2223411755489986e-05	7.833511763323498e-05	7.833511763323498e-05	5.2223411755489986e-05	0.00031334047053293993	0.00023500535289970495	2.6111705877744993e-05	0.00020889364702195994	0.00020889364702195994	0.00023500535289970495	0.0002611170587774499	0.00015667023526646996	7.833511763323498e-05	0.00010444682351097997	0.00023500535289970495	0.00020889364702195994	0.00013055852938872496	0.00020889364702195994
_scratch_st-cdeboer-1_asfar_VLPs_results_crispresso_aggregated_spacer_ABEmax-NG_rep1_.staging_CRISPRessoPooled_on_ABEmax-NG_D1_rep1_CRISPResso_on_HEK3	Insertions	0.0	0.0	0.0	0.0	0.0	0.0	0.0	0.0	0.0	0.0	0.0	0.0	0.0	0.0	0.0	0.0	0.0	0.0	0.0	0.0
_scratch_st-cdeboer-1_asfar_VLPs_results_crispresso_aggregated_spacer_ABEmax-NG_rep1_.staging_CRISPRessoPooled_on_ABEmax-NG_D1_rep1_CRISPResso_on_HEK3	Insertions_Left	0.0	0.0	0.0	0.0	0.0	0.0	0.0	0.0	0.0	0.0	0.0	0.0	0.0	0.0	0.0	0.0	0.0	0.0	0.0	0.0
_scratch_st-cdeboer-1_asfar_VLPs_results_crispresso_aggregated_spacer_ABEmax-NG_rep1_.staging_CRISPRessoPooled_on_ABEmax-NG_D1_rep1_CRISPResso_on_HEK3	Deletions	0.0	0.0	0.0	0.0	0.0	0.0	0.0	0.0	0.0	0.0	0.0	0.0	0.0	0.0	0.0	0.0	0.0	0.0	0.0	0.0
_scratch_st-cdeboer-1_asfar_VLPs_results_crispresso_aggregated_spacer_ABEmax-NG_rep1_.staging_CRISPRessoPooled_on_ABEmax-NG_D1_rep1_CRISPResso_on_HEK3	Substitutions	0.0	0.0	0.0	0.0	0.0	0.001889168765743073	0.0006297229219143577	0.0012594458438287153	0.0	0.0	0.0	0.0	0.0006297229219143577	0.0	0.0006297229219143577	0.0	0.0	0.0	0.0012594458438287153	0.0012594458438287153
_scratch_st-cdeboer-1_asfar_VLPs_results_crispresso_aggregated_spacer_ABEmax-NG_rep1_.staging_CRISPRessoPooled_on_ABEmax-NG_D1_rep1_CRISPResso_on_HEK3	All_modifications	0.0	0.0	0.0	0.0	0.0	0.001889168765743073	0.0006297229219143577	0.0012594458438287153	0.0	0.0	0.0	0.0	0.0006297229219143577	0.0	0.0006297229219143577	0.0	0.0	0.0	0.0012594458438287153	0.0012594458438287153
_scratch_st-cdeboer-1_asfar_VLPs_results_crispresso_aggregated_spacer_ABEmax-NG_rep1_.staging_CRISPRessoPooled_on_ABEmax-NG_D2_rep1_CRISPResso_on_HEK3	Insertions	0.0	0.0	0.0	0.0	0.0	0.0	2.321208885587614e-05	2.321208885587614e-05	0.0	0.0	0.0	0.0	0.0	0.0	0.0	0.0	0.0	0.0	0.0	0.0
_scratch_st-cdeboer-1_asfar_VLPs_results_crispresso_aggregated_spacer_ABEmax-NG_rep1_.staging_CRISPRessoPooled_on_ABEmax-NG_D2_rep1_CRISPResso_on_HEK3	Insertions_Left	0.0	0.0	0.0	0.0	0.0	0.0	2.321208885587614e-05	0.0	0.0	0.0	0.0	0.0	0.0	0.0	0.0	0.0	0.0	0.0	0.0	0.0
_scratch_st-cdeboer-1_asfar_VLPs_results_crispresso_aggregated_spacer_ABEmax-NG_rep1_.staging_CRISPRessoPooled_on_ABEmax-NG_D2_rep1_CRISPResso_on_HEK3	Deletions	0.0	2.321208885587614e-05	0.0	0.0	0.0	0.0	0.0	0.0	0.0	0.0	2.321208885587614e-05	0.0	0.0	0.0	0.0	0.0	0.0	0.0	0.0	0.0
_scratch_st-cdeboer-1_asfar_VLPs_results_crispresso_aggregated_spacer_ABEmax-NG_rep1_.staging_CRISPRessoPooled_on_ABEmax-NG_D2_rep1_CRISPResso_on_HEK3	Substitutions	6.963626656762843e-05	0.0001160604442793807	4.642417771175228e-05	4.642417771175228e-05	9.284835542350455e-05	0.0003713934216940182	0.0003481813328381421	0.0003481813328381421	0.00016248462199113298	0.0001856967108470091	0.00020890879970288527	0.00013927253313525685	4.642417771175228e-05	0.0001160604442793807	0.0001160604442793807	0.0001160604442793807	0.0001856967108470091	0.0003017571551263898	0.00013927253313525685	0.0002785450662705137
_scratch_st-cdeboer-1_asfar_VLPs_results_crispresso_aggregated_spacer_ABEmax-NG_rep1_.staging_CRISPRessoPooled_on_ABEmax-NG_D2_rep1_CRISPResso_on_HEK3	All_modifications	6.963626656762843e-05	0.00013927253313525685	4.642417771175228e-05	4.642417771175228e-05	9.284835542350455e-05	0.0003713934216940182	0.0003713934216940182	0.0003713934216940182	0.00016248462199113298	0.0001856967108470091	0.0002321208885587614	0.00013927253313525685	4.642417771175228e-05	0.0001160604442793807	0.0001160604442793807	0.0001160604442793807	0.0001856967108470091	0.0003017571551263898	0.00013927253313525685	0.0002785450662705137
_scratch_st-cdeboer-1_asfar_VLPs_results_crispresso_aggregated_spacer_ABEmax-NG_rep1_.staging_CRISPRessoPooled_on_ABEmax-NG_D3_rep1_CRISPResso_on_HEK3	Insertions	0.0	0.0	0.0	0.0	0.0	0.0	0.0	0.0	0.0	0.00011408362329587588	0.00011408362329587588	0.0	0.0	0.0	0.0	0.0	0.0	0.0	0.0	0.0
_scratch_st-cdeboer-1_asfar_VLPs_results_crispresso_aggregated_spacer_ABEmax-NG_rep1_.staging_CRISPRessoPooled_on_ABEmax-NG_D3_rep1_CRISPResso_on_HEK3	Insertions_Left	0.0	0.0	0.0	0.0	0.0	0.0	0.0	0.0	0.0	0.00011408362329587588	0.0	0.0	0.0	0.0	0.0	0.0	0.0	0.0	0.0	0.0
_scratch_st-cdeboer-1_asfar_VLPs_results_crispresso_aggregated_spacer_ABEmax-NG_rep1_.staging_CRISPRessoPooled_on_ABEmax-NG_D3_rep1_CRISPResso_on_HEK3	Deletions	1.9013937215979313e-05	0.00011408362329587588	1.9013937215979313e-05	1.9013937215979313e-05	1.9013937215979313e-05	1.9013937215979313e-05	1.9013937215979313e-05	1.9013937215979313e-05	1.9013937215979313e-05	1.9013937215979313e-05	1.9013937215979313e-05	1.9013937215979313e-05	1.9013937215979313e-05	1.9013937215979313e-05	1.9013937215979313e-05	1.9013937215979313e-05	1.9013937215979313e-05	1.9013937215979313e-05	1.9013937215979313e-05	1.9013937215979313e-05
_scratch_st-cdeboer-1_asfar_VLPs_results_crispresso_aggregated_spacer_ABEmax-NG_rep1_.staging_CRISPRessoPooled_on_ABEmax-NG_D3_rep1_CRISPResso_on_HEK3	Substitutions	0.00013309756051185518	0.00039929268153556554	9.506968607989657e-05	0.00011408362329587588	0.00013309756051185518	0.02523149468560455	0.00020915330937577243	0.007605574886391725	9.506968607989657e-05	0.00011408362329587588	0.00013309756051185518	0.00022816724659175175	7.605574886391725e-05	0.00017112543494381382	0.00011408362329587588	0.0001521114977278345	0.00020915330937577243	0.00019013937215979314	0.00017112543494381382	0.00022816724659175175
_scratch_st-cdeboer-1_asfar_VLPs_results_crispresso_aggregated_spacer_ABEmax-NG_rep1_.staging_CRISPRessoPooled_on_ABEmax-NG_D3_rep1_CRISPResso_on_HEK3	All_modifications	0.0001521114977278345	0.0005133763048314414	0.00011408362329587588	0.00013309756051185518	0.0001521114977278345	0.02525050862282053	0.00022816724659175175	0.0076245888236077045	0.00011408362329587588	0.00024718118380773104	0.00026619512102371036	0.00024718118380773104	9.506968607989657e-05	0.00019013937215979314	0.00013309756051185518	0.00017112543494381382	0.00022816724659175175	0.00020915330937577243	0.00019013937215979314	0.00024718118380773104
_scratch_st-cdeboer-1_asfar_VLPs_results_crispresso_aggregated_spacer_ABEmax-NG_rep1_.staging_CRISPRessoPooled_on_ABEmax-NG_D4_rep1_CRISPResso_on_HEK3	Insertions	0.0	0.0	0.0	0.0	0.0	0.0	0.0	2.728364072901888e-05	2.728364072901888e-05	0.0005183891738513587	0.0005183891738513587	0.0	0.0	0.0	0.0	0.0	0.00021826912583215103	0.00021826912583215103	0.0	0.0
_scratch_st-cdeboer-1_asfar_VLPs_results_crispresso_aggregated_spacer_ABEmax-NG_rep1_.staging_CRISPRessoPooled_on_ABEmax-NG_D4_rep1_CRISPResso_on_HEK3	Insertions_Left	0.0	0.0	0.0	0.0	0.0	0.0	0.0	2.728364072901888e-05	0.0	0.0005183891738513587	0.0	0.0	0.0	0.0	0.0	0.0	0.00021826912583215103	0.0	0.0	0.0
_scratch_st-cdeboer-1_asfar_VLPs_results_crispresso_aggregated_spacer_ABEmax-NG_rep1_.staging_CRISPRessoPooled_on_ABEmax-NG_D4_rep1_CRISPResso_on_HEK3	Deletions	0.0	2.728364072901888e-05	0.0	0.0	0.0	0.0	0.0	0.0	0.0	0.0	0.0	0.0	0.0	2.728364072901888e-05	0.0	0.0	0.0	0.0	0.0	0.0
_scratch_st-cdeboer-1_asfar_VLPs_results_crispresso_aggregated_spacer_ABEmax-NG_rep1_.staging_CRISPRessoPooled_on_ABEmax-NG_D4_rep1_CRISPResso_on_HEK3	Substitutions	8.185092218705664e-05	0.00035468732947724547	2.728364072901888e-05	8.185092218705664e-05	0.00016370184437411328	0.04067990832696715	0.0002728364072901888	0.014351195023463931	0.0001364182036450944	0.00021826912583215103	5.456728145803776e-05	0.0002455527665611699	0.0002455527665611699	8.185092218705664e-05	8.185092218705664e-05	5.456728145803776e-05	0.00019098548510313216	0.0002455527665611699	0.0002728364072901888	8.185092218705664e-05
_scratch_st-cdeboer-1_asfar_VLPs_results_crispresso_aggregated_spacer_ABEmax-NG_rep1_.staging_CRISPRessoPooled_on_ABEmax-NG_D4_rep1_CRISPResso_on_HEK3	All_modifications	8.185092218705664e-05	0.0003819709702062643	2.728364072901888e-05	8.185092218705664e-05	0.00016370184437411328	0.04067990832696715	0.0002728364072901888	0.01437847866419295	0.00016370184437411328	0.0007366582996835097	0.0005729564553093965	0.0002455527665611699	0.0002455527665611699	0.00010913456291607552	8.185092218705664e-05	5.456728145803776e-05	0.0004092546109352832	0.00046382189239332097	0.0002728364072901888	8.185092218705664e-05
_scratch_st-cdeboer-1_asfar_VLPs_results_crispresso_aggregated_spacer_ABEmax-NG_rep1_.staging_CRISPRessoPooled_on_ABEmax-NG_D5_rep1_CRISPResso_on_HEK3	Insertions	0.0	0.0	0.0	0.0	2.4271844660194176e-05	2.4271844660194176e-05	0.00016990291262135922	0.0001941747572815534	2.4271844660194176e-05	0.0007281553398058253	0.0007281553398058253	0.0	0.0	0.0	0.0	0.0	0.0	0.0	0.0	0.0
_scratch_st-cdeboer-1_asfar_VLPs_results_crispresso_aggregated_spacer_ABEmax-NG_rep1_.staging_CRISPRessoPooled_on_ABEmax-NG_D5_rep1_CRISPResso_on_HEK3	Insertions_Left	0.0	0.0	0.0	0.0	2.4271844660194176e-05	0.0	0.00016990291262135922	2.4271844660194176e-05	0.0	0.0007281553398058253	0.0	0.0	0.0	0.0	0.0	0.0	0.0	0.0	0.0	0.0
_scratch_st-cdeboer-1_asfar_VLPs_results_crispresso_aggregated_spacer_ABEmax-NG_rep1_.staging_CRISPRessoPooled_on_ABEmax-NG_D5_rep1_CRISPResso_on_HEK3	Deletions	0.0	2.4271844660194176e-05	0.0	4.854368932038835e-05	7.281553398058253e-05	7.281553398058253e-05	4.854368932038835e-05	4.854368932038835e-05	0.0001941747572815534	0.0002912621359223301	0.0002912621359223301	0.0002912621359223301	0.00014563106796116506	0.00014563106796116506	9.70873786407767e-05	9.70873786407767e-05	0.0	0.0	0.0	0.0
_scratch_st-cdeboer-1_asfar_VLPs_results_crispresso_aggregated_spacer_ABEmax-NG_rep1_.staging_CRISPRessoPooled_on_ABEmax-NG_D5_rep1_CRISPResso_on_HEK3	Substitutions	0.0001941747572815534	0.00021844660194174757	4.854368932038835e-05	0.00036407766990291263	0.0001941747572815534	0.06415048543689321	0.00021844660194174757	0.021480582524271846	7.281553398058253e-05	0.00012135922330097087	0.00012135922330097087	0.00024271844660194174	0.00014563106796116506	4.854368932038835e-05	7.281553398058253e-05	7.281553398058253e-05	0.00016990291262135922	0.00024271844660194174	9.70873786407767e-05	0.0001941747572815534
_scratch_st-cdeboer-1_asfar_VLPs_results_crispresso_aggregated_spacer_ABEmax-NG_rep1_.staging_CRISPRessoPooled_on_ABEmax-NG_D5_rep1_CRISPResso_on_HEK3	All_modifications	0.0001941747572815534	0.00024271844660194174	4.854368932038835e-05	0.00041262135922330096	0.0002912621359223301	0.06424757281553398	0.00043689320388349515	0.021723300970873785	0.0002912621359223301	0.0011407766990291263	0.0011407766990291263	0.0005339805825242719	0.0002912621359223301	0.0001941747572815534	0.00016990291262135922	0.00016990291262135922	0.00016990291262135922	0.00024271844660194174	9.70873786407767e-05	0.0001941747572815534
