Folder	Modification	C	A	C	C	T	A	C	C	T	A	A	G	A	A	C	C	A	T	C	C
_scratch_st-cdeboer-1_asfar_VLPs_results_crispresso_aggregated_spacer_ABEmax-NG_rep1_.staging_CRISPRessoPooled_on_ABEmax-NG_D0_rep1_CRISPResso_on_PDCD1	Insertions	0.0	0.0	0.0	0.0	0.0	0.0	0.0	0.0	0.0	0.0	0.0	0.0	0.0	0.0	0.0	0.0	0.0	0.0	0.0	0.0
_scratch_st-cdeboer-1_asfar_VLPs_results_crispresso_aggregated_spacer_ABEmax-NG_rep1_.staging_CRISPRessoPooled_on_ABEmax-NG_D0_rep1_CRISPResso_on_PDCD1	Insertions_Left	0.0	0.0	0.0	0.0	0.0	0.0	0.0	0.0	0.0	0.0	0.0	0.0	0.0	0.0	0.0	0.0	0.0	0.0	0.0	0.0
_scratch_st-cdeboer-1_asfar_VLPs_results_crispresso_aggregated_spacer_ABEmax-NG_rep1_.staging_CRISPRessoPooled_on_ABEmax-NG_D0_rep1_CRISPResso_on_PDCD1	Deletions	0.0	0.0	0.0	0.0	0.0	0.0	0.0	0.0	0.0	0.0	0.0	0.0	0.0	1.994097471484406e-05	0.0	1.994097471484406e-05	0.0	0.0	0.0	0.0
_scratch_st-cdeboer-1_asfar_VLPs_results_crispresso_aggregated_spacer_ABEmax-NG_rep1_.staging_CRISPRessoPooled_on_ABEmax-NG_D0_rep1_CRISPResso_on_PDCD1	Substitutions	0.00017946877243359656	7.976389885937624e-05	7.976389885937624e-05	7.976389885937624e-05	0.00013958682300390843	9.97048735742203e-05	0.00011964584828906437	3.988194942968812e-05	0.00031905559543750497	0.00011964584828906437	0.00017946877243359656	0.00031905559543750497	0.0004187604690117253	7.976389885937624e-05	9.97048735742203e-05	0.00017946877243359656	0.00023929169657812874	0.00029911462072266094	0.00015952779771875248	0.0001994097471484406
_scratch_st-cdeboer-1_asfar_VLPs_results_crispresso_aggregated_spacer_ABEmax-NG_rep1_.staging_CRISPRessoPooled_on_ABEmax-NG_D0_rep1_CRISPResso_on_PDCD1	All_modifications	0.00017946877243359656	7.976389885937624e-05	7.976389885937624e-05	7.976389885937624e-05	0.00013958682300390843	9.97048735742203e-05	0.00011964584828906437	3.988194942968812e-05	0.00031905559543750497	0.00011964584828906437	0.00017946877243359656	0.00031905559543750497	0.0004187604690117253	9.97048735742203e-05	9.97048735742203e-05	0.0001994097471484406	0.00023929169657812874	0.00029911462072266094	0.00015952779771875248	0.0001994097471484406
_scratch_st-cdeboer-1_asfar_VLPs_results_crispresso_aggregated_spacer_ABEmax-NG_rep1_.staging_CRISPRessoPooled_on_ABEmax-NG_D1_rep1_CRISPResso_on_PDCD1	Insertions	0.0	0.0	0.0	0.0	0.0	0.0	0.0	0.0	0.0	2.959827738025647e-05	2.959827738025647e-05	0.0	0.0	0.0	0.0	0.0	0.0	0.0	0.0	0.0
_scratch_st-cdeboer-1_asfar_VLPs_results_crispresso_aggregated_spacer_ABEmax-NG_rep1_.staging_CRISPRessoPooled_on_ABEmax-NG_D1_rep1_CRISPResso_on_PDCD1	Insertions_Left	0.0	0.0	0.0	0.0	0.0	0.0	0.0	0.0	0.0	2.959827738025647e-05	0.0	0.0	0.0	0.0	0.0	0.0	0.0	0.0	0.0	0.0
_scratch_st-cdeboer-1_asfar_VLPs_results_crispresso_aggregated_spacer_ABEmax-NG_rep1_.staging_CRISPRessoPooled_on_ABEmax-NG_D1_rep1_CRISPResso_on_PDCD1	Deletions	2.2198708035192352e-05	0.0	0.0	0.0	0.0	0.0	0.0	3.699784672532059e-05	3.699784672532059e-05	0.0	5.179698541544882e-05	0.0	0.0	0.0	0.0	0.0	0.0	4.4397416070384704e-05	4.4397416070384704e-05	4.4397416070384704e-05
_scratch_st-cdeboer-1_asfar_VLPs_results_crispresso_aggregated_spacer_ABEmax-NG_rep1_.staging_CRISPRessoPooled_on_ABEmax-NG_D1_rep1_CRISPResso_on_PDCD1	Substitutions	0.0002145875110068594	0.00062896339433045	0.00016279052559141057	0.00014799138690128235	0.00017758966428153882	0.00443974160703847	0.00012579267886609	0.00017758966428153882	0.00022938664969698763	0.0019090888910265422	0.00028118363511243645	0.00019238880297166704	0.0002219870803519235	0.00014799138690128235	8.139526279570528e-05	8.879483214076941e-05	0.0001701900949364747	0.0003329806205278853	0.00015539095624634647	8.879483214076941e-05
_scratch_st-cdeboer-1_asfar_VLPs_results_crispresso_aggregated_spacer_ABEmax-NG_rep1_.staging_CRISPRessoPooled_on_ABEmax-NG_D1_rep1_CRISPResso_on_PDCD1	All_modifications	0.00023678621904205176	0.00062896339433045	0.00016279052559141057	0.00014799138690128235	0.00017758966428153882	0.00443974160703847	0.00012579267886609	0.0002145875110068594	0.0002663844964223082	0.0019386871684067986	0.00036257889790814173	0.00019238880297166704	0.0002219870803519235	0.00014799138690128235	8.139526279570528e-05	8.879483214076941e-05	0.0001701900949364747	0.00037737803659827	0.00019978837231673116	0.0001331922482111541
_scratch_st-cdeboer-1_asfar_VLPs_results_crispresso_aggregated_spacer_ABEmax-NG_rep1_.staging_CRISPRessoPooled_on_ABEmax-NG_D2_rep1_CRISPResso_on_PDCD1	Insertions	1.1364992413867564e-05	1.1364992413867564e-05	0.0	0.0	0.0	0.0	0.0	0.0	0.0	0.0	0.0	0.0	0.0	0.0	0.0	0.0	0.0	0.0	0.0	0.0
_scratch_st-cdeboer-1_asfar_VLPs_results_crispresso_aggregated_spacer_ABEmax-NG_rep1_.staging_CRISPRessoPooled_on_ABEmax-NG_D2_rep1_CRISPResso_on_PDCD1	Insertions_Left	1.1364992413867564e-05	0.0	0.0	0.0	0.0	0.0	0.0	0.0	0.0	0.0	0.0	0.0	0.0	0.0	0.0	0.0	0.0	0.0	0.0	0.0
_scratch_st-cdeboer-1_asfar_VLPs_results_crispresso_aggregated_spacer_ABEmax-NG_rep1_.staging_CRISPRessoPooled_on_ABEmax-NG_D2_rep1_CRISPResso_on_PDCD1	Deletions	1.1364992413867564e-05	1.1364992413867564e-05	5.682496206933782e-06	5.682496206933782e-06	5.682496206933782e-06	5.682496206933782e-06	5.682496206933782e-06	1.7047488620801346e-05	2.841248103466891e-05	5.682496206933782e-06	6.818995448320538e-05	1.1364992413867564e-05	1.1364992413867564e-05	1.1364992413867564e-05	5.682496206933782e-06	5.682496206933782e-06	5.682496206933782e-06	5.682496206933782e-06	5.682496206933782e-06	5.682496206933782e-06
_scratch_st-cdeboer-1_asfar_VLPs_results_crispresso_aggregated_spacer_ABEmax-NG_rep1_.staging_CRISPRessoPooled_on_ABEmax-NG_D2_rep1_CRISPResso_on_PDCD1	Substitutions	0.00010228493172480808	0.0002443473368981526	0.00016479239000107967	0.0001250149165525432	0.00017047488620801346	0.000994436836213412	0.0001591098937941459	0.0001591098937941459	0.00027275981793282154	0.00013637990896641077	0.00014774490138027833	0.00027275981793282154	0.00032958478000215933	0.0002443473368981526	0.00010228493172480808	0.00010796742793174186	0.00014206240517334454	0.0003239022837952256	0.00010796742793174186	0.0001591098937941459
_scratch_st-cdeboer-1_asfar_VLPs_results_crispresso_aggregated_spacer_ABEmax-NG_rep1_.staging_CRISPRessoPooled_on_ABEmax-NG_D2_rep1_CRISPResso_on_PDCD1	All_modifications	0.0001250149165525432	0.00026707732172588774	0.00017047488620801346	0.00013069741275947697	0.00017615738241494723	0.0010001193324203456	0.00016479239000107967	0.00017615738241494723	0.00030117229896749046	0.00014206240517334454	0.00021593485586348372	0.0002841248103466891	0.0003409497724160269	0.0002557123293120202	0.00010796742793174186	0.00011364992413867564	0.00014774490138027833	0.00032958478000215933	0.00011364992413867564	0.00016479239000107967
_scratch_st-cdeboer-1_asfar_VLPs_results_crispresso_aggregated_spacer_ABEmax-NG_rep1_.staging_CRISPRessoPooled_on_ABEmax-NG_D3_rep1_CRISPResso_on_PDCD1	Insertions	3.630379011568808e-05	3.630379011568808e-05	0.0	0.0	0.0	0.0	0.0	0.0	0.0	0.0	0.0	0.0	0.0	0.0	0.0	0.0	0.0	0.0	0.0	0.0
_scratch_st-cdeboer-1_asfar_VLPs_results_crispresso_aggregated_spacer_ABEmax-NG_rep1_.staging_CRISPRessoPooled_on_ABEmax-NG_D3_rep1_CRISPResso_on_PDCD1	Insertions_Left	3.630379011568808e-05	0.0	0.0	0.0	0.0	0.0	0.0	0.0	0.0	0.0	0.0	0.0	0.0	0.0	0.0	0.0	0.0	0.0	0.0	0.0
_scratch_st-cdeboer-1_asfar_VLPs_results_crispresso_aggregated_spacer_ABEmax-NG_rep1_.staging_CRISPRessoPooled_on_ABEmax-NG_D3_rep1_CRISPResso_on_PDCD1	Deletions	4.84050534875841e-05	6.050631685948013e-06	6.050631685948013e-06	1.2101263371896025e-05	1.2101263371896025e-05	6.050631685948013e-06	6.050631685948013e-06	1.815189505784404e-05	1.2101263371896025e-05	6.050631685948013e-06	6.655694854542815e-05	6.050631685948013e-06	6.050631685948013e-06	1.2101263371896025e-05	6.050631685948013e-06	6.050631685948013e-06	6.050631685948013e-06	6.050631685948013e-06	6.050631685948013e-06	6.050631685948013e-06
_scratch_st-cdeboer-1_asfar_VLPs_results_crispresso_aggregated_spacer_ABEmax-NG_rep1_.staging_CRISPRessoPooled_on_ABEmax-NG_D3_rep1_CRISPResso_on_PDCD1	Substitutions	0.0001391645287768043	0.0002783290575536086	0.00010286073866111622	0.00010891137034706423	0.0002359746357519725	0.001905948981073624	0.00014521516046275232	9.68101069751682e-05	0.0002359746357519725	0.000490101166561789	0.00010891137034706423	0.00020572147732223243	0.0002359746357519725	0.00016336705552059635	0.00010286073866111622	0.00012706326540490827	0.00021782274069412846	0.0003690885328428288	0.00010891137034706423	0.00016336705552059635
_scratch_st-cdeboer-1_asfar_VLPs_results_crispresso_aggregated_spacer_ABEmax-NG_rep1_.staging_CRISPRessoPooled_on_ABEmax-NG_D3_rep1_CRISPResso_on_PDCD1	All_modifications	0.00022387337238007648	0.00032068347935524467	0.00010891137034706423	0.00012101263371896026	0.0002480758991238685	0.0019119996127595722	0.00015126579214870032	0.00011496200203301224	0.0002480758991238685	0.000496151798247737	0.00017546831889249238	0.00021177210900818046	0.0002420252674379205	0.00017546831889249238	0.00010891137034706423	0.0001331138970908563	0.00022387337238007648	0.0003751391645287768	0.00011496200203301224	0.00016941768720654438
_scratch_st-cdeboer-1_asfar_VLPs_results_crispresso_aggregated_spacer_ABEmax-NG_rep1_.staging_CRISPRessoPooled_on_ABEmax-NG_D4_rep1_CRISPResso_on_PDCD1	Insertions	0.0	0.0	0.0	0.0	0.0	0.0	0.0	0.0	0.0	0.0	0.0	0.0	0.0	0.0	0.0	0.0	0.0	0.0	0.0	0.0
_scratch_st-cdeboer-1_asfar_VLPs_results_crispresso_aggregated_spacer_ABEmax-NG_rep1_.staging_CRISPRessoPooled_on_ABEmax-NG_D4_rep1_CRISPResso_on_PDCD1	Insertions_Left	0.0	0.0	0.0	0.0	0.0	0.0	0.0	0.0	0.0	0.0	0.0	0.0	0.0	0.0	0.0	0.0	0.0	0.0	0.0	0.0
_scratch_st-cdeboer-1_asfar_VLPs_results_crispresso_aggregated_spacer_ABEmax-NG_rep1_.staging_CRISPRessoPooled_on_ABEmax-NG_D4_rep1_CRISPResso_on_PDCD1	Deletions	4.031514928123848e-05	1.1518614080353852e-05	5.759307040176926e-06	5.759307040176926e-06	1.727792112053078e-05	5.759307040176926e-06	5.759307040176926e-06	5.759307040176926e-06	1.1518614080353852e-05	5.759307040176926e-06	4.607445632141541e-05	5.759307040176926e-06	5.759307040176926e-06	5.759307040176926e-06	5.759307040176926e-06	5.759307040176926e-06	5.759307040176926e-06	5.759307040176926e-06	0.0	5.759307040176926e-06
_scratch_st-cdeboer-1_asfar_VLPs_results_crispresso_aggregated_spacer_ABEmax-NG_rep1_.staging_CRISPRessoPooled_on_ABEmax-NG_D4_rep1_CRISPResso_on_PDCD1	Substitutions	0.0001958164393660155	0.00025340950976778475	0.00010366752672318466	0.00011518614080353852	0.00024189089568743088	0.0035822889789900478	0.00012670475488389237	0.00010366752672318466	0.00023037228160707705	0.0004607445632141541	0.000155501290084777	0.00025916881680796165	0.0002649281238481386	0.00024189089568743088	0.00010366752672318466	8.638960560265388e-05	0.0001958164393660155	0.00029948396608920014	8.638960560265388e-05	0.00013822336896424624
_scratch_st-cdeboer-1_asfar_VLPs_results_crispresso_aggregated_spacer_ABEmax-NG_rep1_.staging_CRISPRessoPooled_on_ABEmax-NG_D4_rep1_CRISPResso_on_PDCD1	All_modifications	0.00023613158864725395	0.0002649281238481386	0.0001094268337633616	0.00012094544784371544	0.00025916881680796165	0.003588048286030225	0.0001324640619240693	0.0001094268337633616	0.00024189089568743088	0.000466503870254331	0.0002015757464061924	0.0002649281238481386	0.0002706874308883155	0.0002476502027276078	0.0001094268337633616	9.214891264283081e-05	0.0002015757464061924	0.0003052432731293771	8.638960560265388e-05	0.00014398267600442314
_scratch_st-cdeboer-1_asfar_VLPs_results_crispresso_aggregated_spacer_ABEmax-NG_rep1_.staging_CRISPRessoPooled_on_ABEmax-NG_D5_rep1_CRISPResso_on_PDCD1	Insertions	0.0	0.0	0.0	0.0	0.0	0.0	0.0	0.0	0.0	0.0	0.0	0.0	0.0	0.0	0.0	0.0	0.0	0.0	0.0	0.0
_scratch_st-cdeboer-1_asfar_VLPs_results_crispresso_aggregated_spacer_ABEmax-NG_rep1_.staging_CRISPRessoPooled_on_ABEmax-NG_D5_rep1_CRISPResso_on_PDCD1	Insertions_Left	0.0	0.0	0.0	0.0	0.0	0.0	0.0	0.0	0.0	0.0	0.0	0.0	0.0	0.0	0.0	0.0	0.0	0.0	0.0	0.0
_scratch_st-cdeboer-1_asfar_VLPs_results_crispresso_aggregated_spacer_ABEmax-NG_rep1_.staging_CRISPRessoPooled_on_ABEmax-NG_D5_rep1_CRISPResso_on_PDCD1	Deletions	4.810269237641044e-05	1.3743626393260126e-05	1.3743626393260126e-05	1.3743626393260126e-05	1.3743626393260126e-05	1.3743626393260126e-05	1.3743626393260126e-05	1.3743626393260126e-05	2.7487252786520252e-05	1.3743626393260126e-05	6.184631876967056e-05	1.3743626393260126e-05	1.3743626393260126e-05	1.3743626393260126e-05	1.3743626393260126e-05	1.3743626393260126e-05	1.3743626393260126e-05	2.061543958989019e-05	1.3743626393260126e-05	1.3743626393260126e-05
_scratch_st-cdeboer-1_asfar_VLPs_results_crispresso_aggregated_spacer_ABEmax-NG_rep1_.staging_CRISPRessoPooled_on_ABEmax-NG_D5_rep1_CRISPResso_on_PDCD1	Substitutions	0.00015117989032586139	0.0001855389563090117	0.0001855389563090117	0.00016492351671912152	0.00021989802229216201	0.0033534448399554708	0.00019241076950564175	0.00012369263753934112	0.00019241076950564175	0.0004054369786011737	0.00015805170352249144	0.00016492351671912152	0.0003161034070449829	0.0001305644507359712	8.933357155619081e-05	0.00017179532991575157	0.00021302620909553193	0.0003504624730281332	0.0001443080771292313	0.00015117989032586139
_scratch_st-cdeboer-1_asfar_VLPs_results_crispresso_aggregated_spacer_ABEmax-NG_rep1_.staging_CRISPRessoPooled_on_ABEmax-NG_D5_rep1_CRISPResso_on_PDCD1	All_modifications	0.00019928258270227183	0.00019928258270227183	0.00019928258270227183	0.00017866714311238162	0.00023364164868542214	0.0033671884663487306	0.00020615439589890188	0.00013743626393260126	0.00021989802229216201	0.00041918060499443384	0.00021989802229216201	0.00017866714311238162	0.00032984703343824303	0.0001443080771292313	0.00010307719794945094	0.0001855389563090117	0.00022676983548879207	0.0003710779126180234	0.00015805170352249144	0.00016492351671912152
