Folder	Modification	G	G	C	C	C	A	G	A	C	T	G	A	G	C	A	C	G	T	G	A
_scratch_st-cdeboer-1_asfar_VLPs_results_crispresso_aggregated_spacer_ABEmax-NG_rep3_.staging_CRISPRessoPooled_on_ABEmax-NG_D0_rep3_CRISPResso_on_HEK3	Insertions	0.0	0.0	0.0	0.0	0.0	0.0	0.0	0.0	0.0	0.0	0.0	0.0	0.0	0.0	0.0	0.0	0.0	0.0	0.0	0.0
_scratch_st-cdeboer-1_asfar_VLPs_results_crispresso_aggregated_spacer_ABEmax-NG_rep3_.staging_CRISPRessoPooled_on_ABEmax-NG_D0_rep3_CRISPResso_on_HEK3	Insertions_Left	0.0	0.0	0.0	0.0	0.0	0.0	0.0	0.0	0.0	0.0	0.0	0.0	0.0	0.0	0.0	0.0	0.0	0.0	0.0	0.0
_scratch_st-cdeboer-1_asfar_VLPs_results_crispresso_aggregated_spacer_ABEmax-NG_rep3_.staging_CRISPRessoPooled_on_ABEmax-NG_D0_rep3_CRISPResso_on_HEK3	Deletions	0.0	0.0	0.0	0.0	1.8108396863625662e-05	0.0	0.0	0.0	0.0	0.0	1.8108396863625662e-05	0.0	0.0	0.0	0.0	0.0	0.0	0.0	1.8108396863625662e-05	0.0
_scratch_st-cdeboer-1_asfar_VLPs_results_crispresso_aggregated_spacer_ABEmax-NG_rep3_.staging_CRISPRessoPooled_on_ABEmax-NG_D0_rep3_CRISPResso_on_HEK3	Substitutions	0.0002535175560907593	0.00012675877804537965	1.8108396863625662e-05	3.6216793727251324e-05	9.054198431812832e-05	0.00016297557177263097	0.00019919236549988229	0.00027162595295438495	0.00010865038118175398	0.00012675877804537965	0.0001448671749090053	0.0002535175560907593	0.00016297557177263097	9.054198431812832e-05	7.243358745450265e-05	0.00010865038118175398	0.0002535175560907593	0.00023540915922713363	0.00016297557177263097	0.00010865038118175398
_scratch_st-cdeboer-1_asfar_VLPs_results_crispresso_aggregated_spacer_ABEmax-NG_rep3_.staging_CRISPRessoPooled_on_ABEmax-NG_D0_rep3_CRISPResso_on_HEK3	All_modifications	0.0002535175560907593	0.00012675877804537965	1.8108396863625662e-05	3.6216793727251324e-05	0.00010865038118175398	0.00016297557177263097	0.00019919236549988229	0.00027162595295438495	0.00010865038118175398	0.00012675877804537965	0.00016297557177263097	0.0002535175560907593	0.00016297557177263097	9.054198431812832e-05	7.243358745450265e-05	0.00010865038118175398	0.0002535175560907593	0.00023540915922713363	0.00018108396863625664	0.00010865038118175398
_scratch_st-cdeboer-1_asfar_VLPs_results_crispresso_aggregated_spacer_ABEmax-NG_rep3_.staging_CRISPRessoPooled_on_ABEmax-NG_D1_rep3_CRISPResso_on_HEK3	Insertions	0.0	0.0	0.0	0.0	0.0	0.0	0.0	0.0	0.0	0.0	0.0	0.0	0.0	0.0	0.0	0.0	0.0	0.0	0.0	0.0
_scratch_st-cdeboer-1_asfar_VLPs_results_crispresso_aggregated_spacer_ABEmax-NG_rep3_.staging_CRISPRessoPooled_on_ABEmax-NG_D1_rep3_CRISPResso_on_HEK3	Insertions_Left	0.0	0.0	0.0	0.0	0.0	0.0	0.0	0.0	0.0	0.0	0.0	0.0	0.0	0.0	0.0	0.0	0.0	0.0	0.0	0.0
_scratch_st-cdeboer-1_asfar_VLPs_results_crispresso_aggregated_spacer_ABEmax-NG_rep3_.staging_CRISPRessoPooled_on_ABEmax-NG_D1_rep3_CRISPResso_on_HEK3	Deletions	0.0	2.2293064627594354e-05	0.0	0.0	4.458612925518871e-05	0.0	0.0	0.0	0.0	0.0	2.2293064627594354e-05	0.0	0.0	0.0	0.0	0.0	0.0	0.0	0.0	0.0
_scratch_st-cdeboer-1_asfar_VLPs_results_crispresso_aggregated_spacer_ABEmax-NG_rep3_.staging_CRISPRessoPooled_on_ABEmax-NG_D1_rep3_CRISPResso_on_HEK3	Substitutions	0.00011146532313797177	0.0002452237109035379	0.00011146532313797177	6.687919388278306e-05	0.00011146532313797177	0.001694272911697171	0.0002452237109035379	0.0005127404864346701	2.2293064627594354e-05	0.00017834451702075483	0.00026751677553113224	0.0002452237109035379	4.458612925518871e-05	8.917225851037742e-05	2.2293064627594354e-05	8.917225851037742e-05	0.00017834451702075483	0.0002006375816483492	0.00013375838776556612	0.0002006375816483492
_scratch_st-cdeboer-1_asfar_VLPs_results_crispresso_aggregated_spacer_ABEmax-NG_rep3_.staging_CRISPRessoPooled_on_ABEmax-NG_D1_rep3_CRISPResso_on_HEK3	All_modifications	0.00011146532313797177	0.00026751677553113224	0.00011146532313797177	6.687919388278306e-05	0.0001560514523931605	0.001694272911697171	0.0002452237109035379	0.0005127404864346701	2.2293064627594354e-05	0.00017834451702075483	0.00028980984015872664	0.0002452237109035379	4.458612925518871e-05	8.917225851037742e-05	2.2293064627594354e-05	8.917225851037742e-05	0.00017834451702075483	0.0002006375816483492	0.00013375838776556612	0.0002006375816483492
_scratch_st-cdeboer-1_asfar_VLPs_results_crispresso_aggregated_spacer_ABEmax-NG_rep3_.staging_CRISPRessoPooled_on_ABEmax-NG_D2_rep3_CRISPResso_on_HEK3	Insertions	0.0	0.0	0.0	0.0	0.0	0.0	3.7175412182382575e-05	3.7175412182382575e-05	0.0	0.0	0.0	0.0	0.0	0.0	0.0	0.0	0.0	0.0	0.0	0.0
_scratch_st-cdeboer-1_asfar_VLPs_results_crispresso_aggregated_spacer_ABEmax-NG_rep3_.staging_CRISPRessoPooled_on_ABEmax-NG_D2_rep3_CRISPResso_on_HEK3	Insertions_Left	0.0	0.0	0.0	0.0	0.0	0.0	3.7175412182382575e-05	0.0	0.0	0.0	0.0	0.0	0.0	0.0	0.0	0.0	0.0	0.0	0.0	0.0
_scratch_st-cdeboer-1_asfar_VLPs_results_crispresso_aggregated_spacer_ABEmax-NG_rep3_.staging_CRISPRessoPooled_on_ABEmax-NG_D2_rep3_CRISPResso_on_HEK3	Deletions	0.0	1.8587706091191287e-05	0.0	0.0	7.435082436476515e-05	5.576311827357386e-05	5.576311827357386e-05	5.576311827357386e-05	5.576311827357386e-05	5.576311827357386e-05	0.0	0.0	0.0	0.0	0.0	0.0	0.0	0.0	0.0	0.0
_scratch_st-cdeboer-1_asfar_VLPs_results_crispresso_aggregated_spacer_ABEmax-NG_rep3_.staging_CRISPRessoPooled_on_ABEmax-NG_D2_rep3_CRISPResso_on_HEK3	Substitutions	0.00018587706091191287	0.00033457870964144314	7.435082436476515e-05	9.293853045595643e-05	0.00011152623654714772	0.0038104797486942137	0.000130113942638339	0.00130113942638339	3.7175412182382575e-05	0.000130113942638339	0.00016728935482072157	0.00016728935482072157	0.000130113942638339	9.293853045595643e-05	0.00024164017918548673	9.293853045595643e-05	0.0002974032974590606	0.000130113942638339	0.00022305247309429543	0.00016728935482072157
_scratch_st-cdeboer-1_asfar_VLPs_results_crispresso_aggregated_spacer_ABEmax-NG_rep3_.staging_CRISPRessoPooled_on_ABEmax-NG_D2_rep3_CRISPResso_on_HEK3	All_modifications	0.00018587706091191287	0.00035316641573263443	7.435082436476515e-05	9.293853045595643e-05	0.00018587706091191287	0.0038662428669677877	0.00022305247309429543	0.0013940779568393465	9.293853045595643e-05	0.00018587706091191287	0.00016728935482072157	0.00016728935482072157	0.000130113942638339	9.293853045595643e-05	0.00024164017918548673	9.293853045595643e-05	0.0002974032974590606	0.000130113942638339	0.00022305247309429543	0.00016728935482072157
_scratch_st-cdeboer-1_asfar_VLPs_results_crispresso_aggregated_spacer_ABEmax-NG_rep3_.staging_CRISPRessoPooled_on_ABEmax-NG_D3_rep3_CRISPResso_on_HEK3	Insertions	0.0	0.0	0.0	0.0	0.0	0.0	0.0	0.0	0.0	0.00011905774300535759	0.00011905774300535759	0.0	0.0	0.0	0.0	0.0	0.0	0.0	0.0	0.0
_scratch_st-cdeboer-1_asfar_VLPs_results_crispresso_aggregated_spacer_ABEmax-NG_rep3_.staging_CRISPRessoPooled_on_ABEmax-NG_D3_rep3_CRISPResso_on_HEK3	Insertions_Left	0.0	0.0	0.0	0.0	0.0	0.0	0.0	0.0	0.0	0.00011905774300535759	0.0	0.0	0.0	0.0	0.0	0.0	0.0	0.0	0.0	0.0
_scratch_st-cdeboer-1_asfar_VLPs_results_crispresso_aggregated_spacer_ABEmax-NG_rep3_.staging_CRISPRessoPooled_on_ABEmax-NG_D3_rep3_CRISPResso_on_HEK3	Deletions	0.0	3.401649800153074e-05	0.0	0.0	6.803299600306148e-05	0.0	1.700824900076537e-05	1.700824900076537e-05	0.0	0.0	0.0	0.0	0.0	0.0	0.0	0.0	0.0	0.0	0.0	0.0
_scratch_st-cdeboer-1_asfar_VLPs_results_crispresso_aggregated_spacer_ABEmax-NG_rep3_.staging_CRISPRessoPooled_on_ABEmax-NG_D3_rep3_CRISPResso_on_HEK3	Substitutions	0.00011905774300535759	0.00023811548601071519	3.401649800153074e-05	0.00011905774300535759	3.401649800153074e-05	0.013147376477591632	0.00020409898800918445	0.004575218981205885	8.504124500382685e-05	6.803299600306148e-05	0.00015307424100688833	0.00013606599200612296	8.504124500382685e-05	0.00015307424100688833	0.00011905774300535759	8.504124500382685e-05	0.0002721319840122459	0.00013606599200612296	0.0001700824900076537	0.0001700824900076537
_scratch_st-cdeboer-1_asfar_VLPs_results_crispresso_aggregated_spacer_ABEmax-NG_rep3_.staging_CRISPRessoPooled_on_ABEmax-NG_D3_rep3_CRISPResso_on_HEK3	All_modifications	0.00011905774300535759	0.0002721319840122459	3.401649800153074e-05	0.00011905774300535759	0.00010204949400459222	0.013147376477591632	0.00022110723700994982	0.0045922272302066506	8.504124500382685e-05	0.00018709073900841907	0.0002721319840122459	0.00013606599200612296	8.504124500382685e-05	0.00015307424100688833	0.00011905774300535759	8.504124500382685e-05	0.0002721319840122459	0.00013606599200612296	0.0001700824900076537	0.0001700824900076537
_scratch_st-cdeboer-1_asfar_VLPs_results_crispresso_aggregated_spacer_ABEmax-NG_rep3_.staging_CRISPRessoPooled_on_ABEmax-NG_D4_rep3_CRISPResso_on_HEK3	Insertions	0.0	0.0	0.0	0.0	0.0	0.0	1.9347598962968697e-05	1.9347598962968697e-05	0.00015478079170374957	0.0005804279688890609	0.0004256471771853113	1.9347598962968697e-05	1.9347598962968697e-05	0.0	0.0	0.0	1.9347598962968697e-05	1.9347598962968697e-05	0.0	0.0
_scratch_st-cdeboer-1_asfar_VLPs_results_crispresso_aggregated_spacer_ABEmax-NG_rep3_.staging_CRISPRessoPooled_on_ABEmax-NG_D4_rep3_CRISPResso_on_HEK3	Insertions_Left	0.0	0.0	0.0	0.0	0.0	0.0	1.9347598962968697e-05	0.0	0.00015478079170374957	0.0004256471771853113	0.0	1.9347598962968697e-05	0.0	0.0	0.0	0.0	1.9347598962968697e-05	0.0	0.0	0.0
_scratch_st-cdeboer-1_asfar_VLPs_results_crispresso_aggregated_spacer_ABEmax-NG_rep3_.staging_CRISPRessoPooled_on_ABEmax-NG_D4_rep3_CRISPResso_on_HEK3	Deletions	1.9347598962968697e-05	1.9347598962968697e-05	0.0	7.739039585187479e-05	9.673799481484348e-05	7.739039585187479e-05	7.739039585187479e-05	7.739039585187479e-05	7.739039585187479e-05	7.739039585187479e-05	7.739039585187479e-05	7.739039585187479e-05	7.739039585187479e-05	7.739039585187479e-05	7.739039585187479e-05	7.739039585187479e-05	7.739039585187479e-05	7.739039585187479e-05	7.739039585187479e-05	7.739039585187479e-05
_scratch_st-cdeboer-1_asfar_VLPs_results_crispresso_aggregated_spacer_ABEmax-NG_rep3_.staging_CRISPRessoPooled_on_ABEmax-NG_D4_rep3_CRISPResso_on_HEK3	Substitutions	0.00021282358859265566	0.00015478079170374957	1.9347598962968697e-05	1.9347598962968697e-05	0.00025151878651859304	0.04507990558371706	0.00021282358859265566	0.014046356847115273	5.8042796888906084e-05	0.00019347598962968695	0.00029021398444453045	0.00017412839066671825	9.673799481484348e-05	3.8695197925937394e-05	9.673799481484348e-05	7.739039585187479e-05	0.00027086638548156174	0.00021282358859265566	0.00015478079170374957	7.739039585187479e-05
_scratch_st-cdeboer-1_asfar_VLPs_results_crispresso_aggregated_spacer_ABEmax-NG_rep3_.staging_CRISPRessoPooled_on_ABEmax-NG_D4_rep3_CRISPResso_on_HEK3	All_modifications	0.00023217118755562433	0.00017412839066671825	1.9347598962968697e-05	9.673799481484348e-05	0.0003482567813334365	0.04515729597956893	0.00030956158340749915	0.014143094841930116	0.00029021398444453045	0.0008512943543706226	0.0007932515574817165	0.00027086638548156174	0.00019347598962968695	0.00011608559377781217	0.00017412839066671825	0.00015478079170374957	0.0003676043802964052	0.00030956158340749915	0.00023217118755562433	0.00015478079170374957
_scratch_st-cdeboer-1_asfar_VLPs_results_crispresso_aggregated_spacer_ABEmax-NG_rep3_.staging_CRISPRessoPooled_on_ABEmax-NG_D5_rep3_CRISPResso_on_HEK3	Insertions	0.0	0.0	0.0	0.0	0.0	8.00666154240328e-05	0.0001921598770176787	0.00011209326159364591	6.405329233922624e-05	0.0006885728926466821	0.0006245196003074558	0.0	0.0	0.0	0.0	0.0	0.0	0.0	0.0	0.0
_scratch_st-cdeboer-1_asfar_VLPs_results_crispresso_aggregated_spacer_ABEmax-NG_rep3_.staging_CRISPRessoPooled_on_ABEmax-NG_D5_rep3_CRISPResso_on_HEK3	Insertions_Left	0.0	0.0	0.0	0.0	0.0	8.00666154240328e-05	0.00011209326159364591	0.0	6.405329233922624e-05	0.0006245196003074558	0.0	0.0	0.0	0.0	0.0	0.0	0.0	0.0	0.0	0.0
_scratch_st-cdeboer-1_asfar_VLPs_results_crispresso_aggregated_spacer_ABEmax-NG_rep3_.staging_CRISPRessoPooled_on_ABEmax-NG_D5_rep3_CRISPResso_on_HEK3	Deletions	1.601332308480656e-05	0.00012810658467845247	1.601332308480656e-05	1.601332308480656e-05	6.405329233922624e-05	8.00666154240328e-05	8.00666154240328e-05	8.00666154240328e-05	8.00666154240328e-05	1.601332308480656e-05	1.601332308480656e-05	1.601332308480656e-05	1.601332308480656e-05	1.601332308480656e-05	1.601332308480656e-05	1.601332308480656e-05	1.601332308480656e-05	1.601332308480656e-05	3.202664616961312e-05	1.601332308480656e-05
_scratch_st-cdeboer-1_asfar_VLPs_results_crispresso_aggregated_spacer_ABEmax-NG_rep3_.staging_CRISPRessoPooled_on_ABEmax-NG_D5_rep3_CRISPResso_on_HEK3	Substitutions	0.0001921598770176787	0.00017614655393287214	8.00666154240328e-05	8.00666154240328e-05	0.00014411990776325902	0.0651902382782475	0.00024019984627209837	0.022770945426594927	4.803996925441968e-05	0.00014411990776325902	0.00014411990776325902	0.0003843197540353574	0.00011209326159364591	0.00012810658467845247	4.803996925441968e-05	0.00017614655393287214	0.0003042531386113246	0.00017614655393287214	8.00666154240328e-05	0.00011209326159364591
_scratch_st-cdeboer-1_asfar_VLPs_results_crispresso_aggregated_spacer_ABEmax-NG_rep3_.staging_CRISPRessoPooled_on_ABEmax-NG_D5_rep3_CRISPResso_on_HEK3	All_modifications	0.00020817320010248525	0.0003042531386113246	9.607993850883935e-05	9.607993850883935e-05	0.00020817320010248525	0.06535037150909556	0.0005124263387138099	0.022963105303612605	0.0001921598770176787	0.0008487061234947476	0.0007846528311555214	0.000400333077120164	0.00012810658467845247	0.00014411990776325902	6.405329233922624e-05	0.0001921598770176787	0.0003202664616961312	0.0001921598770176787	0.00011209326159364591	0.00012810658467845247
