Folder	Modification	G	G	A	G	G	C	T	A	T	C	C	A	G	C	G	T	G	A	G	T
_scratch_st-cdeboer-1_asfar_VLPs_results_crispresso_aggregated_spacer_ABEmax-NG_rep1_.staging_CRISPRessoPooled_on_ABEmax-NG_D0_rep1_CRISPResso_on_B2M	Insertions	0.0	0.0	0.0	0.0	0.0	0.0	0.0	0.0	0.0	0.0	0.0	0.0	0.0	0.0	0.0	0.0	0.0	0.0	0.0	0.0
_scratch_st-cdeboer-1_asfar_VLPs_results_crispresso_aggregated_spacer_ABEmax-NG_rep1_.staging_CRISPRessoPooled_on_ABEmax-NG_D0_rep1_CRISPResso_on_B2M	Insertions_Left	0.0	0.0	0.0	0.0	0.0	0.0	0.0	0.0	0.0	0.0	0.0	0.0	0.0	0.0	0.0	0.0	0.0	0.0	0.0	0.0
_scratch_st-cdeboer-1_asfar_VLPs_results_crispresso_aggregated_spacer_ABEmax-NG_rep1_.staging_CRISPRessoPooled_on_ABEmax-NG_D0_rep1_CRISPResso_on_B2M	Deletions	9.329750709061053e-06	2.798925212718316e-05	9.329750709061053e-06	9.329750709061053e-06	9.329750709061053e-06	9.329750709061053e-06	9.329750709061053e-06	9.329750709061053e-06	9.329750709061053e-06	9.329750709061053e-06	3.731900283624421e-05	9.329750709061053e-06	9.329750709061053e-06	9.329750709061053e-06	9.329750709061053e-06	9.329750709061053e-06	9.329750709061053e-06	9.329750709061053e-06	9.329750709061053e-06	9.329750709061053e-06
_scratch_st-cdeboer-1_asfar_VLPs_results_crispresso_aggregated_spacer_ABEmax-NG_rep1_.staging_CRISPRessoPooled_on_ABEmax-NG_D0_rep1_CRISPResso_on_B2M	Substitutions	0.0003825197790715032	0.0005504552918346022	0.0002985520226899537	0.00041050903119868636	0.00019592476489028212	0.0001586057620540379	0.0002239140170174653	0.00014927601134497685	0.00023324376772652634	0.00013061650992685477	0.00020525451559934318	0.0003078817733990148	0.00020525451559934318	0.00027056277056277056	0.00011195700850873264	0.0003825197790715032	0.00018659501418122107	0.0002985520226899537	0.00025190326914464845	0.00041050903119868636
_scratch_st-cdeboer-1_asfar_VLPs_results_crispresso_aggregated_spacer_ABEmax-NG_rep1_.staging_CRISPRessoPooled_on_ABEmax-NG_D0_rep1_CRISPResso_on_B2M	All_modifications	0.00039184952978056425	0.0005784445439617853	0.0003078817733990148	0.00041983878190774744	0.00020525451559934318	0.00016793551276309896	0.00023324376772652634	0.0001586057620540379	0.0002425735184355874	0.0001399462606359158	0.0002425735184355874	0.0003172115241080758	0.00021458426630840423	0.0002798925212718316	0.0001212867592177937	0.00039184952978056425	0.00019592476489028212	0.0003078817733990148	0.00026123301985370953	0.00041983878190774744
_scratch_st-cdeboer-1_asfar_VLPs_results_crispresso_aggregated_spacer_ABEmax-NG_rep1_.staging_CRISPRessoPooled_on_ABEmax-NG_D1_rep1_CRISPResso_on_B2M	Insertions	0.0	0.0	0.0	0.0	0.0	0.0	0.0	0.0	0.0	0.0	0.0	0.0	0.0	0.0	0.0	0.0	0.0	0.0	0.0	0.0
_scratch_st-cdeboer-1_asfar_VLPs_results_crispresso_aggregated_spacer_ABEmax-NG_rep1_.staging_CRISPRessoPooled_on_ABEmax-NG_D1_rep1_CRISPResso_on_B2M	Insertions_Left	0.0	0.0	0.0	0.0	0.0	0.0	0.0	0.0	0.0	0.0	0.0	0.0	0.0	0.0	0.0	0.0	0.0	0.0	0.0	0.0
_scratch_st-cdeboer-1_asfar_VLPs_results_crispresso_aggregated_spacer_ABEmax-NG_rep1_.staging_CRISPRessoPooled_on_ABEmax-NG_D1_rep1_CRISPResso_on_B2M	Deletions	0.0	9.897490279250619e-05	1.4139271827500883e-05	0.0	0.0	0.0	0.0	0.0	0.0	1.4139271827500883e-05	1.4139271827500883e-05	0.0	0.0	0.0	0.0	0.0	0.0	0.0	0.0	0.0
_scratch_st-cdeboer-1_asfar_VLPs_results_crispresso_aggregated_spacer_ABEmax-NG_rep1_.staging_CRISPRessoPooled_on_ABEmax-NG_D1_rep1_CRISPResso_on_B2M	Substitutions	0.00046659597030752914	0.0005090137857900318	0.00015553199010250973	0.00015553199010250973	8.48356309650053e-05	0.00012725344644750795	0.0002686461647225168	0.00015553199010250973	0.00019794980558501238	0.0001696712619300106	8.48356309650053e-05	0.000367621067515023	0.0003393425238600212	0.00015553199010250973	4.241781548250265e-05	0.0005655708731000354	0.0001838105337575115	0.00022622834924001414	0.00022622834924001414	0.00021208907741251324
_scratch_st-cdeboer-1_asfar_VLPs_results_crispresso_aggregated_spacer_ABEmax-NG_rep1_.staging_CRISPRessoPooled_on_ABEmax-NG_D1_rep1_CRISPResso_on_B2M	All_modifications	0.00046659597030752914	0.000607988688582538	0.0001696712619300106	0.00015553199010250973	8.48356309650053e-05	0.00012725344644750795	0.0002686461647225168	0.00015553199010250973	0.00019794980558501238	0.0001838105337575115	9.897490279250619e-05	0.000367621067515023	0.0003393425238600212	0.00015553199010250973	4.241781548250265e-05	0.0005655708731000354	0.0001838105337575115	0.00022622834924001414	0.00022622834924001414	0.00021208907741251324
_scratch_st-cdeboer-1_asfar_VLPs_results_crispresso_aggregated_spacer_ABEmax-NG_rep1_.staging_CRISPRessoPooled_on_ABEmax-NG_D2_rep1_CRISPResso_on_B2M	Insertions	0.0	0.0	0.0	0.0	0.0	0.0	0.0	0.0	0.0	0.0	0.0	0.0	0.0	0.0	0.0	0.0	0.0	0.0	0.0	0.0
_scratch_st-cdeboer-1_asfar_VLPs_results_crispresso_aggregated_spacer_ABEmax-NG_rep1_.staging_CRISPRessoPooled_on_ABEmax-NG_D2_rep1_CRISPResso_on_B2M	Insertions_Left	0.0	0.0	0.0	0.0	0.0	0.0	0.0	0.0	0.0	0.0	0.0	0.0	0.0	0.0	0.0	0.0	0.0	0.0	0.0	0.0
_scratch_st-cdeboer-1_asfar_VLPs_results_crispresso_aggregated_spacer_ABEmax-NG_rep1_.staging_CRISPRessoPooled_on_ABEmax-NG_D2_rep1_CRISPResso_on_B2M	Deletions	1.2745754070675206e-05	7.010164738871364e-05	1.911863110601281e-05	1.2745754070675206e-05	1.2745754070675206e-05	1.2745754070675206e-05	1.2745754070675206e-05	1.2745754070675206e-05	1.911863110601281e-05	1.2745754070675206e-05	1.911863110601281e-05	1.2745754070675206e-05	1.2745754070675206e-05	1.2745754070675206e-05	1.2745754070675206e-05	1.2745754070675206e-05	1.2745754070675206e-05	1.2745754070675206e-05	1.2745754070675206e-05	1.2745754070675206e-05
_scratch_st-cdeboer-1_asfar_VLPs_results_crispresso_aggregated_spacer_ABEmax-NG_rep1_.staging_CRISPRessoPooled_on_ABEmax-NG_D2_rep1_CRISPResso_on_B2M	Substitutions	0.00030589809769620494	0.0005544403020743715	0.00031227097473154257	0.00024216932734282893	0.00012745754070675206	0.0001720676799541153	0.0002294235732721537	0.00015294904884810247	0.0003887454991555938	0.0002039320651308033	0.0001975591880954657	0.00030589809769620494	0.0001975591880954657	0.0002549150814135041	6.372877035337603e-05	0.0033393875665169042	0.00027403371251951694	0.00030589809769620494	0.0003505082369435682	0.00031227097473154257
_scratch_st-cdeboer-1_asfar_VLPs_results_crispresso_aggregated_spacer_ABEmax-NG_rep1_.staging_CRISPRessoPooled_on_ABEmax-NG_D2_rep1_CRISPResso_on_B2M	All_modifications	0.00031864385176688014	0.0006245419494630851	0.0003313896058375554	0.0002549150814135041	0.00014020329477742728	0.00018481343402479048	0.00024216932734282893	0.0001656948029187777	0.0004078641302616066	0.00021667781920147852	0.00021667781920147852	0.00031864385176688014	0.0002103049421661409	0.0002676608354841793	7.647452442405124e-05	0.0033521333205875792	0.00028677946659019213	0.00031864385176688014	0.0003632539910142434	0.00032501672880221776
_scratch_st-cdeboer-1_asfar_VLPs_results_crispresso_aggregated_spacer_ABEmax-NG_rep1_.staging_CRISPRessoPooled_on_ABEmax-NG_D3_rep1_CRISPResso_on_B2M	Insertions	0.0	0.0	0.0	0.0	0.0	0.0	0.0	0.0	0.0	0.0	0.0	0.0	0.0	0.0	0.0	0.0	0.0	0.0	0.0	0.0
_scratch_st-cdeboer-1_asfar_VLPs_results_crispresso_aggregated_spacer_ABEmax-NG_rep1_.staging_CRISPRessoPooled_on_ABEmax-NG_D3_rep1_CRISPResso_on_B2M	Insertions_Left	0.0	0.0	0.0	0.0	0.0	0.0	0.0	0.0	0.0	0.0	0.0	0.0	0.0	0.0	0.0	0.0	0.0	0.0	0.0	0.0
_scratch_st-cdeboer-1_asfar_VLPs_results_crispresso_aggregated_spacer_ABEmax-NG_rep1_.staging_CRISPRessoPooled_on_ABEmax-NG_D3_rep1_CRISPResso_on_B2M	Deletions	6.800361779246656e-06	2.7201447116986623e-05	1.3600723558493311e-05	6.800361779246656e-06	6.800361779246656e-06	6.800361779246656e-06	6.800361779246656e-06	6.800361779246656e-06	6.800361779246656e-06	6.800361779246656e-06	1.3600723558493311e-05	6.800361779246656e-06	6.800361779246656e-06	6.800361779246656e-06	6.800361779246656e-06	6.800361779246656e-06	6.800361779246656e-06	6.800361779246656e-06	6.800361779246656e-06	6.800361779246656e-06
_scratch_st-cdeboer-1_asfar_VLPs_results_crispresso_aggregated_spacer_ABEmax-NG_rep1_.staging_CRISPRessoPooled_on_ABEmax-NG_D3_rep1_CRISPResso_on_B2M	Substitutions	0.00017680940626041305	0.0005168274952227458	0.00027201447116986625	0.00014280759736417977	0.0001836097680396597	0.0001224065120264398	0.00021761157693589298	0.0001700090444811664	0.00038082025963781274	0.00014960795914342642	0.00014960795914342642	0.0003536188125208261	0.00014280759736417977	0.00027201447116986625	0.00010880578846794649	0.00431142936804238	0.0002448130240528796	0.0003876206214170594	0.00025161338583212626	0.00038082025963781274
_scratch_st-cdeboer-1_asfar_VLPs_results_crispresso_aggregated_spacer_ABEmax-NG_rep1_.staging_CRISPRessoPooled_on_ABEmax-NG_D3_rep1_CRISPResso_on_B2M	All_modifications	0.0001836097680396597	0.0005440289423397325	0.00028561519472835954	0.00014960795914342642	0.00019041012981890637	0.00012920687380568645	0.00022441193871513965	0.00017680940626041305	0.0003876206214170594	0.0001564083209226731	0.00016320868270191974	0.00036041917430007275	0.00014960795914342642	0.0002788148329491129	0.00011560615024719315	0.0043182297298216266	0.00025161338583212626	0.00039442098319630604	0.0002584137476113729	0.0003876206214170594
_scratch_st-cdeboer-1_asfar_VLPs_results_crispresso_aggregated_spacer_ABEmax-NG_rep1_.staging_CRISPRessoPooled_on_ABEmax-NG_D4_rep1_CRISPResso_on_B2M	Insertions	0.0	0.0	0.0	0.0	0.0	0.0	0.0	0.0	0.0	0.0	0.0	0.0	0.0	0.0	0.0	0.0	0.0	0.0	0.0	0.0
_scratch_st-cdeboer-1_asfar_VLPs_results_crispresso_aggregated_spacer_ABEmax-NG_rep1_.staging_CRISPRessoPooled_on_ABEmax-NG_D4_rep1_CRISPResso_on_B2M	Insertions_Left	0.0	0.0	0.0	0.0	0.0	0.0	0.0	0.0	0.0	0.0	0.0	0.0	0.0	0.0	0.0	0.0	0.0	0.0	0.0	0.0
_scratch_st-cdeboer-1_asfar_VLPs_results_crispresso_aggregated_spacer_ABEmax-NG_rep1_.staging_CRISPRessoPooled_on_ABEmax-NG_D4_rep1_CRISPResso_on_B2M	Deletions	0.0	1.2453765395967471e-05	0.0	0.0	0.0	0.0	0.0	0.0	0.0	0.0	1.2453765395967471e-05	0.0	0.0	0.0	0.0	0.0	0.0	0.0	0.0	0.0
_scratch_st-cdeboer-1_asfar_VLPs_results_crispresso_aggregated_spacer_ABEmax-NG_rep1_.staging_CRISPRessoPooled_on_ABEmax-NG_D4_rep1_CRISPResso_on_B2M	Substitutions	0.0003113441348991868	0.00037361296187902413	0.00023662154252338194	0.00024907530791934944	0.0001743527155435446	0.00016189895014757713	0.0002988903695032193	0.00023662154252338194	0.00041097425806692654	0.00022416777712741447	0.00018680648093951207	0.00019926024633547953	0.00018680648093951207	0.000211714011731447	0.0001369914193556422	0.0027896434486967135	0.0003487054310870892	0.0007347721583620808	0.0003113441348991868	0.00039852049267095907
_scratch_st-cdeboer-1_asfar_VLPs_results_crispresso_aggregated_spacer_ABEmax-NG_rep1_.staging_CRISPRessoPooled_on_ABEmax-NG_D4_rep1_CRISPResso_on_B2M	All_modifications	0.0003113441348991868	0.0003860667272749916	0.00023662154252338194	0.00024907530791934944	0.0001743527155435446	0.00016189895014757713	0.0002988903695032193	0.00023662154252338194	0.00041097425806692654	0.00022416777712741447	0.00019926024633547953	0.00019926024633547953	0.00018680648093951207	0.000211714011731447	0.0001369914193556422	0.0027896434486967135	0.0003487054310870892	0.0007347721583620808	0.0003113441348991868	0.00039852049267095907
_scratch_st-cdeboer-1_asfar_VLPs_results_crispresso_aggregated_spacer_ABEmax-NG_rep1_.staging_CRISPRessoPooled_on_ABEmax-NG_D5_rep1_CRISPResso_on_B2M	Insertions	0.0	0.0	0.0	0.0	0.0	0.0	0.0	0.0	0.0	0.0	0.0	0.0	0.0	0.0	0.0001156888548249483	0.0001156888548249483	0.0	0.0	0.0	0.0
_scratch_st-cdeboer-1_asfar_VLPs_results_crispresso_aggregated_spacer_ABEmax-NG_rep1_.staging_CRISPRessoPooled_on_ABEmax-NG_D5_rep1_CRISPResso_on_B2M	Insertions_Left	0.0	0.0	0.0	0.0	0.0	0.0	0.0	0.0	0.0	0.0	0.0	0.0	0.0	0.0	0.0001156888548249483	0.0	0.0	0.0	0.0	0.0
_scratch_st-cdeboer-1_asfar_VLPs_results_crispresso_aggregated_spacer_ABEmax-NG_rep1_.staging_CRISPRessoPooled_on_ABEmax-NG_D5_rep1_CRISPResso_on_B2M	Deletions	1.4461106853118538e-05	7.230553426559268e-05	2.8922213706237075e-05	1.4461106853118538e-05	1.4461106853118538e-05	1.4461106853118538e-05	1.4461106853118538e-05	1.4461106853118538e-05	1.4461106853118538e-05	1.4461106853118538e-05	2.8922213706237075e-05	1.4461106853118538e-05	1.4461106853118538e-05	1.4461106853118538e-05	1.4461106853118538e-05	1.4461106853118538e-05	1.4461106853118538e-05	1.4461106853118538e-05	1.4461106853118538e-05	1.4461106853118538e-05
_scratch_st-cdeboer-1_asfar_VLPs_results_crispresso_aggregated_spacer_ABEmax-NG_rep1_.staging_CRISPRessoPooled_on_ABEmax-NG_D5_rep1_CRISPResso_on_B2M	Substitutions	0.0002458388165030151	0.00040491099188731905	0.00033260545762172635	0.0003036832439154893	0.0001590721753843039	0.00013014996167806683	0.00033260545762172635	0.0001156888548249483	0.0005205998467122673	0.00018799438909054099	0.0001590721753843039	0.0002313777096498966	0.0001156888548249483	0.0002747610302092522	0.00014461106853118537	0.03204581278651068	0.00036152767132796343	0.00028922213706237073	0.00020245549594365952	0.0005205998467122673
_scratch_st-cdeboer-1_asfar_VLPs_results_crispresso_aggregated_spacer_ABEmax-NG_rep1_.staging_CRISPRessoPooled_on_ABEmax-NG_D5_rep1_CRISPResso_on_B2M	All_modifications	0.00026029992335613366	0.00047721652615291175	0.00036152767132796343	0.0003181443507686078	0.00017353328223742245	0.00014461106853118537	0.0003470665644748449	0.00013014996167806683	0.0005350609535653859	0.00020245549594365952	0.00018799438909054099	0.0002458388165030151	0.00013014996167806683	0.00028922213706237073	0.0002747610302092522	0.03217596274818875	0.00037598877818108197	0.0003036832439154893	0.00021691660279677806	0.0005350609535653859
