Folder	Modification	G	G	A	G	G	C	T	A	T	C	C	A	G	C	G	T	G	A	G	T
_scratch_st-cdeboer-1_asfar_VLPs_results_crispresso_aggregated_spacer_ABEmax-NG_rep2_.staging_CRISPRessoPooled_on_ABEmax-NG_D0_rep2_CRISPResso_on_B2M	Insertions	0.0	0.0	0.0	0.0	0.0	0.0	0.0	0.0	0.0	0.0	0.0	0.0	0.0	0.0	0.0	0.0	0.0	0.0	0.0	0.0
_scratch_st-cdeboer-1_asfar_VLPs_results_crispresso_aggregated_spacer_ABEmax-NG_rep2_.staging_CRISPRessoPooled_on_ABEmax-NG_D0_rep2_CRISPResso_on_B2M	Insertions_Left	0.0	0.0	0.0	0.0	0.0	0.0	0.0	0.0	0.0	0.0	0.0	0.0	0.0	0.0	0.0	0.0	0.0	0.0	0.0	0.0
_scratch_st-cdeboer-1_asfar_VLPs_results_crispresso_aggregated_spacer_ABEmax-NG_rep2_.staging_CRISPRessoPooled_on_ABEmax-NG_D0_rep2_CRISPResso_on_B2M	Deletions	1.9502681618722576e-05	3.900536323744515e-05	1.9502681618722576e-05	1.9502681618722576e-05	1.9502681618722576e-05	1.9502681618722576e-05	1.9502681618722576e-05	1.9502681618722576e-05	1.9502681618722576e-05	1.9502681618722576e-05	1.9502681618722576e-05	1.9502681618722576e-05	1.9502681618722576e-05	1.9502681618722576e-05	1.9502681618722576e-05	1.9502681618722576e-05	1.9502681618722576e-05	1.9502681618722576e-05	1.9502681618722576e-05	1.9502681618722576e-05
_scratch_st-cdeboer-1_asfar_VLPs_results_crispresso_aggregated_spacer_ABEmax-NG_rep2_.staging_CRISPRessoPooled_on_ABEmax-NG_D0_rep2_CRISPResso_on_B2M	Substitutions	0.00040955631399317407	0.0005265724037055096	0.00019502681618722574	0.0005070697220867869	0.00025353486104339346	0.00019502681618722574	0.00025353486104339346	0.00017552413456850316	0.0003315455875182838	0.00013651877133105802	0.00013651877133105802	0.0003705509507557289	0.00023403217942467088	0.0002925402242808386	9.751340809361287e-05	0.00023403217942467088	0.0001560214529497806	0.0001560214529497806	0.00025353486104339346	0.00027303754266211604
_scratch_st-cdeboer-1_asfar_VLPs_results_crispresso_aggregated_spacer_ABEmax-NG_rep2_.staging_CRISPRessoPooled_on_ABEmax-NG_D0_rep2_CRISPResso_on_B2M	All_modifications	0.00042905899561189665	0.0005655777669429546	0.00021452949780594832	0.0005265724037055096	0.00027303754266211604	0.00021452949780594832	0.00027303754266211604	0.00019502681618722574	0.0003510482691370063	0.0001560214529497806	0.0001560214529497806	0.0003900536323744515	0.00025353486104339346	0.0003120429058995612	0.00011701608971233544	0.00025353486104339346	0.00017552413456850316	0.00017552413456850316	0.00027303754266211604	0.0002925402242808386
_scratch_st-cdeboer-1_asfar_VLPs_results_crispresso_aggregated_spacer_ABEmax-NG_rep2_.staging_CRISPRessoPooled_on_ABEmax-NG_D1_rep2_CRISPResso_on_B2M	Insertions	0.0	0.0	0.0	0.0	0.0	0.0	0.0	0.0	0.0	0.0	0.0	0.0	0.0	0.0	0.0	0.0	0.0	0.0	0.0	0.0
_scratch_st-cdeboer-1_asfar_VLPs_results_crispresso_aggregated_spacer_ABEmax-NG_rep2_.staging_CRISPRessoPooled_on_ABEmax-NG_D1_rep2_CRISPResso_on_B2M	Insertions_Left	0.0	0.0	0.0	0.0	0.0	0.0	0.0	0.0	0.0	0.0	0.0	0.0	0.0	0.0	0.0	0.0	0.0	0.0	0.0	0.0
_scratch_st-cdeboer-1_asfar_VLPs_results_crispresso_aggregated_spacer_ABEmax-NG_rep2_.staging_CRISPRessoPooled_on_ABEmax-NG_D1_rep2_CRISPResso_on_B2M	Deletions	3.268828451882845e-05	6.53765690376569e-05	0.0	0.0	0.0	0.0	0.0	0.0	3.268828451882845e-05	0.0	0.0	0.0	0.0	0.0	0.0	0.0	0.0	0.0	0.0	0.0
_scratch_st-cdeboer-1_asfar_VLPs_results_crispresso_aggregated_spacer_ABEmax-NG_rep2_.staging_CRISPRessoPooled_on_ABEmax-NG_D1_rep2_CRISPResso_on_B2M	Substitutions	0.0003922594142259414	0.0008172071129707113	0.0002941945606694561	0.000359571129707113	0.0001961297071129707	3.268828451882845e-05	3.268828451882845e-05	9.806485355648535e-05	0.0005557008368200837	0.0001307531380753138	0.00016344142259414225	0.0001307531380753138	0.0001307531380753138	0.0001961297071129707	9.806485355648535e-05	0.0008825836820083682	0.0002615062761506276	0.0004249476987447699	0.0004249476987447699	0.0003268828451882845
_scratch_st-cdeboer-1_asfar_VLPs_results_crispresso_aggregated_spacer_ABEmax-NG_rep2_.staging_CRISPRessoPooled_on_ABEmax-NG_D1_rep2_CRISPResso_on_B2M	All_modifications	0.0004249476987447699	0.0008825836820083682	0.0002941945606694561	0.000359571129707113	0.0001961297071129707	3.268828451882845e-05	3.268828451882845e-05	9.806485355648535e-05	0.0005883891213389122	0.0001307531380753138	0.00016344142259414225	0.0001307531380753138	0.0001307531380753138	0.0001961297071129707	9.806485355648535e-05	0.0008825836820083682	0.0002615062761506276	0.0004249476987447699	0.0004249476987447699	0.0003268828451882845
_scratch_st-cdeboer-1_asfar_VLPs_results_crispresso_aggregated_spacer_ABEmax-NG_rep2_.staging_CRISPRessoPooled_on_ABEmax-NG_D2_rep2_CRISPResso_on_B2M	Insertions	0.0	0.0	0.0	0.0	0.0	0.0	0.0	0.0	0.0	0.0	0.0	0.0	0.0	0.0	0.0	0.0	0.0	0.0	0.0	0.0
_scratch_st-cdeboer-1_asfar_VLPs_results_crispresso_aggregated_spacer_ABEmax-NG_rep2_.staging_CRISPRessoPooled_on_ABEmax-NG_D2_rep2_CRISPResso_on_B2M	Insertions_Left	0.0	0.0	0.0	0.0	0.0	0.0	0.0	0.0	0.0	0.0	0.0	0.0	0.0	0.0	0.0	0.0	0.0	0.0	0.0	0.0
_scratch_st-cdeboer-1_asfar_VLPs_results_crispresso_aggregated_spacer_ABEmax-NG_rep2_.staging_CRISPRessoPooled_on_ABEmax-NG_D2_rep2_CRISPResso_on_B2M	Deletions	0.0	0.0	0.0	0.0	0.0	0.0	0.0	0.0	0.0	0.0	0.0	0.0	0.0	0.0	0.0	0.0	0.0	0.0	0.0	0.0
_scratch_st-cdeboer-1_asfar_VLPs_results_crispresso_aggregated_spacer_ABEmax-NG_rep2_.staging_CRISPRessoPooled_on_ABEmax-NG_D2_rep2_CRISPResso_on_B2M	Substitutions	0.00044141115751587383	0.0002716376353943839	0.00010186411327289395	0.00030559233981868186	6.790940884859597e-05	0.00013581881769719195	0.00030559233981868186	0.0002376829309700859	0.00037350174866727784	6.790940884859597e-05	0.00016977352212148994	0.0003395470442429799	0.00013581881769719195	0.0004074564530915758	0.00010186411327289395	0.002105191674306475	0.0002716376353943839	0.00030559233981868186	0.00016977352212148994	0.0005093205663644698
_scratch_st-cdeboer-1_asfar_VLPs_results_crispresso_aggregated_spacer_ABEmax-NG_rep2_.staging_CRISPRessoPooled_on_ABEmax-NG_D2_rep2_CRISPResso_on_B2M	All_modifications	0.00044141115751587383	0.0002716376353943839	0.00010186411327289395	0.00030559233981868186	6.790940884859597e-05	0.00013581881769719195	0.00030559233981868186	0.0002376829309700859	0.00037350174866727784	6.790940884859597e-05	0.00016977352212148994	0.0003395470442429799	0.00013581881769719195	0.0004074564530915758	0.00010186411327289395	0.002105191674306475	0.0002716376353943839	0.00030559233981868186	0.00016977352212148994	0.0005093205663644698
_scratch_st-cdeboer-1_asfar_VLPs_results_crispresso_aggregated_spacer_ABEmax-NG_rep2_.staging_CRISPRessoPooled_on_ABEmax-NG_D3_rep2_CRISPResso_on_B2M	Insertions	0.0	0.0	0.0	0.0	0.0	0.0	0.0	0.0	0.0	0.0	0.0	0.0	0.0	0.0	0.0	0.0	0.0	0.0	0.0	0.0
_scratch_st-cdeboer-1_asfar_VLPs_results_crispresso_aggregated_spacer_ABEmax-NG_rep2_.staging_CRISPRessoPooled_on_ABEmax-NG_D3_rep2_CRISPResso_on_B2M	Insertions_Left	0.0	0.0	0.0	0.0	0.0	0.0	0.0	0.0	0.0	0.0	0.0	0.0	0.0	0.0	0.0	0.0	0.0	0.0	0.0	0.0
_scratch_st-cdeboer-1_asfar_VLPs_results_crispresso_aggregated_spacer_ABEmax-NG_rep2_.staging_CRISPRessoPooled_on_ABEmax-NG_D3_rep2_CRISPResso_on_B2M	Deletions	0.0	1.812809310588619e-05	0.0	0.0	0.0	0.0	0.0	0.0	0.0	0.0	3.625618621177238e-05	0.0	0.0	0.0	0.0	0.0	0.0	0.0	0.0	0.0
_scratch_st-cdeboer-1_asfar_VLPs_results_crispresso_aggregated_spacer_ABEmax-NG_rep2_.staging_CRISPRessoPooled_on_ABEmax-NG_D3_rep2_CRISPResso_on_B2M	Substitutions	0.00012689665174120334	0.00036256186211772385	0.00016315283795297574	0.00010876855863531715	0.00010876855863531715	0.00012689665174120334	0.00027192139658829286	0.00012689665174120334	0.0003988180483294962	0.00018128093105886192	0.00012689665174120334	0.00023566521037652049	9.064046552943096e-05	0.00025379330348240667	0.00016315283795297574	0.0058191178869894675	0.00014502474484708952	0.00036256186211772385	0.00034443376901183766	0.0003988180483294962
_scratch_st-cdeboer-1_asfar_VLPs_results_crispresso_aggregated_spacer_ABEmax-NG_rep2_.staging_CRISPRessoPooled_on_ABEmax-NG_D3_rep2_CRISPResso_on_B2M	All_modifications	0.00012689665174120334	0.00038068995522361004	0.00016315283795297574	0.00010876855863531715	0.00010876855863531715	0.00012689665174120334	0.00027192139658829286	0.00012689665174120334	0.0003988180483294962	0.00018128093105886192	0.00016315283795297574	0.00023566521037652049	9.064046552943096e-05	0.00025379330348240667	0.00016315283795297574	0.0058191178869894675	0.00014502474484708952	0.00036256186211772385	0.00034443376901183766	0.0003988180483294962
_scratch_st-cdeboer-1_asfar_VLPs_results_crispresso_aggregated_spacer_ABEmax-NG_rep2_.staging_CRISPRessoPooled_on_ABEmax-NG_D4_rep2_CRISPResso_on_B2M	Insertions	0.0	0.0	0.0	0.0	0.0	0.0	0.0	0.0	0.0	0.0	0.0	0.0	0.0	0.0	0.0	0.0	0.0	0.0	0.0	0.0
_scratch_st-cdeboer-1_asfar_VLPs_results_crispresso_aggregated_spacer_ABEmax-NG_rep2_.staging_CRISPRessoPooled_on_ABEmax-NG_D4_rep2_CRISPResso_on_B2M	Insertions_Left	0.0	0.0	0.0	0.0	0.0	0.0	0.0	0.0	0.0	0.0	0.0	0.0	0.0	0.0	0.0	0.0	0.0	0.0	0.0	0.0
_scratch_st-cdeboer-1_asfar_VLPs_results_crispresso_aggregated_spacer_ABEmax-NG_rep2_.staging_CRISPRessoPooled_on_ABEmax-NG_D4_rep2_CRISPResso_on_B2M	Deletions	0.0	0.0	0.0	0.0	0.0	0.0	0.0	0.0	0.0	4.553319369820599e-05	4.553319369820599e-05	4.553319369820599e-05	0.0	0.0	0.0	0.0	0.0	0.0	0.0	0.0
_scratch_st-cdeboer-1_asfar_VLPs_results_crispresso_aggregated_spacer_ABEmax-NG_rep2_.staging_CRISPRessoPooled_on_ABEmax-NG_D4_rep2_CRISPResso_on_B2M	Substitutions	0.0004097987432838539	0.0003187323558874419	0.00027319916218923596	0.0006374647117748838	0.00036426554958564794	9.106638739641199e-05	9.106638739641199e-05	0.00013659958109461798	0.00018213277479282397	0.00027319916218923596	0.00013659958109461798	0.00018213277479282397	9.106638739641199e-05	0.00018213277479282397	0.0	0.02727438302522539	0.00045533193698205993	0.00036426554958564794	0.00036426554958564794	0.0007740642928695019
_scratch_st-cdeboer-1_asfar_VLPs_results_crispresso_aggregated_spacer_ABEmax-NG_rep2_.staging_CRISPRessoPooled_on_ABEmax-NG_D4_rep2_CRISPResso_on_B2M	All_modifications	0.0004097987432838539	0.0003187323558874419	0.00027319916218923596	0.0006374647117748838	0.00036426554958564794	9.106638739641199e-05	9.106638739641199e-05	0.00013659958109461798	0.00018213277479282397	0.0003187323558874419	0.00018213277479282397	0.00022766596849102996	9.106638739641199e-05	0.00018213277479282397	0.0	0.02727438302522539	0.00045533193698205993	0.00036426554958564794	0.00036426554958564794	0.0007740642928695019
_scratch_st-cdeboer-1_asfar_VLPs_results_crispresso_aggregated_spacer_ABEmax-NG_rep2_.staging_CRISPRessoPooled_on_ABEmax-NG_D5_rep2_CRISPResso_on_B2M	Insertions	0.0	0.0	0.0	0.0	0.0	0.0	0.0	0.0	0.0	4.1843630353369456e-05	4.1843630353369456e-05	0.0	0.0	0.0	0.0	0.0	0.0	0.0	0.0	0.0
_scratch_st-cdeboer-1_asfar_VLPs_results_crispresso_aggregated_spacer_ABEmax-NG_rep2_.staging_CRISPRessoPooled_on_ABEmax-NG_D5_rep2_CRISPResso_on_B2M	Insertions_Left	0.0	0.0	0.0	0.0	0.0	0.0	0.0	0.0	0.0	4.1843630353369456e-05	0.0	0.0	0.0	0.0	0.0	0.0	0.0	0.0	0.0	0.0
_scratch_st-cdeboer-1_asfar_VLPs_results_crispresso_aggregated_spacer_ABEmax-NG_rep2_.staging_CRISPRessoPooled_on_ABEmax-NG_D5_rep2_CRISPResso_on_B2M	Deletions	0.0	6.276544553005419e-05	0.0	0.0	0.0	0.0	0.0	0.0	2.0921815176684728e-05	0.0	2.0921815176684728e-05	0.0	2.0921815176684728e-05	2.0921815176684728e-05	2.0921815176684728e-05	4.1843630353369456e-05	2.0921815176684728e-05	2.0921815176684728e-05	2.0921815176684728e-05	2.0921815176684728e-05
_scratch_st-cdeboer-1_asfar_VLPs_results_crispresso_aggregated_spacer_ABEmax-NG_rep2_.staging_CRISPRessoPooled_on_ABEmax-NG_D5_rep2_CRISPResso_on_B2M	Substitutions	0.0003765926731803251	0.0004393581187103793	0.00023013996694353203	0.0003765926731803251	0.0002719835972969015	0.0001464527062367931	0.00031382722765027095	0.00016737452141347782	0.0006694980856539113	0.00016737452141347782	0.0002719835972969015	0.00018829633659016255	0.00018829633659016255	0.0004184363035336946	0.0001464527062367931	0.024269305604954286	0.00048120174906374875	0.00025106178212021675	0.00023013996694353203	0.0005230453794171183
_scratch_st-cdeboer-1_asfar_VLPs_results_crispresso_aggregated_spacer_ABEmax-NG_rep2_.staging_CRISPRessoPooled_on_ABEmax-NG_D5_rep2_CRISPResso_on_B2M	All_modifications	0.0003765926731803251	0.0005021235642404335	0.00023013996694353203	0.0003765926731803251	0.0002719835972969015	0.0001464527062367931	0.00031382722765027095	0.00016737452141347782	0.000690419900830596	0.0002092181517668473	0.00033474904282695565	0.00018829633659016255	0.0002092181517668473	0.0004393581187103793	0.00016737452141347782	0.024311149235307656	0.0005021235642404335	0.0002719835972969015	0.00025106178212021675	0.000543967194593803
