Folder	Modification	C	A	C	C	T	A	C	C	T	A	A	G	A	A	C	C	A	T	C	C
_scratch_st-cdeboer-1_asfar_VLPs_results_crispresso_aggregated_spacer_ABEmax-NG_rep3_.staging_CRISPRessoPooled_on_ABEmax-NG_D0_rep3_CRISPResso_on_PDCD1	Insertions	1.8031013342949874e-05	1.8031013342949874e-05	0.0	0.0	0.0	0.0	0.0	0.0	0.0	0.0	0.0	0.0	0.0	0.0	0.0	0.0	0.0	0.0	0.0	0.0
_scratch_st-cdeboer-1_asfar_VLPs_results_crispresso_aggregated_spacer_ABEmax-NG_rep3_.staging_CRISPRessoPooled_on_ABEmax-NG_D0_rep3_CRISPResso_on_PDCD1	Insertions_Left	1.8031013342949874e-05	0.0	0.0	0.0	0.0	0.0	0.0	0.0	0.0	0.0	0.0	0.0	0.0	0.0	0.0	0.0	0.0	0.0	0.0	0.0
_scratch_st-cdeboer-1_asfar_VLPs_results_crispresso_aggregated_spacer_ABEmax-NG_rep3_.staging_CRISPRessoPooled_on_ABEmax-NG_D0_rep3_CRISPResso_on_PDCD1	Deletions	6.310854670032456e-05	0.0	0.0	0.0	0.0	0.0	0.0	0.0	1.8031013342949874e-05	0.0	4.5077533357374686e-05	0.0	0.0	0.0	0.0	9.015506671474937e-06	0.0	0.0	0.0	0.0
_scratch_st-cdeboer-1_asfar_VLPs_results_crispresso_aggregated_spacer_ABEmax-NG_rep3_.staging_CRISPRessoPooled_on_ABEmax-NG_D0_rep3_CRISPResso_on_PDCD1	Substitutions	0.000144248106743599	0.00016227912008654887	0.00013523260007212407	5.409304002884962e-05	0.00012621709340064911	9.015506671474937e-05	0.00011720158672917418	6.310854670032456e-05	0.00018031013342949875	9.917057338622431e-05	0.0001712946267580238	0.00018932564010097367	0.0002434186801298233	0.0001712946267580238	8.113956004327443e-05	0.00023440317345834835	0.00022538766678687343	0.000288496213487198	0.00010818608005769924	0.00013523260007212407
_scratch_st-cdeboer-1_asfar_VLPs_results_crispresso_aggregated_spacer_ABEmax-NG_rep3_.staging_CRISPRessoPooled_on_ABEmax-NG_D0_rep3_CRISPResso_on_PDCD1	All_modifications	0.00022538766678687343	0.00018031013342949875	0.00013523260007212407	5.409304002884962e-05	0.00012621709340064911	9.015506671474937e-05	0.00011720158672917418	6.310854670032456e-05	0.00019834114677244862	9.917057338622431e-05	0.00021637216011539847	0.00018932564010097367	0.0002434186801298233	0.0001712946267580238	8.113956004327443e-05	0.0002434186801298233	0.00022538766678687343	0.000288496213487198	0.00010818608005769924	0.00013523260007212407
_scratch_st-cdeboer-1_asfar_VLPs_results_crispresso_aggregated_spacer_ABEmax-NG_rep3_.staging_CRISPRessoPooled_on_ABEmax-NG_D1_rep3_CRISPResso_on_PDCD1	Insertions	0.0	0.0	0.0	0.0	0.0	0.0	0.0	0.0	0.0	0.0	0.0	0.0	0.0	0.0	0.0	0.0	0.0	0.0	0.0	0.0
_scratch_st-cdeboer-1_asfar_VLPs_results_crispresso_aggregated_spacer_ABEmax-NG_rep3_.staging_CRISPRessoPooled_on_ABEmax-NG_D1_rep3_CRISPResso_on_PDCD1	Insertions_Left	0.0	0.0	0.0	0.0	0.0	0.0	0.0	0.0	0.0	0.0	0.0	0.0	0.0	0.0	0.0	0.0	0.0	0.0	0.0	0.0
_scratch_st-cdeboer-1_asfar_VLPs_results_crispresso_aggregated_spacer_ABEmax-NG_rep3_.staging_CRISPRessoPooled_on_ABEmax-NG_D1_rep3_CRISPResso_on_PDCD1	Deletions	5.144165230587206e-05	0.0	0.0	0.0	0.0	0.0	0.0	0.0	0.0	0.0	1.2860413076468015e-05	0.0	0.0	0.0	0.0	0.0	0.0	0.0	0.0	0.0
_scratch_st-cdeboer-1_asfar_VLPs_results_crispresso_aggregated_spacer_ABEmax-NG_rep3_.staging_CRISPRessoPooled_on_ABEmax-NG_D1_rep3_CRISPResso_on_PDCD1	Substitutions	0.00011574371768821214	0.00023148743537642429	7.71624784588081e-05	0.00010288330461174412	0.00010288330461174412	0.0005787185884410607	5.144165230587206e-05	9.002289153527612e-05	0.00020576660922348825	0.00018004578307055224	0.0001543249569176162	0.00018004578307055224	0.00023148743537642429	0.00020576660922348825	0.00012860413076468016	0.0001543249569176162	0.0001543249569176162	0.0003986728053705085	0.00012860413076468016	0.00023148743537642429
_scratch_st-cdeboer-1_asfar_VLPs_results_crispresso_aggregated_spacer_ABEmax-NG_rep3_.staging_CRISPRessoPooled_on_ABEmax-NG_D1_rep3_CRISPResso_on_PDCD1	All_modifications	0.0001671853699940842	0.00023148743537642429	7.71624784588081e-05	0.00010288330461174412	0.00010288330461174412	0.0005787185884410607	5.144165230587206e-05	9.002289153527612e-05	0.00020576660922348825	0.00018004578307055224	0.0001671853699940842	0.00018004578307055224	0.00023148743537642429	0.00020576660922348825	0.00012860413076468016	0.0001543249569176162	0.0001543249569176162	0.0003986728053705085	0.00012860413076468016	0.00023148743537642429
_scratch_st-cdeboer-1_asfar_VLPs_results_crispresso_aggregated_spacer_ABEmax-NG_rep3_.staging_CRISPRessoPooled_on_ABEmax-NG_D2_rep3_CRISPResso_on_PDCD1	Insertions	0.0	0.0	0.0	0.0	0.0	0.0	0.0	0.0	0.0	0.0	0.0	0.0	0.0	0.0	0.0	0.0	0.0	0.0	0.0	0.0
_scratch_st-cdeboer-1_asfar_VLPs_results_crispresso_aggregated_spacer_ABEmax-NG_rep3_.staging_CRISPRessoPooled_on_ABEmax-NG_D2_rep3_CRISPResso_on_PDCD1	Insertions_Left	0.0	0.0	0.0	0.0	0.0	0.0	0.0	0.0	0.0	0.0	0.0	0.0	0.0	0.0	0.0	0.0	0.0	0.0	0.0	0.0
_scratch_st-cdeboer-1_asfar_VLPs_results_crispresso_aggregated_spacer_ABEmax-NG_rep3_.staging_CRISPRessoPooled_on_ABEmax-NG_D2_rep3_CRISPResso_on_PDCD1	Deletions	2.5261775144939434e-05	2.5261775144939434e-05	2.5261775144939434e-05	2.5261775144939434e-05	3.789266271740915e-05	2.5261775144939434e-05	2.5261775144939434e-05	2.5261775144939434e-05	2.5261775144939434e-05	2.5261775144939434e-05	6.315443786234859e-05	2.5261775144939434e-05	2.5261775144939434e-05	2.5261775144939434e-05	2.5261775144939434e-05	2.5261775144939434e-05	2.5261775144939434e-05	2.5261775144939434e-05	2.5261775144939434e-05	2.5261775144939434e-05
_scratch_st-cdeboer-1_asfar_VLPs_results_crispresso_aggregated_spacer_ABEmax-NG_rep3_.staging_CRISPRessoPooled_on_ABEmax-NG_D2_rep3_CRISPResso_on_PDCD1	Substitutions	7.57853254348183e-05	0.00013893976329716688	0.00010104710057975774	0.00011367798815222746	0.0002147250887319852	0.0008967930176453499	7.57853254348183e-05	2.5261775144939434e-05	0.00012630887572469718	0.00017683242601457605	0.00011367798815222746	0.00025261775144939437	0.00025261775144939437	0.00013893976329716688	8.841621300728803e-05	0.00011367798815222746	0.0001515706508696366	0.00022735597630445492	0.00010104710057975774	0.00013893976329716688
_scratch_st-cdeboer-1_asfar_VLPs_results_crispresso_aggregated_spacer_ABEmax-NG_rep3_.staging_CRISPRessoPooled_on_ABEmax-NG_D2_rep3_CRISPResso_on_PDCD1	All_modifications	0.00010104710057975774	0.00016420153844210633	0.00012630887572469718	0.00013893976329716688	0.00025261775144939437	0.0009220547927902894	0.00010104710057975774	5.052355028987887e-05	0.0001515706508696366	0.00020209420115951547	0.00017683242601457605	0.00027787952659433376	0.00027787952659433376	0.00016420153844210633	0.00011367798815222746	0.00013893976329716688	0.00017683242601457605	0.00025261775144939437	0.00012630887572469718	0.00016420153844210633
_scratch_st-cdeboer-1_asfar_VLPs_results_crispresso_aggregated_spacer_ABEmax-NG_rep3_.staging_CRISPRessoPooled_on_ABEmax-NG_D3_rep3_CRISPResso_on_PDCD1	Insertions	0.0	0.0	0.0	0.0	0.0	0.0	0.0	0.0	0.0	0.0	0.0	0.0	0.0	0.0	0.0	0.0	0.0	0.0	0.0	0.0
_scratch_st-cdeboer-1_asfar_VLPs_results_crispresso_aggregated_spacer_ABEmax-NG_rep3_.staging_CRISPRessoPooled_on_ABEmax-NG_D3_rep3_CRISPResso_on_PDCD1	Insertions_Left	0.0	0.0	0.0	0.0	0.0	0.0	0.0	0.0	0.0	0.0	0.0	0.0	0.0	0.0	0.0	0.0	0.0	0.0	0.0	0.0
_scratch_st-cdeboer-1_asfar_VLPs_results_crispresso_aggregated_spacer_ABEmax-NG_rep3_.staging_CRISPRessoPooled_on_ABEmax-NG_D3_rep3_CRISPResso_on_PDCD1	Deletions	2.8391615009700467e-05	0.0	0.0	0.0	0.0	9.463871669900157e-06	0.0	0.0	2.8391615009700467e-05	0.0	7.571097335920126e-05	0.0	0.0	9.463871669900157e-06	0.0	0.0	0.0	0.0	0.0	0.0
_scratch_st-cdeboer-1_asfar_VLPs_results_crispresso_aggregated_spacer_ABEmax-NG_rep3_.staging_CRISPRessoPooled_on_ABEmax-NG_D3_rep3_CRISPResso_on_PDCD1	Substitutions	9.463871669900156e-05	0.00020820517673780345	0.00010410258836890172	9.463871669900156e-05	0.00018927743339800312	0.0013060142904462216	8.51748450291014e-05	4.731935834950078e-05	0.0001324942033786022	0.0001703496900582028	0.0002555245350873042	0.00014195807504850235	0.0003217716367766053	0.0001703496900582028	9.463871669900156e-05	0.00010410258836890172	5.6783230019400935e-05	0.0002555245350873042	6.62471016893011e-05	0.00012303033170870203
_scratch_st-cdeboer-1_asfar_VLPs_results_crispresso_aggregated_spacer_ABEmax-NG_rep3_.staging_CRISPRessoPooled_on_ABEmax-NG_D3_rep3_CRISPResso_on_PDCD1	All_modifications	0.00012303033170870203	0.00020820517673780345	0.00010410258836890172	9.463871669900156e-05	0.00018927743339800312	0.0013154781621161217	8.51748450291014e-05	4.731935834950078e-05	0.00016088581838830264	0.0001703496900582028	0.0003312355084465055	0.00014195807504850235	0.0003217716367766053	0.00017981356172810296	9.463871669900156e-05	0.00010410258836890172	5.6783230019400935e-05	0.0002555245350873042	6.62471016893011e-05	0.00012303033170870203
_scratch_st-cdeboer-1_asfar_VLPs_results_crispresso_aggregated_spacer_ABEmax-NG_rep3_.staging_CRISPRessoPooled_on_ABEmax-NG_D4_rep3_CRISPResso_on_PDCD1	Insertions	0.0	0.0	0.0	0.0	0.0	0.0	0.0	0.0	0.0	0.0	0.0	0.0	0.0	0.0	0.0	0.0	0.0	0.0	0.0	0.0
_scratch_st-cdeboer-1_asfar_VLPs_results_crispresso_aggregated_spacer_ABEmax-NG_rep3_.staging_CRISPRessoPooled_on_ABEmax-NG_D4_rep3_CRISPResso_on_PDCD1	Insertions_Left	0.0	0.0	0.0	0.0	0.0	0.0	0.0	0.0	0.0	0.0	0.0	0.0	0.0	0.0	0.0	0.0	0.0	0.0	0.0	0.0
_scratch_st-cdeboer-1_asfar_VLPs_results_crispresso_aggregated_spacer_ABEmax-NG_rep3_.staging_CRISPRessoPooled_on_ABEmax-NG_D4_rep3_CRISPResso_on_PDCD1	Deletions	2.6151311488271138e-05	0.0	0.0	0.0	0.0	0.0	0.0	0.0	0.0	0.0	0.00013075655744135568	0.0	0.0	2.6151311488271138e-05	0.0	0.0	0.0	0.0	0.0	0.0
_scratch_st-cdeboer-1_asfar_VLPs_results_crispresso_aggregated_spacer_ABEmax-NG_rep3_.staging_CRISPRessoPooled_on_ABEmax-NG_D4_rep3_CRISPResso_on_PDCD1	Substitutions	0.00018305918041789794	0.0003138157378592536	0.00013075655744135568	5.2302622976542276e-05	0.00011768090169722012	0.0033735191819869764	0.0001569078689296268	6.537827872067784e-05	0.0001569078689296268	0.00018305918041789794	0.0001569078689296268	0.00030074008211511806	0.0002092104919061691	0.0001569078689296268	5.2302622976542276e-05	6.537827872067784e-05	0.0001569078689296268	0.0003922696723240671	0.00014383221318549125	0.00011768090169722012
_scratch_st-cdeboer-1_asfar_VLPs_results_crispresso_aggregated_spacer_ABEmax-NG_rep3_.staging_CRISPRessoPooled_on_ABEmax-NG_D4_rep3_CRISPResso_on_PDCD1	All_modifications	0.0002092104919061691	0.0003138157378592536	0.00013075655744135568	5.2302622976542276e-05	0.00011768090169722012	0.0033735191819869764	0.0001569078689296268	6.537827872067784e-05	0.0001569078689296268	0.00018305918041789794	0.0002876644263709825	0.00030074008211511806	0.0002092104919061691	0.00018305918041789794	5.2302622976542276e-05	6.537827872067784e-05	0.0001569078689296268	0.0003922696723240671	0.00014383221318549125	0.00011768090169722012
_scratch_st-cdeboer-1_asfar_VLPs_results_crispresso_aggregated_spacer_ABEmax-NG_rep3_.staging_CRISPRessoPooled_on_ABEmax-NG_D5_rep3_CRISPResso_on_PDCD1	Insertions	0.0	0.0	0.0	0.0	0.0	0.0	0.0	0.0	0.0	0.0	0.0	0.0	0.0	0.0	0.0	0.0	0.0	0.0	0.0	0.0
_scratch_st-cdeboer-1_asfar_VLPs_results_crispresso_aggregated_spacer_ABEmax-NG_rep3_.staging_CRISPRessoPooled_on_ABEmax-NG_D5_rep3_CRISPResso_on_PDCD1	Insertions_Left	0.0	0.0	0.0	0.0	0.0	0.0	0.0	0.0	0.0	0.0	0.0	0.0	0.0	0.0	0.0	0.0	0.0	0.0	0.0	0.0
_scratch_st-cdeboer-1_asfar_VLPs_results_crispresso_aggregated_spacer_ABEmax-NG_rep3_.staging_CRISPRessoPooled_on_ABEmax-NG_D5_rep3_CRISPResso_on_PDCD1	Deletions	2.26916880346729e-05	0.0	0.0	0.0	0.0	0.0	0.0	0.0	0.0	0.0	2.26916880346729e-05	0.0	0.0	0.0	0.0	0.0	0.0	0.0	0.0	0.0
_scratch_st-cdeboer-1_asfar_VLPs_results_crispresso_aggregated_spacer_ABEmax-NG_rep3_.staging_CRISPRessoPooled_on_ABEmax-NG_D5_rep3_CRISPResso_on_PDCD1	Substitutions	0.00015884181624271028	0.0001815335042773832	0.0001134584401733645	0.0001134584401733645	0.0001361501282080374	0.0025414690598833645	2.26916880346729e-05	0.0001134584401733645	0.000226916880346729	0.0004311420726587851	0.0001134584401733645	0.0001361501282080374	0.0001134584401733645	0.000226916880346729	0.0	0.00015884181624271028	0.0001134584401733645	0.00040845038462411216	2.26916880346729e-05	6.80750641040187e-05
_scratch_st-cdeboer-1_asfar_VLPs_results_crispresso_aggregated_spacer_ABEmax-NG_rep3_.staging_CRISPRessoPooled_on_ABEmax-NG_D5_rep3_CRISPResso_on_PDCD1	All_modifications	0.0001815335042773832	0.0001815335042773832	0.0001134584401733645	0.0001134584401733645	0.0001361501282080374	0.0025414690598833645	2.26916880346729e-05	0.0001134584401733645	0.000226916880346729	0.0004311420726587851	0.0001361501282080374	0.0001361501282080374	0.0001134584401733645	0.000226916880346729	0.0	0.00015884181624271028	0.0001134584401733645	0.00040845038462411216	2.26916880346729e-05	6.80750641040187e-05
