Folder	Modification	C	A	C	C	T	A	C	C	T	A	A	G	A	A	C	C	A	T	C	C
_scratch_st-cdeboer-1_asfar_VLPs_results_crispresso_aggregated_spacer_ABEmax-NG_rep2_.staging_CRISPRessoPooled_on_ABEmax-NG_D0_rep2_CRISPResso_on_PDCD1	Insertions	0.000289920724801812	0.000289920724801812	0.0	0.0	0.0	0.0	0.0	0.0	0.0	0.0	0.0	0.0	0.0	0.0	0.0	0.0	0.0	0.0	0.0	0.0
_scratch_st-cdeboer-1_asfar_VLPs_results_crispresso_aggregated_spacer_ABEmax-NG_rep2_.staging_CRISPRessoPooled_on_ABEmax-NG_D0_rep2_CRISPResso_on_PDCD1	Insertions_Left	0.000289920724801812	0.0	0.0	0.0	0.0	0.0	0.0	0.0	0.0	0.0	0.0	0.0	0.0	0.0	0.0	0.0	0.0	0.0	0.0	0.0
_scratch_st-cdeboer-1_asfar_VLPs_results_crispresso_aggregated_spacer_ABEmax-NG_rep2_.staging_CRISPRessoPooled_on_ABEmax-NG_D0_rep2_CRISPResso_on_PDCD1	Deletions	2.7180067950169875e-05	9.060022650056624e-06	9.060022650056624e-06	9.060022650056624e-06	1.812004530011325e-05	9.060022650056624e-06	9.060022650056624e-06	9.060022650056624e-06	1.812004530011325e-05	9.060022650056624e-06	4.5300113250283124e-05	9.060022650056624e-06	9.060022650056624e-06	9.060022650056624e-06	9.060022650056624e-06	9.060022650056624e-06	9.060022650056624e-06	9.060022650056624e-06	9.060022650056624e-06	9.060022650056624e-06
_scratch_st-cdeboer-1_asfar_VLPs_results_crispresso_aggregated_spacer_ABEmax-NG_rep2_.staging_CRISPRessoPooled_on_ABEmax-NG_D0_rep2_CRISPResso_on_PDCD1	Substitutions	0.0001087202718006795	0.00013590033975084939	9.966024915062288e-05	9.966024915062288e-05	0.00023556058890147227	0.00019026047565118913	6.342015855039638e-05	9.060022650056625e-05	0.00023556058890147227	0.0001087202718006795	0.0001721404303510759	0.0002446206115515289	0.00020838052095130237	0.00020838052095130237	1.812004530011325e-05	0.00013590033975084939	0.00015402038505096262	0.000289920724801812	8.154020385050963e-05	9.966024915062288e-05
_scratch_st-cdeboer-1_asfar_VLPs_results_crispresso_aggregated_spacer_ABEmax-NG_rep2_.staging_CRISPRessoPooled_on_ABEmax-NG_D0_rep2_CRISPResso_on_PDCD1	All_modifications	0.0004258210645526614	0.000434881087202718	0.0001087202718006795	0.0001087202718006795	0.0002536806342015855	0.00019932049830124576	7.2480181200453e-05	9.966024915062288e-05	0.0002536806342015855	0.00011778029445073613	0.000217440543601359	0.0002536806342015855	0.000217440543601359	0.000217440543601359	2.7180067950169875e-05	0.000144960362400906	0.00016308040770101926	0.00029898074745186864	9.060022650056625e-05	0.0001087202718006795
_scratch_st-cdeboer-1_asfar_VLPs_results_crispresso_aggregated_spacer_ABEmax-NG_rep2_.staging_CRISPRessoPooled_on_ABEmax-NG_D1_rep2_CRISPResso_on_PDCD1	Insertions	0.00021359002107421542	0.00021359002107421542	0.0	0.0	0.0	0.0	0.0	0.0	0.0	0.0	0.0	0.0	0.0	0.0	0.0	0.0	0.0	0.0	0.0	0.0
_scratch_st-cdeboer-1_asfar_VLPs_results_crispresso_aggregated_spacer_ABEmax-NG_rep2_.staging_CRISPRessoPooled_on_ABEmax-NG_D1_rep2_CRISPResso_on_PDCD1	Insertions_Left	0.00021359002107421542	0.0	0.0	0.0	0.0	0.0	0.0	0.0	0.0	0.0	0.0	0.0	0.0	0.0	0.0	0.0	0.0	0.0	0.0	0.0
_scratch_st-cdeboer-1_asfar_VLPs_results_crispresso_aggregated_spacer_ABEmax-NG_rep2_.staging_CRISPRessoPooled_on_ABEmax-NG_D1_rep2_CRISPResso_on_PDCD1	Deletions	8.543600842968616e-05	0.0	0.0	0.0	0.0	0.0	0.0	0.0	0.0	0.0	0.0	1.4239334738281028e-05	0.0	0.0	0.0	1.4239334738281028e-05	0.0	0.0	0.0	1.4239334738281028e-05
_scratch_st-cdeboer-1_asfar_VLPs_results_crispresso_aggregated_spacer_ABEmax-NG_rep2_.staging_CRISPRessoPooled_on_ABEmax-NG_D1_rep2_CRISPResso_on_PDCD1	Substitutions	8.543600842968616e-05	0.00014239334738281028	2.8478669476562055e-05	8.543600842968616e-05	0.00014239334738281028	0.000498376715839836	7.119667369140514e-05	0.00014239334738281028	0.0001566326821210913	0.0002563080252890585	9.96753431679672e-05	0.00027054736002733953	0.00018511135159765335	0.00014239334738281028	8.543600842968616e-05	0.00011391467790624822	0.00022782935581249644	0.0001566326821210913	5.695733895312411e-05	4.271800421484308e-05
_scratch_st-cdeboer-1_asfar_VLPs_results_crispresso_aggregated_spacer_ABEmax-NG_rep2_.staging_CRISPRessoPooled_on_ABEmax-NG_D1_rep2_CRISPResso_on_PDCD1	All_modifications	0.00038446203793358777	0.00035598336845702567	2.8478669476562055e-05	8.543600842968616e-05	0.00014239334738281028	0.000498376715839836	7.119667369140514e-05	0.00014239334738281028	0.0001566326821210913	0.0002563080252890585	9.96753431679672e-05	0.00028478669476562056	0.00018511135159765335	0.00014239334738281028	8.543600842968616e-05	0.00012815401264452926	0.00022782935581249644	0.0001566326821210913	5.695733895312411e-05	5.695733895312411e-05
_scratch_st-cdeboer-1_asfar_VLPs_results_crispresso_aggregated_spacer_ABEmax-NG_rep2_.staging_CRISPRessoPooled_on_ABEmax-NG_D2_rep2_CRISPResso_on_PDCD1	Insertions	1.756265477089517e-05	1.756265477089517e-05	0.0	0.0	0.0	0.0	0.0	0.0	0.0	0.0	0.0	0.0	0.0	0.0	0.0	0.0	0.0	0.0	0.0	0.0
_scratch_st-cdeboer-1_asfar_VLPs_results_crispresso_aggregated_spacer_ABEmax-NG_rep2_.staging_CRISPRessoPooled_on_ABEmax-NG_D2_rep2_CRISPResso_on_PDCD1	Insertions_Left	1.756265477089517e-05	0.0	0.0	0.0	0.0	0.0	0.0	0.0	0.0	0.0	0.0	0.0	0.0	0.0	0.0	0.0	0.0	0.0	0.0	0.0
_scratch_st-cdeboer-1_asfar_VLPs_results_crispresso_aggregated_spacer_ABEmax-NG_rep2_.staging_CRISPRessoPooled_on_ABEmax-NG_D2_rep2_CRISPResso_on_PDCD1	Deletions	1.756265477089517e-05	0.0	0.0	0.0	0.0	0.0	0.0	0.0	0.0	0.0	1.756265477089517e-05	0.0	0.0	0.0	0.0	0.0	0.0	0.0	0.0	0.0
_scratch_st-cdeboer-1_asfar_VLPs_results_crispresso_aggregated_spacer_ABEmax-NG_rep2_.staging_CRISPRessoPooled_on_ABEmax-NG_D2_rep2_CRISPResso_on_PDCD1	Substitutions	0.0001580638929380565	0.00021075185725074203	5.268796431268551e-05	5.268796431268551e-05	0.00021075185725074203	0.0008078821194611777	8.781327385447585e-05	0.00010537592862537102	0.00021075185725074203	0.00010537592862537102	0.00019318920247984685	0.00021075185725074203	0.00024587716679253235	0.00021075185725074203	5.268796431268551e-05	8.781327385447585e-05	0.00010537592862537102	0.0002810024763343227	8.781327385447585e-05	5.268796431268551e-05
_scratch_st-cdeboer-1_asfar_VLPs_results_crispresso_aggregated_spacer_ABEmax-NG_rep2_.staging_CRISPRessoPooled_on_ABEmax-NG_D2_rep2_CRISPResso_on_PDCD1	All_modifications	0.00019318920247984685	0.0002283145120216372	5.268796431268551e-05	5.268796431268551e-05	0.00021075185725074203	0.0008078821194611777	8.781327385447585e-05	0.00010537592862537102	0.00021075185725074203	0.00010537592862537102	0.00021075185725074203	0.00021075185725074203	0.00024587716679253235	0.00021075185725074203	5.268796431268551e-05	8.781327385447585e-05	0.00010537592862537102	0.0002810024763343227	8.781327385447585e-05	5.268796431268551e-05
_scratch_st-cdeboer-1_asfar_VLPs_results_crispresso_aggregated_spacer_ABEmax-NG_rep2_.staging_CRISPRessoPooled_on_ABEmax-NG_D3_rep2_CRISPResso_on_PDCD1	Insertions	0.0	0.0	0.0	0.0	0.0	0.0	0.0	0.0	0.0	0.0	0.0	0.0	0.0	0.0	0.0	0.0	0.0	0.0	0.0	0.0
_scratch_st-cdeboer-1_asfar_VLPs_results_crispresso_aggregated_spacer_ABEmax-NG_rep2_.staging_CRISPRessoPooled_on_ABEmax-NG_D3_rep2_CRISPResso_on_PDCD1	Insertions_Left	0.0	0.0	0.0	0.0	0.0	0.0	0.0	0.0	0.0	0.0	0.0	0.0	0.0	0.0	0.0	0.0	0.0	0.0	0.0	0.0
_scratch_st-cdeboer-1_asfar_VLPs_results_crispresso_aggregated_spacer_ABEmax-NG_rep2_.staging_CRISPRessoPooled_on_ABEmax-NG_D3_rep2_CRISPResso_on_PDCD1	Deletions	4.418815315613884e-05	0.0	0.0	0.0	2.209407657806942e-05	0.0	0.0	0.0	0.0	0.0	2.209407657806942e-05	0.0	0.0	0.0	0.0	0.0	0.0	0.0	0.0	0.0
_scratch_st-cdeboer-1_asfar_VLPs_results_crispresso_aggregated_spacer_ABEmax-NG_rep2_.staging_CRISPRessoPooled_on_ABEmax-NG_D3_rep2_CRISPResso_on_PDCD1	Substitutions	0.00015465853604648594	0.00015465853604648594	8.837630631227768e-05	4.418815315613884e-05	8.837630631227768e-05	0.001215174211793818	0.0001104703828903471	0.0001104703828903471	0.00013256445946841652	0.00019884668920262477	6.628222973420826e-05	0.00028722299551490246	0.00028722299551490246	0.0002209407657806942	4.418815315613884e-05	8.837630631227768e-05	0.00017675261262455535	0.00017675261262455535	0.00013256445946841652	0.00017675261262455535
_scratch_st-cdeboer-1_asfar_VLPs_results_crispresso_aggregated_spacer_ABEmax-NG_rep2_.staging_CRISPRessoPooled_on_ABEmax-NG_D3_rep2_CRISPResso_on_PDCD1	All_modifications	0.00019884668920262477	0.00015465853604648594	8.837630631227768e-05	4.418815315613884e-05	0.0001104703828903471	0.001215174211793818	0.0001104703828903471	0.0001104703828903471	0.00013256445946841652	0.00019884668920262477	8.837630631227768e-05	0.00028722299551490246	0.00028722299551490246	0.0002209407657806942	4.418815315613884e-05	8.837630631227768e-05	0.00017675261262455535	0.00017675261262455535	0.00013256445946841652	0.00017675261262455535
_scratch_st-cdeboer-1_asfar_VLPs_results_crispresso_aggregated_spacer_ABEmax-NG_rep2_.staging_CRISPRessoPooled_on_ABEmax-NG_D4_rep2_CRISPResso_on_PDCD1	Insertions	1.912594434350196e-05	1.912594434350196e-05	0.0	0.0	0.0	0.0	0.0	0.0	0.0	0.0	0.0	0.0	0.0	0.0	0.0	0.0	0.0	0.0	0.0	0.0
_scratch_st-cdeboer-1_asfar_VLPs_results_crispresso_aggregated_spacer_ABEmax-NG_rep2_.staging_CRISPRessoPooled_on_ABEmax-NG_D4_rep2_CRISPResso_on_PDCD1	Insertions_Left	1.912594434350196e-05	0.0	0.0	0.0	0.0	0.0	0.0	0.0	0.0	0.0	0.0	0.0	0.0	0.0	0.0	0.0	0.0	0.0	0.0	0.0
_scratch_st-cdeboer-1_asfar_VLPs_results_crispresso_aggregated_spacer_ABEmax-NG_rep2_.staging_CRISPRessoPooled_on_ABEmax-NG_D4_rep2_CRISPResso_on_PDCD1	Deletions	9.56297217175098e-05	9.56297217175098e-05	9.56297217175098e-05	9.56297217175098e-05	9.56297217175098e-05	9.56297217175098e-05	9.56297217175098e-05	0.00011475566606101176	9.56297217175098e-05	9.56297217175098e-05	0.00011475566606101176	9.56297217175098e-05	9.56297217175098e-05	9.56297217175098e-05	9.56297217175098e-05	9.56297217175098e-05	9.56297217175098e-05	9.56297217175098e-05	9.56297217175098e-05	9.56297217175098e-05
_scratch_st-cdeboer-1_asfar_VLPs_results_crispresso_aggregated_spacer_ABEmax-NG_rep2_.staging_CRISPRessoPooled_on_ABEmax-NG_D4_rep2_CRISPResso_on_PDCD1	Substitutions	0.00013388161040451372	9.56297217175098e-05	7.650377737400784e-05	5.737783303050588e-05	0.00013388161040451372	0.004609352586783973	0.0001912594434350196	7.650377737400784e-05	0.0001912594434350196	0.0003442669981830353	0.00015300755474801568	0.0002868891651525294	0.0003442669981830353	0.00021038538777852156	9.56297217175098e-05	0.00013388161040451372	0.00011475566606101176	0.0003442669981830353	7.650377737400784e-05	0.00013388161040451372
_scratch_st-cdeboer-1_asfar_VLPs_results_crispresso_aggregated_spacer_ABEmax-NG_rep2_.staging_CRISPRessoPooled_on_ABEmax-NG_D4_rep2_CRISPResso_on_PDCD1	All_modifications	0.0002486372764655255	0.00021038538777852156	0.00017213349909151764	0.00015300755474801568	0.00022951133212202352	0.004704982308501482	0.0002868891651525294	0.0001912594434350196	0.0002868891651525294	0.0004398967199005451	0.00026776322080902744	0.0003825188868700392	0.0004398967199005451	0.00030601510949603136	0.0001912594434350196	0.00022951133212202352	0.00021038538777852156	0.0004398967199005451	0.00017213349909151764	0.00022951133212202352
_scratch_st-cdeboer-1_asfar_VLPs_results_crispresso_aggregated_spacer_ABEmax-NG_rep2_.staging_CRISPRessoPooled_on_ABEmax-NG_D5_rep2_CRISPResso_on_PDCD1	Insertions	0.0	0.0	0.0	0.0	0.0	0.0	0.0	0.0	0.0	0.0	0.0	0.0	0.0	0.0	0.0	0.0	0.0	0.0	0.0	0.0
_scratch_st-cdeboer-1_asfar_VLPs_results_crispresso_aggregated_spacer_ABEmax-NG_rep2_.staging_CRISPRessoPooled_on_ABEmax-NG_D5_rep2_CRISPResso_on_PDCD1	Insertions_Left	0.0	0.0	0.0	0.0	0.0	0.0	0.0	0.0	0.0	0.0	0.0	0.0	0.0	0.0	0.0	0.0	0.0	0.0	0.0	0.0
_scratch_st-cdeboer-1_asfar_VLPs_results_crispresso_aggregated_spacer_ABEmax-NG_rep2_.staging_CRISPRessoPooled_on_ABEmax-NG_D5_rep2_CRISPResso_on_PDCD1	Deletions	0.0	0.0	0.0	0.0	0.0	0.0	0.0	0.0	2.374056312615735e-05	0.0	5.935140781539338e-05	0.0	0.0	1.1870281563078676e-05	0.0	0.0	0.0	0.0	0.0	1.1870281563078676e-05
_scratch_st-cdeboer-1_asfar_VLPs_results_crispresso_aggregated_spacer_ABEmax-NG_rep2_.staging_CRISPRessoPooled_on_ABEmax-NG_D5_rep2_CRISPResso_on_PDCD1	Substitutions	0.00014244337875694412	0.0002492759128246522	0.00011870281563078676	0.00011870281563078676	0.00027301647595080953	0.003703527847680547	0.0002017947865723375	2.374056312615735e-05	0.00023740563126157353	0.00021366506813541618	0.00015431366032002278	0.0001899245050092588	0.00021366506813541618	0.00011870281563078676	5.935140781539338e-05	0.00011870281563078676	0.00013057309719386544	0.0003561084468923603	8.309197094155073e-05	0.00017805422344618015
_scratch_st-cdeboer-1_asfar_VLPs_results_crispresso_aggregated_spacer_ABEmax-NG_rep2_.staging_CRISPRessoPooled_on_ABEmax-NG_D5_rep2_CRISPResso_on_PDCD1	All_modifications	0.00014244337875694412	0.0002492759128246522	0.00011870281563078676	0.00011870281563078676	0.00027301647595080953	0.003703527847680547	0.0002017947865723375	2.374056312615735e-05	0.00026114619438773087	0.00021366506813541618	0.00021366506813541618	0.0001899245050092588	0.00021366506813541618	0.00013057309719386544	5.935140781539338e-05	0.00011870281563078676	0.00013057309719386544	0.0003561084468923603	8.309197094155073e-05	0.0001899245050092588
