Folder	Modification	C	A	C	C	T	A	C	C	T	A	A	G	A	A	C	C	A	T	C	C
_scratch_st-cdeboer-1_asfar_VLPs_results_crispresso_aggregated_spacer_AXBE_rep3_.staging_CRISPRessoPooled_on_AXBE_D0_rep3_CRISPResso_on_PDCD1	Insertions	0.0	0.0	0.0	0.0	0.0	0.0	0.0	0.0	0.0	0.0	0.0	0.0	0.0	0.0	0.0	0.0	0.0	0.0	0.0	0.0
_scratch_st-cdeboer-1_asfar_VLPs_results_crispresso_aggregated_spacer_AXBE_rep3_.staging_CRISPRessoPooled_on_AXBE_D0_rep3_CRISPResso_on_PDCD1	Insertions_Left	0.0	0.0	0.0	0.0	0.0	0.0	0.0	0.0	0.0	0.0	0.0	0.0	0.0	0.0	0.0	0.0	0.0	0.0	0.0	0.0
_scratch_st-cdeboer-1_asfar_VLPs_results_crispresso_aggregated_spacer_AXBE_rep3_.staging_CRISPRessoPooled_on_AXBE_D0_rep3_CRISPResso_on_PDCD1	Deletions	3.6135653242271486e-05	0.0	0.0	0.0	0.0	1.8067826621135743e-05	0.0	0.0	1.8067826621135743e-05	0.0	1.8067826621135743e-05	0.0	0.0	0.0	0.0	0.0	0.0	0.0	0.0	1.8067826621135743e-05
_scratch_st-cdeboer-1_asfar_VLPs_results_crispresso_aggregated_spacer_AXBE_rep3_.staging_CRISPRessoPooled_on_AXBE_D0_rep3_CRISPResso_on_PDCD1	Substitutions	7.227130648454297e-05	0.00018067826621135744	0.00014454261296908594	5.420347986340723e-05	0.00014454261296908594	0.00010840695972681446	7.227130648454297e-05	5.420347986340723e-05	0.00027101739931703617	7.227130648454297e-05	0.0002529495726959004	0.0002529495726959004	0.00019874609283249318	0.00019874609283249318	3.6135653242271486e-05	7.227130648454297e-05	0.00014454261296908594	0.0003794243590438506	7.227130648454297e-05	7.227130648454297e-05
_scratch_st-cdeboer-1_asfar_VLPs_results_crispresso_aggregated_spacer_AXBE_rep3_.staging_CRISPRessoPooled_on_AXBE_D0_rep3_CRISPResso_on_PDCD1	All_modifications	0.00010840695972681446	0.00018067826621135744	0.00014454261296908594	5.420347986340723e-05	0.00014454261296908594	0.0001264747863479502	7.227130648454297e-05	5.420347986340723e-05	0.0002890852259381719	7.227130648454297e-05	0.00027101739931703617	0.0002529495726959004	0.00019874609283249318	0.00019874609283249318	3.6135653242271486e-05	7.227130648454297e-05	0.00014454261296908594	0.0003794243590438506	7.227130648454297e-05	9.033913310567872e-05
_scratch_st-cdeboer-1_asfar_VLPs_results_crispresso_aggregated_spacer_AXBE_rep3_.staging_CRISPRessoPooled_on_AXBE_D1_rep3_CRISPResso_on_PDCD1	Insertions	1.2306026261060042e-05	1.2306026261060042e-05	0.0	0.0	0.0	0.0	0.0	0.0	0.0	0.0	0.0	0.0	0.0	0.0	0.0	0.0	0.0	0.0	0.0	0.0
_scratch_st-cdeboer-1_asfar_VLPs_results_crispresso_aggregated_spacer_AXBE_rep3_.staging_CRISPRessoPooled_on_AXBE_D1_rep3_CRISPResso_on_PDCD1	Insertions_Left	1.2306026261060042e-05	0.0	0.0	0.0	0.0	0.0	0.0	0.0	0.0	0.0	0.0	0.0	0.0	0.0	0.0	0.0	0.0	0.0	0.0	0.0
_scratch_st-cdeboer-1_asfar_VLPs_results_crispresso_aggregated_spacer_AXBE_rep3_.staging_CRISPRessoPooled_on_AXBE_D1_rep3_CRISPResso_on_PDCD1	Deletions	4.922410504424017e-05	1.2306026261060042e-05	1.2306026261060042e-05	1.2306026261060042e-05	2.4612052522120084e-05	1.2306026261060042e-05	1.2306026261060042e-05	1.2306026261060042e-05	3.691807878318012e-05	1.2306026261060042e-05	0.0001230602626106004	1.2306026261060042e-05	1.2306026261060042e-05	1.2306026261060042e-05	1.2306026261060042e-05	1.2306026261060042e-05	1.2306026261060042e-05	1.2306026261060042e-05	1.2306026261060042e-05	2.4612052522120084e-05
_scratch_st-cdeboer-1_asfar_VLPs_results_crispresso_aggregated_spacer_AXBE_rep3_.staging_CRISPRessoPooled_on_AXBE_D1_rep3_CRISPResso_on_PDCD1	Substitutions	0.00015997834139378053	0.0008368097857520827	0.0001476723151327205	8.614218382742029e-05	0.0002461205252212008	0.004319415217632075	4.922410504424017e-05	0.0001476723151327205	0.00025842655148226087	0.0016736195715041655	0.0003322627090486211	0.00017228436765484058	0.00030765065652650105	0.0002092024464380207	0.0001230602626106004	9.844821008848033e-05	0.0002461205252212008	0.0009352579958405631	0.0001476723151327205	0.00015997834139378053
_scratch_st-cdeboer-1_asfar_VLPs_results_crispresso_aggregated_spacer_AXBE_rep3_.staging_CRISPRessoPooled_on_AXBE_D1_rep3_CRISPResso_on_PDCD1	All_modifications	0.00022150847269908073	0.0008614218382742029	0.00015997834139378053	9.844821008848033e-05	0.0002707325777433209	0.004331721243893134	6.15301313053002e-05	0.00015997834139378053	0.000295344630265441	0.0016859255977652256	0.00045532297165922154	0.00018459039391590062	0.00031995668278756107	0.00022150847269908073	0.00013536628887166044	0.00011075423634954037	0.00025842655148226087	0.0009475640221016232	0.00015997834139378053	0.00018459039391590062
_scratch_st-cdeboer-1_asfar_VLPs_results_crispresso_aggregated_spacer_AXBE_rep3_.staging_CRISPRessoPooled_on_AXBE_D2_rep3_CRISPResso_on_PDCD1	Insertions	1.5123330762367103e-05	1.5123330762367103e-05	0.0	0.0	0.0	0.0	0.0	0.0	0.0	0.00010586331533656972	0.00010586331533656972	0.0	0.0	0.0	0.0	0.0	0.0	0.0	0.0	0.0
_scratch_st-cdeboer-1_asfar_VLPs_results_crispresso_aggregated_spacer_AXBE_rep3_.staging_CRISPRessoPooled_on_AXBE_D2_rep3_CRISPResso_on_PDCD1	Insertions_Left	1.5123330762367103e-05	0.0	0.0	0.0	0.0	0.0	0.0	0.0	0.0	0.00010586331533656972	0.0	0.0	0.0	0.0	0.0	0.0	0.0	0.0	0.0	0.0
_scratch_st-cdeboer-1_asfar_VLPs_results_crispresso_aggregated_spacer_AXBE_rep3_.staging_CRISPRessoPooled_on_AXBE_D2_rep3_CRISPResso_on_PDCD1	Deletions	4.536999228710131e-05	1.5123330762367103e-05	1.5123330762367103e-05	1.5123330762367103e-05	1.5123330762367103e-05	1.5123330762367103e-05	1.5123330762367103e-05	1.5123330762367103e-05	1.5123330762367103e-05	1.5123330762367103e-05	3.0246661524734207e-05	1.5123330762367103e-05	1.5123330762367103e-05	1.5123330762367103e-05	1.5123330762367103e-05	1.5123330762367103e-05	1.5123330762367103e-05	1.5123330762367103e-05	1.5123330762367103e-05	1.5123330762367103e-05
_scratch_st-cdeboer-1_asfar_VLPs_results_crispresso_aggregated_spacer_AXBE_rep3_.staging_CRISPRessoPooled_on_AXBE_D2_rep3_CRISPResso_on_PDCD1	Substitutions	0.00010586331533656972	0.0025860895603647747	0.00010586331533656972	7.561665381183553e-05	7.561665381183553e-05	0.018994903437533083	6.049332304946841e-05	0.00015123330762367105	0.00015123330762367105	0.008227091934727704	0.0007259198765936209	0.00021172663067313944	0.00018147996914840523	0.00024197329219787365	9.073998457420262e-05	0.00012098664609893683	0.00018147996914840523	0.0003780832690591776	4.536999228710131e-05	0.00010586331533656972
_scratch_st-cdeboer-1_asfar_VLPs_results_crispresso_aggregated_spacer_AXBE_rep3_.staging_CRISPRessoPooled_on_AXBE_D2_rep3_CRISPResso_on_PDCD1	All_modifications	0.00016635663838603814	0.002616336221889509	0.00012098664609893683	9.073998457420262e-05	9.073998457420262e-05	0.01901002676829545	7.561665381183553e-05	0.00016635663838603814	0.00016635663838603814	0.008348078580826642	0.000862029853454925	0.00022684996143550656	0.00019660329991077235	0.00025709662296024074	0.00010586331533656972	0.00013610997686130393	0.00019660329991077235	0.0003932065998215447	6.049332304946841e-05	0.00012098664609893683
_scratch_st-cdeboer-1_asfar_VLPs_results_crispresso_aggregated_spacer_AXBE_rep3_.staging_CRISPRessoPooled_on_AXBE_D3_rep3_CRISPResso_on_PDCD1	Insertions	0.0	0.0	0.0	0.0	0.0	0.0	0.0	0.0	0.0	0.0	0.0	0.0	0.0	0.0	0.0	0.0	0.0	0.0	0.0	0.0
_scratch_st-cdeboer-1_asfar_VLPs_results_crispresso_aggregated_spacer_AXBE_rep3_.staging_CRISPRessoPooled_on_AXBE_D3_rep3_CRISPResso_on_PDCD1	Insertions_Left	0.0	0.0	0.0	0.0	0.0	0.0	0.0	0.0	0.0	0.0	0.0	0.0	0.0	0.0	0.0	0.0	0.0	0.0	0.0	0.0
_scratch_st-cdeboer-1_asfar_VLPs_results_crispresso_aggregated_spacer_AXBE_rep3_.staging_CRISPRessoPooled_on_AXBE_D3_rep3_CRISPResso_on_PDCD1	Deletions	3.958462533152124e-05	1.3194875110507079e-05	1.3194875110507079e-05	1.3194875110507079e-05	1.3194875110507079e-05	1.3194875110507079e-05	1.3194875110507079e-05	1.3194875110507079e-05	1.3194875110507079e-05	1.3194875110507079e-05	6.59743755525354e-05	1.3194875110507079e-05	1.3194875110507079e-05	1.3194875110507079e-05	1.3194875110507079e-05	1.3194875110507079e-05	1.3194875110507079e-05	1.3194875110507079e-05	1.3194875110507079e-05	1.3194875110507079e-05
_scratch_st-cdeboer-1_asfar_VLPs_results_crispresso_aggregated_spacer_AXBE_rep3_.staging_CRISPRessoPooled_on_AXBE_D3_rep3_CRISPResso_on_PDCD1	Substitutions	0.00023750775198912744	0.00032987187776267697	7.916925066304247e-05	9.236412577354956e-05	0.0002507026270996345	0.0014646311372662857	7.916925066304247e-05	0.0001319487511050708	0.00021111800176811326	0.00040904112842571946	0.00010555900088405663	0.0001979231266576062	0.0002770923773206487	0.0001319487511050708	0.00010555900088405663	7.916925066304247e-05	0.00014514362621557788	0.00048821037908876194	9.236412577354956e-05	0.00010555900088405663
_scratch_st-cdeboer-1_asfar_VLPs_results_crispresso_aggregated_spacer_AXBE_rep3_.staging_CRISPRessoPooled_on_AXBE_D3_rep3_CRISPResso_on_PDCD1	All_modifications	0.0002770923773206487	0.00034306675287318404	9.236412577354956e-05	0.00010555900088405663	0.0002638975022101416	0.001477826012376793	9.236412577354956e-05	0.00014514362621557788	0.00022431287687862034	0.00042223600353622653	0.00017153337643659202	0.00021111800176811326	0.00029028725243115575	0.00014514362621557788	0.00011875387599456372	9.236412577354956e-05	0.00015833850132608495	0.000501405254199269	0.00010555900088405663	0.00011875387599456372
_scratch_st-cdeboer-1_asfar_VLPs_results_crispresso_aggregated_spacer_AXBE_rep3_.staging_CRISPRessoPooled_on_AXBE_D4_rep3_CRISPResso_on_PDCD1	Insertions	0.0	0.0	0.0	0.0	1.115623187112321e-05	1.115623187112321e-05	1.115623187112321e-05	7.809362309786246e-05	6.693739122673925e-05	0.0005466553616850372	0.0005466553616850372	0.0	0.0	1.115623187112321e-05	1.115623187112321e-05	0.0	0.0	0.0	0.0	0.0
_scratch_st-cdeboer-1_asfar_VLPs_results_crispresso_aggregated_spacer_AXBE_rep3_.staging_CRISPRessoPooled_on_AXBE_D4_rep3_CRISPResso_on_PDCD1	Insertions_Left	0.0	0.0	0.0	0.0	1.115623187112321e-05	0.0	1.115623187112321e-05	6.693739122673925e-05	0.0	0.0005466553616850372	0.0	0.0	0.0	1.115623187112321e-05	0.0	0.0	0.0	0.0	0.0	0.0
_scratch_st-cdeboer-1_asfar_VLPs_results_crispresso_aggregated_spacer_AXBE_rep3_.staging_CRISPRessoPooled_on_AXBE_D4_rep3_CRISPResso_on_PDCD1	Deletions	7.809362309786246e-05	8.924985496898568e-05	5.5781159355616044e-05	5.5781159355616044e-05	5.5781159355616044e-05	5.5781159355616044e-05	5.5781159355616044e-05	8.924985496898568e-05	8.924985496898568e-05	7.809362309786246e-05	0.00010040608684010889	6.693739122673925e-05	6.693739122673925e-05	7.809362309786246e-05	6.693739122673925e-05	6.693739122673925e-05	6.693739122673925e-05	6.693739122673925e-05	6.693739122673925e-05	1.115623187112321e-05
_scratch_st-cdeboer-1_asfar_VLPs_results_crispresso_aggregated_spacer_AXBE_rep3_.staging_CRISPRessoPooled_on_AXBE_D4_rep3_CRISPResso_on_PDCD1	Substitutions	0.00029006202864920345	0.014480788968717925	0.00010040608684010889	0.00010040608684010889	0.00021196840555134098	0.14063545896737917	0.00025659333303583383	0.0004685617385871748	0.0002342808692935874	0.0634008657235932	0.003726181444955152	0.00017849970993797135	0.0003235307242625731	0.00029006202864920345	6.693739122673925e-05	5.5781159355616044e-05	0.00014503101432460173	0.00022312463742246418	7.809362309786246e-05	0.0001338747824534785
_scratch_st-cdeboer-1_asfar_VLPs_results_crispresso_aggregated_spacer_AXBE_rep3_.staging_CRISPRessoPooled_on_AXBE_D4_rep3_CRISPResso_on_PDCD1	All_modifications	0.00036815565174706593	0.01457003882368691	0.00015618724619572493	0.00015618724619572493	0.00027890579677808023	0.14070239635860593	0.0003235307242625731	0.0006359052166540229	0.00039046811548931233	0.0640256147083761	0.004373242893480298	0.0002454371011647106	0.00039046811548931233	0.0003793118836181891	0.00014503101432460173	0.0001227185505823553	0.00021196840555134098	0.00029006202864920345	0.00014503101432460173	0.00014503101432460173
_scratch_st-cdeboer-1_asfar_VLPs_results_crispresso_aggregated_spacer_AXBE_rep3_.staging_CRISPRessoPooled_on_AXBE_D5_rep3_CRISPResso_on_PDCD1	Insertions	0.00011969358442387488	0.00011969358442387488	0.0	0.0	0.0	5.984679221193744e-05	5.984679221193744e-05	3.989786147462496e-05	3.989786147462496e-05	0.0002194382381104373	0.0002194382381104373	0.0	0.0	0.0	0.0	0.0	0.0	0.0	0.0	0.0
_scratch_st-cdeboer-1_asfar_VLPs_results_crispresso_aggregated_spacer_AXBE_rep3_.staging_CRISPRessoPooled_on_AXBE_D5_rep3_CRISPResso_on_PDCD1	Insertions_Left	0.00011969358442387488	0.0	0.0	0.0	0.0	5.984679221193744e-05	0.0	3.989786147462496e-05	0.0	0.0002194382381104373	0.0	0.0	0.0	0.0	0.0	0.0	0.0	0.0	0.0	0.0
_scratch_st-cdeboer-1_asfar_VLPs_results_crispresso_aggregated_spacer_AXBE_rep3_.staging_CRISPRessoPooled_on_AXBE_D5_rep3_CRISPResso_on_PDCD1	Deletions	0.00013964251516118735	0.00013964251516118735	0.00013964251516118735	0.00013964251516118735	9.97446536865624e-05	9.97446536865624e-05	0.00011969358442387488	0.00011969358442387488	0.00011969358442387488	0.00013964251516118735	0.00013964251516118735	9.97446536865624e-05	9.97446536865624e-05	9.97446536865624e-05	0.00013964251516118735	0.00013964251516118735	0.00013964251516118735	9.97446536865624e-05	9.97446536865624e-05	9.97446536865624e-05
_scratch_st-cdeboer-1_asfar_VLPs_results_crispresso_aggregated_spacer_AXBE_rep3_.staging_CRISPRessoPooled_on_AXBE_D5_rep3_CRISPResso_on_PDCD1	Substitutions	9.97446536865624e-05	0.009316150654324928	0.00013964251516118735	0.00041892754548356206	9.97446536865624e-05	0.0811921481008618	0.0002194382381104373	0.0009375997446536866	0.0003191828917969997	0.03313517395467603	0.002713054580274497	0.00011969358442387488	0.0002992339610596872	0.0001994893073731248	1.994893073731248e-05	7.979572294924992e-05	0.0001994893073731248	0.0003191828917969997	0.00011969358442387488	7.979572294924992e-05
_scratch_st-cdeboer-1_asfar_VLPs_results_crispresso_aggregated_spacer_AXBE_rep3_.staging_CRISPRessoPooled_on_AXBE_D5_rep3_CRISPResso_on_PDCD1	All_modifications	0.00035908075327162467	0.009575486753909991	0.0002792850303223747	0.0005585700606447494	0.0001994893073731248	0.0813517395467603	0.0003989786147462496	0.0010971911905521864	0.0004787743376954995	0.03349425470794765	0.003072135333546122	0.0002194382381104373	0.0003989786147462496	0.0002992339610596872	0.00015959144589849984	0.0002194382381104373	0.00033913182253431215	0.00041892754548356206	0.0002194382381104373	0.00017954037663581233
