Folder	Modification	G	G	C	C	C	A	G	A	C	T	G	A	G	C	A	C	G	T	G	A
_scratch_st-cdeboer-1_asfar_VLPs_results_crispresso_aggregated_spacer_AXBE_rep1_.staging_CRISPRessoPooled_on_AXBE_D0_rep1_CRISPResso_on_HEK3	Insertions	0.0	0.0	0.0	0.0	0.0	0.0	0.0	0.0	0.0	0.0	0.0	0.0	0.0	0.0	0.0	0.0	0.0	0.0	0.0	0.0
_scratch_st-cdeboer-1_asfar_VLPs_results_crispresso_aggregated_spacer_AXBE_rep1_.staging_CRISPRessoPooled_on_AXBE_D0_rep1_CRISPResso_on_HEK3	Insertions_Left	0.0	0.0	0.0	0.0	0.0	0.0	0.0	0.0	0.0	0.0	0.0	0.0	0.0	0.0	0.0	0.0	0.0	0.0	0.0	0.0
_scratch_st-cdeboer-1_asfar_VLPs_results_crispresso_aggregated_spacer_AXBE_rep1_.staging_CRISPRessoPooled_on_AXBE_D0_rep1_CRISPResso_on_HEK3	Deletions	2.0813387170628147e-05	8.325354868251259e-05	0.0	0.0	0.0	0.0	0.0	0.0	0.0	0.0	0.0	0.0	0.0	0.0	0.0	0.0	0.0	0.0	0.0	0.0
_scratch_st-cdeboer-1_asfar_VLPs_results_crispresso_aggregated_spacer_AXBE_rep1_.staging_CRISPRessoPooled_on_AXBE_D0_rep1_CRISPResso_on_HEK3	Substitutions	0.00020813387170628148	0.00012488032302376888	8.325354868251259e-05	0.0	0.00010406693585314074	0.0008117220996544977	0.00020813387170628148	0.0007700953253132415	6.244016151188444e-05	0.00016650709736502518	0.00012488032302376888	0.00018732048453565334	0.00012488032302376888	8.325354868251259e-05	6.244016151188444e-05	8.325354868251259e-05	0.0003954543562419348	0.0002913874203887941	0.00012488032302376888	0.00012488032302376888
_scratch_st-cdeboer-1_asfar_VLPs_results_crispresso_aggregated_spacer_AXBE_rep1_.staging_CRISPRessoPooled_on_AXBE_D0_rep1_CRISPResso_on_HEK3	All_modifications	0.00022894725887690962	0.00020813387170628148	8.325354868251259e-05	0.0	0.00010406693585314074	0.0008117220996544977	0.00020813387170628148	0.0007700953253132415	6.244016151188444e-05	0.00016650709736502518	0.00012488032302376888	0.00018732048453565334	0.00012488032302376888	8.325354868251259e-05	6.244016151188444e-05	8.325354868251259e-05	0.0003954543562419348	0.0002913874203887941	0.00012488032302376888	0.00012488032302376888
_scratch_st-cdeboer-1_asfar_VLPs_results_crispresso_aggregated_spacer_AXBE_rep1_.staging_CRISPRessoPooled_on_AXBE_D1_rep1_CRISPResso_on_HEK3	Insertions	0.0	0.0	0.0	0.0	0.0	0.0	5.154373485902789e-05	5.154373485902789e-05	0.0	0.0008246997577444462	0.0008246997577444462	0.0	0.0	0.0	0.0	0.0	5.154373485902789e-05	5.154373485902789e-05	0.0	0.0
_scratch_st-cdeboer-1_asfar_VLPs_results_crispresso_aggregated_spacer_AXBE_rep1_.staging_CRISPRessoPooled_on_AXBE_D1_rep1_CRISPResso_on_HEK3	Insertions_Left	0.0	0.0	0.0	0.0	0.0	0.0	5.154373485902789e-05	0.0	0.0	0.0008246997577444462	0.0	0.0	0.0	0.0	0.0	0.0	5.154373485902789e-05	0.0	0.0	0.0
_scratch_st-cdeboer-1_asfar_VLPs_results_crispresso_aggregated_spacer_AXBE_rep1_.staging_CRISPRessoPooled_on_AXBE_D1_rep1_CRISPResso_on_HEK3	Deletions	5.154373485902789e-05	0.00010308746971805578	0.0	0.00010308746971805578	0.0002577186742951394	0.00020617493943611155	0.0003608061440131952	0.0006185248183083346	0.0003608061440131952	5.154373485902789e-05	5.154373485902789e-05	5.154373485902789e-05	5.154373485902789e-05	5.154373485902789e-05	5.154373485902789e-05	5.154373485902789e-05	5.154373485902789e-05	5.154373485902789e-05	5.154373485902789e-05	5.154373485902789e-05
_scratch_st-cdeboer-1_asfar_VLPs_results_crispresso_aggregated_spacer_AXBE_rep1_.staging_CRISPRessoPooled_on_AXBE_D1_rep1_CRISPResso_on_HEK3	Substitutions	0.00010308746971805578	0.00015463120457708364	0.0	0.0003092624091541673	0.0011855059017576413	0.07942889541776198	5.154373485902789e-05	0.05994536364104943	5.154373485902789e-05	5.154373485902789e-05	0.00015463120457708364	0.0005154373485902788	0.0	0.0002577186742951394	0.00020617493943611155	0.00020617493943611155	0.000463893613731251	0.0003608061440131952	0.0002577186742951394	0.0002577186742951394
_scratch_st-cdeboer-1_asfar_VLPs_results_crispresso_aggregated_spacer_AXBE_rep1_.staging_CRISPRessoPooled_on_AXBE_D1_rep1_CRISPResso_on_HEK3	All_modifications	0.00015463120457708364	0.0002577186742951394	0.0	0.0004123498788722231	0.001443224576052781	0.07963507035719808	0.000463893613731251	0.06061543219421679	0.0004123498788722231	0.000927787227462502	0.0010308746971805576	0.0005669810834493067	5.154373485902789e-05	0.0003092624091541673	0.0002577186742951394	0.0002577186742951394	0.0005669810834493067	0.000463893613731251	0.0003092624091541673	0.0003092624091541673
_scratch_st-cdeboer-1_asfar_VLPs_results_crispresso_aggregated_spacer_AXBE_rep1_.staging_CRISPRessoPooled_on_AXBE_D2_rep1_CRISPResso_on_HEK3	Insertions	0.0	2.8373623879241858e-05	2.8373623879241858e-05	0.0	0.0	0.00011349449551696743	0.00017024174327545113	8.512087163772556e-05	5.6747247758483716e-05	0.0015038020655998184	0.0014754284417205765	0.0	0.0	0.0	0.0	8.512087163772556e-05	0.00017024174327545113	8.512087163772556e-05	0.0	0.0
_scratch_st-cdeboer-1_asfar_VLPs_results_crispresso_aggregated_spacer_AXBE_rep1_.staging_CRISPRessoPooled_on_AXBE_D2_rep1_CRISPResso_on_HEK3	Insertions_Left	0.0	2.8373623879241858e-05	0.0	0.0	0.0	0.00011349449551696743	5.6747247758483716e-05	2.8373623879241858e-05	2.8373623879241858e-05	0.0014754284417205765	0.0	0.0	0.0	0.0	0.0	8.512087163772556e-05	8.512087163772556e-05	0.0	0.0	0.0
_scratch_st-cdeboer-1_asfar_VLPs_results_crispresso_aggregated_spacer_AXBE_rep1_.staging_CRISPRessoPooled_on_AXBE_D2_rep1_CRISPResso_on_HEK3	Deletions	0.00036885711043014414	0.00042560435818862785	0.00034048348655090226	0.00042560435818862785	0.0005107252298263534	0.0017307910566337532	0.0009363295880149813	0.0014754284417205765	0.0010781977074111905	0.0010781977074111905	0.0009363295880149813	0.0009363295880149813	0.0007093405969810464	0.0006525933492225627	0.0006242197253433209	0.00034048348655090226	0.000198615367154693	0.00014186811939620927	0.00014186811939620927	0.00011349449551696743
_scratch_st-cdeboer-1_asfar_VLPs_results_crispresso_aggregated_spacer_AXBE_rep1_.staging_CRISPRessoPooled_on_AXBE_D2_rep1_CRISPResso_on_HEK3	Substitutions	0.0002553626149131767	0.00045397798206786973	0.00045397798206786973	0.001361933946203609	0.0017307910566337532	0.18300987402110996	0.00014186811939620927	0.13514357053682896	0.00011349449551696743	5.6747247758483716e-05	5.6747247758483716e-05	0.000397230734309386	5.6747247758483716e-05	5.6747247758483716e-05	0.00022698899103393486	0.0	0.00028373623879241855	0.00017024174327545113	0.000198615367154693	0.000198615367154693
_scratch_st-cdeboer-1_asfar_VLPs_results_crispresso_aggregated_spacer_AXBE_rep1_.staging_CRISPRessoPooled_on_AXBE_D2_rep1_CRISPResso_on_HEK3	All_modifications	0.0006242197253433209	0.0009079559641357395	0.0008228350924980139	0.001787538304392237	0.0022415162864601068	0.1848541595732607	0.0012484394506866417	0.13670411985018727	0.0012484394506866417	0.0026387470207694928	0.0024685052774940414	0.0013335603223243672	0.0007660878447395301	0.0007093405969810464	0.0008512087163772557	0.00042560435818862785	0.0006525933492225627	0.000397230734309386	0.00034048348655090226	0.00031210986267166043
_scratch_st-cdeboer-1_asfar_VLPs_results_crispresso_aggregated_spacer_AXBE_rep1_.staging_CRISPRessoPooled_on_AXBE_D3_rep1_CRISPResso_on_HEK3	Insertions	0.0	0.00018538258330629839	0.00018538258330629839	0.00013903693747972378	0.00013903693747972378	0.00023172822913287297	0.00046345645826574594	0.00037076516661259677	0.00046345645826574594	0.006117625249107846	0.005793205728321824	0.00018538258330629839	0.00018538258330629839	4.6345645826574596e-05	4.6345645826574596e-05	0.00018538258330629839	0.00032441952078602216	0.00013903693747972378	0.0	0.0
_scratch_st-cdeboer-1_asfar_VLPs_results_crispresso_aggregated_spacer_AXBE_rep1_.staging_CRISPRessoPooled_on_AXBE_D3_rep1_CRISPResso_on_HEK3	Insertions_Left	0.0	0.00018538258330629839	0.0	0.00013903693747972378	0.0	0.00023172822913287297	0.00023172822913287297	0.00013903693747972378	0.00032441952078602216	0.005793205728321824	0.0	0.00018538258330629839	0.0	4.6345645826574596e-05	0.0	0.00018538258330629839	0.00013903693747972378	0.0	0.0	0.0
_scratch_st-cdeboer-1_asfar_VLPs_results_crispresso_aggregated_spacer_AXBE_rep1_.staging_CRISPRessoPooled_on_AXBE_D3_rep1_CRISPResso_on_HEK3	Deletions	0.0016684432497566853	0.0030124669787273484	0.002270936645502155	0.0031051582703804977	0.003661306020299393	0.005607823145015526	0.0051443666867497795	0.009639894331927516	0.0056541687908421	0.005005329749270056	0.005885897019974973	0.005607823145015526	0.004402836353524587	0.004217453770218288	0.004032071186911989	0.0037076516661259675	0.0021782453538490057	0.0019928627705427075	0.0019928627705427075	0.0012049867914909395
_scratch_st-cdeboer-1_asfar_VLPs_results_crispresso_aggregated_spacer_AXBE_rep1_.staging_CRISPRessoPooled_on_AXBE_D3_rep1_CRISPResso_on_HEK3	Substitutions	0.00013903693747972378	0.0012049867914909395	0.0010659498540112155	0.007739722853037957	0.014089076331278677	0.7564536311813506	0.001019604208184641	0.6146823005978588	0.00037076516661259677	0.00037076516661259677	0.00046345645826574594	0.0011586411456643649	0.00013903693747972378	0.00018538258330629839	0.0006024933957454698	0.00018538258330629839	0.0006024933957454698	0.00023172822913287297	0.00046345645826574594	0.0004171108124391713
_scratch_st-cdeboer-1_asfar_VLPs_results_crispresso_aggregated_spacer_AXBE_rep1_.staging_CRISPRessoPooled_on_AXBE_D3_rep1_CRISPResso_on_HEK3	All_modifications	0.001807480187236409	0.004402836353524587	0.0035222690828196693	0.01098391806089818	0.017889419289057792	0.7622931825554989	0.006627427353200167	0.624692960096399	0.0064883904157204434	0.0114937201649905	0.012142559206562544	0.006951846873986189	0.004727255874310609	0.004449181999351161	0.004680910228484034	0.004078416832738564	0.0031051582703804977	0.0023636279371553044	0.0024563192288084533	0.0016220976039301109
_scratch_st-cdeboer-1_asfar_VLPs_results_crispresso_aggregated_spacer_AXBE_rep1_.staging_CRISPRessoPooled_on_AXBE_D4_rep1_CRISPResso_on_HEK3	Insertions	0.0	0.00026782725142283226	0.0006026113157013726	0.00033478406427854036	0.0	0.0	0.0003013056578506863	0.00043521928356210244	0.0007365249414127888	0.009139604954804151	0.008536993639102779	0.0	0.0	0.0	0.0	0.0	0.0007700033478406428	0.0007700033478406428	0.0	0.0
_scratch_st-cdeboer-1_asfar_VLPs_results_crispresso_aggregated_spacer_AXBE_rep1_.staging_CRISPRessoPooled_on_AXBE_D4_rep1_CRISPResso_on_HEK3	Insertions_Left	0.0	0.00026782725142283226	0.00033478406427854036	0.0	0.0	0.0	0.0003013056578506863	0.00013391362571141613	0.0006026113157013726	0.008536993639102779	0.0	0.0	0.0	0.0	0.0	0.0	0.0007700033478406428	0.0	0.0	0.0
_scratch_st-cdeboer-1_asfar_VLPs_results_crispresso_aggregated_spacer_AXBE_rep1_.staging_CRISPRessoPooled_on_AXBE_D4_rep1_CRISPResso_on_HEK3	Deletions	0.002778707733511885	0.003916973552058922	0.003046534984934717	0.0037495815199196517	0.0038500167392032138	0.007030465349849347	0.0050552393706059595	0.012219618346166722	0.006896551724137931	0.006528289253431537	0.005959156344158018	0.005289588215600938	0.004419149648476732	0.004017408771342484	0.0038165383327753597	0.0034482758620689655	0.002778707733511885	0.001941747572815534	0.0014395714763977235	0.0012721794442584534
_scratch_st-cdeboer-1_asfar_VLPs_results_crispresso_aggregated_spacer_AXBE_rep1_.staging_CRISPRessoPooled_on_AXBE_D4_rep1_CRISPResso_on_HEK3	Substitutions	0.0004017408771342484	0.001975225979243388	0.0013726146635420155	0.008838299296953464	0.0161700703046535	0.8491463006360898	0.0003682624707063944	0.7063943756277201	0.00013391362571141613	0.0003013056578506863	0.00046869768998995646	0.0017408771342484097	0.00046869768998995646	0.00026782725142283226	0.0012387010378305994	0.00016739203213927018	0.00046869768998995646	0.0003013056578506863	0.0	0.00023434884499497823
_scratch_st-cdeboer-1_asfar_VLPs_results_crispresso_aggregated_spacer_AXBE_rep1_.staging_CRISPRessoPooled_on_AXBE_D4_rep1_CRISPResso_on_HEK3	All_modifications	0.0031804486106461333	0.006160026782725142	0.0050217609641781055	0.012922664881151657	0.020020087043856712	0.8561767659859391	0.00572480749916304	0.719049213257449	0.007766990291262136	0.015969199866086373	0.014964847673250754	0.007030465349849347	0.0048878473384666886	0.004285236022765316	0.0050552393706059595	0.0036156678942082356	0.004017408771342484	0.003013056578506863	0.0014395714763977235	0.0015065282892534316
_scratch_st-cdeboer-1_asfar_VLPs_results_crispresso_aggregated_spacer_AXBE_rep1_.staging_CRISPRessoPooled_on_AXBE_D5_rep1_CRISPResso_on_HEK3	Insertions	0.0	0.00021975262133484022	0.00021975262133484022	0.0	0.0	0.000282539084573366	0.000282539084573366	0.0004290408321299261	0.0007325087377828007	0.007701806157259162	0.007398338251606287	0.0	0.0	0.00040811201105041755	0.00040811201105041755	0.0	3.139323161926289e-05	0.0002302170318745945	0.0001988238002553316	0.0
_scratch_st-cdeboer-1_asfar_VLPs_results_crispresso_aggregated_spacer_AXBE_rep1_.staging_CRISPRessoPooled_on_AXBE_D5_rep1_CRISPResso_on_HEK3	Insertions_Left	0.0	0.00021975262133484022	0.0	0.0	0.0	0.000282539084573366	0.0	0.0004290408321299261	0.00030346790565287455	0.007398338251606287	0.0	0.0	0.0	0.00040811201105041755	0.0	0.0	3.139323161926289e-05	0.0001988238002553316	0.0	0.0
_scratch_st-cdeboer-1_asfar_VLPs_results_crispresso_aggregated_spacer_AXBE_rep1_.staging_CRISPRessoPooled_on_AXBE_D5_rep1_CRISPResso_on_HEK3	Deletions	0.0014964107071848644	0.0023754211925242253	0.0015382683493438815	0.0026684246876373455	0.0030660722881480085	0.006613507461124715	0.004217157447520981	0.01157363805696825	0.004614805048031644	0.004405516837236559	0.004708984742889433	0.004688055921809924	0.004625269458571398	0.0035160419413574435	0.0034009334254201462	0.0028881773089721855	0.001737092149599213	0.0018103430233774931	0.001308051317469287	0.0011510851593729725
_scratch_st-cdeboer-1_asfar_VLPs_results_crispresso_aggregated_spacer_AXBE_rep1_.staging_CRISPRessoPooled_on_AXBE_D5_rep1_CRISPResso_on_HEK3	Substitutions	0.0005964714007659948	0.0019673091814738078	0.0014022310123270757	0.009187752453904272	0.015100144408865448	0.7898851007722735	0.00037671877943115466	0.6420962307193235	0.0006801866850840293	0.0004918272953684519	0.00032439672673238316	0.0015382683493438815	0.000638329042925012	0.0003976476005106632	0.0006801866850840293	0.0008790104853393609	0.0011929428015319897	0.0004813628848286976	0.0004499696532094347	0.0005022917059082062
_scratch_st-cdeboer-1_asfar_VLPs_results_crispresso_aggregated_spacer_AXBE_rep1_.staging_CRISPRessoPooled_on_AXBE_D5_rep1_CRISPResso_on_HEK3	All_modifications	0.002092882107950859	0.004562482995332873	0.003160251983005797	0.011856177141541618	0.018166216697013456	0.7967811473179716	0.004876415311525502	0.6540989096084218	0.006027500470898475	0.012599150289864173	0.012431719721228104	0.006226324271153806	0.005263598501496411	0.0043218015529185244	0.004489232121554593	0.0037671877943115466	0.0029614281827504657	0.002521922940080785	0.0019568447709340533	0.0016533768652811788
