Folder	Modification	G	G	C	C	C	A	G	A	C	T	G	A	G	C	A	C	G	T	G	A
_scratch_st-cdeboer-1_asfar_VLPs_results_crispresso_aggregated_spacer_AXBE_rep2_.staging_CRISPRessoPooled_on_AXBE_D0_rep2_CRISPResso_on_HEK3	Insertions	0.0	0.0	0.0	0.0	0.0	0.0	0.0	0.0	0.0	0.0	0.0	0.0	0.0	0.0	0.0	0.0	0.0	0.0	0.0	0.0
_scratch_st-cdeboer-1_asfar_VLPs_results_crispresso_aggregated_spacer_AXBE_rep2_.staging_CRISPRessoPooled_on_AXBE_D0_rep2_CRISPResso_on_HEK3	Insertions_Left	0.0	0.0	0.0	0.0	0.0	0.0	0.0	0.0	0.0	0.0	0.0	0.0	0.0	0.0	0.0	0.0	0.0	0.0	0.0	0.0
_scratch_st-cdeboer-1_asfar_VLPs_results_crispresso_aggregated_spacer_AXBE_rep2_.staging_CRISPRessoPooled_on_AXBE_D0_rep2_CRISPResso_on_HEK3	Deletions	0.0003147293327738145	0.0003671842215694503	0.0003147293327738145	0.0003147293327738145	0.0003147293327738145	0.0003147293327738145	0.0003147293327738145	0.0003147293327738145	0.0003147293327738145	0.0003147293327738145	0.0003147293327738145	0.0003147293327738145	0.0003147293327738145	0.0003147293327738145	0.0003147293327738145	0.0003147293327738145	0.0003147293327738145	0.0	0.0	0.0
_scratch_st-cdeboer-1_asfar_VLPs_results_crispresso_aggregated_spacer_AXBE_rep2_.staging_CRISPRessoPooled_on_AXBE_D0_rep2_CRISPResso_on_HEK3	Substitutions	0.00015736466638690725	0.00026227444397817877	5.245488879563575e-05	0.000419639110365086	0.0	0.011120436424674779	0.000209819555182543	0.009074695761644986	0.0	0.0001049097775912715	0.00015736466638690725	0.0001049097775912715	0.0001049097775912715	0.00015736466638690725	0.0001049097775912715	5.245488879563575e-05	0.000419639110365086	0.0003147293327738145	0.000209819555182543	0.000209819555182543
_scratch_st-cdeboer-1_asfar_VLPs_results_crispresso_aggregated_spacer_AXBE_rep2_.staging_CRISPRessoPooled_on_AXBE_D0_rep2_CRISPResso_on_HEK3	All_modifications	0.0004720939991607218	0.000629458665547629	0.0003671842215694503	0.0007343684431389006	0.0003147293327738145	0.011435165757448594	0.0005245488879563575	0.009389425094418799	0.0003147293327738145	0.000419639110365086	0.0004720939991607218	0.000419639110365086	0.000419639110365086	0.0004720939991607218	0.000419639110365086	0.0003671842215694503	0.0007343684431389006	0.0003147293327738145	0.000209819555182543	0.000209819555182543
_scratch_st-cdeboer-1_asfar_VLPs_results_crispresso_aggregated_spacer_AXBE_rep2_.staging_CRISPRessoPooled_on_AXBE_D1_rep2_CRISPResso_on_HEK3	Insertions	0.0	0.0	0.0	0.0	0.0	0.0	0.0	0.0	0.0002909514111143439	0.0005091649694501018	0.00021821355833575792	0.0	0.0	0.0	0.0	0.0	0.0	0.0	0.0	0.0
_scratch_st-cdeboer-1_asfar_VLPs_results_crispresso_aggregated_spacer_AXBE_rep2_.staging_CRISPRessoPooled_on_AXBE_D1_rep2_CRISPResso_on_HEK3	Insertions_Left	0.0	0.0	0.0	0.0	0.0	0.0	0.0	0.0	0.0002909514111143439	0.00021821355833575792	0.0	0.0	0.0	0.0	0.0	0.0	0.0	0.0	0.0	0.0
_scratch_st-cdeboer-1_asfar_VLPs_results_crispresso_aggregated_spacer_AXBE_rep2_.staging_CRISPRessoPooled_on_AXBE_D1_rep2_CRISPResso_on_HEK3	Deletions	7.273785277858598e-05	7.273785277858598e-05	7.273785277858598e-05	0.00014547570555717196	0.00021821355833575792	0.0008001163805644458	0.00014547570555717196	0.0006546406750072738	0.00021821355833575792	0.00014547570555717196	0.00021821355833575792	0.00021821355833575792	0.00014547570555717196	0.00014547570555717196	0.00014547570555717196	7.273785277858598e-05	0.0	0.0	0.0	0.0
_scratch_st-cdeboer-1_asfar_VLPs_results_crispresso_aggregated_spacer_AXBE_rep2_.staging_CRISPRessoPooled_on_AXBE_D1_rep2_CRISPResso_on_HEK3	Substitutions	0.00014547570555717196	0.0007273785277858597	0.00021821355833575792	0.00014547570555717196	0.0014547570555717194	0.05695373872563282	0.0002909514111143439	0.040878673261565315	0.00021821355833575792	0.0	7.273785277858598e-05	7.273785277858598e-05	7.273785277858598e-05	0.0	7.273785277858598e-05	7.273785277858598e-05	0.0008001163805644458	7.273785277858598e-05	7.273785277858598e-05	0.00021821355833575792
_scratch_st-cdeboer-1_asfar_VLPs_results_crispresso_aggregated_spacer_AXBE_rep2_.staging_CRISPRessoPooled_on_AXBE_D1_rep2_CRISPResso_on_HEK3	All_modifications	0.00021821355833575792	0.0008001163805644458	0.0002909514111143439	0.0002909514111143439	0.0016729706139074776	0.057753855106197266	0.00043642711667151585	0.04153331393657259	0.0007273785277858597	0.0006546406750072738	0.0005091649694501018	0.0002909514111143439	0.00021821355833575792	0.00014547570555717196	0.00021821355833575792	0.00014547570555717196	0.0008001163805644458	7.273785277858598e-05	7.273785277858598e-05	0.00021821355833575792
_scratch_st-cdeboer-1_asfar_VLPs_results_crispresso_aggregated_spacer_AXBE_rep2_.staging_CRISPRessoPooled_on_AXBE_D2_rep2_CRISPResso_on_HEK3	Insertions	0.0	0.0	0.0	0.0	0.0	0.0	0.0	0.0	0.0	0.001040582726326743	0.001040582726326743	0.0	0.0	0.0	0.0	0.0	0.0	0.0	0.0	0.0
_scratch_st-cdeboer-1_asfar_VLPs_results_crispresso_aggregated_spacer_AXBE_rep2_.staging_CRISPRessoPooled_on_AXBE_D2_rep2_CRISPResso_on_HEK3	Insertions_Left	0.0	0.0	0.0	0.0	0.0	0.0	0.0	0.0	0.0	0.001040582726326743	0.0	0.0	0.0	0.0	0.0	0.0	0.0	0.0	0.0	0.0
_scratch_st-cdeboer-1_asfar_VLPs_results_crispresso_aggregated_spacer_AXBE_rep2_.staging_CRISPRessoPooled_on_AXBE_D2_rep2_CRISPResso_on_HEK3	Deletions	0.00018919685933213508	0.0004729921483303377	0.00028379528899820264	0.0008513858669946079	0.0008513858669946079	0.0016081733043231481	0.0011351811559928105	0.0019865670229874182	0.001229779585658878	0.0011351811559928105	0.001229779585658878	0.001229779585658878	0.001040582726326743	0.0007567874373285403	0.0006621890076624729	0.0005675905779964053	0.00037839371866427016	0.00037839371866427016	0.00028379528899820264	0.00018919685933213508
_scratch_st-cdeboer-1_asfar_VLPs_results_crispresso_aggregated_spacer_AXBE_rep2_.staging_CRISPRessoPooled_on_AXBE_D2_rep2_CRISPResso_on_HEK3	Substitutions	9.459842966606754e-05	0.0004729921483303377	0.0	0.0015135748746570807	0.0030271497493141613	0.19373758395610632	0.00037839371866427016	0.14511399110774761	9.459842966606754e-05	0.0	9.459842966606754e-05	0.00018919685933213508	9.459842966606754e-05	0.00037839371866427016	9.459842966606754e-05	0.0	0.00018919685933213508	0.00028379528899820264	0.0	0.00018919685933213508
_scratch_st-cdeboer-1_asfar_VLPs_results_crispresso_aggregated_spacer_AXBE_rep2_.staging_CRISPRessoPooled_on_AXBE_D2_rep2_CRISPResso_on_HEK3	All_modifications	0.00028379528899820264	0.0009459842966606754	0.00028379528899820264	0.0023649607416516886	0.0038785356163087694	0.19534575726042946	0.0015135748746570807	0.14710055813073503	0.0013243780153249457	0.0021757638823195536	0.0023649607416516886	0.0014189764449910132	0.0011351811559928105	0.0011351811559928105	0.0007567874373285403	0.0005675905779964053	0.0005675905779964053	0.0006621890076624729	0.00028379528899820264	0.00037839371866427016
_scratch_st-cdeboer-1_asfar_VLPs_results_crispresso_aggregated_spacer_AXBE_rep2_.staging_CRISPRessoPooled_on_AXBE_D3_rep2_CRISPResso_on_HEK3	Insertions	0.0	0.0	0.0	0.0	0.0	0.00032073555353610947	0.0004811033303041642	0.00042764740471481263	0.00042764740471481263	0.004704121451862939	0.004543753675094884	5.345592558935158e-05	5.345592558935158e-05	0.0	0.0	5.345592558935158e-05	0.00037419147912546105	0.00032073555353610947	0.0	0.0
_scratch_st-cdeboer-1_asfar_VLPs_results_crispresso_aggregated_spacer_AXBE_rep2_.staging_CRISPRessoPooled_on_AXBE_D3_rep2_CRISPResso_on_HEK3	Insertions_Left	0.0	0.0	0.0	0.0	0.0	0.00032073555353610947	0.00016036777676805474	0.0002672796279467579	0.00016036777676805474	0.004543753675094884	0.0	5.345592558935158e-05	0.0	0.0	0.0	5.345592558935158e-05	0.00032073555353610947	0.0	0.0	0.0
_scratch_st-cdeboer-1_asfar_VLPs_results_crispresso_aggregated_spacer_AXBE_rep2_.staging_CRISPRessoPooled_on_AXBE_D3_rep2_CRISPResso_on_HEK3	Deletions	0.0012829422141444379	0.001389854065323141	0.0016036777676805474	0.002512428502699524	0.0028866199818249855	0.00539904848452451	0.0034746351633078527	0.00812530068958144	0.004169562195969423	0.003314267386539798	0.0037419147912546107	0.0036350029400759073	0.0029400759074143367	0.0026193403538782275	0.002458972577110173	0.0022986048003421178	0.0018709573956273054	0.0017105896188592505	0.001657133693269899	0.001389854065323141
_scratch_st-cdeboer-1_asfar_VLPs_results_crispresso_aggregated_spacer_AXBE_rep2_.staging_CRISPRessoPooled_on_AXBE_D3_rep2_CRISPResso_on_HEK3	Substitutions	0.00042764740471481263	0.0022986048003421178	0.00021382370235740631	0.007270005880151815	0.012348318811140215	0.6660073769177314	0.00037419147912546105	0.5402255840059871	0.00016036777676805474	0.00032073555353610947	0.0002672796279467579	0.00203132517239536	0.00021382370235740631	0.00042764740471481263	0.00101566258619768	0.00016036777676805474	0.0004811033303041642	0.00016036777676805474	0.00016036777676805474	0.00021382370235740631
_scratch_st-cdeboer-1_asfar_VLPs_results_crispresso_aggregated_spacer_AXBE_rep2_.staging_CRISPRessoPooled_on_AXBE_D3_rep2_CRISPResso_on_HEK3	All_modifications	0.0017105896188592505	0.003688458865665259	0.0018175014700379537	0.009782434382851339	0.0152349387929652	0.671727160955792	0.004329929972737478	0.5487785321002833	0.004757577377452291	0.008339124391938846	0.008552948094296253	0.005719784038060619	0.0032073555353610947	0.00304698775859304	0.0034746351633078527	0.002512428502699524	0.0027262522050569304	0.002191692949163415	0.0018175014700379537	0.0016036777676805474
_scratch_st-cdeboer-1_asfar_VLPs_results_crispresso_aggregated_spacer_AXBE_rep2_.staging_CRISPRessoPooled_on_AXBE_D4_rep2_CRISPResso_on_HEK3	Insertions	0.0	9.167163221341156e-05	9.167163221341156e-05	0.0	9.167163221341156e-05	0.0001833432644268231	0.0002291790805335289	0.0005500297932804694	0.0005500297932804694	0.007975432002566805	0.007837924554246688	0.0	0.0	0.0001833432644268231	0.0003208507127469405	0.0001833432644268231	0.0003208507127469405	0.0002750148966402347	9.167163221341156e-05	9.167163221341156e-05
_scratch_st-cdeboer-1_asfar_VLPs_results_crispresso_aggregated_spacer_AXBE_rep2_.staging_CRISPRessoPooled_on_AXBE_D4_rep2_CRISPResso_on_HEK3	Insertions_Left	0.0	9.167163221341156e-05	0.0	0.0	9.167163221341156e-05	9.167163221341156e-05	0.00013750744832011734	0.000412522344960352	0.00013750744832011734	0.007837924554246688	0.0	0.0	0.0	0.0001833432644268231	0.00013750744832011734	4.583581610670578e-05	0.0002750148966402347	0.0	9.167163221341156e-05	0.0
_scratch_st-cdeboer-1_asfar_VLPs_results_crispresso_aggregated_spacer_AXBE_rep2_.staging_CRISPRessoPooled_on_AXBE_D4_rep2_CRISPResso_on_HEK3	Deletions	0.002337626621441995	0.003162671311362699	0.0029793280469358756	0.00412522344960352	0.0047210890589906955	0.008067103634780217	0.006050327726085163	0.013292386670944676	0.007425402209286337	0.006462850071045515	0.006646193335472338	0.006004491909978457	0.005225283036164459	0.004629417426777284	0.004354402530137049	0.003941880185176697	0.0027959847825090524	0.0022459549892285833	0.0018792684603749369	0.0013750744832011733
_scratch_st-cdeboer-1_asfar_VLPs_results_crispresso_aggregated_spacer_AXBE_rep2_.staging_CRISPRessoPooled_on_AXBE_D4_rep2_CRISPResso_on_HEK3	Substitutions	0.0009625521382408213	0.0024751340697621122	0.0012375670348810561	0.009717193014621626	0.018288490626575605	0.8673969840033002	0.0006875372416005867	0.7137553284136224	0.0003208507127469405	0.0005041939771737636	0.0001833432644268231	0.0018334326442682313	0.0003208507127469405	0.0003666865288536462	0.0012375670348810561	0.0003208507127469405	0.000412522344960352	0.0002291790805335289	0.0001833432644268231	0.0002750148966402347
_scratch_st-cdeboer-1_asfar_VLPs_results_crispresso_aggregated_spacer_AXBE_rep2_.staging_CRISPRessoPooled_on_AXBE_D4_rep2_CRISPResso_on_HEK3	All_modifications	0.003300178759682816	0.005729477013338222	0.004308566714030343	0.013842416464225146	0.023101251317779712	0.8756474309025072	0.006967044048219279	0.7275977448778476	0.008296282715313746	0.014942476050786085	0.01466746115414585	0.007837924554246688	0.005546133748911399	0.0051794472200577535	0.005912820277765045	0.004446074162350461	0.003529357840216345	0.0027501489664023466	0.0021542833570151717	0.0017417610120548197
_scratch_st-cdeboer-1_asfar_VLPs_results_crispresso_aggregated_spacer_AXBE_rep2_.staging_CRISPRessoPooled_on_AXBE_D5_rep2_CRISPResso_on_HEK3	Insertions	3.894991041520604e-05	7.789982083041208e-05	3.894991041520604e-05	3.894991041520604e-05	7.789982083041208e-05	7.789982083041208e-05	0.00015579964166082417	0.0005842486562280906	0.0008958479395497391	0.007789982083041209	0.007361533068473943	0.0	0.0	3.894991041520604e-05	0.00015579964166082417	0.00015579964166082417	0.0004284490145672665	0.0003894991041520605	0.0	0.0
_scratch_st-cdeboer-1_asfar_VLPs_results_crispresso_aggregated_spacer_AXBE_rep2_.staging_CRISPRessoPooled_on_AXBE_D5_rep2_CRISPResso_on_HEK3	Insertions_Left	3.894991041520604e-05	3.894991041520604e-05	0.0	3.894991041520604e-05	3.894991041520604e-05	3.894991041520604e-05	0.00011684973124561814	0.00046739892498247256	0.0004284490145672665	0.007361533068473943	0.0	0.0	0.0	3.894991041520604e-05	0.00011684973124561814	3.894991041520604e-05	0.0003894991041520605	0.0	0.0	0.0
_scratch_st-cdeboer-1_asfar_VLPs_results_crispresso_aggregated_spacer_AXBE_rep2_.staging_CRISPRessoPooled_on_AXBE_D5_rep2_CRISPResso_on_HEK3	Deletions	0.0021422450728363325	0.003271792474877308	0.0022590948040819504	0.00354444184778375	0.004089740593596635	0.007945781724702033	0.005881436472696113	0.012035522318298669	0.00689413414349147	0.005764586741450494	0.006037236114356937	0.005998286203941731	0.005258237906052816	0.004557139518579108	0.0040118407727662226	0.004050790683181428	0.003115992833216484	0.002726493729064423	0.0021032951624211263	0.0014800965957778296
_scratch_st-cdeboer-1_asfar_VLPs_results_crispresso_aggregated_spacer_AXBE_rep2_.staging_CRISPRessoPooled_on_AXBE_D5_rep2_CRISPResso_on_HEK3	Substitutions	0.0003505491937368544	0.0020643452520059205	0.0009737477603801512	0.009659577782971098	0.014606216405702267	0.8054062475656306	0.0007400482978889148	0.6463348134299292	0.00046739892498247256	0.0002726493729064423	0.0004284490145672665	0.0017916958790994782	0.0004284490145672665	0.00023369946249123628	0.000856898029134533	0.0003505491937368544	0.0005842486562280906	0.0002726493729064423	0.00019474955207603024	0.00019474955207603024
_scratch_st-cdeboer-1_asfar_VLPs_results_crispresso_aggregated_spacer_AXBE_rep2_.staging_CRISPRessoPooled_on_AXBE_D5_rep2_CRISPResso_on_HEK3	All_modifications	0.002531744176988393	0.00541403754771364	0.003271792474877308	0.013242969541170055	0.018773856820129314	0.8134299291111631	0.006777284412245852	0.6589545844044559	0.008257381008023682	0.013827218197398145	0.013827218197398145	0.007789982083041209	0.005686686920620083	0.004829788891485549	0.00502453844356158	0.004557139518579108	0.004128690504011841	0.003388642206122926	0.0022980447144971567	0.00167484614785386
