Folder	Modification	C	A	C	C	T	A	C	C	T	A	A	G	A	A	C	C	A	T	C	C
_scratch_st-cdeboer-1_asfar_VLPs_results_crispresso_aggregated_spacer_AXBE_rep2_.staging_CRISPRessoPooled_on_AXBE_D0_rep2_CRISPResso_on_PDCD1	Insertions	0.0	0.0	0.0	0.0	0.0	0.0	0.0	0.0	0.0	0.0	0.0	0.0	0.0	0.0	0.0	0.0	0.0	0.0	0.0	0.0
_scratch_st-cdeboer-1_asfar_VLPs_results_crispresso_aggregated_spacer_AXBE_rep2_.staging_CRISPRessoPooled_on_AXBE_D0_rep2_CRISPResso_on_PDCD1	Insertions_Left	0.0	0.0	0.0	0.0	0.0	0.0	0.0	0.0	0.0	0.0	0.0	0.0	0.0	0.0	0.0	0.0	0.0	0.0	0.0	0.0
_scratch_st-cdeboer-1_asfar_VLPs_results_crispresso_aggregated_spacer_AXBE_rep2_.staging_CRISPRessoPooled_on_AXBE_D0_rep2_CRISPResso_on_PDCD1	Deletions	6.576928136098566e-05	4.384618757399044e-05	4.384618757399044e-05	4.384618757399044e-05	4.384618757399044e-05	4.384618757399044e-05	4.384618757399044e-05	4.384618757399044e-05	4.384618757399044e-05	4.384618757399044e-05	8.769237514798088e-05	4.384618757399044e-05	4.384618757399044e-05	4.384618757399044e-05	4.384618757399044e-05	6.576928136098566e-05	4.384618757399044e-05	4.384618757399044e-05	4.384618757399044e-05	4.384618757399044e-05
_scratch_st-cdeboer-1_asfar_VLPs_results_crispresso_aggregated_spacer_AXBE_rep2_.staging_CRISPRessoPooled_on_AXBE_D0_rep2_CRISPResso_on_PDCD1	Substitutions	4.384618757399044e-05	0.00010961546893497611	8.769237514798088e-05	4.384618757399044e-05	0.00017538475029596175	0.00017538475029596175	0.00010961546893497611	8.769237514798088e-05	0.00013153856272197131	0.00013153856272197131	0.00010961546893497611	0.00026307712544394263	0.00024115403165694742	0.00026307712544394263	6.576928136098566e-05	0.00013153856272197131	0.00015346165650896655	0.00026307712544394263	8.769237514798088e-05	8.769237514798088e-05
_scratch_st-cdeboer-1_asfar_VLPs_results_crispresso_aggregated_spacer_AXBE_rep2_.staging_CRISPRessoPooled_on_AXBE_D0_rep2_CRISPResso_on_PDCD1	All_modifications	0.00010961546893497611	0.00015346165650896655	0.00013153856272197131	8.769237514798088e-05	0.00021923093786995222	0.00021923093786995222	0.00015346165650896655	0.00013153856272197131	0.00017538475029596175	0.00017538475029596175	0.00019730784408295699	0.0003069233130179331	0.00028500021923093786	0.0003069233130179331	0.00010961546893497611	0.00019730784408295699	0.00019730784408295699	0.0003069233130179331	0.00013153856272197131	0.00013153856272197131
_scratch_st-cdeboer-1_asfar_VLPs_results_crispresso_aggregated_spacer_AXBE_rep2_.staging_CRISPRessoPooled_on_AXBE_D1_rep2_CRISPResso_on_PDCD1	Insertions	0.0	0.0	0.0	0.0	0.0	0.0	0.0	0.0	0.0	0.0	0.0	0.0	0.0	0.0	0.0	0.0	0.0	0.0	0.0	0.0
_scratch_st-cdeboer-1_asfar_VLPs_results_crispresso_aggregated_spacer_AXBE_rep2_.staging_CRISPRessoPooled_on_AXBE_D1_rep2_CRISPResso_on_PDCD1	Insertions_Left	0.0	0.0	0.0	0.0	0.0	0.0	0.0	0.0	0.0	0.0	0.0	0.0	0.0	0.0	0.0	0.0	0.0	0.0	0.0	0.0
_scratch_st-cdeboer-1_asfar_VLPs_results_crispresso_aggregated_spacer_AXBE_rep2_.staging_CRISPRessoPooled_on_AXBE_D1_rep2_CRISPResso_on_PDCD1	Deletions	0.0	1.7495057646214944e-05	0.0	0.0	0.0	0.0	0.0	0.0	1.7495057646214944e-05	0.0	3.499011529242989e-05	0.0	0.0	0.0	0.0	0.0	0.0	0.0	0.0	0.0
_scratch_st-cdeboer-1_asfar_VLPs_results_crispresso_aggregated_spacer_AXBE_rep2_.staging_CRISPRessoPooled_on_AXBE_D1_rep2_CRISPResso_on_PDCD1	Substitutions	6.998023058485978e-05	0.0013471194387585507	0.0002449308070470092	0.00010497034587728967	0.0001574555188159345	0.0140485312899106	0.00020994069175457933	0.00017495057646214944	0.0001924456341083644	0.005143546947987194	0.0005948319599713082	0.00013996046116971955	0.0002799209223394391	0.0001224654035235046	5.248517293864483e-05	6.998023058485978e-05	0.00017495057646214944	0.0002799209223394391	0.0001574555188159345	6.998023058485978e-05
_scratch_st-cdeboer-1_asfar_VLPs_results_crispresso_aggregated_spacer_AXBE_rep2_.staging_CRISPRessoPooled_on_AXBE_D1_rep2_CRISPResso_on_PDCD1	All_modifications	6.998023058485978e-05	0.0013646144964047657	0.0002449308070470092	0.00010497034587728967	0.0001574555188159345	0.0140485312899106	0.00020994069175457933	0.00017495057646214944	0.00020994069175457933	0.005143546947987194	0.000629822075263738	0.00013996046116971955	0.0002799209223394391	0.0001224654035235046	5.248517293864483e-05	6.998023058485978e-05	0.00017495057646214944	0.0002799209223394391	0.0001574555188159345	6.998023058485978e-05
_scratch_st-cdeboer-1_asfar_VLPs_results_crispresso_aggregated_spacer_AXBE_rep2_.staging_CRISPRessoPooled_on_AXBE_D2_rep2_CRISPResso_on_PDCD1	Insertions	0.0	0.0	0.0	0.0	0.0	0.0	0.0	0.0	0.0	2.812820837376763e-05	2.812820837376763e-05	0.0	0.0	0.0	0.0	0.0	0.0	0.0	0.0	0.0
_scratch_st-cdeboer-1_asfar_VLPs_results_crispresso_aggregated_spacer_AXBE_rep2_.staging_CRISPRessoPooled_on_AXBE_D2_rep2_CRISPResso_on_PDCD1	Insertions_Left	0.0	0.0	0.0	0.0	0.0	0.0	0.0	0.0	0.0	2.812820837376763e-05	0.0	0.0	0.0	0.0	0.0	0.0	0.0	0.0	0.0	0.0
_scratch_st-cdeboer-1_asfar_VLPs_results_crispresso_aggregated_spacer_AXBE_rep2_.staging_CRISPRessoPooled_on_AXBE_D2_rep2_CRISPResso_on_PDCD1	Deletions	4.219231256065145e-05	1.4064104186883816e-05	1.4064104186883816e-05	1.4064104186883816e-05	1.4064104186883816e-05	1.4064104186883816e-05	1.4064104186883816e-05	1.4064104186883816e-05	2.812820837376763e-05	1.4064104186883816e-05	5.625641674753526e-05	1.4064104186883816e-05	1.4064104186883816e-05	1.4064104186883816e-05	1.4064104186883816e-05	2.812820837376763e-05	1.4064104186883816e-05	1.4064104186883816e-05	1.4064104186883816e-05	1.4064104186883816e-05
_scratch_st-cdeboer-1_asfar_VLPs_results_crispresso_aggregated_spacer_AXBE_rep2_.staging_CRISPRessoPooled_on_AXBE_D2_rep2_CRISPResso_on_PDCD1	Substitutions	8.43846251213029e-05	0.001462666835435917	0.00012657693768195434	0.00012657693768195434	0.0001828333544294896	0.012193578330028269	8.43846251213029e-05	8.43846251213029e-05	0.0001828333544294896	0.0049083723612224515	0.0006188205842228879	0.0001687692502426058	0.00028128208373767635	0.0001828333544294896	2.812820837376763e-05	5.625641674753526e-05	0.00012657693768195434	0.0002672179795507925	0.00014064104186883817	0.0001828333544294896
_scratch_st-cdeboer-1_asfar_VLPs_results_crispresso_aggregated_spacer_AXBE_rep2_.staging_CRISPRessoPooled_on_AXBE_D2_rep2_CRISPResso_on_PDCD1	All_modifications	0.00012657693768195434	0.0014767309396228007	0.00014064104186883817	0.00014064104186883817	0.00019689745861637344	0.012207642434215153	9.844872930818672e-05	9.844872930818672e-05	0.00021096156280325725	0.004950564673783103	0.0007032052093441908	0.0001828333544294896	0.0002953461879245601	0.00019689745861637344	4.219231256065145e-05	8.43846251213029e-05	0.00014064104186883817	0.00028128208373767635	0.00015470514605572198	0.00019689745861637344
_scratch_st-cdeboer-1_asfar_VLPs_results_crispresso_aggregated_spacer_AXBE_rep2_.staging_CRISPRessoPooled_on_AXBE_D3_rep2_CRISPResso_on_PDCD1	Insertions	1.5811026609957786e-05	1.5811026609957786e-05	0.0	0.0	0.0	0.0	0.0	0.0	0.0	0.0	0.0	0.0	0.0	0.0	0.0	0.0	0.0	0.0	0.0	0.0
_scratch_st-cdeboer-1_asfar_VLPs_results_crispresso_aggregated_spacer_AXBE_rep2_.staging_CRISPRessoPooled_on_AXBE_D3_rep2_CRISPResso_on_PDCD1	Insertions_Left	1.5811026609957786e-05	0.0	0.0	0.0	0.0	0.0	0.0	0.0	0.0	0.0	0.0	0.0	0.0	0.0	0.0	0.0	0.0	0.0	0.0	0.0
_scratch_st-cdeboer-1_asfar_VLPs_results_crispresso_aggregated_spacer_AXBE_rep2_.staging_CRISPRessoPooled_on_AXBE_D3_rep2_CRISPResso_on_PDCD1	Deletions	0.0	0.0	0.0	0.0	0.0	0.0	0.0	0.0	0.0	0.0	6.324410643983114e-05	0.0	0.0	0.0	0.0	0.0	0.0	0.0	0.0	0.0
_scratch_st-cdeboer-1_asfar_VLPs_results_crispresso_aggregated_spacer_AXBE_rep2_.staging_CRISPRessoPooled_on_AXBE_D3_rep2_CRISPResso_on_PDCD1	Substitutions	0.00011067718626970449	0.00014229923948962006	3.162205321991557e-05	0.00014229923948962006	0.00017392129270953562	0.001391370341676285	1.5811026609957786e-05	6.324410643983114e-05	0.00017392129270953562	0.0007747403038879314	0.00017392129270953562	0.00033203155880911345	0.00022135437253940898	0.00022135437253940898	0.00011067718626970449	9.486615965974671e-05	9.486615965974671e-05	0.00039527566524894463	9.486615965974671e-05	9.486615965974671e-05
_scratch_st-cdeboer-1_asfar_VLPs_results_crispresso_aggregated_spacer_AXBE_rep2_.staging_CRISPRessoPooled_on_AXBE_D3_rep2_CRISPResso_on_PDCD1	All_modifications	0.0001264882128796623	0.00015811026609957785	3.162205321991557e-05	0.00014229923948962006	0.00017392129270953562	0.001391370341676285	1.5811026609957786e-05	6.324410643983114e-05	0.00017392129270953562	0.0007747403038879314	0.00023716539914936678	0.00033203155880911345	0.00022135437253940898	0.00022135437253940898	0.00011067718626970449	9.486615965974671e-05	9.486615965974671e-05	0.00039527566524894463	9.486615965974671e-05	9.486615965974671e-05
_scratch_st-cdeboer-1_asfar_VLPs_results_crispresso_aggregated_spacer_AXBE_rep2_.staging_CRISPRessoPooled_on_AXBE_D4_rep2_CRISPResso_on_PDCD1	Insertions	4.755903264927591e-05	1.1889758162318978e-05	0.0	0.0	0.0	4.755903264927591e-05	4.755903264927591e-05	2.3779516324637956e-05	7.133854897391387e-05	0.0007252752479014577	0.0006777162152521817	0.0	0.0	0.0	0.0	0.0	2.3779516324637956e-05	2.3779516324637956e-05	0.0	0.0
_scratch_st-cdeboer-1_asfar_VLPs_results_crispresso_aggregated_spacer_AXBE_rep2_.staging_CRISPRessoPooled_on_AXBE_D4_rep2_CRISPResso_on_PDCD1	Insertions_Left	1.1889758162318978e-05	0.0	0.0	0.0	0.0	4.755903264927591e-05	0.0	2.3779516324637956e-05	4.755903264927591e-05	0.0006777162152521817	0.0	0.0	0.0	0.0	0.0	0.0	2.3779516324637956e-05	0.0	0.0	0.0
_scratch_st-cdeboer-1_asfar_VLPs_results_crispresso_aggregated_spacer_AXBE_rep2_.staging_CRISPRessoPooled_on_AXBE_D4_rep2_CRISPResso_on_PDCD1	Deletions	9.511806529855182e-05	7.133854897391387e-05	9.511806529855182e-05	0.00011889758162318978	0.00011889758162318978	0.00011889758162318978	0.00019023613059710365	0.00021401564692174162	0.00021401564692174162	0.0001783463724347847	0.00020212588875942263	9.511806529855182e-05	9.511806529855182e-05	8.322830713623285e-05	8.322830713623285e-05	8.322830713623285e-05	8.322830713623285e-05	4.755903264927591e-05	0.00011889758162318978	0.00011889758162318978
_scratch_st-cdeboer-1_asfar_VLPs_results_crispresso_aggregated_spacer_AXBE_rep2_.staging_CRISPRessoPooled_on_AXBE_D4_rep2_CRISPResso_on_PDCD1	Substitutions	8.322830713623285e-05	0.017715739661855277	0.00010700782346087081	0.0003804722611942073	0.00013078733978550875	0.13650631346158418	0.0006420469407652248	0.0003329132285449314	0.00028535419589565547	0.06039997146458041	0.003947399709889901	0.0001664566142724657	0.00042803129384348323	0.00019023613059710365	7.133854897391387e-05	7.133854897391387e-05	0.0001783463724347847	0.0002615746795710175	0.00010700782346087081	0.00011889758162318978
_scratch_st-cdeboer-1_asfar_VLPs_results_crispresso_aggregated_spacer_AXBE_rep2_.staging_CRISPRessoPooled_on_AXBE_D4_rep2_CRISPResso_on_PDCD1	All_modifications	0.0002259054050840606	0.01779896796899151	0.00020212588875942263	0.0004993698428173971	0.00024968492140869854	0.13667277007585665	0.0008798421040116044	0.0005707083917913109	0.0005707083917913109	0.061303593084916654	0.0048272418139015056	0.0002615746795710175	0.000523149359142035	0.0002734644377333365	0.00015456685611014672	0.00015456685611014672	0.00028535419589565547	0.0003329132285449314	0.0002259054050840606	0.00023779516324637956
_scratch_st-cdeboer-1_asfar_VLPs_results_crispresso_aggregated_spacer_AXBE_rep2_.staging_CRISPRessoPooled_on_AXBE_D5_rep2_CRISPResso_on_PDCD1	Insertions	0.0	0.0	0.0	0.0	0.0	0.0	0.0	0.0	0.0	0.0006579074672497533	0.0006579074672497533	0.0	0.0	0.0	0.0	0.0	0.0	0.0	0.0	0.0
_scratch_st-cdeboer-1_asfar_VLPs_results_crispresso_aggregated_spacer_AXBE_rep2_.staging_CRISPRessoPooled_on_AXBE_D5_rep2_CRISPResso_on_PDCD1	Insertions_Left	0.0	0.0	0.0	0.0	0.0	0.0	0.0	0.0	0.0	0.0006579074672497533	0.0	0.0	0.0	0.0	0.0	0.0	0.0	0.0	0.0	0.0
_scratch_st-cdeboer-1_asfar_VLPs_results_crispresso_aggregated_spacer_AXBE_rep2_.staging_CRISPRessoPooled_on_AXBE_D5_rep2_CRISPResso_on_PDCD1	Deletions	5.805065887497823e-05	1.9350219624992745e-05	1.9350219624992745e-05	1.9350219624992745e-05	3.870043924998549e-05	1.9350219624992745e-05	1.9350219624992745e-05	1.9350219624992745e-05	1.9350219624992745e-05	0.00019350219624992743	0.00021285241587492017	1.9350219624992745e-05	1.9350219624992745e-05	3.870043924998549e-05	0.00011610131774995647	0.00011610131774995647	0.00011610131774995647	1.9350219624992745e-05	1.9350219624992745e-05	1.9350219624992745e-05
_scratch_st-cdeboer-1_asfar_VLPs_results_crispresso_aggregated_spacer_AXBE_rep2_.staging_CRISPRessoPooled_on_AXBE_D5_rep2_CRISPResso_on_PDCD1	Substitutions	9.675109812496372e-05	0.010623270574121017	3.870043924998549e-05	7.740087849997098e-05	0.00015480175699994196	0.087966098415217	0.0005031057102498113	0.0009094603223746589	0.00029025329437489114	0.03266317072698775	0.002999284041873875	9.675109812496372e-05	0.00036765417287486213	0.0001354515373749492	3.870043924998549e-05	5.805065887497823e-05	0.00011610131774995647	0.00019350219624992743	0.00011610131774995647	0.00011610131774995647
_scratch_st-cdeboer-1_asfar_VLPs_results_crispresso_aggregated_spacer_AXBE_rep2_.staging_CRISPRessoPooled_on_AXBE_D5_rep2_CRISPResso_on_PDCD1	All_modifications	0.00015480175699994196	0.010642620793746008	5.805065887497823e-05	9.675109812496372e-05	0.00019350219624992743	0.087985448634842	0.0005224559298748041	0.0009288105419996517	0.0003096035139998839	0.03351458039048743	0.0038700439249985488	0.00011610131774995647	0.00038700439249985487	0.0001741519766249347	0.00015480175699994196	0.0001741519766249347	0.00023220263549991293	0.00021285241587492017	0.0001354515373749492	0.0001354515373749492
