Folder	Modification	G	G	A	G	G	C	T	A	T	C	C	A	G	C	G	T	G	A	G	T
_scratch_st-cdeboer-1_asfar_VLPs_results_crispresso_aggregated_spacer_AXBE_rep3_.staging_CRISPRessoPooled_on_AXBE_D0_rep3_CRISPResso_on_B2M	Insertions	0.0	0.0	0.0	0.0	0.0	0.0	0.0	0.0	0.0	0.0	0.0	0.0	0.0	0.0	0.0	0.0	0.0	0.0	0.0	0.0
_scratch_st-cdeboer-1_asfar_VLPs_results_crispresso_aggregated_spacer_AXBE_rep3_.staging_CRISPRessoPooled_on_AXBE_D0_rep3_CRISPResso_on_B2M	Insertions_Left	0.0	0.0	0.0	0.0	0.0	0.0	0.0	0.0	0.0	0.0	0.0	0.0	0.0	0.0	0.0	0.0	0.0	0.0	0.0	0.0
_scratch_st-cdeboer-1_asfar_VLPs_results_crispresso_aggregated_spacer_AXBE_rep3_.staging_CRISPRessoPooled_on_AXBE_D0_rep3_CRISPResso_on_B2M	Deletions	0.0	0.0	0.0	0.0	0.0	0.0	0.0	0.0	0.0	0.0	0.0	0.0	0.0	0.0	0.0	0.0	0.0	0.0	0.0	0.0
_scratch_st-cdeboer-1_asfar_VLPs_results_crispresso_aggregated_spacer_AXBE_rep3_.staging_CRISPRessoPooled_on_AXBE_D0_rep3_CRISPResso_on_B2M	Substitutions	0.0007258649891120251	0.0	0.00024195499637067505	0.0004839099927413501	0.00024195499637067505	0.0004839099927413501	0.0	0.00024195499637067505	0.0004839099927413501	0.0	0.00024195499637067505	0.00024195499637067505	0.0	0.0	0.0	0.0016936849745947254	0.0004839099927413501	0.0004839099927413501	0.0009678199854827002	0.0007258649891120251
_scratch_st-cdeboer-1_asfar_VLPs_results_crispresso_aggregated_spacer_AXBE_rep3_.staging_CRISPRessoPooled_on_AXBE_D0_rep3_CRISPResso_on_B2M	All_modifications	0.0007258649891120251	0.0	0.00024195499637067505	0.0004839099927413501	0.00024195499637067505	0.0004839099927413501	0.0	0.00024195499637067505	0.0004839099927413501	0.0	0.00024195499637067505	0.00024195499637067505	0.0	0.0	0.0	0.0016936849745947254	0.0004839099927413501	0.0004839099927413501	0.0009678199854827002	0.0007258649891120251
_scratch_st-cdeboer-1_asfar_VLPs_results_crispresso_aggregated_spacer_AXBE_rep3_.staging_CRISPRessoPooled_on_AXBE_D1_rep3_CRISPResso_on_B2M	Insertions	0.0	0.0	0.0	0.0	0.0	0.0	0.0	0.0	0.0	1.1143923775561376e-05	1.1143923775561376e-05	0.0	0.0	0.0	4.45756951022455e-05	4.45756951022455e-05	0.0	0.0	0.0	0.0
_scratch_st-cdeboer-1_asfar_VLPs_results_crispresso_aggregated_spacer_AXBE_rep3_.staging_CRISPRessoPooled_on_AXBE_D1_rep3_CRISPResso_on_B2M	Insertions_Left	0.0	0.0	0.0	0.0	0.0	0.0	0.0	0.0	0.0	1.1143923775561376e-05	0.0	0.0	0.0	0.0	4.45756951022455e-05	0.0	0.0	0.0	0.0	0.0
_scratch_st-cdeboer-1_asfar_VLPs_results_crispresso_aggregated_spacer_AXBE_rep3_.staging_CRISPRessoPooled_on_AXBE_D1_rep3_CRISPResso_on_B2M	Deletions	0.0	5.571961887780688e-05	0.0	0.0	7.800746642892963e-05	6.686354265336824e-05	6.686354265336824e-05	6.686354265336824e-05	6.686354265336824e-05	6.686354265336824e-05	7.800746642892963e-05	6.686354265336824e-05	6.686354265336824e-05	6.686354265336824e-05	6.686354265336824e-05	6.686354265336824e-05	6.686354265336824e-05	6.686354265336824e-05	6.686354265336824e-05	0.0
_scratch_st-cdeboer-1_asfar_VLPs_results_crispresso_aggregated_spacer_AXBE_rep3_.staging_CRISPRessoPooled_on_AXBE_D1_rep3_CRISPResso_on_B2M	Substitutions	0.00025631024683791165	0.000445756951022455	0.00021173455173566612	0.0005126204936758233	0.00031202986571571853	6.686354265336824e-05	0.00041232517969577086	0.0002228784755112275	0.0006797793503092439	0.00014487100908229788	0.00011143923775561376	0.0002228784755112275	0.00012258316153117513	0.00024516632306235026	7.800746642892963e-05	0.019412715217027917	0.000267454170613473	0.000178302780408982	0.0002228784755112275	0.00028974201816459576
_scratch_st-cdeboer-1_asfar_VLPs_results_crispresso_aggregated_spacer_AXBE_rep3_.staging_CRISPRessoPooled_on_AXBE_D1_rep3_CRISPResso_on_B2M	All_modifications	0.00025631024683791165	0.0005014765699002619	0.00021173455173566612	0.0005126204936758233	0.00039003733214464814	0.0001337270853067365	0.00047918872234913913	0.00028974201816459576	0.0007466428929626121	0.0002228784755112275	0.00020059062796010476	0.00028974201816459576	0.00018944670418454337	0.00031202986571571853	0.00018944670418454337	0.01952415445478353	0.00033431771326684125	0.00024516632306235026	0.00028974201816459576	0.00028974201816459576
_scratch_st-cdeboer-1_asfar_VLPs_results_crispresso_aggregated_spacer_AXBE_rep3_.staging_CRISPRessoPooled_on_AXBE_D2_rep3_CRISPResso_on_B2M	Insertions	0.0	0.0	0.0	0.0	0.0	0.0	0.0	0.0	0.0	0.00032739992762738444	0.00032739992762738444	0.0	0.0	0.0	0.0002067789016594007	0.0002067789016594007	0.0	0.0	0.0	0.0
_scratch_st-cdeboer-1_asfar_VLPs_results_crispresso_aggregated_spacer_AXBE_rep3_.staging_CRISPRessoPooled_on_AXBE_D2_rep3_CRISPResso_on_B2M	Insertions_Left	0.0	0.0	0.0	0.0	0.0	0.0	0.0	0.0	0.0	0.00032739992762738444	0.0	0.0	0.0	0.0	0.0002067789016594007	0.0	0.0	0.0	0.0	0.0
_scratch_st-cdeboer-1_asfar_VLPs_results_crispresso_aggregated_spacer_AXBE_rep3_.staging_CRISPRessoPooled_on_AXBE_D2_rep3_CRISPResso_on_B2M	Deletions	0.00010338945082970035	0.00013785260110626713	3.446315027656678e-05	1.723157513828339e-05	1.723157513828339e-05	1.723157513828339e-05	1.723157513828339e-05	1.723157513828339e-05	5.1694725414850175e-05	3.446315027656678e-05	3.446315027656678e-05	3.446315027656678e-05	1.723157513828339e-05	1.723157513828339e-05	1.723157513828339e-05	1.723157513828339e-05	1.723157513828339e-05	1.723157513828339e-05	1.723157513828339e-05	1.723157513828339e-05
_scratch_st-cdeboer-1_asfar_VLPs_results_crispresso_aggregated_spacer_AXBE_rep3_.staging_CRISPRessoPooled_on_AXBE_D2_rep3_CRISPResso_on_B2M	Substitutions	0.0003790946530422346	0.0005858735547016353	0.00025847362707425087	0.0004307893784570848	0.0002240104767976841	8.615787569141696e-05	0.001326831285647821	0.00017231575138283392	0.0038081781055606294	0.00015508417624455052	0.00012062102596798373	0.00027570520221253426	0.00012062102596798373	0.0002067789016594007	0.00013785260110626713	0.16768045767063566	0.0005341788292867851	0.00025847362707425087	0.00012062102596798373	0.0015508417624455052
_scratch_st-cdeboer-1_asfar_VLPs_results_crispresso_aggregated_spacer_AXBE_rep3_.staging_CRISPRessoPooled_on_AXBE_D2_rep3_CRISPResso_on_B2M	All_modifications	0.0004824841038719349	0.0007237261558079024	0.00029293677735081766	0.0004480209535953682	0.00024124205193596745	0.00010338945082970035	0.0013440628607861045	0.0001895473265211173	0.0038598728309754793	0.0005169472541485017	0.0004824841038719349	0.00031016835248910105	0.00013785260110626713	0.0002240104767976841	0.0003618630779039512	0.16790446814743334	0.0005514104044250685	0.00027570520221253426	0.00013785260110626713	0.0015680733375837885
_scratch_st-cdeboer-1_asfar_VLPs_results_crispresso_aggregated_spacer_AXBE_rep3_.staging_CRISPRessoPooled_on_AXBE_D3_rep3_CRISPResso_on_B2M	Insertions	0.0	0.0	0.0	0.0	8.332638946754438e-05	8.332638946754438e-05	0.0	0.0	2.0831597366886094e-05	0.001124906257811849	0.0011040746604449629	0.0	0.0	6.249479210065827e-05	0.0007082743104741271	0.0006457795183734689	0.0	0.0	0.0	0.0
_scratch_st-cdeboer-1_asfar_VLPs_results_crispresso_aggregated_spacer_AXBE_rep3_.staging_CRISPRessoPooled_on_AXBE_D3_rep3_CRISPResso_on_B2M	Insertions_Left	0.0	0.0	0.0	0.0	8.332638946754438e-05	0.0	0.0	0.0	2.0831597366886094e-05	0.0011040746604449629	0.0	0.0	0.0	6.249479210065827e-05	0.0006457795183734689	0.0	0.0	0.0	0.0	0.0
_scratch_st-cdeboer-1_asfar_VLPs_results_crispresso_aggregated_spacer_AXBE_rep3_.staging_CRISPRessoPooled_on_AXBE_D3_rep3_CRISPResso_on_B2M	Deletions	4.166319473377219e-05	0.00014582118156820264	4.166319473377219e-05	4.166319473377219e-05	0.00016665277893508876	0.0002708107657695192	0.0002708107657695192	0.0002708107657695192	0.0002916423631364053	0.0003541371552370636	0.0003541371552370636	0.0003541371552370636	0.00045829514207149406	0.00045829514207149406	0.00043746354470460794	0.0003333055578701775	0.0003333055578701775	0.00022914757103574703	0.00020831597366886094	6.249479210065827e-05
_scratch_st-cdeboer-1_asfar_VLPs_results_crispresso_aggregated_spacer_AXBE_rep3_.staging_CRISPRessoPooled_on_AXBE_D3_rep3_CRISPResso_on_B2M	Substitutions	0.0004166319473377219	0.0007916006999416715	0.0002499791684026331	0.00045829514207149406	0.0004791267394383801	4.166319473377219e-05	0.003958003499708358	0.0002499791684026331	0.00827014415465378	8.332638946754438e-05	0.00020831597366886094	0.0003124739605032914	0.00020831597366886094	0.0002708107657695192	0.0006041163236396967	0.3913840513290559	0.0007916006999416715	0.00016665277893508876	0.0002499791684026331	0.0029372552287309393
_scratch_st-cdeboer-1_asfar_VLPs_results_crispresso_aggregated_spacer_AXBE_rep3_.staging_CRISPRessoPooled_on_AXBE_D3_rep3_CRISPResso_on_B2M	All_modifications	0.00045829514207149406	0.0009374218815098741	0.0002916423631364053	0.0004999583368052662	0.0007291059078410133	0.00039580034997083576	0.004228814265477877	0.0005207899341721523	0.00858261811515707	0.001562369802516457	0.0016665277893508875	0.000666611115740355	0.000666611115740355	0.0007916006999416715	0.0017498541788184318	0.3923631364052996	0.001124906257811849	0.00039580034997083576	0.00045829514207149406	0.0029997500208315975
_scratch_st-cdeboer-1_asfar_VLPs_results_crispresso_aggregated_spacer_AXBE_rep3_.staging_CRISPRessoPooled_on_AXBE_D4_rep3_CRISPResso_on_B2M	Insertions	0.0	0.0	0.0	0.0	0.0	1.158064179916851e-05	0.00013896770159002212	0.0001273870597908536	0.0	0.001794999478871119	0.001794999478871119	0.0	0.0	0.0	0.0005790320899584255	0.0005790320899584255	0.0	0.0	0.0	0.0
_scratch_st-cdeboer-1_asfar_VLPs_results_crispresso_aggregated_spacer_AXBE_rep3_.staging_CRISPRessoPooled_on_AXBE_D4_rep3_CRISPResso_on_B2M	Insertions_Left	0.0	0.0	0.0	0.0	0.0	1.158064179916851e-05	0.0001273870597908536	0.0	0.0	0.001794999478871119	0.0	0.0	0.0	0.0	0.0005790320899584255	0.0	0.0	0.0	0.0	0.0
_scratch_st-cdeboer-1_asfar_VLPs_results_crispresso_aggregated_spacer_AXBE_rep3_.staging_CRISPRessoPooled_on_AXBE_D4_rep3_CRISPResso_on_B2M	Deletions	0.00017370962698752765	0.0002200321941842017	0.00018529026878669617	0.00013896770159002212	0.0003010966867783813	0.0003010966867783813	0.00031267732857754975	0.00031267732857754975	0.0003474192539750553	0.00028951604497921276	0.00028951604497921276	0.00028951604497921276	0.0002663547613808757	0.0002200321941842017	0.0002200321941842017	0.00019687091058586466	0.00019687091058586466	8.106449259417957e-05	8.106449259417957e-05	2.316128359833702e-05
_scratch_st-cdeboer-1_asfar_VLPs_results_crispresso_aggregated_spacer_AXBE_rep3_.staging_CRISPRessoPooled_on_AXBE_D4_rep3_CRISPResso_on_B2M	Substitutions	0.0003010966867783813	0.0006369352989542681	0.0003010966867783813	0.0006021933735567626	0.00027793540318004424	0.0001273870597908536	0.005523966138203379	0.00020845155238503318	0.01477689893573902	0.00013896770159002212	0.00032425797037671827	0.00028951604497921276	0.0002663547613808757	0.0002316128359833702	0.00037058053757339234	0.5986265358826186	0.0008917094185359753	0.0002663547613808757	0.0003010966867783813	0.004458547092679876
_scratch_st-cdeboer-1_asfar_VLPs_results_crispresso_aggregated_spacer_AXBE_rep3_.staging_CRISPRessoPooled_on_AXBE_D4_rep3_CRISPResso_on_B2M	All_modifications	0.0004748063137659089	0.0008569674931384698	0.0004863869555650774	0.0007411610751467847	0.0005790320899584255	0.0004400643883684034	0.005975611168370951	0.0006485159407534365	0.015124318189714074	0.002223483225440354	0.0024087734942270502	0.0005790320899584255	0.0005327095227617514	0.00045164503016757187	0.0011696448217160195	0.5994024388831629	0.0010885803291218398	0.0003474192539750553	0.0003821611793725608	0.0044817083762782135
_scratch_st-cdeboer-1_asfar_VLPs_results_crispresso_aggregated_spacer_AXBE_rep3_.staging_CRISPRessoPooled_on_AXBE_D5_rep3_CRISPResso_on_B2M	Insertions	0.0	0.0	0.0	0.0	0.0	0.0	0.0	0.0	0.0	0.0019303466580873482	0.0019303466580873482	0.0	0.0	0.0	0.0006434488860291161	0.0006434488860291161	0.0	0.0	0.0	0.0
_scratch_st-cdeboer-1_asfar_VLPs_results_crispresso_aggregated_spacer_AXBE_rep3_.staging_CRISPRessoPooled_on_AXBE_D5_rep3_CRISPResso_on_B2M	Insertions_Left	0.0	0.0	0.0	0.0	0.0	0.0	0.0	0.0	0.0	0.0019303466580873482	0.0	0.0	0.0	0.0	0.0006434488860291161	0.0	0.0	0.0	0.0	0.0
_scratch_st-cdeboer-1_asfar_VLPs_results_crispresso_aggregated_spacer_AXBE_rep3_.staging_CRISPRessoPooled_on_AXBE_D5_rep3_CRISPResso_on_B2M	Deletions	0.0	4.0215555376819756e-05	0.0	0.0	0.0	0.0	0.0	0.0	0.0	0.0	0.0	0.0	0.0	0.0	0.0	0.0	0.0	0.0	0.0	0.0
_scratch_st-cdeboer-1_asfar_VLPs_results_crispresso_aggregated_spacer_AXBE_rep3_.staging_CRISPRessoPooled_on_AXBE_D5_rep3_CRISPResso_on_B2M	Substitutions	0.00020107777688409877	0.0006434488860291161	0.0002815088876377383	0.0006434488860291161	0.0003619399983913778	0.00032172444301455805	0.005067159977479289	0.00012064666613045926	0.011863588836161827	4.0215555376819756e-05	0.00024129333226091852	8.043111075363951e-05	4.0215555376819756e-05	0.00020107777688409877	0.00020107777688409877	0.4903884822649401	0.0019303466580873482	0.00024129333226091852	0.0006032333306522963	0.004504142202203813
_scratch_st-cdeboer-1_asfar_VLPs_results_crispresso_aggregated_spacer_AXBE_rep3_.staging_CRISPRessoPooled_on_AXBE_D5_rep3_CRISPResso_on_B2M	All_modifications	0.00020107777688409877	0.0006836644414059358	0.0002815088876377383	0.0006434488860291161	0.0003619399983913778	0.00032172444301455805	0.005067159977479289	0.00012064666613045926	0.011863588836161827	0.001970562213464168	0.002171639990348267	8.043111075363951e-05	4.0215555376819756e-05	0.00020107777688409877	0.0008445266629132148	0.4910319311509692	0.0019303466580873482	0.00024129333226091852	0.0006032333306522963	0.004504142202203813
