Folder	Modification	G	G	C	C	C	A	G	A	C	T	G	A	G	C	A	C	G	T	G	A
_scratch_st-cdeboer-1_asfar_VLPs_results_crispresso_aggregated_spacer_AXBE_rep3_.staging_CRISPRessoPooled_on_AXBE_D0_rep3_CRISPResso_on_HEK3	Insertions	0.0	0.0	0.0	0.0	0.0	0.0	0.0	0.0	0.0	0.0	0.0	0.0	0.0	0.0	0.0	0.0	0.0	0.0	0.0	0.0
_scratch_st-cdeboer-1_asfar_VLPs_results_crispresso_aggregated_spacer_AXBE_rep3_.staging_CRISPRessoPooled_on_AXBE_D0_rep3_CRISPResso_on_HEK3	Insertions_Left	0.0	0.0	0.0	0.0	0.0	0.0	0.0	0.0	0.0	0.0	0.0	0.0	0.0	0.0	0.0	0.0	0.0	0.0	0.0	0.0
_scratch_st-cdeboer-1_asfar_VLPs_results_crispresso_aggregated_spacer_AXBE_rep3_.staging_CRISPRessoPooled_on_AXBE_D0_rep3_CRISPResso_on_HEK3	Deletions	1.7342443897193994e-05	5.202733169158198e-05	1.7342443897193994e-05	0.00010405466338316396	0.00010405466338316396	0.0002254517706635219	0.0002254517706635219	0.0002601366584579099	0.0002254517706635219	0.0002254517706635219	0.00010405466338316396	0.00010405466338316396	0.00010405466338316396	0.00010405466338316396	0.00010405466338316396	0.00010405466338316396	0.00010405466338316396	8.671221948596996e-05	8.671221948596996e-05	8.671221948596996e-05
_scratch_st-cdeboer-1_asfar_VLPs_results_crispresso_aggregated_spacer_AXBE_rep3_.staging_CRISPRessoPooled_on_AXBE_D0_rep3_CRISPResso_on_HEK3	Substitutions	0.00029482154625229786	0.0002427942145607159	6.936977558877598e-05	0.00015608199507474593	0.0002254517706635219	0.0029655579064201726	0.00015608199507474593	0.0025146543650931288	6.936977558877598e-05	0.00013873955117755195	0.00012139710728035795	0.00029482154625229786	0.00017342443897193992	0.00010405466338316396	5.202733169158198e-05	3.468488779438799e-05	0.0002081093267663279	0.00017342443897193992	0.00012139710728035795	0.0002254517706635219
_scratch_st-cdeboer-1_asfar_VLPs_results_crispresso_aggregated_spacer_AXBE_rep3_.staging_CRISPRessoPooled_on_AXBE_D0_rep3_CRISPResso_on_HEK3	All_modifications	0.00031216399014949187	0.00029482154625229786	8.671221948596996e-05	0.0002601366584579099	0.0003295064340466859	0.0031910096770836945	0.00038153376573826786	0.0027747910235510387	0.00029482154625229786	0.00036419132184107385	0.0002254517706635219	0.0003988762096354618	0.0002774791023551039	0.0002081093267663279	0.00015608199507474593	0.00013873955117755195	0.00031216399014949187	0.0002601366584579099	0.0002081093267663279	0.00031216399014949187
_scratch_st-cdeboer-1_asfar_VLPs_results_crispresso_aggregated_spacer_AXBE_rep3_.staging_CRISPRessoPooled_on_AXBE_D1_rep3_CRISPResso_on_HEK3	Insertions	0.0	0.0	0.0	0.0	0.0	0.0	5.245488879563575e-05	0.00013638271086865295	8.39278220730172e-05	0.0003252203105329417	0.0003252203105329417	0.0	0.0	2.09819555182543e-05	2.09819555182543e-05	0.0	0.0	0.0	0.0	0.0
_scratch_st-cdeboer-1_asfar_VLPs_results_crispresso_aggregated_spacer_AXBE_rep3_.staging_CRISPRessoPooled_on_AXBE_D1_rep3_CRISPResso_on_HEK3	Insertions_Left	0.0	0.0	0.0	0.0	0.0	0.0	5.245488879563575e-05	8.39278220730172e-05	0.0	0.0003252203105329417	0.0	0.0	0.0	2.09819555182543e-05	0.0	0.0	0.0	0.0	0.0	0.0
_scratch_st-cdeboer-1_asfar_VLPs_results_crispresso_aggregated_spacer_AXBE_rep3_.staging_CRISPRessoPooled_on_AXBE_D1_rep3_CRISPResso_on_HEK3	Deletions	0.0001678556441460344	0.000419639110365086	0.00017834662190516155	0.00026227444397817877	0.0003252203105329417	0.0005455308434746118	0.0003671842215694503	0.0006399496433067562	0.0006819135543432648	0.0005140579101972304	0.0005245488879563575	0.0005140579101972304	0.0003147293327738145	0.0002517834662190516	0.0003252203105329417	0.0002937473772555602	0.0001049097775912715	9.441879983214435e-05	9.441879983214435e-05	9.441879983214435e-05
_scratch_st-cdeboer-1_asfar_VLPs_results_crispresso_aggregated_spacer_AXBE_rep3_.staging_CRISPRessoPooled_on_AXBE_D1_rep3_CRISPResso_on_HEK3	Substitutions	0.0002727654217373059	0.0003147293327738145	9.441879983214435e-05	0.0005979857322702476	0.0007973143096936634	0.07501049097775912	0.00013638271086865295	0.055067142257658415	0.0001049097775912715	0.0001468736886277801	0.00019932857742341586	0.0003357112882920688	7.343684431389005e-05	4.19639110365086e-05	0.00013638271086865295	0.0001258917331095258	0.00022031053294167016	0.00017834662190516155	0.00017834662190516155	0.00026227444397817877
_scratch_st-cdeboer-1_asfar_VLPs_results_crispresso_aggregated_spacer_AXBE_rep3_.staging_CRISPRessoPooled_on_AXBE_D1_rep3_CRISPResso_on_HEK3	All_modifications	0.0004406210658833403	0.0007343684431389006	0.0002727654217373059	0.0008602601762484264	0.0011225346202266052	0.07555602182123373	0.000556021821233739	0.055843474611833824	0.0008707511540075535	0.0009861519093579522	0.001049097775912715	0.0008497691984892992	0.0003881661770877046	0.0003147293327738145	0.00048258497691984893	0.000419639110365086	0.0003252203105329417	0.0002727654217373059	0.0002727654217373059	0.0003566932438103231
_scratch_st-cdeboer-1_asfar_VLPs_results_crispresso_aggregated_spacer_AXBE_rep3_.staging_CRISPRessoPooled_on_AXBE_D2_rep3_CRISPResso_on_HEK3	Insertions	0.0	2.3674242424242424e-05	2.3674242424242424e-05	0.0	0.0	1.7755681818181817e-05	0.0001065340909090909	0.00022490530303030304	0.0002130681818181818	0.0011363636363636363	0.0010890151515151516	4.734848484848485e-05	2.3674242424242424e-05	5.918560606060606e-06	0.0	0.0	9.46969696969697e-05	9.46969696969697e-05	0.0	0.0
_scratch_st-cdeboer-1_asfar_VLPs_results_crispresso_aggregated_spacer_AXBE_rep3_.staging_CRISPRessoPooled_on_AXBE_D2_rep3_CRISPResso_on_HEK3	Insertions_Left	0.0	2.3674242424242424e-05	0.0	0.0	0.0	1.7755681818181817e-05	8.87784090909091e-05	0.00013612689393939395	7.694128787878787e-05	0.0010594223484848486	2.959280303030303e-05	1.7755681818181817e-05	5.918560606060606e-06	0.0	0.0	0.0	9.46969696969697e-05	0.0	0.0	0.0
_scratch_st-cdeboer-1_asfar_VLPs_results_crispresso_aggregated_spacer_AXBE_rep3_.staging_CRISPRessoPooled_on_AXBE_D2_rep3_CRISPResso_on_HEK3	Deletions	0.0004498106060606061	0.0007516571969696969	0.0004794034090909091	0.0007279829545454546	0.0008581912878787879	0.0014855587121212121	0.000946969696969697	0.0019472064393939394	0.0011304450757575757	0.0009706439393939394	0.0010594223484848486	0.0010179924242424243	0.0008463541666666667	0.0007398200757575758	0.0007220643939393939	0.0007043087121212121	0.0005385890151515152	0.0005149147727272727	0.0003787878787878788	0.0003077651515151515
_scratch_st-cdeboer-1_asfar_VLPs_results_crispresso_aggregated_spacer_AXBE_rep3_.staging_CRISPRessoPooled_on_AXBE_D2_rep3_CRISPResso_on_HEK3	Substitutions	0.00020714962121212122	0.0006273674242424243	0.00041429924242424244	0.0026515151515151517	0.004048295454545455	0.2234375	0.0003255208333333333	0.16805160984848486	0.00012428977272727271	0.00015980113636363636	0.00016571969696969698	0.0006036931818181818	0.00011245265151515152	0.0001065340909090909	0.0004083806818181818	0.0001006155303030303	0.0002544981060606061	0.00023082386363636363	0.00016571969696969698	0.0002722537878787879
_scratch_st-cdeboer-1_asfar_VLPs_results_crispresso_aggregated_spacer_AXBE_rep3_.staging_CRISPRessoPooled_on_AXBE_D2_rep3_CRISPResso_on_HEK3	All_modifications	0.0006569602272727273	0.0014026988636363636	0.000917376893939394	0.003379498106060606	0.004906486742424243	0.2249408143939394	0.0013790246212121212	0.1702237215909091	0.0014678030303030302	0.002266808712121212	0.002314157196969697	0.0016690340909090908	0.0009824810606060606	0.0008522727272727272	0.0011304450757575757	0.0008049242424242424	0.0008877840909090909	0.000840435606060606	0.0005445075757575758	0.0005800189393939394
_scratch_st-cdeboer-1_asfar_VLPs_results_crispresso_aggregated_spacer_AXBE_rep3_.staging_CRISPRessoPooled_on_AXBE_D3_rep3_CRISPResso_on_HEK3	Insertions	6.103112078567396e-05	0.00011189038810706893	5.085926732139497e-05	1.0171853464278994e-05	1.0171853464278994e-05	0.0001627496554284639	0.0005136785999460892	0.0006103112078567396	0.0005238504534103681	0.005065583025210939	0.004801114835139685	0.00016783558216060338	0.00016783558216060338	5.085926732139497e-05	5.085926732139497e-05	0.0002695541168033933	0.00040178821183902027	0.00013223409503562692	0.0	8.646075444637145e-05
_scratch_st-cdeboer-1_asfar_VLPs_results_crispresso_aggregated_spacer_AXBE_rep3_.staging_CRISPRessoPooled_on_AXBE_D3_rep3_CRISPResso_on_HEK3	Insertions_Left	6.103112078567396e-05	5.085926732139497e-05	0.0	1.0171853464278994e-05	0.0	0.0001627496554284639	0.00035092894451762527	0.00025938226333911435	0.00026446819007125384	0.004801114835139685	0.0	0.00016783558216060338	0.0	5.085926732139497e-05	0.0	0.0002695541168033933	0.00013223409503562692	0.0	0.0	8.646075444637145e-05
_scratch_st-cdeboer-1_asfar_VLPs_results_crispresso_aggregated_spacer_AXBE_rep3_.staging_CRISPRessoPooled_on_AXBE_D3_rep3_CRISPResso_on_HEK3	Deletions	0.0019529958651415668	0.0024412448314269585	0.002049628473052217	0.0030769856729443955	0.003600836126354764	0.006286205440924418	0.0038347887560331805	0.007064352230941761	0.0042365769678722005	0.0034330005441941605	0.0047146540806933136	0.004282350308461456	0.00373815614812253	0.003478773884783416	0.0030261264056230005	0.0028532048967302576	0.0019529958651415668	0.0013375987305526877	0.00101209941969576	0.0006713423286424135
_scratch_st-cdeboer-1_asfar_VLPs_results_crispresso_aggregated_spacer_AXBE_rep3_.staging_CRISPRessoPooled_on_AXBE_D3_rep3_CRISPResso_on_HEK3	Substitutions	0.0003305852375890673	0.0021157455205700307	0.0010680446137492944	0.006555759557727811	0.01323358135702697	0.693125352836167	0.0006103112078567396	0.5644208909526449	0.0004882489662853917	0.0004373896989639967	0.0002949837504640908	0.002110659593837891	0.00019835114255344036	0.0002542963366069748	0.0007781467900173431	0.00033567116432120677	0.00046281933262469423	0.0003153274573926488	0.0001830933623570219	0.00019326521582130088
_scratch_st-cdeboer-1_asfar_VLPs_results_crispresso_aggregated_spacer_AXBE_rep3_.staging_CRISPRessoPooled_on_AXBE_D3_rep3_CRISPResso_on_HEK3	All_modifications	0.002344612223516308	0.004668880740104058	0.0031685323541229063	0.009642917084136485	0.016844589336846013	0.69957430793252	0.00495877856383601	0.5720955543914434	0.005248676387567961	0.008935973268369096	0.00981075266629709	0.0065608454844599505	0.004104342872836574	0.0037839294887117856	0.0038551324629617387	0.0034584301778548578	0.0028176034096052812	0.0017851602829809634	0.0011951927820527818	0.0009510682989100859
_scratch_st-cdeboer-1_asfar_VLPs_results_crispresso_aggregated_spacer_AXBE_rep3_.staging_CRISPRessoPooled_on_AXBE_D4_rep3_CRISPResso_on_HEK3	Insertions	2.6617831817891442e-05	0.00014373629181661378	0.00014905985818019208	1.5970699090734864e-05	1.0647132727156576e-05	0.0002235897872702881	0.0003620025127233236	0.0006281808309022381	0.0008783884499904176	0.007447669342646026	0.007059048998104811	5.323566363578288e-06	5.323566363578288e-06	8.517706181725261e-05	0.00015970699090734865	0.00011711845999872234	0.00028747258363322756	0.0003300611145418539	8.517706181725261e-05	5.323566363578288e-06
_scratch_st-cdeboer-1_asfar_VLPs_results_crispresso_aggregated_spacer_AXBE_rep3_.staging_CRISPRessoPooled_on_AXBE_D4_rep3_CRISPResso_on_HEK3	Insertions_Left	5.323566363578288e-06	0.0001384127254530355	1.0647132727156576e-05	5.323566363578288e-06	5.323566363578288e-06	0.00021826622090670984	0.00014373629181661378	0.00048444453908562423	0.00039394391090479333	0.0070537254317412324	5.323566363578288e-06	0.0	5.323566363578288e-06	7.985349545367433e-05	7.985349545367433e-05	3.726496454504802e-05	0.00025020761908817955	7.985349545367433e-05	5.323566363578288e-06	0.0
_scratch_st-cdeboer-1_asfar_VLPs_results_crispresso_aggregated_spacer_AXBE_rep3_.staging_CRISPRessoPooled_on_AXBE_D4_rep3_CRISPResso_on_HEK3	Deletions	0.0029652264645131064	0.003859585613594259	0.003454994569962309	0.004620855603585954	0.005344860629032602	0.007809671855369349	0.00606354208811567	0.013143885351674794	0.006979195502651136	0.00572283384084666	0.0062551904772044885	0.005930452929026213	0.005366154894486915	0.004876386789037712	0.004461148612678606	0.004216264559954004	0.003263346180873491	0.002544664721790422	0.0023423691999744467	0.0015970699090734864
_scratch_st-cdeboer-1_asfar_VLPs_results_crispresso_aggregated_spacer_AXBE_rep3_.staging_CRISPRessoPooled_on_AXBE_D4_rep3_CRISPResso_on_HEK3	Substitutions	0.0002661783181789144	0.002379634164519495	0.0012137731308958497	0.010434190072613446	0.01782330018526011	0.8738421243159217	0.0005962394327207683	0.7297598006856754	0.0004471795745405762	0.00025020761908817955	0.00035135537999616705	0.0019111603245246056	0.0003300611145418539	0.00025020761908817955	0.0013521858563488851	0.00028747258363322756	0.0004578267072677328	0.00021826622090670984	0.0001916483890888184	0.00023423691999744468
_scratch_st-cdeboer-1_asfar_VLPs_results_crispresso_aggregated_spacer_AXBE_rep3_.staging_CRISPRessoPooled_on_AXBE_D4_rep3_CRISPResso_on_HEK3	All_modifications	0.0032580226145099123	0.0063829560699303674	0.0048178275590383506	0.015071016375290134	0.023178807947019868	0.8818753859585614	0.007021784033559762	0.7435318668682523	0.00830476352718213	0.013420710802580865	0.013665594855305467	0.007846936819914397	0.005701539575392347	0.005211771469943144	0.0059730414599348395	0.004620855603585954	0.004008645471774451	0.0030929920572389854	0.002619194650880518	0.0018366303954345095
_scratch_st-cdeboer-1_asfar_VLPs_results_crispresso_aggregated_spacer_AXBE_rep3_.staging_CRISPRessoPooled_on_AXBE_D5_rep3_CRISPResso_on_HEK3	Insertions	6.745514233035032e-05	0.00011242523721725053	0.00011242523721725053	8.994018977380042e-05	8.994018977380042e-05	0.00015739533210415075	0.00029230561676485135	0.0007195215181904033	0.0010343121823987048	0.006745514233035032	0.006295813284166029	0.0	0.0	4.497009488690021e-05	0.00011242523721725053	0.00011242523721725053	0.00017988037954760083	0.00015739533210415075	2.2485047443450104e-05	0.0
_scratch_st-cdeboer-1_asfar_VLPs_results_crispresso_aggregated_spacer_AXBE_rep3_.staging_CRISPRessoPooled_on_AXBE_D5_rep3_CRISPResso_on_HEK3	Insertions_Left	0.0	0.00011242523721725053	0.0	8.994018977380042e-05	0.0	0.00015739533210415075	0.00013491028466070063	0.0005846112335297027	0.0004497009488690021	0.006295813284166029	0.0	0.0	0.0	4.497009488690021e-05	6.745514233035032e-05	4.497009488690021e-05	0.00013491028466070063	2.2485047443450104e-05	0.0	0.0
_scratch_st-cdeboer-1_asfar_VLPs_results_crispresso_aggregated_spacer_AXBE_rep3_.staging_CRISPRessoPooled_on_AXBE_D5_rep3_CRISPResso_on_HEK3	Deletions	0.0020236542699105095	0.003035481404865764	0.0024733552187795114	0.004069793587264469	0.004766830058011423	0.0077348563205468365	0.006115932904618429	0.013153752754418312	0.006812969375365382	0.005778657192966677	0.00627332823672258	0.005711202050636327	0.005216531006880424	0.004654404820794172	0.004137248729594819	0.003822458065386518	0.002788145882987813	0.0023834150290057113	0.0022709897917884605	0.0018212888429194585
_scratch_st-cdeboer-1_asfar_VLPs_results_crispresso_aggregated_spacer_AXBE_rep3_.staging_CRISPRessoPooled_on_AXBE_D5_rep3_CRISPResso_on_HEK3	Substitutions	0.00022485047443450106	0.0022934748392319107	0.0011242523721725053	0.008791653550388991	0.015379772451319872	0.8197823447407474	0.0004946710437559024	0.6573503620092639	0.000427215901425552	0.00022485047443450106	0.00013491028466070063	0.0014165579889373566	0.0002473355218779512	0.0002473355218779512	0.0008319467554076539	0.00029230561676485135	0.0005621261860862527	0.00029230561676485135	0.00029230561676485135	0.0002473355218779512
_scratch_st-cdeboer-1_asfar_VLPs_results_crispresso_aggregated_spacer_AXBE_rep3_.staging_CRISPRessoPooled_on_AXBE_D5_rep3_CRISPResso_on_HEK3	All_modifications	0.002315959886675361	0.005441381481314926	0.0037100328281692674	0.01295138732742726	0.020236542699105096	0.8276745963933984	0.0069029095651391825	0.6712236362818725	0.008274497459189638	0.01274902190043621	0.01270405180554931	0.007127760039573683	0.005463866528758376	0.004946710437559023	0.0050816207222197235	0.00422718891936862	0.0035301524486216667	0.0028331159778747133	0.0025857804559967622	0.0020686243647974095
