Folder	Modification	G	G	A	G	G	C	T	A	T	C	C	A	G	C	G	T	G	A	G	T
_scratch_st-cdeboer-1_asfar_VLPs_results_crispresso_aggregated_spacer_AXBE_rep2_.staging_CRISPRessoPooled_on_AXBE_D0_rep2_CRISPResso_on_B2M	Insertions	0.0	0.0	0.0	0.0	0.0	0.0	0.0	0.0	0.0	0.0	0.0	0.0	0.0	0.0	0.0	0.0	0.0	0.0	0.0	0.0
_scratch_st-cdeboer-1_asfar_VLPs_results_crispresso_aggregated_spacer_AXBE_rep2_.staging_CRISPRessoPooled_on_AXBE_D0_rep2_CRISPResso_on_B2M	Insertions_Left	0.0	0.0	0.0	0.0	0.0	0.0	0.0	0.0	0.0	0.0	0.0	0.0	0.0	0.0	0.0	0.0	0.0	0.0	0.0	0.0
_scratch_st-cdeboer-1_asfar_VLPs_results_crispresso_aggregated_spacer_AXBE_rep2_.staging_CRISPRessoPooled_on_AXBE_D0_rep2_CRISPResso_on_B2M	Deletions	0.0	0.0	0.0	0.0	0.0	0.0	0.0	0.0	0.0	0.0	0.00015008254539996998	0.0	0.0	0.0	0.0	0.0	0.0	0.0	0.0	0.0
_scratch_st-cdeboer-1_asfar_VLPs_results_crispresso_aggregated_spacer_AXBE_rep2_.staging_CRISPRessoPooled_on_AXBE_D0_rep2_CRISPResso_on_B2M	Substitutions	0.00025013757566661664	0.0002001100605332933	0.0004002201210665866	0.00025013757566661664	0.00030016509079993996	0.00010005503026664665	0.0003501926059332633	0.00015008254539996998	0.00025013757566661664	0.00010005503026664665	0.00015008254539996998	0.00025013757566661664	0.00015008254539996998	0.00030016509079993996	0.00025013757566661664	0.0002001100605332933	0.00025013757566661664	0.0004002201210665866	0.00025013757566661664	0.0003501926059332633
_scratch_st-cdeboer-1_asfar_VLPs_results_crispresso_aggregated_spacer_AXBE_rep2_.staging_CRISPRessoPooled_on_AXBE_D0_rep2_CRISPResso_on_B2M	All_modifications	0.00025013757566661664	0.0002001100605332933	0.0004002201210665866	0.00025013757566661664	0.00030016509079993996	0.00010005503026664665	0.0003501926059332633	0.00015008254539996998	0.00025013757566661664	0.00010005503026664665	0.00030016509079993996	0.00025013757566661664	0.00015008254539996998	0.00030016509079993996	0.00025013757566661664	0.0002001100605332933	0.00025013757566661664	0.0004002201210665866	0.00025013757566661664	0.0003501926059332633
_scratch_st-cdeboer-1_asfar_VLPs_results_crispresso_aggregated_spacer_AXBE_rep2_.staging_CRISPRessoPooled_on_AXBE_D1_rep2_CRISPResso_on_B2M	Insertions	0.0	0.0	0.0	0.0	0.0	0.0	0.0	0.0	0.0	0.00017385257301808066	0.00017385257301808066	0.0	0.0	0.0	3.4770514603616136e-05	3.4770514603616136e-05	0.0	0.0	0.0	0.0
_scratch_st-cdeboer-1_asfar_VLPs_results_crispresso_aggregated_spacer_AXBE_rep2_.staging_CRISPRessoPooled_on_AXBE_D1_rep2_CRISPResso_on_B2M	Insertions_Left	0.0	0.0	0.0	0.0	0.0	0.0	0.0	0.0	0.0	0.00017385257301808066	0.0	0.0	0.0	0.0	3.4770514603616136e-05	0.0	0.0	0.0	0.0	0.0
_scratch_st-cdeboer-1_asfar_VLPs_results_crispresso_aggregated_spacer_AXBE_rep2_.staging_CRISPRessoPooled_on_AXBE_D1_rep2_CRISPResso_on_B2M	Deletions	0.0	0.0	0.0	0.0	0.0	0.0	0.0	6.954102920723227e-05	6.954102920723227e-05	6.954102920723227e-05	0.0001043115438108484	6.954102920723227e-05	6.954102920723227e-05	6.954102920723227e-05	6.954102920723227e-05	6.954102920723227e-05	6.954102920723227e-05	6.954102920723227e-05	6.954102920723227e-05	6.954102920723227e-05
_scratch_st-cdeboer-1_asfar_VLPs_results_crispresso_aggregated_spacer_AXBE_rep2_.staging_CRISPRessoPooled_on_AXBE_D1_rep2_CRISPResso_on_B2M	Substitutions	0.00024339360222531294	0.0002781641168289291	0.0003824756606397775	0.0006954102920723226	0.00024339360222531294	0.0002086230876216968	0.0005563282336578582	0.00017385257301808066	0.0010083449235048678	3.4770514603616136e-05	0.0002781641168289291	0.000521557719054242	0.00013908205841446454	0.0004867872044506259	6.954102920723227e-05	0.0336230876216968	0.0006606397774687066	0.00017385257301808066	0.0003129346314325452	0.000764951321279555
_scratch_st-cdeboer-1_asfar_VLPs_results_crispresso_aggregated_spacer_AXBE_rep2_.staging_CRISPRessoPooled_on_AXBE_D1_rep2_CRISPResso_on_B2M	All_modifications	0.00024339360222531294	0.0002781641168289291	0.0003824756606397775	0.0006954102920723226	0.00024339360222531294	0.0002086230876216968	0.0005563282336578582	0.00024339360222531294	0.0010778859527121002	0.0002781641168289291	0.0005563282336578582	0.0005910987482614742	0.0002086230876216968	0.0005563282336578582	0.00017385257301808066	0.03372739916550765	0.0007301808066759388	0.00024339360222531294	0.0003824756606397775	0.0008344923504867872
_scratch_st-cdeboer-1_asfar_VLPs_results_crispresso_aggregated_spacer_AXBE_rep2_.staging_CRISPRessoPooled_on_AXBE_D2_rep2_CRISPResso_on_B2M	Insertions	0.0	0.0	0.0	0.0	0.0	0.0	0.0	0.0	0.0	0.00045177320984865596	0.00045177320984865596	0.0	0.0	0.0	5.6471651231081995e-05	5.6471651231081995e-05	0.0	0.0	0.0	0.0
_scratch_st-cdeboer-1_asfar_VLPs_results_crispresso_aggregated_spacer_AXBE_rep2_.staging_CRISPRessoPooled_on_AXBE_D2_rep2_CRISPResso_on_B2M	Insertions_Left	0.0	0.0	0.0	0.0	0.0	0.0	0.0	0.0	0.0	0.00045177320984865596	0.0	0.0	0.0	0.0	5.6471651231081995e-05	0.0	0.0	0.0	0.0	0.0
_scratch_st-cdeboer-1_asfar_VLPs_results_crispresso_aggregated_spacer_AXBE_rep2_.staging_CRISPRessoPooled_on_AXBE_D2_rep2_CRISPResso_on_B2M	Deletions	0.0	0.0	0.0	0.0	2.8235825615540998e-05	0.0	0.0	0.0	0.00011294330246216399	0.00011294330246216399	0.00011294330246216399	0.00011294330246216399	2.8235825615540998e-05	2.8235825615540998e-05	2.8235825615540998e-05	2.8235825615540998e-05	2.8235825615540998e-05	2.8235825615540998e-05	2.8235825615540998e-05	2.8235825615540998e-05
_scratch_st-cdeboer-1_asfar_VLPs_results_crispresso_aggregated_spacer_AXBE_rep2_.staging_CRISPRessoPooled_on_AXBE_D2_rep2_CRISPResso_on_B2M	Substitutions	0.000310594081770951	0.0005082448610797379	0.00028235825615541	0.00036706573300203296	0.00016941495369324599	0.00016941495369324599	0.0013835554551615088	0.00022588660492432798	0.004856562005873052	8.470747684662299e-05	0.00011294330246216399	0.00022588660492432798	0.00022588660492432798	0.00025412243053986896	0.000141179128077705	0.17907160605376102	0.000423537384233115	0.000197650779308787	0.00022588660492432798	0.0018070928393946238
_scratch_st-cdeboer-1_asfar_VLPs_results_crispresso_aggregated_spacer_AXBE_rep2_.staging_CRISPRessoPooled_on_AXBE_D2_rep2_CRISPResso_on_B2M	All_modifications	0.000310594081770951	0.0005082448610797379	0.00028235825615541	0.00036706573300203296	0.000197650779308787	0.00016941495369324599	0.0013835554551615088	0.00022588660492432798	0.004969505308335216	0.000649423989157443	0.0006776598147729839	0.00033882990738649197	0.00025412243053986896	0.00028235825615541	0.00022588660492432798	0.17915631353060762	0.00045177320984865596	0.00022588660492432798	0.00025412243053986896	0.001835328665010165
_scratch_st-cdeboer-1_asfar_VLPs_results_crispresso_aggregated_spacer_AXBE_rep2_.staging_CRISPRessoPooled_on_AXBE_D3_rep2_CRISPResso_on_B2M	Insertions	0.0	0.0	0.0	1.8263505862585383e-05	1.8263505862585383e-05	0.0	0.0	0.0	0.0	0.0014976074807320013	0.0014976074807320013	0.0	0.0	0.0	0.0004200606348394638	0.0004200606348394638	0.0	0.0	0.0	0.0
_scratch_st-cdeboer-1_asfar_VLPs_results_crispresso_aggregated_spacer_AXBE_rep2_.staging_CRISPRessoPooled_on_AXBE_D3_rep2_CRISPResso_on_B2M	Insertions_Left	0.0	0.0	0.0	1.8263505862585383e-05	0.0	0.0	0.0	0.0	0.0	0.0014976074807320013	0.0	0.0	0.0	0.0	0.0004200606348394638	0.0	0.0	0.0	0.0	0.0
_scratch_st-cdeboer-1_asfar_VLPs_results_crispresso_aggregated_spacer_AXBE_rep2_.staging_CRISPRessoPooled_on_AXBE_D3_rep2_CRISPResso_on_B2M	Deletions	0.0002008985644884392	0.00021916207035102458	0.0002008985644884392	0.00025568908207619537	0.00025568908207619537	0.0002739525879387807	0.0003104795996639515	0.00043832414070204916	0.00043832414070204916	0.0003287431055265369	0.00036527011725170764	0.0003287431055265369	0.00034700661138912224	0.0003287431055265369	0.0003287431055265369	0.0003287431055265369	0.0003287431055265369	0.0002922160938013661	0.00021916207035102458	0.00021916207035102458
_scratch_st-cdeboer-1_asfar_VLPs_results_crispresso_aggregated_spacer_AXBE_rep2_.staging_CRISPRessoPooled_on_AXBE_D3_rep2_CRISPResso_on_B2M	Substitutions	0.00045658764656463457	0.0007122767286408299	0.0003287431055265369	0.000383533623114293	0.00014610804690068306	3.6527011725170766e-05	0.0022829382328231726	0.00016437155276326844	0.010026664718559375	0.00023742557621360996	0.00023742557621360996	0.0002739525879387807	0.0003287431055265369	0.00018263505862585382	0.000620959199327903	0.43797713409066	0.000383533623114293	0.00023742557621360996	0.00023742557621360996	0.002976951455601417
_scratch_st-cdeboer-1_asfar_VLPs_results_crispresso_aggregated_spacer_AXBE_rep2_.staging_CRISPRessoPooled_on_AXBE_D3_rep2_CRISPResso_on_B2M	All_modifications	0.0006574862110530738	0.0009314387989918545	0.0005296416700149761	0.0006574862110530738	0.0004200606348394638	0.0003104795996639515	0.002593417832487124	0.0006026956934653176	0.010464988859261424	0.002063776162472148	0.002100303174197319	0.0006026956934653176	0.0006757497169156591	0.0005113781641523907	0.0013697629396939037	0.43872593783102604	0.0007122767286408299	0.0005296416700149761	0.00045658764656463457	0.0031961135259524417
_scratch_st-cdeboer-1_asfar_VLPs_results_crispresso_aggregated_spacer_AXBE_rep2_.staging_CRISPRessoPooled_on_AXBE_D4_rep2_CRISPResso_on_B2M	Insertions	0.0	0.0	0.0	0.0	0.0	0.0	0.0	0.0	8.622547962923044e-05	0.0022849752101746067	0.002198749730545376	0.0	0.00012933821944384566	0.00012933821944384566	0.00038801465833153696	0.00038801465833153696	0.0	0.0	0.0	0.0
_scratch_st-cdeboer-1_asfar_VLPs_results_crispresso_aggregated_spacer_AXBE_rep2_.staging_CRISPRessoPooled_on_AXBE_D4_rep2_CRISPResso_on_B2M	Insertions_Left	0.0	0.0	0.0	0.0	0.0	0.0	0.0	0.0	8.622547962923044e-05	0.002198749730545376	0.0	0.0	0.00012933821944384566	0.0	0.00038801465833153696	0.0	0.0	0.0	0.0	0.0
_scratch_st-cdeboer-1_asfar_VLPs_results_crispresso_aggregated_spacer_AXBE_rep2_.staging_CRISPRessoPooled_on_AXBE_D4_rep2_CRISPResso_on_B2M	Deletions	0.0	0.00012933821944384566	0.0	4.311273981461522e-05	0.00030178917870230654	0.0004311273981461522	0.0004311273981461522	0.0004311273981461522	0.0006035783574046131	0.0006466910972192282	0.0007760293166630739	0.0006035783574046131	0.0007760293166630739	0.0007760293166630739	0.0007760293166630739	0.0004742401379607674	0.0004311273981461522	0.0004311273981461522	0.0004311273981461522	0.0002155636990730761
_scratch_st-cdeboer-1_asfar_VLPs_results_crispresso_aggregated_spacer_AXBE_rep2_.staging_CRISPRessoPooled_on_AXBE_D4_rep2_CRISPResso_on_B2M	Substitutions	0.00038801465833153696	0.0007760293166630739	0.00012933821944384566	0.00034490191851692175	0.00030178917870230654	4.311273981461522e-05	0.006725587411079974	0.00017245095925846088	0.01750377236473378	0.00030178917870230654	0.00038801465833153696	0.00030178917870230654	0.00025867643888769133	0.00034490191851692175	0.00025867643888769133	0.6846734209959043	0.0012071567148092262	0.00025867643888769133	0.00017245095925846088	0.003707695624056909
_scratch_st-cdeboer-1_asfar_VLPs_results_crispresso_aggregated_spacer_AXBE_rep2_.staging_CRISPRessoPooled_on_AXBE_D4_rep2_CRISPResso_on_B2M	All_modifications	0.00038801465833153696	0.0009053675361069196	0.00012933821944384566	0.00038801465833153696	0.0006035783574046131	0.0004742401379607674	0.007156714809226126	0.0006035783574046131	0.018193576201767623	0.0032334554860961413	0.003362793705539987	0.0009053675361069196	0.001164043974994611	0.0012502694546238414	0.0014227204138823023	0.6855356757921965	0.0016382841129553784	0.0006898038370338435	0.0006035783574046131	0.003923259323129985
_scratch_st-cdeboer-1_asfar_VLPs_results_crispresso_aggregated_spacer_AXBE_rep2_.staging_CRISPRessoPooled_on_AXBE_D5_rep2_CRISPResso_on_B2M	Insertions	0.0	0.0	0.0	0.0	0.0	9.90049997524875e-05	9.90049997524875e-05	0.0	0.0	0.0012870649967823375	0.0012870649967823375	0.0	0.0	9.90049997524875e-05	0.0007425374981436562	0.0006435324983911688	0.0	0.0	0.0	0.0
_scratch_st-cdeboer-1_asfar_VLPs_results_crispresso_aggregated_spacer_AXBE_rep2_.staging_CRISPRessoPooled_on_AXBE_D5_rep2_CRISPResso_on_B2M	Insertions_Left	0.0	0.0	0.0	0.0	0.0	9.90049997524875e-05	0.0	0.0	0.0	0.0012870649967823375	0.0	0.0	0.0	9.90049997524875e-05	0.0006435324983911688	0.0	0.0	0.0	0.0	0.0
_scratch_st-cdeboer-1_asfar_VLPs_results_crispresso_aggregated_spacer_AXBE_rep2_.staging_CRISPRessoPooled_on_AXBE_D5_rep2_CRISPResso_on_B2M	Deletions	9.90049997524875e-05	0.000198009999504975	9.90049997524875e-05	9.90049997524875e-05	0.0003465174991337062	0.0002970149992574625	0.0002970149992574625	0.0002970149992574625	0.0002970149992574625	0.00044552249888619376	0.0004950249987624375	0.0003465174991337062	0.0002970149992574625	0.0002970149992574625	0.0002970149992574625	0.00014850749962873124	4.950249987624375e-05	4.950249987624375e-05	4.950249987624375e-05	4.950249987624375e-05
_scratch_st-cdeboer-1_asfar_VLPs_results_crispresso_aggregated_spacer_AXBE_rep2_.staging_CRISPRessoPooled_on_AXBE_D5_rep2_CRISPResso_on_B2M	Substitutions	0.0002970149992574625	0.00044552249888619376	0.00024751249938121875	0.00044552249888619376	0.00024751249938121875	0.00014850749962873124	0.003910697490223256	0.00014850749962873124	0.011930102470174744	0.0003465174991337062	0.000198009999504975	0.0003465174991337062	0.000198009999504975	0.000198009999504975	0.00024751249938121875	0.5142814712142963	0.0007920399980199	9.90049997524875e-05	0.00024751249938121875	0.004306717489233206
_scratch_st-cdeboer-1_asfar_VLPs_results_crispresso_aggregated_spacer_AXBE_rep2_.staging_CRISPRessoPooled_on_AXBE_D5_rep2_CRISPResso_on_B2M	All_modifications	0.00039601999900995	0.0006435324983911688	0.0003465174991337062	0.0005445274986386813	0.000594029998514925	0.0005445274986386813	0.004306717489233206	0.00044552249888619376	0.012227117469432206	0.0020791049948022376	0.00198009999504975	0.0006930349982674125	0.0004950249987624375	0.000594029998514925	0.0012870649967823375	0.5150735112123163	0.0008415424978961437	0.00014850749962873124	0.0002970149992574625	0.00435621998910945
