Folder	Modification	G	G	A	G	G	C	T	A	T	C	C	A	G	C	G	T	G	A	G	T
_scratch_st-cdeboer-1_asfar_VLPs_results_crispresso_aggregated_spacer_AXBE_rep1_.staging_CRISPRessoPooled_on_AXBE_D0_rep1_CRISPResso_on_B2M	Insertions	0.0	0.0	0.0	0.0	0.0	0.0	0.0	0.0	0.0	0.0	0.0	0.0	0.0	0.0	0.0	0.0	0.0	0.0	0.0	0.0
_scratch_st-cdeboer-1_asfar_VLPs_results_crispresso_aggregated_spacer_AXBE_rep1_.staging_CRISPRessoPooled_on_AXBE_D0_rep1_CRISPResso_on_B2M	Insertions_Left	0.0	0.0	0.0	0.0	0.0	0.0	0.0	0.0	0.0	0.0	0.0	0.0	0.0	0.0	0.0	0.0	0.0	0.0	0.0	0.0
_scratch_st-cdeboer-1_asfar_VLPs_results_crispresso_aggregated_spacer_AXBE_rep1_.staging_CRISPRessoPooled_on_AXBE_D0_rep1_CRISPResso_on_B2M	Deletions	0.0	5.4792268810870786e-05	0.0	0.0	0.0	0.0	0.0	0.0	0.0	0.0	0.0	0.0	0.0	0.0	0.0	0.0	0.0	0.0	0.0	0.0
_scratch_st-cdeboer-1_asfar_VLPs_results_crispresso_aggregated_spacer_AXBE_rep1_.staging_CRISPRessoPooled_on_AXBE_D0_rep1_CRISPResso_on_B2M	Substitutions	0.00016437680643261235	0.0004246400832842486	0.0003287536128652247	0.00027396134405435394	0.00012328260482445926	0.00013698067202717697	0.0003424516800679424	0.00016437680643261235	0.0004109420160815309	6.849033601358848e-05	0.00020547100804076544	0.00027396134405435394	6.849033601358848e-05	0.00023286714244620085	0.00010958453762174157	0.0016026738627179704	0.00017807487363533006	0.00021916907524348314	0.0003287536128652247	0.00024656520964891853
_scratch_st-cdeboer-1_asfar_VLPs_results_crispresso_aggregated_spacer_AXBE_rep1_.staging_CRISPRessoPooled_on_AXBE_D0_rep1_CRISPResso_on_B2M	All_modifications	0.00016437680643261235	0.0004794323520951194	0.0003287536128652247	0.00027396134405435394	0.00012328260482445926	0.00013698067202717697	0.0003424516800679424	0.00016437680643261235	0.0004109420160815309	6.849033601358848e-05	0.00020547100804076544	0.00027396134405435394	6.849033601358848e-05	0.00023286714244620085	0.00010958453762174157	0.0016026738627179704	0.00017807487363533006	0.00021916907524348314	0.0003287536128652247	0.00024656520964891853
_scratch_st-cdeboer-1_asfar_VLPs_results_crispresso_aggregated_spacer_AXBE_rep1_.staging_CRISPRessoPooled_on_AXBE_D1_rep1_CRISPResso_on_B2M	Insertions	0.0	0.0	0.0	0.0	0.0	0.0	0.0	0.0	0.0	0.00010752559706574592	0.00010752559706574592	0.0	0.0	0.0	0.00010752559706574592	0.00010752559706574592	0.0	0.0	0.0	0.0
_scratch_st-cdeboer-1_asfar_VLPs_results_crispresso_aggregated_spacer_AXBE_rep1_.staging_CRISPRessoPooled_on_AXBE_D1_rep1_CRISPResso_on_B2M	Insertions_Left	0.0	0.0	0.0	0.0	0.0	0.0	0.0	0.0	0.0	0.00010752559706574592	0.0	0.0	0.0	0.0	0.00010752559706574592	0.0	0.0	0.0	0.0	0.0
_scratch_st-cdeboer-1_asfar_VLPs_results_crispresso_aggregated_spacer_AXBE_rep1_.staging_CRISPRessoPooled_on_AXBE_D1_rep1_CRISPResso_on_B2M	Deletions	0.0	3.5841865688581974e-05	2.3894577125721316e-05	0.0	0.0	0.0	0.0	1.1947288562860658e-05	1.1947288562860658e-05	1.1947288562860658e-05	8.36310199400246e-05	1.1947288562860658e-05	1.1947288562860658e-05	1.1947288562860658e-05	1.1947288562860658e-05	1.1947288562860658e-05	1.1947288562860658e-05	1.1947288562860658e-05	1.1947288562860658e-05	1.1947288562860658e-05
_scratch_st-cdeboer-1_asfar_VLPs_results_crispresso_aggregated_spacer_AXBE_rep1_.staging_CRISPRessoPooled_on_AXBE_D1_rep1_CRISPResso_on_B2M	Substitutions	0.0003464713683229591	0.0004778915425144264	0.0002628403483829345	0.00031062950263437714	0.0001433674627543279	0.00013142017419146725	0.0008602047765259674	0.0001433674627543279	0.0014456219161061397	0.0002628403483829345	0.00022699848269435252	0.0002747876369457952	0.0001672620398800492	0.0003345240797600984	0.0001194728856286066	0.06246042460663553	0.00025089305982007383	0.0002747876369457952	0.0003225767911972378	0.0006212590052687543
_scratch_st-cdeboer-1_asfar_VLPs_results_crispresso_aggregated_spacer_AXBE_rep1_.staging_CRISPRessoPooled_on_AXBE_D1_rep1_CRISPResso_on_B2M	All_modifications	0.0003464713683229591	0.0005137334082030083	0.0002867349255086558	0.00031062950263437714	0.0001433674627543279	0.00013142017419146725	0.0008602047765259674	0.00015531475131718857	0.0014575692046690004	0.00038231323401154106	0.0004181550997001231	0.0002867349255086558	0.00017920932844290988	0.0003464713683229591	0.0002389457712572132	0.06257989749226413	0.0002628403483829345	0.0002867349255086558	0.0003345240797600984	0.0006332062938316149
_scratch_st-cdeboer-1_asfar_VLPs_results_crispresso_aggregated_spacer_AXBE_rep1_.staging_CRISPRessoPooled_on_AXBE_D2_rep1_CRISPResso_on_B2M	Insertions	0.0	0.0	0.0	0.0	0.0	0.0	0.0	0.0	6.42570281124498e-05	0.0010923694779116466	0.0010281124497991969	0.0	0.0	0.0	0.00024096385542168674	0.0003534136546184739	0.00011244979919678715	0.0	0.0	0.0
_scratch_st-cdeboer-1_asfar_VLPs_results_crispresso_aggregated_spacer_AXBE_rep1_.staging_CRISPRessoPooled_on_AXBE_D2_rep1_CRISPResso_on_B2M	Insertions_Left	0.0	0.0	0.0	0.0	0.0	0.0	0.0	0.0	6.42570281124498e-05	0.0010281124497991969	0.0	0.0	0.0	0.0	0.00024096385542168674	0.00011244979919678715	0.0	0.0	0.0	0.0
_scratch_st-cdeboer-1_asfar_VLPs_results_crispresso_aggregated_spacer_AXBE_rep1_.staging_CRISPRessoPooled_on_AXBE_D2_rep1_CRISPResso_on_B2M	Deletions	0.00011244979919678715	0.00014457831325301204	0.00011244979919678715	0.00014457831325301204	0.00027309236947791165	0.00027309236947791165	0.00027309236947791165	0.00027309236947791165	0.0002891566265060241	0.00027309236947791165	0.00024096385542168674	0.0003534136546184739	0.00024096385542168674	0.00024096385542168674	0.00024096385542168674	0.0001927710843373494	0.0001927710843373494	0.0001285140562248996	0.0001285140562248996	4.819277108433735e-05
_scratch_st-cdeboer-1_asfar_VLPs_results_crispresso_aggregated_spacer_AXBE_rep1_.staging_CRISPRessoPooled_on_AXBE_D2_rep1_CRISPResso_on_B2M	Substitutions	0.0002248995983935743	0.00046586345381526104	0.00033734939759036143	0.00020883534136546185	0.00014457831325301204	0.0001927710843373494	0.0037751004016064256	0.0002891566265060241	0.013204819277108433	0.0001606425702811245	0.00027309236947791165	0.0002891566265060241	0.0003855421686746988	0.00024096385542168674	0.00040160642570281126	0.5066184738955823	0.000819277108433735	0.00024096385542168674	0.00036947791164658635	0.00485140562248996
_scratch_st-cdeboer-1_asfar_VLPs_results_crispresso_aggregated_spacer_AXBE_rep1_.staging_CRISPRessoPooled_on_AXBE_D2_rep1_CRISPResso_on_B2M	All_modifications	0.00033734939759036143	0.0006104417670682731	0.0004497991967871486	0.0003534136546184739	0.0004176706827309237	0.00046586345381526104	0.004048192771084337	0.0005622489959839357	0.013558232931726907	0.0015261044176706827	0.001542168674698795	0.000642570281124498	0.0006265060240963856	0.00048192771084337347	0.0008835341365461848	0.5071646586345382	0.0011244979919678715	0.00036947791164658635	0.0004979919678714859	0.004899598393574297
_scratch_st-cdeboer-1_asfar_VLPs_results_crispresso_aggregated_spacer_AXBE_rep1_.staging_CRISPRessoPooled_on_AXBE_D3_rep1_CRISPResso_on_B2M	Insertions	0.0	0.0	0.0	1.5882343598621413e-05	4.764703079586424e-05	3.1764687197242825e-05	0.0	0.0	0.0	0.001302352175086956	0.001302352175086956	0.0	0.0	0.0	0.0005876467131489923	0.0006670584311420993	7.941171799310707e-05	0.0	0.0	0.0
_scratch_st-cdeboer-1_asfar_VLPs_results_crispresso_aggregated_spacer_AXBE_rep1_.staging_CRISPRessoPooled_on_AXBE_D3_rep1_CRISPResso_on_B2M	Insertions_Left	0.0	0.0	0.0	1.5882343598621413e-05	3.1764687197242825e-05	0.0	0.0	0.0	0.0	0.001302352175086956	0.0	0.0	0.0	0.0	0.0005876467131489923	7.941171799310707e-05	0.0	0.0	0.0	0.0
_scratch_st-cdeboer-1_asfar_VLPs_results_crispresso_aggregated_spacer_AXBE_rep1_.staging_CRISPRessoPooled_on_AXBE_D3_rep1_CRISPResso_on_B2M	Deletions	0.0001270587487889713	0.00014294109238759272	0.00015882343598621414	0.00015882343598621414	0.00015882343598621414	0.000269999841176564	0.00023823515397932118	0.0002541174975779426	0.0002541174975779426	0.00023823515397932118	0.00028588218477518544	0.0002223528103806998	0.00023823515397932118	0.00023823515397932118	0.0001270587487889713	0.0001111764051903499	0.0001111764051903499	0.0001111764051903499	9.529406159172848e-05	6.352937439448565e-05
_scratch_st-cdeboer-1_asfar_VLPs_results_crispresso_aggregated_spacer_AXBE_rep1_.staging_CRISPRessoPooled_on_AXBE_D3_rep1_CRISPResso_on_B2M	Substitutions	0.00034941155916967106	0.000539999682353128	0.000269999841176564	0.0003811762463669139	0.0003176468719724283	0.00019058812318345695	0.0031447040325270396	0.00015882343598621414	0.007734701332528628	0.00015882343598621414	0.0002223528103806998	0.0002223528103806998	0.00015882343598621414	0.0002541174975779426	0.0003811762463669139	0.38700506646760796	0.0008417642107269349	0.00034941155916967106	0.000269999841176564	0.003081174658132554
_scratch_st-cdeboer-1_asfar_VLPs_results_crispresso_aggregated_spacer_AXBE_rep1_.staging_CRISPRessoPooled_on_AXBE_D3_rep1_CRISPResso_on_B2M	All_modifications	0.00047647030795864236	0.0006829407747407207	0.00042882327716277813	0.0005558820259517495	0.0005241173387545066	0.0004923526515572638	0.003382939186506361	0.00041294093356415674	0.00798881883010657	0.0016994107650524911	0.001810587170242841	0.0004447056207613996	0.0003970585899655353	0.0004923526515572638	0.0010958817083048774	0.3877833013039404	0.0010323523339103918	0.00046058796436002097	0.0003652939027682925	0.0031447040325270396
_scratch_st-cdeboer-1_asfar_VLPs_results_crispresso_aggregated_spacer_AXBE_rep1_.staging_CRISPRessoPooled_on_AXBE_D4_rep1_CRISPResso_on_B2M	Insertions	0.0	0.0	0.0	0.0	1.557777985481509e-05	0.00014020001869333583	0.00012462223883852073	0.0	1.557777985481509e-05	0.0021185780602548526	0.0021030002804000372	0.0	0.0	0.0	0.0007477334330311244	0.0007477334330311244	0.00010904445898370564	0.00010904445898370564	0.0	0.0
_scratch_st-cdeboer-1_asfar_VLPs_results_crispresso_aggregated_spacer_AXBE_rep1_.staging_CRISPRessoPooled_on_AXBE_D4_rep1_CRISPResso_on_B2M	Insertions_Left	0.0	0.0	0.0	0.0	1.557777985481509e-05	0.00012462223883852073	0.0	0.0	1.557777985481509e-05	0.0021030002804000372	0.0	0.0	0.0	0.0	0.0007477334330311244	0.0	0.00010904445898370564	0.0	0.0	0.0
_scratch_st-cdeboer-1_asfar_VLPs_results_crispresso_aggregated_spacer_AXBE_rep1_.staging_CRISPRessoPooled_on_AXBE_D4_rep1_CRISPResso_on_B2M	Deletions	4.6733339564445275e-05	7.788889927407546e-05	6.231111941926036e-05	4.6733339564445275e-05	0.0002648222575318566	0.0002648222575318566	0.000171355578402966	0.000171355578402966	0.0001869333582577811	0.0004206000560800075	0.0004984889553540829	0.0004829111754992678	0.0003271333769511169	0.00046733339564445275	0.00046733339564445275	0.00046733339564445275	0.0003738667165155622	0.00043617783593482255	0.00043617783593482255	0.00010904445898370564
_scratch_st-cdeboer-1_asfar_VLPs_results_crispresso_aggregated_spacer_AXBE_rep1_.staging_CRISPRessoPooled_on_AXBE_D4_rep1_CRISPResso_on_B2M	Substitutions	0.0006075334143377885	0.0009658223509985357	0.0002959778172414867	0.0004050222762251924	0.000171355578402966	0.0002959778172414867	0.006449200859893448	0.0002959778172414867	0.021201358382403338	0.0003271333769511169	0.0005608000747733433	0.000342711156805932	0.0003271333769511169	0.00035828893666074713	0.0004206000560800075	0.6845499579399944	0.0007944667725955696	0.00023366669782222638	0.0004517556157896377	0.005732622986571954
_scratch_st-cdeboer-1_asfar_VLPs_results_crispresso_aggregated_spacer_AXBE_rep1_.staging_CRISPRessoPooled_on_AXBE_D4_rep1_CRISPResso_on_B2M	All_modifications	0.0006542667539022339	0.0010437112502726111	0.00035828893666074713	0.0004517556157896377	0.0004517556157896377	0.0007010000934666791	0.006745178677134935	0.00046733339564445275	0.021403869520515935	0.002866311493285977	0.0031622893105274635	0.0008256223323051999	0.0006542667539022339	0.0008256223323051999	0.0016356668847555846	0.68576502476867	0.0012773779480948376	0.0007788889927407546	0.0008879334517244602	0.005841667445555659
_scratch_st-cdeboer-1_asfar_VLPs_results_crispresso_aggregated_spacer_AXBE_rep1_.staging_CRISPRessoPooled_on_AXBE_D5_rep1_CRISPResso_on_B2M	Insertions	0.0	0.0	0.0	0.0	0.0	0.0	6.501407090248818e-05	6.501407090248818e-05	0.00010216496856105286	0.0014395972842693812	0.0013374323157083283	0.0	0.0	0.0	0.0006129898113663171	0.0006129898113663171	0.0	0.0	0.0	0.0
_scratch_st-cdeboer-1_asfar_VLPs_results_crispresso_aggregated_spacer_AXBE_rep1_.staging_CRISPRessoPooled_on_AXBE_D5_rep1_CRISPResso_on_B2M	Insertions_Left	0.0	0.0	0.0	0.0	0.0	0.0	6.501407090248818e-05	0.0	0.00010216496856105286	0.0013374323157083283	0.0	0.0	0.0	0.0	0.0006129898113663171	0.0	0.0	0.0	0.0	0.0
_scratch_st-cdeboer-1_asfar_VLPs_results_crispresso_aggregated_spacer_AXBE_rep1_.staging_CRISPRessoPooled_on_AXBE_D5_rep1_CRISPResso_on_B2M	Deletions	9.287724414641169e-06	0.0001486035906342587	0.00011145269297569403	0.00011145269297569403	0.00011145269297569403	0.00010216496856105286	0.00013002814180497637	0.00013002814180497637	0.00013002814180497637	0.00019504221270746455	0.0002972071812685174	0.00026005628360995273	0.00026005628360995273	0.0003250703545124409	0.0002136176615367469	0.0002136176615367469	0.0002136176615367469	0.00011145269297569403	0.00011145269297569403	4.6438622073205845e-05
_scratch_st-cdeboer-1_asfar_VLPs_results_crispresso_aggregated_spacer_AXBE_rep1_.staging_CRISPRessoPooled_on_AXBE_D5_rep1_CRISPResso_on_B2M	Substitutions	0.00030649490568315855	0.0004829616695613408	0.00037150897658564676	0.00037150897658564676	0.00011145269297569403	0.00010216496856105286	0.0045509849631741725	0.00018575448829282338	0.011990452219301749	0.00020432993712210572	0.00013931586621961754	0.0004272353230734938	0.00025076855919531154	0.0002414808347806704	0.00027863173243923507	0.4882835356509302	0.000984498787951964	0.00020432993712210572	0.00027863173243923507	0.0037708161123443146
_scratch_st-cdeboer-1_asfar_VLPs_results_crispresso_aggregated_spacer_AXBE_rep1_.staging_CRISPRessoPooled_on_AXBE_D5_rep1_CRISPResso_on_B2M	All_modifications	0.00031578263009779975	0.0006315652601955995	0.0004829616695613408	0.0004829616695613408	0.00022290538595138806	0.00020432993712210572	0.004746027175881637	0.0003807967010002879	0.012222645329667778	0.0018389694340989514	0.0017739553631964632	0.0006872916066834465	0.0005108248428052643	0.0005665511892931113	0.001105239205342299	0.4891101431238332	0.0011981164494887107	0.00031578263009779975	0.0003900844254149291	0.0038172547344175202
