Folder	Modification	C	A	C	C	T	A	C	C	T	A	A	G	A	A	C	C	A	T	C	C
_scratch_st-cdeboer-1_asfar_VLPs_results_crispresso_aggregated_spacer_AXBE_rep1_.staging_CRISPRessoPooled_on_AXBE_D0_rep1_CRISPResso_on_PDCD1	Insertions	0.0	0.0	0.0	0.0	0.0	0.0	0.0	0.0	0.0	0.0	0.0	0.0	0.0	0.0	0.0	0.0	0.0	0.0	0.0	0.0
_scratch_st-cdeboer-1_asfar_VLPs_results_crispresso_aggregated_spacer_AXBE_rep1_.staging_CRISPRessoPooled_on_AXBE_D0_rep1_CRISPResso_on_PDCD1	Insertions_Left	0.0	0.0	0.0	0.0	0.0	0.0	0.0	0.0	0.0	0.0	0.0	0.0	0.0	0.0	0.0	0.0	0.0	0.0	0.0	0.0
_scratch_st-cdeboer-1_asfar_VLPs_results_crispresso_aggregated_spacer_AXBE_rep1_.staging_CRISPRessoPooled_on_AXBE_D0_rep1_CRISPResso_on_PDCD1	Deletions	1.622217896307832e-05	8.11108948153916e-06	0.0	0.0	0.0	8.11108948153916e-06	0.0	1.622217896307832e-05	8.11108948153916e-06	0.0	2.4333268444617483e-05	0.0	0.0	0.0	0.0	0.0	0.0	0.0	0.0	0.0
_scratch_st-cdeboer-1_asfar_VLPs_results_crispresso_aggregated_spacer_AXBE_rep1_.staging_CRISPRessoPooled_on_AXBE_D0_rep1_CRISPResso_on_PDCD1	Substitutions	0.00013788852118616572	0.000202777237038479	0.00011355525274154825	8.922198429693076e-05	0.00017844396859386153	0.00017844396859386153	9.733307377846993e-05	0.00012977743170462656	0.00021899941600155733	0.0001216663422230874	0.00019466614755693986	0.0002595548634092531	0.0002433326844461748	0.0002433326844461748	7.299980533385244e-05	0.00013788852118616572	0.0001622217896307832	0.0003649990266692622	9.733307377846993e-05	0.00012977743170462656
_scratch_st-cdeboer-1_asfar_VLPs_results_crispresso_aggregated_spacer_AXBE_rep1_.staging_CRISPRessoPooled_on_AXBE_D0_rep1_CRISPResso_on_PDCD1	All_modifications	0.00015411070014924406	0.00021088832652001817	0.00011355525274154825	8.922198429693076e-05	0.00017844396859386153	0.0001865550580754007	9.733307377846993e-05	0.0001459996106677049	0.0002271105054830965	0.0001216663422230874	0.00021899941600155733	0.0002595548634092531	0.0002433326844461748	0.0002433326844461748	7.299980533385244e-05	0.00013788852118616572	0.0001622217896307832	0.0003649990266692622	9.733307377846993e-05	0.00012977743170462656
_scratch_st-cdeboer-1_asfar_VLPs_results_crispresso_aggregated_spacer_AXBE_rep1_.staging_CRISPRessoPooled_on_AXBE_D1_rep1_CRISPResso_on_PDCD1	Insertions	0.0	0.0	0.0	0.0	0.0	0.0	0.0	0.0	0.0	0.0	0.0	0.0	0.0	0.0	0.0	0.0	0.0	0.0	0.0	0.0
_scratch_st-cdeboer-1_asfar_VLPs_results_crispresso_aggregated_spacer_AXBE_rep1_.staging_CRISPRessoPooled_on_AXBE_D1_rep1_CRISPResso_on_PDCD1	Insertions_Left	0.0	0.0	0.0	0.0	0.0	0.0	0.0	0.0	0.0	0.0	0.0	0.0	0.0	0.0	0.0	0.0	0.0	0.0	0.0	0.0
_scratch_st-cdeboer-1_asfar_VLPs_results_crispresso_aggregated_spacer_AXBE_rep1_.staging_CRISPRessoPooled_on_AXBE_D1_rep1_CRISPResso_on_PDCD1	Deletions	3.3505046697658834e-05	1.6752523348829417e-05	8.376261674414708e-06	0.0	0.0	0.0	0.0	0.0	8.376261674414708e-06	0.0	2.5128785023244127e-05	0.0	0.0	0.0	0.0	8.376261674414708e-06	0.0	0.0	0.0	0.0
_scratch_st-cdeboer-1_asfar_VLPs_results_crispresso_aggregated_spacer_AXBE_rep1_.staging_CRISPRessoPooled_on_AXBE_D1_rep1_CRISPResso_on_PDCD1	Substitutions	0.00012564392511622062	0.0004941994387904678	0.00011726766344180593	0.00021778280353478244	0.00025128785023244125	0.004221635883905013	0.00014239644846505005	0.00014239644846505005	0.00024291158855802654	0.001641747288185283	0.00035180299032541777	0.0001926540185115383	0.00026804037358127067	0.00020940654186036773	7.538635506973238e-05	0.0001926540185115383	0.00023453532688361186	0.0002847928969301001	0.00010889140176739122	0.00011726766344180593
_scratch_st-cdeboer-1_asfar_VLPs_results_crispresso_aggregated_spacer_AXBE_rep1_.staging_CRISPRessoPooled_on_AXBE_D1_rep1_CRISPResso_on_PDCD1	All_modifications	0.00015914897181387947	0.0005109519621392972	0.00012564392511622062	0.00021778280353478244	0.00025128785023244125	0.004221635883905013	0.00014239644846505005	0.00014239644846505005	0.00025128785023244125	0.001641747288185283	0.0003769317753486619	0.0001926540185115383	0.00026804037358127067	0.00020940654186036773	7.538635506973238e-05	0.00020103028018595302	0.00023453532688361186	0.0002847928969301001	0.00010889140176739122	0.00011726766344180593
_scratch_st-cdeboer-1_asfar_VLPs_results_crispresso_aggregated_spacer_AXBE_rep1_.staging_CRISPRessoPooled_on_AXBE_D2_rep1_CRISPResso_on_PDCD1	Insertions	0.0	1.1540947280952821e-05	1.1540947280952821e-05	0.0	0.0	0.0	0.0	0.0	0.0	0.0	0.0	0.0	0.0	0.0	0.0	0.0	0.0	0.0	0.0	0.0
_scratch_st-cdeboer-1_asfar_VLPs_results_crispresso_aggregated_spacer_AXBE_rep1_.staging_CRISPRessoPooled_on_AXBE_D2_rep1_CRISPResso_on_PDCD1	Insertions_Left	0.0	1.1540947280952821e-05	0.0	0.0	0.0	0.0	0.0	0.0	0.0	0.0	0.0	0.0	0.0	0.0	0.0	0.0	0.0	0.0	0.0	0.0
_scratch_st-cdeboer-1_asfar_VLPs_results_crispresso_aggregated_spacer_AXBE_rep1_.staging_CRISPRessoPooled_on_AXBE_D2_rep1_CRISPResso_on_PDCD1	Deletions	1.1540947280952821e-05	0.0	0.0	0.0	1.1540947280952821e-05	0.0	0.0	0.0	0.0	0.0	3.462284184285846e-05	0.0	0.0	0.0	0.0	0.0	0.0	0.0	0.0	1.1540947280952821e-05
_scratch_st-cdeboer-1_asfar_VLPs_results_crispresso_aggregated_spacer_AXBE_rep1_.staging_CRISPRessoPooled_on_AXBE_D2_rep1_CRISPResso_on_PDCD1	Substitutions	0.00015003231465238667	0.0005885883113285939	0.00013849136737143384	9.232757824762257e-05	0.00031160557658572617	0.006520635213738343	0.0001154094728095282	0.00015003231465238667	0.00012695042009048103	0.0026082540854953373	0.0005078016803619241	0.00018465515649524513	0.0002885236820238205	0.0002308189456190564	0.00013849136737143384	8.078663096666975e-05	0.00018465515649524513	0.00030006462930477334	0.00013849136737143384	0.0001154094728095282
_scratch_st-cdeboer-1_asfar_VLPs_results_crispresso_aggregated_spacer_AXBE_rep1_.staging_CRISPRessoPooled_on_AXBE_D2_rep1_CRISPResso_on_PDCD1	All_modifications	0.0001615732619333395	0.0006001292586095467	0.00015003231465238667	9.232757824762257e-05	0.000323146523866679	0.006520635213738343	0.0001154094728095282	0.00015003231465238667	0.00012695042009048103	0.0026082540854953373	0.0005424245222047826	0.00018465515649524513	0.0002885236820238205	0.0002308189456190564	0.00013849136737143384	8.078663096666975e-05	0.00018465515649524513	0.00030006462930477334	0.00013849136737143384	0.00012695042009048103
_scratch_st-cdeboer-1_asfar_VLPs_results_crispresso_aggregated_spacer_AXBE_rep1_.staging_CRISPRessoPooled_on_AXBE_D3_rep1_CRISPResso_on_PDCD1	Insertions	6.920463117391816e-06	6.920463117391816e-06	0.0	0.0	0.0	0.0	0.0	0.0	0.0	0.0	0.0	0.0	0.0	0.0	0.0	0.0	0.0	0.0	0.0	0.0
_scratch_st-cdeboer-1_asfar_VLPs_results_crispresso_aggregated_spacer_AXBE_rep1_.staging_CRISPRessoPooled_on_AXBE_D3_rep1_CRISPResso_on_PDCD1	Insertions_Left	6.920463117391816e-06	0.0	0.0	0.0	0.0	0.0	0.0	0.0	0.0	0.0	0.0	0.0	0.0	0.0	0.0	0.0	0.0	0.0	0.0	0.0
_scratch_st-cdeboer-1_asfar_VLPs_results_crispresso_aggregated_spacer_AXBE_rep1_.staging_CRISPRessoPooled_on_AXBE_D3_rep1_CRISPResso_on_PDCD1	Deletions	3.460231558695908e-05	0.0	0.0	0.0	6.920463117391816e-06	0.0	0.0	0.0	0.0	0.0	5.536370493913453e-05	0.0	0.0	0.0	0.0	1.3840926234783633e-05	0.0	0.0	0.0	0.0
_scratch_st-cdeboer-1_asfar_VLPs_results_crispresso_aggregated_spacer_AXBE_rep1_.staging_CRISPRessoPooled_on_AXBE_D3_rep1_CRISPResso_on_PDCD1	Substitutions	0.0001314887992304445	0.0004083073239261171	0.00015917065170001175	0.00011072740987826906	0.00017301157793479539	0.001965411525339276	0.00016609111481740357	0.00017301157793479539	0.00017301157793479539	0.000602080291213088	0.00020761389352175446	0.00024913667222610535	0.0003183413034000235	0.0002145343566391463	4.844324182174271e-05	8.304555740870178e-05	0.00025605713534349717	0.0003045003771652399	7.612509429130997e-05	0.00011072740987826906
_scratch_st-cdeboer-1_asfar_VLPs_results_crispresso_aggregated_spacer_AXBE_rep1_.staging_CRISPRessoPooled_on_AXBE_D3_rep1_CRISPResso_on_PDCD1	All_modifications	0.00017301157793479539	0.0004152277870435089	0.00015917065170001175	0.00011072740987826906	0.0001799320410521872	0.001965411525339276	0.00016609111481740357	0.00017301157793479539	0.00017301157793479539	0.000602080291213088	0.000262977598460889	0.00024913667222610535	0.0003183413034000235	0.0002145343566391463	4.844324182174271e-05	9.688648364348542e-05	0.00025605713534349717	0.0003045003771652399	7.612509429130997e-05	0.00011072740987826906
_scratch_st-cdeboer-1_asfar_VLPs_results_crispresso_aggregated_spacer_AXBE_rep1_.staging_CRISPRessoPooled_on_AXBE_D4_rep1_CRISPResso_on_PDCD1	Insertions	0.0001617875729167603	0.0001617875729167603	0.0	0.0	0.0	0.0	6.2917389467629e-05	6.2917389467629e-05	0.0	0.0010336428269681907	0.0010336428269681907	0.0	0.0	0.0	0.0	0.0	0.0	0.0	0.0	0.0
_scratch_st-cdeboer-1_asfar_VLPs_results_crispresso_aggregated_spacer_AXBE_rep1_.staging_CRISPRessoPooled_on_AXBE_D4_rep1_CRISPResso_on_PDCD1	Insertions_Left	0.0001617875729167603	0.0	0.0	0.0	0.0	0.0	6.2917389467629e-05	0.0	0.0	0.0010336428269681907	0.0	0.0	0.0	0.0	0.0	0.0	0.0	0.0	0.0	0.0
_scratch_st-cdeboer-1_asfar_VLPs_results_crispresso_aggregated_spacer_AXBE_rep1_.staging_CRISPRessoPooled_on_AXBE_D4_rep1_CRISPResso_on_PDCD1	Deletions	0.0003595279398150229	0.0003235751458335206	0.00030559874884276945	0.000503339115741032	0.0005123273142364076	0.00040446893229190075	0.00039548073379652514	0.00039548073379652514	0.00034155154282427175	0.0003235751458335206	0.0004134571307872763	8.988198495375572e-05	8.988198495375572e-05	8.988198495375572e-05	8.988198495375572e-05	8.988198495375572e-05	8.988198495375572e-05	9.887018344913129e-05	9.887018344913129e-05	8.988198495375572e-05
_scratch_st-cdeboer-1_asfar_VLPs_results_crispresso_aggregated_spacer_AXBE_rep1_.staging_CRISPRessoPooled_on_AXBE_D4_rep1_CRISPResso_on_PDCD1	Substitutions	0.00017077577141213587	0.015909111336814764	0.00023369316087976487	0.0004134571307872763	0.000251669557870516	0.11937226421708297	0.0008448906585653038	0.00030559874884276945	0.00023369316087976487	0.05013617120720494	0.0036042675966456044	0.00024268135937514045	0.00030559874884276945	0.00019774036689826257	5.392919097225343e-05	8.988198495375572e-05	0.00024268135937514045	0.00029661055034739385	8.089378645838015e-05	0.00014381117592600915
_scratch_st-cdeboer-1_asfar_VLPs_results_crispresso_aggregated_spacer_AXBE_rep1_.staging_CRISPRessoPooled_on_AXBE_D4_rep1_CRISPResso_on_PDCD1	All_modifications	0.000692091284143919	0.016394474055565045	0.0005392919097225343	0.0009167962465283083	0.0007639968721069236	0.11977673314937487	0.0013032887818294578	0.0007639968721069236	0.0005752447037040366	0.05149338918000665	0.005051367554401071	0.00033256334432889615	0.00039548073379652514	0.0002876223518520183	0.00014381117592600915	0.00017976396990751145	0.00033256334432889615	0.00039548073379652514	0.00017976396990751145	0.00023369316087976487
_scratch_st-cdeboer-1_asfar_VLPs_results_crispresso_aggregated_spacer_AXBE_rep1_.staging_CRISPRessoPooled_on_AXBE_D5_rep1_CRISPResso_on_PDCD1	Insertions	0.0	0.0	0.0	0.0	0.0	0.0	0.0	0.0	0.0	0.00038491147036181676	0.00038491147036181676	0.0	0.0	0.0	0.0	0.0	0.0	0.0	0.0	0.0
_scratch_st-cdeboer-1_asfar_VLPs_results_crispresso_aggregated_spacer_AXBE_rep1_.staging_CRISPRessoPooled_on_AXBE_D5_rep1_CRISPResso_on_PDCD1	Insertions_Left	0.0	0.0	0.0	0.0	0.0	0.0	0.0	0.0	0.0	0.00038491147036181676	0.0	0.0	0.0	0.0	0.0	0.0	0.0	0.0	0.0	0.0
_scratch_st-cdeboer-1_asfar_VLPs_results_crispresso_aggregated_spacer_AXBE_rep1_.staging_CRISPRessoPooled_on_AXBE_D5_rep1_CRISPResso_on_PDCD1	Deletions	0.00021383970575656488	0.00021383970575656488	0.00025660764690787786	0.00025660764690787786	0.00025660764690787786	0.00025660764690787786	0.00025660764690787786	0.00025660764690787786	0.00025660764690787786	0.0002993755880591908	0.0003421435292105038	0.00025660764690787786	0.00025660764690787786	0.00025660764690787786	0.00025660764690787786	0.00025660764690787786	8.553588230262595e-05	8.553588230262595e-05	8.553588230262595e-05	0.00012830382345393893
_scratch_st-cdeboer-1_asfar_VLPs_results_crispresso_aggregated_spacer_AXBE_rep1_.staging_CRISPRessoPooled_on_AXBE_D5_rep1_CRISPResso_on_PDCD1	Substitutions	4.2767941151312976e-05	0.006543494996150885	8.553588230262595e-05	0.00038491147036181676	0.0003421435292105038	0.07095201437002822	8.553588230262595e-05	0.0005987511761183816	0.0004704473526644427	0.02903943204174151	0.001539645881447267	0.00012830382345393893	0.00021383970575656488	0.0002993755880591908	4.2767941151312976e-05	8.553588230262595e-05	0.0001710717646052519	0.00012830382345393893	8.553588230262595e-05	0.00012830382345393893
_scratch_st-cdeboer-1_asfar_VLPs_results_crispresso_aggregated_spacer_AXBE_rep1_.staging_CRISPRessoPooled_on_AXBE_D5_rep1_CRISPResso_on_PDCD1	All_modifications	0.00025660764690787786	0.00675733470190745	0.0003421435292105038	0.0006415191172696946	0.0005987511761183816	0.0712086220169361	0.0003421435292105038	0.0008553588230262595	0.0007270549995723206	0.02972371910016252	0.0022667008810195875	0.00038491147036181676	0.0004704473526644427	0.0005559832349670687	0.0002993755880591908	0.0003421435292105038	0.00025660764690787786	0.00021383970575656488	0.0001710717646052519	0.00025660764690787786
