Folder	Modification	G	G	C	C	C	A	G	A	C	T	G	A	G	C	A	C	G	T	G	A
_scratch_st-cdeboer-1_asfar_VLPs_results_crispresso_aggregated_spacer_AYBE_rep2_.staging_CRISPRessoPooled_on_AYBE_D1_rep2_CRISPResso_on_HEK3	Insertions	0.0	1.795557790027472e-05	1.795557790027472e-05	7.182231160109888e-05	7.182231160109888e-05	0.0	3.591115580054944e-05	3.591115580054944e-05	0.0	0.0002693336685041208	0.0002693336685041208	0.0	0.0	0.0	0.0	0.0	0.0	0.0	0.0	0.0
_scratch_st-cdeboer-1_asfar_VLPs_results_crispresso_aggregated_spacer_AYBE_rep2_.staging_CRISPRessoPooled_on_AYBE_D1_rep2_CRISPResso_on_HEK3	Insertions_Left	0.0	1.795557790027472e-05	0.0	7.182231160109888e-05	0.0	0.0	3.591115580054944e-05	0.0	0.0	0.0002693336685041208	0.0	0.0	0.0	0.0	0.0	0.0	0.0	0.0	0.0	0.0
_scratch_st-cdeboer-1_asfar_VLPs_results_crispresso_aggregated_spacer_AYBE_rep2_.staging_CRISPRessoPooled_on_AYBE_D1_rep2_CRISPResso_on_HEK3	Deletions	0.00032320040220494496	0.0005566229149085163	0.00032320040220494496	0.00032320040220494496	0.0005027561812076921	0.0011132458298170327	0.0006104896486093405	0.0007541342718115383	0.0007182231160109888	0.000700267538110714	0.0008080010055123624	0.000700267538110714	0.0006104896486093405	0.0005027561812076921	0.0005027561812076921	0.0005027561812076921	0.00039502271380604387	0.0002693336685041208	0.00023342251270357136	0.00012568904530192303
_scratch_st-cdeboer-1_asfar_VLPs_results_crispresso_aggregated_spacer_AYBE_rep2_.staging_CRISPRessoPooled_on_AYBE_D1_rep2_CRISPResso_on_HEK3	Substitutions	0.00016160020110247248	0.0004668450254071427	0.00021546693480329663	0.0005027561812076921	0.0012928016088197799	0.06465803601888927	0.0002693336685041208	0.04363205429766757	0.00016160020110247248	0.0001795557790027472	0.0001795557790027472	0.0003591115580054944	5.386673370082416e-05	0.0001795557790027472	8.97778895013736e-05	0.00010773346740164832	0.0002693336685041208	0.0002693336685041208	0.00016160020110247248	0.00021546693480329663
_scratch_st-cdeboer-1_asfar_VLPs_results_crispresso_aggregated_spacer_AYBE_rep2_.staging_CRISPRessoPooled_on_AYBE_D1_rep2_CRISPResso_on_HEK3	All_modifications	0.00048480060330741744	0.0010414235182159338	0.0005566229149085163	0.000897778895013736	0.0018673801016285709	0.0657712818487063	0.0009157344729140108	0.044422099725279655	0.0008798233171134613	0.001149156985617582	0.0012568904530192305	0.0010593790961162086	0.0006643563823101646	0.0006823119602104394	0.0005925340707090658	0.0006104896486093405	0.0006643563823101646	0.0005386673370082416	0.00039502271380604387	0.0003411559801052197
_scratch_st-cdeboer-1_asfar_VLPs_results_crispresso_aggregated_spacer_AYBE_rep2_.staging_CRISPRessoPooled_on_AYBE_D2_rep2_CRISPResso_on_HEK3	Insertions	0.0	0.0	0.0	0.0	0.0	0.0	0.0	0.0002381094112744806	0.0002381094112744806	0.0010119649979165425	0.0010119649979165425	0.0	0.0	0.0	0.0	0.0	0.0	0.0	0.0	0.0
_scratch_st-cdeboer-1_asfar_VLPs_results_crispresso_aggregated_spacer_AYBE_rep2_.staging_CRISPRessoPooled_on_AYBE_D2_rep2_CRISPResso_on_HEK3	Insertions_Left	0.0	0.0	0.0	0.0	0.0	0.0	0.0	0.0002381094112744806	0.0	0.0010119649979165425	0.0	0.0	0.0	0.0	0.0	0.0	0.0	0.0	0.0	0.0
_scratch_st-cdeboer-1_asfar_VLPs_results_crispresso_aggregated_spacer_AYBE_rep2_.staging_CRISPRessoPooled_on_AYBE_D2_rep2_CRISPResso_on_HEK3	Deletions	0.0002381094112744806	0.0002976367640931008	0.0002976367640931008	0.0004166914697303411	0.0004166914697303411	0.001547711173284124	0.0005952735281862016	0.0007143282338234419	0.0007143282338234419	0.0007143282338234419	0.0008929102922793023	0.000773855586642062	0.0004166914697303411	0.0004166914697303411	0.00035716411691172096	0.00035716411691172096	0.0002381094112744806	0.0002381094112744806	0.00017858205845586048	0.0001190547056372403
_scratch_st-cdeboer-1_asfar_VLPs_results_crispresso_aggregated_spacer_AYBE_rep2_.staging_CRISPRessoPooled_on_AYBE_D2_rep2_CRISPResso_on_HEK3	Substitutions	0.0004166914697303411	0.00017858205845586048	0.0004166914697303411	0.0010714923507351628	0.002321566759926186	0.1353056729567236	0.00017858205845586048	0.0954223465682481	0.0001190547056372403	0.00017858205845586048	0.0002381094112744806	0.00035716411691172096	0.0	0.00017858205845586048	0.0002976367640931008	0.00017858205845586048	5.952735281862015e-05	0.00035716411691172096	5.952735281862015e-05	0.0002381094112744806
_scratch_st-cdeboer-1_asfar_VLPs_results_crispresso_aggregated_spacer_AYBE_rep2_.staging_CRISPRessoPooled_on_AYBE_D2_rep2_CRISPResso_on_HEK3	All_modifications	0.0006548008810048217	0.0004762188225489612	0.0007143282338234419	0.0014881838204655038	0.0027382582296565272	0.13685338413000775	0.000773855586642062	0.09637478421334603	0.0010714923507351628	0.0019048752901958449	0.0021429847014703255	0.001131019703553783	0.0004166914697303411	0.0005952735281862016	0.0006548008810048217	0.0005357461753675814	0.0002976367640931008	0.0005952735281862016	0.0002381094112744806	0.00035716411691172096
_scratch_st-cdeboer-1_asfar_VLPs_results_crispresso_aggregated_spacer_AYBE_rep2_.staging_CRISPRessoPooled_on_AYBE_D3_rep2_CRISPResso_on_HEK3	Insertions	2.974685427016093e-05	1.4873427135080465e-05	0.0	0.0	0.0	2.974685427016093e-05	2.974685427016093e-05	0.0002082279798911265	0.000416455959782253	0.0019632923818306215	0.001755064401939495	0.0	0.0	0.0	0.0002528482612963679	0.0002974685427016093	0.0002974685427016093	0.0002528482612963679	0.0	0.0
_scratch_st-cdeboer-1_asfar_VLPs_results_crispresso_aggregated_spacer_AYBE_rep2_.staging_CRISPRessoPooled_on_AYBE_D3_rep2_CRISPResso_on_HEK3	Insertions_Left	1.4873427135080465e-05	0.0	0.0	0.0	0.0	2.974685427016093e-05	0.0	0.0002082279798911265	0.0002082279798911265	0.001755064401939495	0.0	0.0	0.0	0.0	0.0002528482612963679	4.46202814052414e-05	0.0002528482612963679	0.0	0.0	0.0
_scratch_st-cdeboer-1_asfar_VLPs_results_crispresso_aggregated_spacer_AYBE_rep2_.staging_CRISPRessoPooled_on_AYBE_D3_rep2_CRISPResso_on_HEK3	Deletions	0.0005354433768628967	0.0008031650652943451	0.0005651902311330577	0.0011898741708064372	0.001561709849183449	0.00351012880387899	0.002141773507451587	0.0036588630752297947	0.002468988904423357	0.002082279798911265	0.002260760924532231	0.002112026653181426	0.001755064401939495	0.001665823839129012	0.0016360769848588511	0.0015319629949132878	0.0012047475979415176	0.0009965196180503912	0.0007734182110241842	0.0005800636582681382
_scratch_st-cdeboer-1_asfar_VLPs_results_crispresso_aggregated_spacer_AYBE_rep2_.staging_CRISPRessoPooled_on_AYBE_D3_rep2_CRISPResso_on_HEK3	Substitutions	0.0002082279798911265	0.001308861587887081	0.00046107624118749444	0.003807597346580599	0.006172472261058393	0.34710116905137284	0.0004759496683225749	0.24190141892494868	0.0005651902311330577	0.00013386084421572418	0.00046107624118749444	0.0006990510753487819	4.46202814052414e-05	0.00023797483416128744	0.0003569622512419312	0.00022310140702620697	0.00040158253264717256	0.0001784811256209656	0.00014873427135080465	0.0003123419698366898
_scratch_st-cdeboer-1_asfar_VLPs_results_crispresso_aggregated_spacer_AYBE_rep2_.staging_CRISPRessoPooled_on_AYBE_D3_rep2_CRISPResso_on_HEK3	All_modifications	0.0007734182110241842	0.0021269000803165066	0.001026266472320552	0.004997471517387037	0.007734182110241842	0.35064104470952195	0.002647470030044323	0.2457685099800696	0.003450635095338668	0.00417943302495761	0.00447690156765922	0.002811077728530208	0.0017996846833447362	0.0019037986732902995	0.00224588749739715	0.002052532944641104	0.0019037986732902995	0.0014278490049677247	0.0009221524823749889	0.0008924056281048279
_scratch_st-cdeboer-1_asfar_VLPs_results_crispresso_aggregated_spacer_AYBE_rep2_.staging_CRISPRessoPooled_on_AYBE_D4_rep2_CRISPResso_on_HEK3	Insertions	0.0	1.9921112394916133e-05	1.9921112394916133e-05	0.0	0.0	0.00015936889915932906	0.00041834336029323877	0.000597633371847484	0.0005179489222678195	0.005916570381290091	0.005737280369735846	1.9921112394916133e-05	1.9921112394916133e-05	0.00013944778676441293	0.0001792900115542452	0.00013944778676441293	0.0005777122594525678	0.00047810669747798716	0.0	3.9842224789832265e-05
_scratch_st-cdeboer-1_asfar_VLPs_results_crispresso_aggregated_spacer_AYBE_rep2_.staging_CRISPRessoPooled_on_AYBE_D4_rep2_CRISPResso_on_HEK3	Insertions_Left	0.0	1.9921112394916133e-05	0.0	0.0	0.0	0.00015936889915932906	0.00025897446113390973	0.00033865891071357425	0.0001792900115542452	0.005737280369735846	0.0	1.9921112394916133e-05	0.0	0.00013944778676441293	3.9842224789832265e-05	9.960556197458066e-05	0.00047810669747798716	0.0	0.0	3.9842224789832265e-05
_scratch_st-cdeboer-1_asfar_VLPs_results_crispresso_aggregated_spacer_AYBE_rep2_.staging_CRISPRessoPooled_on_AYBE_D4_rep2_CRISPResso_on_HEK3	Deletions	0.003147535758396749	0.0038447746922188135	0.0034861946691103233	0.005119725885493446	0.00685286266385115	0.011135901828758118	0.007390732698513885	0.01380533088967688	0.009163711701661421	0.008287182756285112	0.008625841666998686	0.008167656081915614	0.00685286266385115	0.006374755966373162	0.005677517032551098	0.005318937009442607	0.0036854057930594845	0.003107693533606917	0.002749113510498426	0.0020917168014661937
_scratch_st-cdeboer-1_asfar_VLPs_results_crispresso_aggregated_spacer_AYBE_rep2_.staging_CRISPRessoPooled_on_AYBE_D4_rep2_CRISPResso_on_HEK3	Substitutions	0.0003187377983186581	0.002828797960078091	0.0012749511932746325	0.010956611817203872	0.01611617992748715	0.8030399617514642	0.0005777122594525678	0.6293079405554006	0.00041834336029323877	0.00015936889915932906	0.001055818956930555	0.001354635642854297	0.00019921112394916132	0.00019921112394916132	0.0008566078329813937	0.00023905334873899358	0.000458185585083071	0.0003785011355034065	0.00021913223634407745	0.0003187377983186581
_scratch_st-cdeboer-1_asfar_VLPs_results_crispresso_aggregated_spacer_AYBE_rep2_.staging_CRISPRessoPooled_on_AYBE_D4_rep2_CRISPResso_on_HEK3	All_modifications	0.003466273556715407	0.00669349376469182	0.004781066974779872	0.01607633770269732	0.0229690425913383	0.8143352324793817	0.008386788318259692	0.643710904816925	0.01010000398422248	0.014363122036734531	0.015418940993665087	0.009542212837164827	0.007071994900195227	0.006713414877086737	0.006713414877086737	0.0056974381449460135	0.004721303637595123	0.00396430136658831	0.0029682457468425036	0.0024502968245746844
_scratch_st-cdeboer-1_asfar_VLPs_results_crispresso_aggregated_spacer_AYBE_rep2_.staging_CRISPRessoPooled_on_AYBE_D5_rep2_CRISPResso_on_HEK3	Insertions	4.0794680373679274e-05	4.0794680373679274e-05	0.0	8.158936074735855e-05	8.158936074735855e-05	0.0001631787214947171	0.00020397340186839637	0.0002855627626157549	0.0002855627626157549	0.006323175457920287	0.0062823807775466076	0.0	0.0	0.00012238404112103782	0.00012238404112103782	0.0001631787214947171	0.000448741484110472	0.0002855627626157549	0.0	0.0
_scratch_st-cdeboer-1_asfar_VLPs_results_crispresso_aggregated_spacer_AYBE_rep2_.staging_CRISPRessoPooled_on_AYBE_D5_rep2_CRISPResso_on_HEK3	Insertions_Left	4.0794680373679274e-05	0.0	0.0	8.158936074735855e-05	0.0	0.0001631787214947171	4.0794680373679274e-05	0.00024476808224207564	4.0794680373679274e-05	0.0062823807775466076	0.0	0.0	0.0	0.00012238404112103782	0.0	0.0001631787214947171	0.0002855627626157549	0.0	0.0	0.0
_scratch_st-cdeboer-1_asfar_VLPs_results_crispresso_aggregated_spacer_AYBE_rep2_.staging_CRISPRessoPooled_on_AYBE_D5_rep2_CRISPResso_on_HEK3	Deletions	0.00391628931587321	0.0051809244074572675	0.0048137722840941545	0.006486354179415004	0.006812711622404439	0.012809529637335292	0.007995757353241137	0.01570595194386652	0.01011708073267246	0.008322114796230571	0.008893240321462081	0.008648472239220006	0.007179863745767552	0.006323175457920287	0.006323175457920287	0.006241586097172929	0.0051809244074572675	0.004324236119610003	0.003753110594378493	0.0030596010280259456
_scratch_st-cdeboer-1_asfar_VLPs_results_crispresso_aggregated_spacer_AYBE_rep2_.staging_CRISPRessoPooled_on_AYBE_D5_rep2_CRISPResso_on_HEK3	Substitutions	0.000448741484110472	0.0024884755027944354	0.0006935095663525477	0.010892179659772365	0.01619548810835067	0.8349447232080937	0.0010198670093419819	0.6329702606780075	0.00036715212336311344	0.00012238404112103782	0.0008566882878472647	0.0011422510504630196	0.0006119202056051891	0.0004895361644841513	0.0014686084934524537	0.0005711255252315098	0.000448741484110472	0.0002855627626157549	0.00020397340186839637	0.000448741484110472
_scratch_st-cdeboer-1_asfar_VLPs_results_crispresso_aggregated_spacer_AYBE_rep2_.staging_CRISPRessoPooled_on_AYBE_D5_rep2_CRISPResso_on_HEK3	All_modifications	0.004405825480357361	0.007710194590625383	0.005507281850446702	0.01746012319993473	0.023089789091502468	0.8479174315669237	0.009219597764451515	0.6489617753844898	0.010769795618651328	0.014767674295271897	0.016032309386855955	0.009790723289683025	0.007791783951372741	0.006935095663525476	0.00791416799249378	0.006975890343899156	0.006078407375678212	0.004895361644841513	0.00395708399624689	0.0035083425121364173
