Folder	Modification	G	G	C	C	C	A	G	A	C	T	G	A	G	C	A	C	G	T	G	A
_scratch_st-cdeboer-1_asfar_VLPs_results_crispresso_aggregated_spacer_AYBE_rep1_.staging_CRISPRessoPooled_on_AYBE_D1_rep1_CRISPResso_on_HEK3	Insertions	0.0	0.0	0.0	6.159152500615915e-05	6.159152500615915e-05	0.0	0.0	0.0	0.0	0.0002463661000246366	0.0002463661000246366	0.0	0.0	0.0	0.0	0.0	0.0	0.0	0.0	0.0
_scratch_st-cdeboer-1_asfar_VLPs_results_crispresso_aggregated_spacer_AYBE_rep1_.staging_CRISPRessoPooled_on_AYBE_D1_rep1_CRISPResso_on_HEK3	Insertions_Left	0.0	0.0	0.0	6.159152500615915e-05	0.0	0.0	0.0	0.0	0.0	0.0002463661000246366	0.0	0.0	0.0	0.0	0.0	0.0	0.0	0.0	0.0	0.0
_scratch_st-cdeboer-1_asfar_VLPs_results_crispresso_aggregated_spacer_AYBE_rep1_.staging_CRISPRessoPooled_on_AYBE_D1_rep1_CRISPResso_on_HEK3	Deletions	0.00030795762503079576	0.0002463661000246366	0.0002463661000246366	0.0003695491500369549	0.0003695491500369549	0.0004927322000492732	0.00043114067504311407	0.0011086474501108647	0.00043114067504311407	0.00043114067504311407	0.00043114067504311407	0.00043114067504311407	0.00043114067504311407	0.00043114067504311407	0.00043114067504311407	0.0003695491500369549	0.0005543237250554324	0.0005543237250554324	0.0005543237250554324	0.00030795762503079576
_scratch_st-cdeboer-1_asfar_VLPs_results_crispresso_aggregated_spacer_AYBE_rep1_.staging_CRISPRessoPooled_on_AYBE_D1_rep1_CRISPResso_on_HEK3	Substitutions	0.0001231830500123183	0.0005543237250554324	6.159152500615915e-05	0.0021557033752155706	0.0018477457501847746	0.06953683173195369	0.0001231830500123183	0.04416112342941611	0.0001231830500123183	0.0003695491500369549	0.0006775067750677507	0.00030795762503079576	0.0001231830500123183	0.0001231830500123183	0.0001231830500123183	0.0002463661000246366	0.00030795762503079576	0.00030795762503079576	0.00018477457501847746	0.00030795762503079576
_scratch_st-cdeboer-1_asfar_VLPs_results_crispresso_aggregated_spacer_AYBE_rep1_.staging_CRISPRessoPooled_on_AYBE_D1_rep1_CRISPResso_on_HEK3	All_modifications	0.00043114067504311407	0.000800689825080069	0.00030795762503079576	0.0025868440502586844	0.002278886425227889	0.07002956393200295	0.0005543237250554324	0.04526977087952698	0.0005543237250554324	0.0010470559251047056	0.0013550135501355014	0.0007390983000739098	0.0005543237250554324	0.0005543237250554324	0.0005543237250554324	0.0006159152500615915	0.0008622813500862281	0.0008622813500862281	0.0007390983000739098	0.0006159152500615915
_scratch_st-cdeboer-1_asfar_VLPs_results_crispresso_aggregated_spacer_AYBE_rep1_.staging_CRISPRessoPooled_on_AYBE_D2_rep1_CRISPResso_on_HEK3	Insertions	0.0	0.0	0.0	0.0	0.0	0.0	0.0	0.0	0.0	0.001644980586265153	0.001644980586265153	0.0	0.0	0.0	0.0	0.0	0.0	0.0	0.0	0.0
_scratch_st-cdeboer-1_asfar_VLPs_results_crispresso_aggregated_spacer_AYBE_rep1_.staging_CRISPRessoPooled_on_AYBE_D2_rep1_CRISPResso_on_HEK3	Insertions_Left	0.0	0.0	0.0	0.0	0.0	0.0	0.0	0.0	0.0	0.001644980586265153	0.0	0.0	0.0	0.0	0.0	0.0	0.0	0.0	0.0	0.0
_scratch_st-cdeboer-1_asfar_VLPs_results_crispresso_aggregated_spacer_AYBE_rep1_.staging_CRISPRessoPooled_on_AYBE_D2_rep1_CRISPResso_on_HEK3	Deletions	0.0004594089925605382	0.0011114733690980765	0.0004594089925605382	0.0004594089925605382	0.0004890482824031537	0.00047422863748184594	0.0004594089925605382	0.0003853107679539998	0.0006817036663801535	0.0004890482824031537	0.0005038679273244613	0.0004890482824031537	8.891786952784612e-05	8.891786952784612e-05	8.891786952784612e-05	1.4819644921307686e-05	1.4819644921307686e-05	1.4819644921307686e-05	0.0	0.0
_scratch_st-cdeboer-1_asfar_VLPs_results_crispresso_aggregated_spacer_AYBE_rep1_.staging_CRISPRessoPooled_on_AYBE_D2_rep1_CRISPResso_on_HEK3	Substitutions	0.0001926553839769999	0.0001926553839769999	0.00031121254334746137	0.0011855715937046148	0.0028453718248910758	0.13165772548089746	0.0001926553839769999	0.08258988114644773	5.927857968523074e-05	8.891786952784612e-05	0.00022229467381961528	0.0009039983401997688	0.00017783573905569224	0.0001037375144491538	7.409822460653843e-05	0.0001037375144491538	0.0002074750288983076	0.0001926553839769999	0.00017783573905569224	0.0002074750288983076
_scratch_st-cdeboer-1_asfar_VLPs_results_crispresso_aggregated_spacer_AYBE_rep1_.staging_CRISPRessoPooled_on_AYBE_D2_rep1_CRISPResso_on_HEK3	All_modifications	0.0006520643765375382	0.0013041287530750764	0.0007706215359079996	0.001644980586265153	0.0033344201072942293	0.13213195411837933	0.0006520643765375382	0.08297519191440172	0.0007409822460653843	0.002222946738196153	0.0023711431874092297	0.0013930466226029223	0.0002667536085835383	0.0001926553839769999	0.00016301609413438454	0.00011855715937046149	0.00022229467381961528	0.0002074750288983076	0.00017783573905569224	0.0002074750288983076
_scratch_st-cdeboer-1_asfar_VLPs_results_crispresso_aggregated_spacer_AYBE_rep1_.staging_CRISPRessoPooled_on_AYBE_D3_rep1_CRISPResso_on_HEK3	Insertions	0.0	0.0	0.0	0.0	0.0	8.663008951775917e-05	8.663008951775917e-05	8.663008951775917e-05	0.00011550678602367889	0.0015015882183078257	0.001472711521801906	0.0	0.0	0.0	0.0	0.0	0.00014438348252959862	0.00014438348252959862	0.0	0.0
_scratch_st-cdeboer-1_asfar_VLPs_results_crispresso_aggregated_spacer_AYBE_rep1_.staging_CRISPRessoPooled_on_AYBE_D3_rep1_CRISPResso_on_HEK3	Insertions_Left	0.0	0.0	0.0	0.0	0.0	8.663008951775917e-05	0.0	8.663008951775917e-05	2.887669650591972e-05	0.001472711521801906	0.0	0.0	0.0	0.0	0.0	0.0	0.00014438348252959862	0.0	0.0	0.0
_scratch_st-cdeboer-1_asfar_VLPs_results_crispresso_aggregated_spacer_AYBE_rep1_.staging_CRISPRessoPooled_on_AYBE_D3_rep1_CRISPResso_on_HEK3	Deletions	0.0010684377707190298	0.0015882183078255846	0.0013283280392723073	0.0018192318798729424	0.0019636153624025413	0.003927230724805083	0.0026566560785446147	0.004447011261911637	0.003320820098180768	0.0028587929540860525	0.0032053133121570892	0.003032053133121571	0.002685532775050534	0.002425642506497257	0.0023678891134854174	0.0024545192030031764	0.0017326017903551833	0.0013860814322841468	0.001155067860236789	0.0009529309846953508
_scratch_st-cdeboer-1_asfar_VLPs_results_crispresso_aggregated_spacer_AYBE_rep1_.staging_CRISPRessoPooled_on_AYBE_D3_rep1_CRISPResso_on_HEK3	Substitutions	0.0002598902685532775	0.0008663008951775916	0.0004042737510828761	0.0038117239387814032	0.006641640196361536	0.31983829049956686	0.0003753970545769564	0.22463182211954952	0.00020213687554143805	0.00011550678602367889	0.0004331504475887958	0.0008374241986716719	0.00028876696505919725	0.0003465203580710367	0.00014438348252959862	0.00028876696505919725	0.00028876696505919725	0.00020213687554143805	0.00011550678602367889	0.00020213687554143805
_scratch_st-cdeboer-1_asfar_VLPs_results_crispresso_aggregated_spacer_AYBE_rep1_.staging_CRISPRessoPooled_on_AYBE_D3_rep1_CRISPResso_on_HEK3	All_modifications	0.0013283280392723073	0.0024545192030031764	0.0017326017903551833	0.005630955818654346	0.008605255558764078	0.32385215131388967	0.00311868322263933	0.2291654634709789	0.003638463759745885	0.004475887958417557	0.005111175281547791	0.0038694773317932427	0.0029742997401097314	0.0027721628645682936	0.002512272596015016	0.0027432861680623736	0.002165752237943979	0.0017326017903551833	0.001270574646260468	0.001155067860236789
_scratch_st-cdeboer-1_asfar_VLPs_results_crispresso_aggregated_spacer_AYBE_rep1_.staging_CRISPRessoPooled_on_AYBE_D4_rep1_CRISPResso_on_HEK3	Insertions	8.650269600069202e-05	0.00017300539200138405	8.650269600069202e-05	0.0	0.0	8.650269600069202e-05	8.650269600069202e-05	0.0004325134800034601	0.0004325134800034601	0.005853349096046827	0.005853349096046827	8.650269600069202e-05	8.650269600069202e-05	0.0002306738560018454	0.00025950808800207604	5.766846400046135e-05	0.00025950808800207604	0.0002306738560018454	0.0	8.650269600069202e-05
_scratch_st-cdeboer-1_asfar_VLPs_results_crispresso_aggregated_spacer_AYBE_rep1_.staging_CRISPRessoPooled_on_AYBE_D4_rep1_CRISPResso_on_HEK3	Insertions_Left	8.650269600069202e-05	8.650269600069202e-05	0.0	0.0	0.0	8.650269600069202e-05	0.0	0.0004325134800034601	0.0	0.005853349096046827	0.0	8.650269600069202e-05	0.0	0.0002306738560018454	2.8834232000230674e-05	2.8834232000230674e-05	0.0002306738560018454	0.0	0.0	8.650269600069202e-05
_scratch_st-cdeboer-1_asfar_VLPs_results_crispresso_aggregated_spacer_AYBE_rep1_.staging_CRISPRessoPooled_on_AYBE_D4_rep1_CRISPResso_on_HEK3	Deletions	0.0027104178080216835	0.003719615928029757	0.0034312736080274503	0.005420835616043367	0.006055188720048441	0.010870505464086964	0.007439231856059514	0.012917735936103342	0.008679103832069433	0.007150889536057207	0.007179723768057438	0.006574204896052593	0.005738012168045904	0.005276664456042213	0.004642311352037139	0.00426746633603414	0.0034312736080274503	0.003085262824024682	0.002652749344021222	0.0017300539200138403
_scratch_st-cdeboer-1_asfar_VLPs_results_crispresso_aggregated_spacer_AYBE_rep1_.staging_CRISPRessoPooled_on_AYBE_D4_rep1_CRISPResso_on_HEK3	Substitutions	0.0005766846400046135	0.002277904328018223	0.0006920215680055362	0.010726334304085811	0.018079063464144632	0.7838297626942706	0.000980363888007843	0.6074507655488596	0.0004901819440039215	0.00037484501600299874	0.001153369280009227	0.0018165566160145326	0.00025950808800207604	0.00020183962400161472	0.001239871976009919	0.0003460107840027681	0.0007496900320059975	0.0003171765520025374	0.00025950808800207604	0.0002306738560018454
_scratch_st-cdeboer-1_asfar_VLPs_results_crispresso_aggregated_spacer_AYBE_rep1_.staging_CRISPRessoPooled_on_AYBE_D4_rep1_CRISPResso_on_HEK3	All_modifications	0.0033736051440269887	0.006170525648049364	0.004209797872033678	0.016147169920129177	0.024134252184193072	0.7947867708543583	0.008506098440068048	0.6208010149649664	0.009601799256076814	0.013379083648107033	0.01418644214411349	0.008477264208067818	0.006084022952048672	0.0057091779360456734	0.006141691416049134	0.0046711455840373695	0.004440471728035524	0.003633113232029065	0.002912257432023298	0.002047230472016378
_scratch_st-cdeboer-1_asfar_VLPs_results_crispresso_aggregated_spacer_AYBE_rep1_.staging_CRISPRessoPooled_on_AYBE_D5_rep1_CRISPResso_on_HEK3	Insertions	0.0	0.0002161227577263886	0.0002161227577263886	0.0	0.0	5.403068943159715e-05	0.00013507672357899287	0.00037821482602118004	0.00048627620488437434	0.005376053598443916	0.005186946185433326	0.0	0.0	5.403068943159715e-05	0.00018910741301059002	0.0004052301707369786	0.00035119948130538146	8.104603414739572e-05	0.0	0.0
_scratch_st-cdeboer-1_asfar_VLPs_results_crispresso_aggregated_spacer_AYBE_rep1_.staging_CRISPRessoPooled_on_AYBE_D5_rep1_CRISPResso_on_HEK3	Insertions_Left	0.0	0.0002161227577263886	0.0	0.0	0.0	5.403068943159715e-05	8.104603414739572e-05	0.0002971687918737843	0.00018910741301059002	0.005186946185433326	0.0	0.0	0.0	5.403068943159715e-05	0.00013507672357899287	0.00027015344715798574	8.104603414739572e-05	0.0	0.0	0.0
_scratch_st-cdeboer-1_asfar_VLPs_results_crispresso_aggregated_spacer_AYBE_rep1_.staging_CRISPRessoPooled_on_AYBE_D5_rep1_CRISPResso_on_HEK3	Deletions	0.0019451048195374973	0.002998703263453642	0.0025394424032850658	0.0035390101577696133	0.004133347741517182	0.01175167495137238	0.005024854117138535	0.012994380808299113	0.007132051004970824	0.0066457748000864495	0.008050572725307976	0.007753403933434191	0.006861897557812838	0.005916360492759887	0.005538145666738707	0.0056191917008861034	0.0030797492976010372	0.0021342122325480875	0.0018640587853901015	0.0011886751674951373
_scratch_st-cdeboer-1_asfar_VLPs_results_crispresso_aggregated_spacer_AYBE_rep1_.staging_CRISPRessoPooled_on_AYBE_D5_rep1_CRISPResso_on_HEK3	Substitutions	0.0004322455154527772	0.003160795331748433	0.001647936027663713	0.010346877026150853	0.016884590447374108	0.8301004970823428	0.0010535984439161443	0.61857034795764	0.0005403068943159715	0.00048627620488437434	0.0019991355089690943	0.0012156905122109357	0.00024313810244218717	0.00037821482602118004	0.0013777825805057272	0.00027015344715798574	0.0007294143073265615	0.00037821482602118004	8.104603414739572e-05	0.00013507672357899287
_scratch_st-cdeboer-1_asfar_VLPs_results_crispresso_aggregated_spacer_AYBE_rep1_.staging_CRISPRessoPooled_on_AYBE_D5_rep1_CRISPResso_on_HEK3	All_modifications	0.0023773503349902745	0.006375621352928463	0.004403501188675167	0.013885887183920467	0.02101793818889129	0.8419062027231468	0.006213529284633672	0.6319429435919602	0.00815863410417117	0.012508104603414739	0.015236654419710395	0.008969094445645127	0.007105035660255025	0.006348606008212665	0.007105035660255025	0.006294575318781068	0.00416036308623298	0.002593473092716663	0.0019451048195374973	0.00132375189107413
