Folder	Modification	G	G	C	C	C	A	G	A	C	T	G	A	G	C	A	C	G	T	G	A
_scratch_st-cdeboer-1_asfar_VLPs_results_crispresso_aggregated_spacer_AYBE_rep3_.staging_CRISPRessoPooled_on_AYBE_D1_rep3_CRISPResso_on_HEK3	Insertions	0.0	0.0	0.0	0.0	0.0	0.0	1.8322736683951114e-05	1.8322736683951114e-05	0.0	0.000806200414093849	0.000806200414093849	0.0	0.0	0.0	0.0	0.0	0.0	0.0	0.0	0.0
_scratch_st-cdeboer-1_asfar_VLPs_results_crispresso_aggregated_spacer_AYBE_rep3_.staging_CRISPRessoPooled_on_AYBE_D1_rep3_CRISPResso_on_HEK3	Insertions_Left	0.0	0.0	0.0	0.0	0.0	0.0	1.8322736683951114e-05	0.0	0.0	0.000806200414093849	0.0	0.0	0.0	0.0	0.0	0.0	0.0	0.0	0.0	0.0
_scratch_st-cdeboer-1_asfar_VLPs_results_crispresso_aggregated_spacer_AYBE_rep3_.staging_CRISPRessoPooled_on_AYBE_D1_rep3_CRISPResso_on_HEK3	Deletions	0.00025651831357531563	0.00031148652362716895	0.00020155010352346226	0.0003481319969950712	0.0003664547336790223	0.000641295783938289	0.000476391153782729	0.0006962639939901424	0.0005496821005185334	0.00043974568041482676	0.0005130366271506313	0.0005130366271506313	0.0004580684170987779	0.00043974568041482676	0.0003847774703629734	0.0002748410502592667	0.00025651831357531563	0.00025651831357531563	0.0002748410502592667	0.00020155010352346226
_scratch_st-cdeboer-1_asfar_VLPs_results_crispresso_aggregated_spacer_AYBE_rep3_.staging_CRISPRessoPooled_on_AYBE_D1_rep3_CRISPResso_on_HEK3	Substitutions	9.161368341975558e-05	0.0002931637869432178	0.00012825915678765781	0.0009161368341975558	0.001136009674404969	0.0714769958040933	0.00018322736683951116	0.04536709602946296	7.329094673580446e-05	3.664547336790223e-05	0.00021987284020741338	0.00012825915678765781	0.00018322736683951116	0.0001465818934716089	0.0001465818934716089	0.00010993642010370669	0.00025651831357531563	9.161368341975558e-05	0.00021987284020741338	0.00016490463015556004
_scratch_st-cdeboer-1_asfar_VLPs_results_crispresso_aggregated_spacer_AYBE_rep3_.staging_CRISPRessoPooled_on_AYBE_D1_rep3_CRISPResso_on_HEK3	All_modifications	0.0003481319969950712	0.0006046503105703868	0.00032980926031112007	0.001264268831192627	0.0015024644080839915	0.07211829158803158	0.0006779412573061913	0.046081682760137056	0.0006229730472543379	0.001282591567876578	0.0015391098814518936	0.000641295783938289	0.000641295783938289	0.0005863275738864356	0.0005313593638345824	0.0003847774703629734	0.0005130366271506313	0.0003481319969950712	0.0004947138904666801	0.0003664547336790223
_scratch_st-cdeboer-1_asfar_VLPs_results_crispresso_aggregated_spacer_AYBE_rep3_.staging_CRISPRessoPooled_on_AYBE_D2_rep3_CRISPResso_on_HEK3	Insertions	8.014747134727899e-05	0.0	0.0	0.0	0.0	0.0	0.0	0.0	0.00020036867836819747	0.0009617696561673479	0.0007614009777991504	0.0	0.0	0.0	4.0073735673639494e-05	4.0073735673639494e-05	0.0	0.0	0.0	0.0
_scratch_st-cdeboer-1_asfar_VLPs_results_crispresso_aggregated_spacer_AYBE_rep3_.staging_CRISPRessoPooled_on_AYBE_D2_rep3_CRISPResso_on_HEK3	Insertions_Left	0.0	0.0	0.0	0.0	0.0	0.0	0.0	0.0	0.00020036867836819747	0.0007614009777991504	0.0	0.0	0.0	0.0	4.0073735673639494e-05	0.0	0.0	0.0	0.0	0.0
_scratch_st-cdeboer-1_asfar_VLPs_results_crispresso_aggregated_spacer_AYBE_rep3_.staging_CRISPRessoPooled_on_AYBE_D2_rep3_CRISPResso_on_HEK3	Deletions	0.00048088482808367395	0.0008014747134727899	0.0005209585637573135	0.000881622184820069	0.0009617696561673479	0.0018433918409874169	0.0013224332772301035	0.0019636130480083355	0.0017231706339664984	0.0012823595415564638	0.0012823595415564638	0.0011621383345355454	0.0008415484491464295	0.00040073735673639495	0.00040073735673639495	0.0003606636210627555	0.0003606636210627555	0.00032058988538911595	0.0003606636210627555	0.00032058988538911595
_scratch_st-cdeboer-1_asfar_VLPs_results_crispresso_aggregated_spacer_AYBE_rep3_.staging_CRISPRessoPooled_on_AYBE_D2_rep3_CRISPResso_on_HEK3	Substitutions	0.00020036867836819747	0.00024044241404183698	0.00016029494269455797	0.0012422858058828243	0.0024044241404183697	0.13929630520157088	0.0002805161497154765	0.09321150917688546	8.014747134727899e-05	8.014747134727899e-05	0.00016029494269455797	0.0002805161497154765	0.00020036867836819747	0.00012022120702091849	0.00016029494269455797	0.00016029494269455797	0.00040073735673639495	0.00024044241404183698	0.00020036867836819747	0.0003606636210627555
_scratch_st-cdeboer-1_asfar_VLPs_results_crispresso_aggregated_spacer_AYBE_rep3_.staging_CRISPRessoPooled_on_AYBE_D2_rep3_CRISPResso_on_HEK3	All_modifications	0.0007614009777991504	0.001041917127514627	0.0006812535064518715	0.0021239079907028934	0.003366193796585718	0.1411396970425583	0.0016029494269455798	0.0951751222248938	0.002003686783681975	0.0023242766690710908	0.0022040554620501723	0.001442654484251022	0.001041917127514627	0.0005209585637573135	0.0006011060351045924	0.000561032299430953	0.0007614009777991504	0.000561032299430953	0.000561032299430953	0.0006812535064518715
_scratch_st-cdeboer-1_asfar_VLPs_results_crispresso_aggregated_spacer_AYBE_rep3_.staging_CRISPRessoPooled_on_AYBE_D3_rep3_CRISPResso_on_HEK3	Insertions	0.0	3.0721966205837174e-05	3.0721966205837174e-05	0.0	3.0721966205837174e-05	3.0721966205837174e-05	0.0	0.0001228878648233487	0.0003686635944700461	0.003164362519201229	0.0029185867895545315	0.0	0.0	3.0721966205837174e-05	9.216589861751152e-05	6.144393241167435e-05	9.216589861751152e-05	9.216589861751152e-05	0.0	0.0
_scratch_st-cdeboer-1_asfar_VLPs_results_crispresso_aggregated_spacer_AYBE_rep3_.staging_CRISPRessoPooled_on_AYBE_D3_rep3_CRISPResso_on_HEK3	Insertions_Left	0.0	3.0721966205837174e-05	0.0	0.0	3.0721966205837174e-05	0.0	0.0	0.0001228878648233487	0.0002457757296466974	0.0029185867895545315	0.0	0.0	0.0	3.0721966205837174e-05	6.144393241167435e-05	0.0	9.216589861751152e-05	0.0	0.0	0.0
_scratch_st-cdeboer-1_asfar_VLPs_results_crispresso_aggregated_spacer_AYBE_rep3_.staging_CRISPRessoPooled_on_AYBE_D3_rep3_CRISPResso_on_HEK3	Deletions	0.0012903225806451613	0.0018433179723502304	0.0014746543778801843	0.0018740399385560676	0.0019969278033794163	0.004792626728110599	0.0025192012288786482	0.00423963133640553	0.0032872503840245776	0.002857142857142857	0.0028878648233486943	0.0024270353302611367	0.0020583717357910906	0.001597542242703533	0.00141321044546851	0.00141321044546851	0.0011059907834101382	0.0009831029185867896	0.0007680491551459293	0.00039938556067588326
_scratch_st-cdeboer-1_asfar_VLPs_results_crispresso_aggregated_spacer_AYBE_rep3_.staging_CRISPRessoPooled_on_AYBE_D3_rep3_CRISPResso_on_HEK3	Substitutions	0.00015360983102918587	0.0010138248847926267	0.0005837173579109063	0.0037788018433179723	0.0068202764976958525	0.3251305683563748	0.0003686635944700461	0.22786482334869432	0.00018433179723502304	0.00018433179723502304	0.00021505376344086021	0.000522273425499232	0.0001228878648233487	0.0003686635944700461	0.00043010752688172043	0.00018433179723502304	0.0003686635944700461	0.0003379416282642089	0.00018433179723502304	0.0003379416282642089
_scratch_st-cdeboer-1_asfar_VLPs_results_crispresso_aggregated_spacer_AYBE_rep3_.staging_CRISPRessoPooled_on_AYBE_D3_rep3_CRISPResso_on_HEK3	All_modifications	0.0014439324116743472	0.0028878648233486943	0.002089093701996928	0.00565284178187404	0.008847926267281106	0.32995391705069127	0.0028878648233486943	0.2322273425499232	0.0038402457757296467	0.006205837173579109	0.006021505376344086	0.0029493087557603687	0.0021812596006144393	0.0019969278033794163	0.001935483870967742	0.0016589861751152074	0.0015668202764976959	0.00141321044546851	0.0009523809523809524	0.0007373271889400922
_scratch_st-cdeboer-1_asfar_VLPs_results_crispresso_aggregated_spacer_AYBE_rep3_.staging_CRISPRessoPooled_on_AYBE_D4_rep3_CRISPResso_on_HEK3	Insertions	0.00014613473622680112	9.13342101417507e-05	9.13342101417507e-05	1.826684202835014e-05	0.0	0.00012786789419845098	0.0003288031565103025	0.0004749378927371036	0.00045667105070875346	0.005680987870816893	0.005498319450533392	1.826684202835014e-05	1.826684202835014e-05	0.0	7.306736811340056e-05	7.306736811340056e-05	0.00020093526231185153	0.00020093526231185153	0.0	0.0
_scratch_st-cdeboer-1_asfar_VLPs_results_crispresso_aggregated_spacer_AYBE_rep3_.staging_CRISPRessoPooled_on_AYBE_D4_rep3_CRISPResso_on_HEK3	Insertions_Left	1.826684202835014e-05	7.306736811340056e-05	1.826684202835014e-05	0.0	0.0	0.00012786789419845098	0.00020093526231185153	0.00027400263042525206	0.0001826684202835014	0.005498319450533392	0.0	1.826684202835014e-05	0.0	0.0	7.306736811340056e-05	0.0	0.00020093526231185153	0.0	0.0	0.0
_scratch_st-cdeboer-1_asfar_VLPs_results_crispresso_aggregated_spacer_AYBE_rep3_.staging_CRISPRessoPooled_on_AYBE_D4_rep3_CRISPResso_on_HEK3	Deletions	0.0026852257781674704	0.0033793657752447756	0.0029409615665643724	0.004402308928832383	0.004877246821569487	0.01055823469238638	0.006776998392517901	0.013206926786497151	0.008128744702615811	0.007197135759169955	0.007781674704077159	0.007763407862048809	0.0068135320765746014	0.006192459447610697	0.005041648399824638	0.004731112085342686	0.0034158994593014758	0.0026852257781674704	0.002338155779628818	0.0019362852550051147
_scratch_st-cdeboer-1_asfar_VLPs_results_crispresso_aggregated_spacer_AYBE_rep3_.staging_CRISPRessoPooled_on_AYBE_D4_rep3_CRISPResso_on_HEK3	Substitutions	0.0001826684202835014	0.0035985678795849773	0.0009133421014175069	0.012019582054654391	0.017444834137074382	0.8116323250036533	0.0006941399970773052	0.6344074236446003	0.0007306736811340056	0.00025573578839690195	0.001059476837644308	0.001169077889814409	0.00029226947245360223	0.00029226947245360223	0.0008037410492474061	0.0004749378927371036	0.0007672073651907058	0.0003653368405670028	0.0002374689463685518	0.00031053631448195234
_scratch_st-cdeboer-1_asfar_VLPs_results_crispresso_aggregated_spacer_AYBE_rep3_.staging_CRISPRessoPooled_on_AYBE_D4_rep3_CRISPResso_on_HEK3	All_modifications	0.003014028934677773	0.007069267864971504	0.00394563787812363	0.016440157825515125	0.02232208095864387	0.8223184275902382	0.007799941546105509	0.6480892883238346	0.009316089434458571	0.013133859418383749	0.014339470992254858	0.008950752593891567	0.007124068391056554	0.006484728920064299	0.005918456817185445	0.00527911734619319	0.004384042086804033	0.0032514978810463248	0.0025756247259973697	0.0022468215694870673
_scratch_st-cdeboer-1_asfar_VLPs_results_crispresso_aggregated_spacer_AYBE_rep3_.staging_CRISPRessoPooled_on_AYBE_D5_rep3_CRISPResso_on_HEK3	Insertions	0.0	2.4786833234186e-05	7.4360499702558e-05	4.9573666468372e-05	2.4786833234186e-05	0.000148720999405116	0.000272655165576046	0.000892325996430696	0.00086753916319651	0.005279595478881618	0.005155661312710688	0.0	0.0	2.4786833234186e-05	9.9147332936744e-05	7.4360499702558e-05	0.000347015665278604	0.00042137616498116203	7.4360499702558e-05	0.0
_scratch_st-cdeboer-1_asfar_VLPs_results_crispresso_aggregated_spacer_AYBE_rep3_.staging_CRISPRessoPooled_on_AYBE_D5_rep3_CRISPResso_on_HEK3	Insertions_Left	0.0	2.4786833234186e-05	4.9573666468372e-05	0.0	2.4786833234186e-05	0.00012393416617093	0.000148720999405116	0.00074360499702558	0.00012393416617093	0.005155661312710688	0.0	0.0	0.0	2.4786833234186e-05	7.4360499702558e-05	0.0	0.000347015665278604	7.4360499702558e-05	0.0	0.0
_scratch_st-cdeboer-1_asfar_VLPs_results_crispresso_aggregated_spacer_AYBE_rep3_.staging_CRISPRessoPooled_on_AYBE_D5_rep3_CRISPResso_on_HEK3	Deletions	0.002800912155463018	0.003668451318659528	0.00322228832044418	0.0045112036486218525	0.005502676977989292	0.012170335117985326	0.007832639302002776	0.014772952607574856	0.009022407297243705	0.0069155264723378945	0.007262542137616498	0.00706424747174301	0.005800118976799524	0.005254808645647432	0.0051308744794765025	0.00470949831449534	0.003023993654570692	0.002900059488399762	0.002528256989886972	0.001561570493753718
_scratch_st-cdeboer-1_asfar_VLPs_results_crispresso_aggregated_spacer_AYBE_rep3_.staging_CRISPRessoPooled_on_AYBE_D5_rep3_CRISPResso_on_HEK3	Substitutions	0.000272655165576046	0.002751338488994646	0.0012393416617093001	0.009766012294269284	0.01789609359508229	0.8327880230021812	0.00037180249851279	0.6304035296450525	0.000793178663493952	0.000470949831449534	0.00099147332936744	0.001288915328177672	0.000223081499107674	0.00037180249851279	0.000892325996430696	0.00042137616498116203	0.000545310331152092	0.000148720999405116	2.4786833234186e-05	0.000148720999405116
_scratch_st-cdeboer-1_asfar_VLPs_results_crispresso_aggregated_spacer_AYBE_rep3_.staging_CRISPRessoPooled_on_AYBE_D5_rep3_CRISPResso_on_HEK3	All_modifications	0.003073567321039064	0.00644457664088836	0.004535990481856038	0.014326789609359509	0.02342355740630577	0.8451070791195717	0.008477096966091613	0.6460688082490581	0.010683125123934167	0.012666071782669047	0.013409676779694625	0.008353162799920683	0.0060232004759071985	0.005651397977394408	0.006122347808843942	0.00520523497917906	0.003916319651001388	0.00347015665278604	0.002627404322823716	0.001710291493158834
