Folder	Modification	C	A	C	C	T	A	C	C	T	A	A	G	A	A	C	C	A	T	C	C
_scratch_st-cdeboer-1_asfar_VLPs_results_crispresso_aggregated_spacer_AYBE_rep3_.staging_CRISPRessoPooled_on_AYBE_D1_rep3_CRISPResso_on_PDCD1	Insertions	0.0002959406803347418	0.0002959406803347418	0.0	0.0	0.0	0.0	0.0	0.0	0.0	0.0	0.0	0.0	0.0	0.0	0.0	0.0	0.0	0.0	0.0	0.0
_scratch_st-cdeboer-1_asfar_VLPs_results_crispresso_aggregated_spacer_AYBE_rep3_.staging_CRISPRessoPooled_on_AYBE_D1_rep3_CRISPResso_on_PDCD1	Insertions_Left	0.0002959406803347418	0.0	0.0	0.0	0.0	0.0	0.0	0.0	0.0	0.0	0.0	0.0	0.0	0.0	0.0	0.0	0.0	0.0	0.0	0.0
_scratch_st-cdeboer-1_asfar_VLPs_results_crispresso_aggregated_spacer_AYBE_rep3_.staging_CRISPRessoPooled_on_AYBE_D1_rep3_CRISPResso_on_PDCD1	Deletions	4.932344672245697e-05	1.6441148907485654e-05	1.6441148907485654e-05	1.6441148907485654e-05	1.6441148907485654e-05	1.6441148907485654e-05	1.6441148907485654e-05	1.6441148907485654e-05	1.6441148907485654e-05	1.6441148907485654e-05	6.576459562994261e-05	1.6441148907485654e-05	1.6441148907485654e-05	1.6441148907485654e-05	1.6441148907485654e-05	1.6441148907485654e-05	1.6441148907485654e-05	1.6441148907485654e-05	1.6441148907485654e-05	1.6441148907485654e-05
_scratch_st-cdeboer-1_asfar_VLPs_results_crispresso_aggregated_spacer_AYBE_rep3_.staging_CRISPRessoPooled_on_AYBE_D1_rep3_CRISPResso_on_PDCD1	Substitutions	0.00013152919125988523	0.00027949953142725615	8.220574453742828e-05	6.576459562994261e-05	0.0001808526379823422	0.001759202933100965	8.220574453742828e-05	8.220574453742828e-05	0.0002959406803347418	0.000953586636634168	0.0002466172336122848	9.864689344491394e-05	0.00027949953142725615	0.0002137349357973135	9.864689344491394e-05	6.576459562994261e-05	6.576459562994261e-05	0.0002959406803347418	0.00013152919125988523	9.864689344491394e-05
_scratch_st-cdeboer-1_asfar_VLPs_results_crispresso_aggregated_spacer_AYBE_rep3_.staging_CRISPRessoPooled_on_AYBE_D1_rep3_CRISPResso_on_PDCD1	All_modifications	0.000476793318317084	0.0005918813606694836	9.864689344491394e-05	8.220574453742828e-05	0.00019729378688982787	0.0017756440820084506	9.864689344491394e-05	9.864689344491394e-05	0.00031238182924222743	0.0009700277855416537	0.00031238182924222743	0.00011508804235239959	0.0002959406803347418	0.00023017608470479918	0.00011508804235239959	8.220574453742828e-05	8.220574453742828e-05	0.00031238182924222743	0.0001479703401673709	0.00011508804235239959
_scratch_st-cdeboer-1_asfar_VLPs_results_crispresso_aggregated_spacer_AYBE_rep3_.staging_CRISPRessoPooled_on_AYBE_D2_rep3_CRISPResso_on_PDCD1	Insertions	8.604000860400085e-06	8.604000860400085e-06	0.0	0.0	0.0	0.0	0.0	8.604000860400085e-06	8.604000860400085e-06	8.604000860400086e-05	8.604000860400086e-05	0.0	0.0	0.0	0.0	0.0	0.0	0.0	0.0	0.0
_scratch_st-cdeboer-1_asfar_VLPs_results_crispresso_aggregated_spacer_AYBE_rep3_.staging_CRISPRessoPooled_on_AYBE_D2_rep3_CRISPResso_on_PDCD1	Insertions_Left	8.604000860400085e-06	0.0	0.0	0.0	0.0	0.0	0.0	8.604000860400085e-06	0.0	8.604000860400086e-05	0.0	0.0	0.0	0.0	0.0	0.0	0.0	0.0	0.0	0.0
_scratch_st-cdeboer-1_asfar_VLPs_results_crispresso_aggregated_spacer_AYBE_rep3_.staging_CRISPRessoPooled_on_AYBE_D2_rep3_CRISPResso_on_PDCD1	Deletions	1.720800172080017e-05	0.0	0.0	0.0	8.604000860400085e-06	8.604000860400085e-06	2.5812002581200258e-05	2.5812002581200258e-05	4.302000430200043e-05	3.441600344160034e-05	3.441600344160034e-05	1.720800172080017e-05	1.720800172080017e-05	2.5812002581200258e-05	3.441600344160034e-05	4.302000430200043e-05	1.720800172080017e-05	1.720800172080017e-05	1.720800172080017e-05	1.720800172080017e-05
_scratch_st-cdeboer-1_asfar_VLPs_results_crispresso_aggregated_spacer_AYBE_rep3_.staging_CRISPRessoPooled_on_AYBE_D2_rep3_CRISPResso_on_PDCD1	Substitutions	9.464400946440094e-05	0.0015831361583136159	0.00013766401376640136	0.00011185201118520112	0.00018928801892880188	0.014179393417939341	9.464400946440094e-05	0.00016347601634760162	0.00012045601204560121	0.005257044525704453	0.0004732200473220047	7.743600774360077e-05	0.0003613680361368036	0.0001806840180684018	6.883200688320068e-05	7.743600774360077e-05	0.00013766401376640136	0.00026672402667240265	7.743600774360077e-05	9.464400946440094e-05
_scratch_st-cdeboer-1_asfar_VLPs_results_crispresso_aggregated_spacer_AYBE_rep3_.staging_CRISPRessoPooled_on_AYBE_D2_rep3_CRISPResso_on_PDCD1	All_modifications	0.00012045601204560121	0.0015917401591740159	0.00013766401376640136	0.00011185201118520112	0.00019789201978920198	0.014187997418799742	0.00012045601204560121	0.00019789201978920198	0.00017208001720800173	0.005377500537750054	0.0005936760593676059	9.464400946440094e-05	0.00037857603785760376	0.00020649602064960206	0.00010324801032480103	0.00012045601204560121	0.00015487201548720155	0.00028393202839320286	9.464400946440094e-05	0.00011185201118520112
_scratch_st-cdeboer-1_asfar_VLPs_results_crispresso_aggregated_spacer_AYBE_rep3_.staging_CRISPRessoPooled_on_AYBE_D3_rep3_CRISPResso_on_PDCD1	Insertions	0.0	0.0	0.0	0.0	0.0	0.0	0.0	0.0	1.0349288486416559e-05	1.0349288486416559e-05	0.0	0.0	0.0	0.0	0.0	0.0	0.0	0.0	0.0	0.0
_scratch_st-cdeboer-1_asfar_VLPs_results_crispresso_aggregated_spacer_AYBE_rep3_.staging_CRISPRessoPooled_on_AYBE_D3_rep3_CRISPResso_on_PDCD1	Insertions_Left	0.0	0.0	0.0	0.0	0.0	0.0	0.0	0.0	1.0349288486416559e-05	0.0	0.0	0.0	0.0	0.0	0.0	0.0	0.0	0.0	0.0	0.0
_scratch_st-cdeboer-1_asfar_VLPs_results_crispresso_aggregated_spacer_AYBE_rep3_.staging_CRISPRessoPooled_on_AYBE_D3_rep3_CRISPResso_on_PDCD1	Deletions	6.209573091849936e-05	1.0349288486416559e-05	1.0349288486416559e-05	1.0349288486416559e-05	1.0349288486416559e-05	3.104786545924968e-05	3.104786545924968e-05	3.104786545924968e-05	1.0349288486416559e-05	1.0349288486416559e-05	5.1746442432082794e-05	0.0	0.0	0.0	0.0	0.0	0.0	0.0	0.0	1.0349288486416559e-05
_scratch_st-cdeboer-1_asfar_VLPs_results_crispresso_aggregated_spacer_AYBE_rep3_.staging_CRISPRessoPooled_on_AYBE_D3_rep3_CRISPResso_on_PDCD1	Substitutions	7.244501940491591e-05	0.003446313065976714	9.314359637774902e-05	0.00018628719275549805	0.00016558861578266494	0.02409314359637775	0.00034152652005174644	0.0001759379042690815	0.00028978007761966363	0.009169469598965072	0.0005278137128072445	0.00012419146183699872	0.0002794307891332471	0.00018628719275549805	8.279430789133247e-05	0.0001552393272962484	0.00011384217335058215	0.00026908150064683053	4.1397153945666236e-05	0.00012419146183699872
_scratch_st-cdeboer-1_asfar_VLPs_results_crispresso_aggregated_spacer_AYBE_rep3_.staging_CRISPRessoPooled_on_AYBE_D3_rep3_CRISPResso_on_PDCD1	All_modifications	0.00013454075032341527	0.003456662354463131	0.00010349288486416559	0.00019663648124191462	0.0001759379042690815	0.024124191461837	0.0003725743855109961	0.00020698576972833117	0.0003104786545924968	0.009190168175937903	0.0005795601552393273	0.00012419146183699872	0.0002794307891332471	0.00018628719275549805	8.279430789133247e-05	0.0001552393272962484	0.00011384217335058215	0.00026908150064683053	4.1397153945666236e-05	0.00013454075032341527
_scratch_st-cdeboer-1_asfar_VLPs_results_crispresso_aggregated_spacer_AYBE_rep3_.staging_CRISPRessoPooled_on_AYBE_D4_rep3_CRISPResso_on_PDCD1	Insertions	2.32460830350086e-05	2.32460830350086e-05	0.0	2.32460830350086e-05	2.32460830350086e-05	0.0	4.64921660700172e-05	4.64921660700172e-05	0.0	0.0006043981589102237	0.0006043981589102237	0.0	0.0	0.0	0.0	0.0	4.64921660700172e-05	4.64921660700172e-05	0.0	0.0
_scratch_st-cdeboer-1_asfar_VLPs_results_crispresso_aggregated_spacer_AYBE_rep3_.staging_CRISPRessoPooled_on_AYBE_D4_rep3_CRISPResso_on_PDCD1	Insertions_Left	2.32460830350086e-05	0.0	0.0	2.32460830350086e-05	0.0	0.0	4.64921660700172e-05	0.0	0.0	0.0006043981589102237	0.0	0.0	0.0	0.0	0.0	0.0	4.64921660700172e-05	0.0	0.0	0.0
_scratch_st-cdeboer-1_asfar_VLPs_results_crispresso_aggregated_spacer_AYBE_rep3_.staging_CRISPRessoPooled_on_AYBE_D4_rep3_CRISPResso_on_PDCD1	Deletions	0.000116230415175043	0.00013947649821005161	6.973824910502581e-05	9.29843321400344e-05	0.0002092147473150774	0.00027895299642010323	0.00027895299642010323	0.00027895299642010323	0.0003254451624901204	0.0003254451624901204	0.000464921660700172	0.000232460830350086	0.000232460830350086	0.0002092147473150774	0.0002092147473150774	0.000232460830350086	9.29843321400344e-05	6.973824910502581e-05	6.973824910502581e-05	9.29843321400344e-05
_scratch_st-cdeboer-1_asfar_VLPs_results_crispresso_aggregated_spacer_AYBE_rep3_.staging_CRISPRessoPooled_on_AYBE_D4_rep3_CRISPResso_on_PDCD1	Substitutions	0.000232460830350086	0.024687340183179134	6.973824910502581e-05	0.0007903668231902924	0.0002092147473150774	0.1832721186480078	0.0007438746571202752	0.0007438746571202752	0.00025570691338509463	0.07522432470128783	0.0051373843507369005	0.0003021990794551118	0.0004416755776651634	0.0003254451624901204	4.64921660700172e-05	4.64921660700172e-05	0.0002092147473150774	0.0003719373285601376	4.64921660700172e-05	6.973824910502581e-05
_scratch_st-cdeboer-1_asfar_VLPs_results_crispresso_aggregated_spacer_AYBE_rep3_.staging_CRISPRessoPooled_on_AYBE_D4_rep3_CRISPResso_on_PDCD1	All_modifications	0.0003719373285601376	0.024850062764424193	0.00013947649821005161	0.0009065972383653355	0.0004416755776651634	0.1835510716444279	0.0010693198196103956	0.0010693198196103956	0.000581152075875215	0.07615416802268818	0.0062067041703472966	0.0005346599098051978	0.0006741364080152494	0.0005346599098051978	0.00025570691338509463	0.00027895299642010323	0.000348691245525129	0.0004881677437351806	0.000116230415175043	0.0001627225812450602
_scratch_st-cdeboer-1_asfar_VLPs_results_crispresso_aggregated_spacer_AYBE_rep3_.staging_CRISPRessoPooled_on_AYBE_D5_rep3_CRISPResso_on_PDCD1	Insertions	0.0	0.0	0.0	0.0	0.0	0.0	0.0	0.0	0.0	0.0001352219329975322	0.0001352219329975322	0.0	0.0	0.0	0.0	0.0	0.0	0.0	0.0	0.0
_scratch_st-cdeboer-1_asfar_VLPs_results_crispresso_aggregated_spacer_AYBE_rep3_.staging_CRISPRessoPooled_on_AYBE_D5_rep3_CRISPResso_on_PDCD1	Insertions_Left	0.0	0.0	0.0	0.0	0.0	0.0	0.0	0.0	0.0	0.0001352219329975322	0.0	0.0	0.0	0.0	0.0	0.0	0.0	0.0	0.0	0.0
_scratch_st-cdeboer-1_asfar_VLPs_results_crispresso_aggregated_spacer_AYBE_rep3_.staging_CRISPRessoPooled_on_AYBE_D5_rep3_CRISPResso_on_PDCD1	Deletions	0.00010141644974814916	0.00010141644974814916	0.00010141644974814916	0.00010141644974814916	0.00010141644974814916	0.00010141644974814916	0.00011831919137284067	0.0001352219329975322	0.00015212467462222373	0.00015212467462222373	0.00018593015787160677	0.0001352219329975322	0.00011831919137284067	0.00011831919137284067	0.00011831919137284067	0.0001352219329975322	0.00011831919137284067	0.00011831919137284067	0.00011831919137284067	0.00011831919137284067
_scratch_st-cdeboer-1_asfar_VLPs_results_crispresso_aggregated_spacer_AYBE_rep3_.staging_CRISPRessoPooled_on_AYBE_D5_rep3_CRISPResso_on_PDCD1	Substitutions	0.00021973564112098983	0.01031067239106183	0.00011831919137284067	0.0002704438659950644	0.0002028328994962983	0.0667996349007809	0.00021973564112098983	0.0002704438659950644	0.00015212467462222373	0.02548933437003482	0.0018254960954666847	0.00023663838274568135	0.00030424934924444747	0.00015212467462222373	0.00010141644974814916	6.76109664987661e-05	0.00021973564112098983	0.00021973564112098983	8.451370812345763e-05	0.00015212467462222373
_scratch_st-cdeboer-1_asfar_VLPs_results_crispresso_aggregated_spacer_AYBE_rep3_.staging_CRISPRessoPooled_on_AYBE_D5_rep3_CRISPResso_on_PDCD1	All_modifications	0.000321152090869139	0.010412088840809979	0.00021973564112098983	0.00037186031574321354	0.00030424934924444747	0.06690105135052905	0.0003380548324938305	0.0004056657989925966	0.00030424934924444747	0.025776680977654575	0.0021466481863358236	0.00037186031574321354	0.00042256854061728814	0.0002704438659950644	0.00021973564112098983	0.0002028328994962983	0.0003380548324938305	0.0003380548324938305	0.0002028328994962983	0.0002704438659950644
