Folder	Modification	G	G	A	G	G	C	T	A	T	C	C	A	G	C	G	T	G	A	G	T
_scratch_st-cdeboer-1_asfar_VLPs_results_crispresso_aggregated_spacer_AYBE_rep2_.staging_CRISPRessoPooled_on_AYBE_D1_rep2_CRISPResso_on_B2M	Insertions	0.0	0.0	0.0	0.0	0.0	0.0	0.0	0.0	0.0	0.0	0.0	0.0	0.0	0.0	0.0	0.0	0.0	0.0	0.0	0.0
_scratch_st-cdeboer-1_asfar_VLPs_results_crispresso_aggregated_spacer_AYBE_rep2_.staging_CRISPRessoPooled_on_AYBE_D1_rep2_CRISPResso_on_B2M	Insertions_Left	0.0	0.0	0.0	0.0	0.0	0.0	0.0	0.0	0.0	0.0	0.0	0.0	0.0	0.0	0.0	0.0	0.0	0.0	0.0	0.0
_scratch_st-cdeboer-1_asfar_VLPs_results_crispresso_aggregated_spacer_AYBE_rep2_.staging_CRISPRessoPooled_on_AYBE_D1_rep2_CRISPResso_on_B2M	Deletions	0.0	3.625257166680261e-05	0.0	0.0	0.0	0.0	0.0	0.0	0.0	0.0	2.718942875010196e-05	0.0	0.0	0.0	0.0	0.0	0.0	0.0	0.0	0.0
_scratch_st-cdeboer-1_asfar_VLPs_results_crispresso_aggregated_spacer_AYBE_rep2_.staging_CRISPRessoPooled_on_AYBE_D1_rep2_CRISPResso_on_B2M	Substitutions	0.00036252571666802613	0.0005256622891686379	0.00043503086000163136	0.0003353362879179242	0.000235641715834217	0.0001540734295839111	0.0002900205733344209	0.0001721997154173124	0.0003353362879179242	9.969457208370719e-05	0.00012688400083380914	0.0003172100020845229	0.00010875771500040784	0.00022657857291751634	9.969457208370719e-05	0.0015497974387558117	0.00024470485875091765	0.00036252571666802613	0.00024470485875091765	0.000471283431668434
_scratch_st-cdeboer-1_asfar_VLPs_results_crispresso_aggregated_spacer_AYBE_rep2_.staging_CRISPRessoPooled_on_AYBE_D1_rep2_CRISPResso_on_B2M	All_modifications	0.00036252571666802613	0.0005619148608354405	0.00043503086000163136	0.0003353362879179242	0.000235641715834217	0.0001540734295839111	0.0002900205733344209	0.0001721997154173124	0.0003353362879179242	9.969457208370719e-05	0.0001540734295839111	0.0003172100020845229	0.00010875771500040784	0.00022657857291751634	9.969457208370719e-05	0.0015497974387558117	0.00024470485875091765	0.00036252571666802613	0.00024470485875091765	0.000471283431668434
_scratch_st-cdeboer-1_asfar_VLPs_results_crispresso_aggregated_spacer_AYBE_rep2_.staging_CRISPRessoPooled_on_AYBE_D2_rep2_CRISPResso_on_B2M	Insertions	0.0	0.0	0.0	0.0	0.0	0.0	0.0	0.0	0.0	0.000831956503907852	0.000831956503907852	0.0	0.0	0.0	8.202388066697132e-05	9.374157790511009e-05	1.1717697238138761e-05	0.0	0.0	0.0
_scratch_st-cdeboer-1_asfar_VLPs_results_crispresso_aggregated_spacer_AYBE_rep2_.staging_CRISPRessoPooled_on_AYBE_D2_rep2_CRISPResso_on_B2M	Insertions_Left	0.0	0.0	0.0	0.0	0.0	0.0	0.0	0.0	0.0	0.000831956503907852	0.0	0.0	0.0	0.0	8.202388066697132e-05	1.1717697238138761e-05	0.0	0.0	0.0	0.0
_scratch_st-cdeboer-1_asfar_VLPs_results_crispresso_aggregated_spacer_AYBE_rep2_.staging_CRISPRessoPooled_on_AYBE_D2_rep2_CRISPResso_on_B2M	Deletions	3.515309171441628e-05	9.374157790511009e-05	4.6870788952555044e-05	3.515309171441628e-05	3.515309171441628e-05	3.515309171441628e-05	3.515309171441628e-05	3.515309171441628e-05	0.00028122473371533025	0.00016404776133394265	0.00018748315581022017	0.00011717697238138761	0.00011717697238138761	0.00011717697238138761	0.00011717697238138761	0.00012889466961952636	4.6870788952555044e-05	2.3435394476277522e-05	2.3435394476277522e-05	2.3435394476277522e-05
_scratch_st-cdeboer-1_asfar_VLPs_results_crispresso_aggregated_spacer_AYBE_rep2_.staging_CRISPRessoPooled_on_AYBE_D2_rep2_CRISPResso_on_B2M	Substitutions	0.0003632486143823016	0.000585884861906938	0.0003046601281916078	0.0004452724950492729	0.0001523300640958039	2.3435394476277522e-05	0.002238080172484503	0.00014061236685766512	0.006186944141737266	0.0002577893392390527	0.0008085211094315745	0.00037496631162044035	0.00012889466961952636	0.00019920085304835894	0.0003046601281916078	0.2855368462989653	0.0006444733480976319	0.0002577893392390527	0.0002577893392390527	0.0020388793194361446
_scratch_st-cdeboer-1_asfar_VLPs_results_crispresso_aggregated_spacer_AYBE_rep2_.staging_CRISPRessoPooled_on_AYBE_D2_rep2_CRISPResso_on_B2M	All_modifications	0.0003984017060967179	0.0006796264398120481	0.0003515309171441628	0.0004804255867636892	0.00018748315581022017	5.8588486190693806e-05	0.0022732332641989196	0.0001757654585720814	0.006468168875452596	0.0012537936044808473	0.0018279607691496468	0.0004921432840018279	0.00024607164200091396	0.00031637782542974654	0.0005038609812399667	0.28575948254649	0.0007030618342883256	0.00028122473371533025	0.00028122473371533025	0.002062314713912422
_scratch_st-cdeboer-1_asfar_VLPs_results_crispresso_aggregated_spacer_AYBE_rep2_.staging_CRISPRessoPooled_on_AYBE_D3_rep2_CRISPResso_on_B2M	Insertions	0.0	0.0	0.0	0.0	5.848637267516669e-05	5.848637267516669e-05	0.0	0.00013646820290872226	0.00013646820290872226	0.001286700198853667	0.001286700198853667	0.0	0.0	0.0	0.0006823410145436114	0.0007018364721020002	1.9495457558388895e-05	0.0	0.0	0.00011697274535033338
_scratch_st-cdeboer-1_asfar_VLPs_results_crispresso_aggregated_spacer_AYBE_rep2_.staging_CRISPRessoPooled_on_AYBE_D3_rep2_CRISPResso_on_B2M	Insertions_Left	0.0	0.0	0.0	0.0	5.848637267516669e-05	0.0	0.0	0.00013646820290872226	0.0	0.001286700198853667	0.0	0.0	0.0	0.0	0.0006823410145436114	1.9495457558388895e-05	0.0	0.0	0.0	0.00011697274535033338
_scratch_st-cdeboer-1_asfar_VLPs_results_crispresso_aggregated_spacer_AYBE_rep2_.staging_CRISPRessoPooled_on_AYBE_D3_rep2_CRISPResso_on_B2M	Deletions	9.747728779194448e-05	0.00013646820290872226	9.747728779194448e-05	0.00011697274535033338	0.00013646820290872226	0.00013646820290872226	0.00029243186337583345	0.00025344094825905565	0.00023394549070066676	0.00023394549070066676	0.0003509182360510001	0.0003314227784926112	0.00023394549070066676	0.0003314227784926112	0.00015596366046711116	9.747728779194448e-05	3.899091511677779e-05	3.899091511677779e-05	3.899091511677779e-05	1.9495457558388895e-05
_scratch_st-cdeboer-1_asfar_VLPs_results_crispresso_aggregated_spacer_AYBE_rep2_.staging_CRISPRessoPooled_on_AYBE_D3_rep2_CRISPResso_on_B2M	Substitutions	0.0004094046087261668	0.0004289000662845557	0.00025344094825905565	0.000545872811634889	0.00013646820290872226	7.798183023355558e-05	0.0030997777517838346	0.0003314227784926112	0.010040160642570281	0.000370413693609389	0.0010332592505946114	0.0003314227784926112	9.747728779194448e-05	0.00029243186337583345	0.00023394549070066676	0.4783405466526299	0.0003314227784926112	0.000370413693609389	0.00017545911802550006	0.004152532459936835
_scratch_st-cdeboer-1_asfar_VLPs_results_crispresso_aggregated_spacer_AYBE_rep2_.staging_CRISPRessoPooled_on_AYBE_D3_rep2_CRISPResso_on_B2M	All_modifications	0.0005068818965181113	0.0005653682691932779	0.0003509182360510001	0.0006628455569852224	0.0003314227784926112	0.0002729364058174445	0.0033922096151596678	0.0007213319296603891	0.01041057433617967	0.0018910593831637228	0.0026708776854992788	0.0006628455569852224	0.0003314227784926112	0.0006238546418684446	0.0010722501657113893	0.4791398604125239	0.0003899091511677779	0.0004094046087261668	0.00021445003314227786	0.004289000662845557
_scratch_st-cdeboer-1_asfar_VLPs_results_crispresso_aggregated_spacer_AYBE_rep2_.staging_CRISPRessoPooled_on_AYBE_D4_rep2_CRISPResso_on_B2M	Insertions	0.0	0.0	0.0	0.0	0.0	0.0	0.0	0.0	0.0	0.0014797376828653102	0.0015469984866319153	6.726080376660501e-05	0.0	0.0	0.0008407600470825626	0.0008407600470825626	0.0	0.0	0.0	0.0
_scratch_st-cdeboer-1_asfar_VLPs_results_crispresso_aggregated_spacer_AYBE_rep2_.staging_CRISPRessoPooled_on_AYBE_D4_rep2_CRISPResso_on_B2M	Insertions_Left	0.0	0.0	0.0	0.0	0.0	0.0	0.0	0.0	0.0	0.0014797376828653102	6.726080376660501e-05	0.0	0.0	0.0	0.0008407600470825626	0.0	0.0	0.0	0.0	0.0
_scratch_st-cdeboer-1_asfar_VLPs_results_crispresso_aggregated_spacer_AYBE_rep2_.staging_CRISPRessoPooled_on_AYBE_D4_rep2_CRISPResso_on_B2M	Deletions	0.00016815200941651252	0.00023541281318311755	0.00013452160753321001	0.00013452160753321001	0.00020178241129981502	0.00023541281318311755	0.00026904321506642003	0.00030267361694972253	0.0004708256263662351	0.0005044560282495376	0.0005044560282495376	0.0005044560282495376	0.0005044560282495376	0.00036993442071632754	0.00036993442071632754	0.00040356482259963004	0.00030267361694972253	0.00030267361694972253	0.00030267361694972253	0.00023541281318311755
_scratch_st-cdeboer-1_asfar_VLPs_results_crispresso_aggregated_spacer_AYBE_rep2_.staging_CRISPRessoPooled_on_AYBE_D4_rep2_CRISPResso_on_B2M	Substitutions	0.00036993442071632754	0.00040356482259963004	0.00020178241129981502	0.00023541281318311755	0.00013452160753321001	6.726080376660501e-05	0.0021859761224146627	0.00033630401883302503	0.012947704725071464	6.726080376660501e-05	0.0020178241129981504	0.00026904321506642003	0.00023541281318311755	0.00013452160753321001	0.0008407600470825626	0.6468135194215571	0.0008071296451992601	0.00023541281318311755	0.00020178241129981502	0.005313603497561796
_scratch_st-cdeboer-1_asfar_VLPs_results_crispresso_aggregated_spacer_AYBE_rep2_.staging_CRISPRessoPooled_on_AYBE_D4_rep2_CRISPResso_on_B2M	All_modifications	0.0005380864301328401	0.0006389776357827476	0.00033630401883302503	0.00036993442071632754	0.00033630401883302503	0.00030267361694972253	0.0024550193374810827	0.0006389776357827476	0.0134185303514377	0.002051454514881453	0.004069278627879603	0.0008407600470825626	0.0007398688414326551	0.0005044560282495376	0.002051454514881453	0.6480578442912392	0.0011098032621489828	0.0005380864301328401	0.0005044560282495376	0.005549016310744914
_scratch_st-cdeboer-1_asfar_VLPs_results_crispresso_aggregated_spacer_AYBE_rep2_.staging_CRISPRessoPooled_on_AYBE_D5_rep2_CRISPResso_on_B2M	Insertions	0.0	0.0	0.0	0.0	0.0	0.0	4.368643623527767e-05	8.737287247055535e-05	4.368643623527767e-05	0.0008038304267291091	0.0008038304267291091	0.0	2.62118617411666e-05	2.62118617411666e-05	0.0003058050536469437	0.0003494914898822214	4.368643623527767e-05	0.0	0.0	0.0
_scratch_st-cdeboer-1_asfar_VLPs_results_crispresso_aggregated_spacer_AYBE_rep2_.staging_CRISPRessoPooled_on_AYBE_D5_rep2_CRISPResso_on_B2M	Insertions_Left	0.0	0.0	0.0	0.0	0.0	0.0	4.368643623527767e-05	4.368643623527767e-05	0.0	0.0008038304267291091	0.0	0.0	2.62118617411666e-05	0.0	0.0003058050536469437	4.368643623527767e-05	0.0	0.0	0.0	0.0
_scratch_st-cdeboer-1_asfar_VLPs_results_crispresso_aggregated_spacer_AYBE_rep2_.staging_CRISPRessoPooled_on_AYBE_D5_rep2_CRISPResso_on_B2M	Deletions	1.747457449411107e-05	8.737287247055535e-05	0.00013105930870583303	0.00011358473421172194	0.00023590675567049943	0.00023590675567049943	0.0003320169153881103	0.0003669660643763324	0.0005679236710586097	0.000375703351623388	0.0004980253730821655	0.0004805507985880544	0.0004805507985880544	0.0004805507985880544	0.0003320169153881103	0.000375703351623388	0.00031454234089399924	0.00027085590465872155	0.00027085590465872155	0.0001747457449411107
_scratch_st-cdeboer-1_asfar_VLPs_results_crispresso_aggregated_spacer_AYBE_rep2_.staging_CRISPRessoPooled_on_AYBE_D5_rep2_CRISPResso_on_B2M	Substitutions	0.0003232796281410548	0.0006902456925173872	0.0003058050536469437	0.00031454234089399924	0.0003582287771292769	0.00013979659595288855	0.00311047425995177	8.737287247055535e-05	0.008501380491385034	0.0004106525006116101	0.0011008981931289973	0.00027085590465872155	0.00026211861741166605	0.00021843218117638836	0.00023590675567049943	0.46004438541921505	0.0006028728200468318	0.00034075420263516583	0.0002533813301646105	0.0027435081955754378
_scratch_st-cdeboer-1_asfar_VLPs_results_crispresso_aggregated_spacer_AYBE_rep2_.staging_CRISPRessoPooled_on_AYBE_D5_rep2_CRISPResso_on_B2M	All_modifications	0.00034075420263516583	0.0007776185649879425	0.0004368643623527767	0.00042812707510572116	0.0005941355327997763	0.000375703351623388	0.003486177611575158	0.0005417118093174431	0.009112990598678922	0.0015901862789641072	0.0024027539929402718	0.000751406703246776	0.000768881277740887	0.0007251948415056093	0.0008737287247055534	0.4607695802607207	0.0009611015971761088	0.0006116101072938874	0.0005242372348233321	0.0029182539405165483
