Folder	Modification	G	G	A	G	G	C	T	A	T	C	C	A	G	C	G	T	G	A	G	T
_scratch_st-cdeboer-1_asfar_VLPs_results_crispresso_aggregated_spacer_AYBE_rep3_.staging_CRISPRessoPooled_on_AYBE_D1_rep3_CRISPResso_on_B2M	Insertions	0.0	0.0	0.0	0.0	0.0	0.0	0.0	0.0	0.0	0.0	0.0	0.0	0.0	0.0	0.0	0.0	0.0	0.0	0.0	0.0
_scratch_st-cdeboer-1_asfar_VLPs_results_crispresso_aggregated_spacer_AYBE_rep3_.staging_CRISPRessoPooled_on_AYBE_D1_rep3_CRISPResso_on_B2M	Insertions_Left	0.0	0.0	0.0	0.0	0.0	0.0	0.0	0.0	0.0	0.0	0.0	0.0	0.0	0.0	0.0	0.0	0.0	0.0	0.0	0.0
_scratch_st-cdeboer-1_asfar_VLPs_results_crispresso_aggregated_spacer_AYBE_rep3_.staging_CRISPRessoPooled_on_AYBE_D1_rep3_CRISPResso_on_B2M	Deletions	0.0	0.0	0.0	0.0	0.0	0.0	0.0	0.0	0.0	0.0	0.0	0.0	0.0	0.0	0.0	0.0	0.0	0.0	0.0	0.0
_scratch_st-cdeboer-1_asfar_VLPs_results_crispresso_aggregated_spacer_AYBE_rep3_.staging_CRISPRessoPooled_on_AYBE_D1_rep3_CRISPResso_on_B2M	Substitutions	0.0002946309181152687	0.0005439340026743422	0.0002946309181152687	0.00036262266844956143	0.0002266391677809759	0.00011331958389048795	0.0002266391677809759	9.065566711239036e-05	0.0002719670013371711	0.00011331958389048795	0.00015864741744668314	0.0002493030845590735	6.799175033429278e-05	0.00018131133422478072	0.0002266391677809759	0.0016318020080230266	0.00038528658522765907	0.0002946309181152687	0.00013598350066858556	0.0004532783355619518
_scratch_st-cdeboer-1_asfar_VLPs_results_crispresso_aggregated_spacer_AYBE_rep3_.staging_CRISPRessoPooled_on_AYBE_D1_rep3_CRISPResso_on_B2M	All_modifications	0.0002946309181152687	0.0005439340026743422	0.0002946309181152687	0.00036262266844956143	0.0002266391677809759	0.00011331958389048795	0.0002266391677809759	9.065566711239036e-05	0.0002719670013371711	0.00011331958389048795	0.00015864741744668314	0.0002493030845590735	6.799175033429278e-05	0.00018131133422478072	0.0002266391677809759	0.0016318020080230266	0.00038528658522765907	0.0002946309181152687	0.00013598350066858556	0.0004532783355619518
_scratch_st-cdeboer-1_asfar_VLPs_results_crispresso_aggregated_spacer_AYBE_rep3_.staging_CRISPRessoPooled_on_AYBE_D2_rep3_CRISPResso_on_B2M	Insertions	0.0	0.0	0.0	0.0	0.0	0.0	0.0	0.0	1.4427932477276007e-05	0.0011253787332275284	0.0011109508007502524	0.0	0.0	0.0	0.0002308469196364161	0.0002308469196364161	0.0	0.0	0.0	0.0
_scratch_st-cdeboer-1_asfar_VLPs_results_crispresso_aggregated_spacer_AYBE_rep3_.staging_CRISPRessoPooled_on_AYBE_D2_rep3_CRISPResso_on_B2M	Insertions_Left	0.0	0.0	0.0	0.0	0.0	0.0	0.0	0.0	1.4427932477276007e-05	0.0011109508007502524	0.0	0.0	0.0	0.0	0.0002308469196364161	0.0	0.0	0.0	0.0	0.0
_scratch_st-cdeboer-1_asfar_VLPs_results_crispresso_aggregated_spacer_AYBE_rep3_.staging_CRISPRessoPooled_on_AYBE_D2_rep3_CRISPResso_on_B2M	Deletions	5.771172990910403e-05	0.00010099552734093205	0.00015870725725003606	0.00014427932477276007	0.00014427932477276007	0.00014427932477276007	0.0002164189871591401	0.0002308469196364161	0.00024527485211369213	0.00012985139229548405	0.00012985139229548405	0.00012985139229548405	0.00012985139229548405	5.771172990910403e-05	5.771172990910403e-05	0.00011542345981820806	5.771172990910403e-05	5.771172990910403e-05	5.771172990910403e-05	5.771172990910403e-05
_scratch_st-cdeboer-1_asfar_VLPs_results_crispresso_aggregated_spacer_AYBE_rep3_.staging_CRISPRessoPooled_on_AYBE_D2_rep3_CRISPResso_on_B2M	Substitutions	0.00033184244697734814	0.0005626893666137642	0.00041841004184100416	0.0005194055691819362	0.00015870725725003606	7.213966238638003e-05	0.002221901601500505	0.0002164189871591401	0.005684605396046746	0.0003606983119319002	0.0008368200836820083	0.0002741307170682441	0.00024527485211369213	7.213966238638003e-05	0.00024527485211369213	0.2955273409320444	0.0007791083537729043	0.0002597027845909681	0.00012985139229548405	0.002063194344250469
_scratch_st-cdeboer-1_asfar_VLPs_results_crispresso_aggregated_spacer_AYBE_rep3_.staging_CRISPRessoPooled_on_AYBE_D2_rep3_CRISPResso_on_B2M	All_modifications	0.00038955417688645217	0.0006636848939546963	0.0005771172990910403	0.0006636848939546963	0.00030298658202279616	0.0002164189871591401	0.0024383205886596452	0.0004472659067955562	0.0059443081806377146	0.0016159284374549128	0.0020776222767277448	0.0004039821093637282	0.00037512624440917615	0.00012985139229548405	0.0005338335016592123	0.2958736113114991	0.0008368200836820083	0.0003174145145000721	0.00018756312220458808	0.002120906074159573
_scratch_st-cdeboer-1_asfar_VLPs_results_crispresso_aggregated_spacer_AYBE_rep3_.staging_CRISPRessoPooled_on_AYBE_D3_rep3_CRISPResso_on_B2M	Insertions	0.0	0.0	0.0	0.0	0.0	0.0	0.0	1.2223743399178565e-05	9.778994719342852e-05	0.0015279679248973205	0.0014424017211030705	0.0	0.0	0.0	0.0003544885585761784	0.0003544885585761784	1.2223743399178565e-05	1.2223743399178565e-05	0.0	0.0
_scratch_st-cdeboer-1_asfar_VLPs_results_crispresso_aggregated_spacer_AYBE_rep3_.staging_CRISPRessoPooled_on_AYBE_D3_rep3_CRISPResso_on_B2M	Insertions_Left	0.0	0.0	0.0	0.0	0.0	0.0	0.0	1.2223743399178565e-05	8.556620379424995e-05	0.0014424017211030705	0.0	0.0	0.0	0.0	0.0003544885585761784	0.0	1.2223743399178565e-05	0.0	0.0	0.0
_scratch_st-cdeboer-1_asfar_VLPs_results_crispresso_aggregated_spacer_AYBE_rep3_.staging_CRISPRessoPooled_on_AYBE_D3_rep3_CRISPResso_on_B2M	Deletions	0.00013446117739096422	0.0001711324075884999	0.00013446117739096422	0.0002322511245843927	0.0003789360453745355	0.0003789360453745355	0.0003789360453745355	0.00042783101897124975	0.00042783101897124975	0.0003544885585761784	0.00039115978877371407	0.00039115978877371407	0.0004156072755720712	0.0004156072755720712	0.0003422648151769998	0.0003789360453745355	0.000281146098181107	0.0002322511245843927	0.00022002738118521417	7.334246039507138e-05
_scratch_st-cdeboer-1_asfar_VLPs_results_crispresso_aggregated_spacer_AYBE_rep3_.staging_CRISPRessoPooled_on_AYBE_D3_rep3_CRISPResso_on_B2M	Substitutions	0.00026892235478192844	0.0005500684529630354	0.0002322511245843927	0.000586739683160571	0.00031781732837864266	0.00012223743399178565	0.0027381185214159984	0.00018335615098767847	0.009094465088988852	0.00031781732837864266	0.0016624291022882848	0.00025669861138274985	0.00013446117739096422	0.00025669861138274985	0.00042783101897124975	0.47910962253080386	0.0006845296303539996	0.0003422648151769998	0.0003055935849794641	0.0026647760610209272
_scratch_st-cdeboer-1_asfar_VLPs_results_crispresso_aggregated_spacer_AYBE_rep3_.staging_CRISPRessoPooled_on_AYBE_D3_rep3_CRISPResso_on_B2M	All_modifications	0.0004033835321728926	0.0007212008605515353	0.00036671230197535693	0.0008189908077449638	0.0006967533737531782	0.0005011734793663211	0.003117054566790534	0.0006234109133581068	0.009620086055153531	0.0022002738118521415	0.0034959906121650695	0.0006478584001564639	0.0005500684529630354	0.000672305886954821	0.001124584392724428	0.47984304713475456	0.0009778994719342852	0.000586739683160571	0.0005256209661646783	0.0027381185214159984
_scratch_st-cdeboer-1_asfar_VLPs_results_crispresso_aggregated_spacer_AYBE_rep3_.staging_CRISPRessoPooled_on_AYBE_D4_rep3_CRISPResso_on_B2M	Insertions	0.0	0.0	0.0	0.0	3.348139550456463e-05	0.00022320930336376421	0.00029017209437289345	0.0001227651168500703	4.464186067275284e-05	0.001651748844891855	0.0016294279145554786	0.0	5.5802325840941054e-05	0.00015624651235463495	0.0005580232584094105	0.0004687395370639048	1.116046516818821e-05	0.0	0.0	0.0
_scratch_st-cdeboer-1_asfar_VLPs_results_crispresso_aggregated_spacer_AYBE_rep3_.staging_CRISPRessoPooled_on_AYBE_D4_rep3_CRISPResso_on_B2M	Insertions_Left	0.0	0.0	0.0	0.0	3.348139550456463e-05	0.00018972790785919957	0.0001004441865136939	2.232093033637642e-05	2.232093033637642e-05	0.0016294279145554786	0.0	0.0	5.5802325840941054e-05	0.0001004441865136939	0.0004575790718957166	1.116046516818821e-05	0.0	0.0	0.0	0.0
_scratch_st-cdeboer-1_asfar_VLPs_results_crispresso_aggregated_spacer_AYBE_rep3_.staging_CRISPRessoPooled_on_AYBE_D4_rep3_CRISPResso_on_B2M	Deletions	0.0002008883730273878	0.0002455302337001406	0.0002343697685319524	0.0002343697685319524	0.00035713488538202274	0.0005133813977366577	0.0005022209325684694	0.0005691837235775987	0.0008035534921095512	0.0008593558179504922	0.0009598000044641861	0.0009263186089596214	0.0009263186089596214	0.0009151581437914332	0.0008258744224459275	0.00074775116626861	0.0005357023280730341	0.0005468627932412223	0.000424097676391152	0.0003348139550456463
_scratch_st-cdeboer-1_asfar_VLPs_results_crispresso_aggregated_spacer_AYBE_rep3_.staging_CRISPRessoPooled_on_AYBE_D4_rep3_CRISPResso_on_B2M	Substitutions	0.00022320930336376421	0.0003459744202138345	0.0002008883730273878	0.0002455302337001406	0.000212048838195576	0.00016740697752282315	0.003515546527979286	0.00016740697752282315	0.012912658199593759	0.00041293721122296376	0.002064686056114819	0.000212048838195576	0.0001227651168500703	0.0002455302337001406	0.00044641860672752843	0.628791768040892	0.0007812325617731747	0.0002343697685319524	0.00016740697752282315	0.004453025602107096
_scratch_st-cdeboer-1_asfar_VLPs_results_crispresso_aggregated_spacer_AYBE_rep3_.staging_CRISPRessoPooled_on_AYBE_D4_rep3_CRISPResso_on_B2M	All_modifications	0.000424097676391152	0.0005915046539139751	0.0004352581415593402	0.00047990000223209305	0.0006026651190821634	0.000903997678623245	0.004307939554920649	0.0008593558179504922	0.013760853552376063	0.002924041874065311	0.0046539139751344836	0.0011383674471551974	0.0011048860516506328	0.0013169348898462087	0.0018303162875828664	0.6300082587442245	0.001328095355014397	0.0007812325617731747	0.0005915046539139751	0.004787839557152742
_scratch_st-cdeboer-1_asfar_VLPs_results_crispresso_aggregated_spacer_AYBE_rep3_.staging_CRISPRessoPooled_on_AYBE_D5_rep3_CRISPResso_on_B2M	Insertions	0.0	0.0	0.0	0.0	0.0	0.0	0.0	0.0	0.0	0.0014645372759606668	0.0014645372759606668	0.0	0.0	0.0	0.0004184392217030476	0.0004184392217030476	0.0	0.0	0.0	0.0
_scratch_st-cdeboer-1_asfar_VLPs_results_crispresso_aggregated_spacer_AYBE_rep3_.staging_CRISPRessoPooled_on_AYBE_D5_rep3_CRISPResso_on_B2M	Insertions_Left	0.0	0.0	0.0	0.0	0.0	0.0	0.0	0.0	0.0	0.0014645372759606668	0.0	0.0	0.0	0.0	0.0004184392217030476	0.0	0.0	0.0	0.0	0.0
_scratch_st-cdeboer-1_asfar_VLPs_results_crispresso_aggregated_spacer_AYBE_rep3_.staging_CRISPRessoPooled_on_AYBE_D5_rep3_CRISPResso_on_B2M	Deletions	0.0	0.00027895948113536507	0.00034869935141920635	0.00027895948113536507	0.00027895948113536507	0.00027895948113536507	0.00034869935141920635	0.00034869935141920635	0.00034869935141920635	0.00034869935141920635	0.00034869935141920635	0.00034869935141920635	0.00034869935141920635	0.00034869935141920635	0.00027895948113536507	0.00027895948113536507	0.00027895948113536507	0.00027895948113536507	0.00027895948113536507	0.0
_scratch_st-cdeboer-1_asfar_VLPs_results_crispresso_aggregated_spacer_AYBE_rep3_.staging_CRISPRessoPooled_on_AYBE_D5_rep3_CRISPResso_on_B2M	Substitutions	0.0004881790919868889	0.001046098054257619	0.0	0.0006276588325545714	0.00027895948113536507	0.00013947974056768253	0.001534277146244508	0.00013947974056768253	0.009484622358602413	0.0004184392217030476	0.0011158379245414603	0.0002092196108515238	0.00034869935141920635	0.00013947974056768253	0.0	0.4471023083897064	0.0004881790919868889	0.0	0.00034869935141920635	0.003347513773624381
_scratch_st-cdeboer-1_asfar_VLPs_results_crispresso_aggregated_spacer_AYBE_rep3_.staging_CRISPRessoPooled_on_AYBE_D5_rep3_CRISPResso_on_B2M	All_modifications	0.0004881790919868889	0.0013250575353929842	0.00034869935141920635	0.0009066183136899365	0.0005579189622707301	0.0004184392217030476	0.0018829764976637142	0.0004881790919868889	0.009833321710021619	0.0022316758490829205	0.0029290745519213335	0.0005579189622707301	0.0006973987028384127	0.0004881790919868889	0.0006973987028384127	0.4477997070925448	0.000767138573122254	0.00027895948113536507	0.0006276588325545714	0.003347513773624381
