Folder	Modification	C	A	C	C	T	A	C	C	T	A	A	G	A	A	C	C	A	T	C	C
_scratch_st-cdeboer-1_asfar_VLPs_results_crispresso_aggregated_spacer_AYBE_rep1_.staging_CRISPRessoPooled_on_AYBE_D1_rep1_CRISPResso_on_PDCD1	Insertions	0.0	0.0	0.0	0.0	0.0	0.0	0.0	0.0	0.0	0.0	0.0	0.0	0.0	0.0	0.0	0.0	0.0	0.0	0.0	0.0
_scratch_st-cdeboer-1_asfar_VLPs_results_crispresso_aggregated_spacer_AYBE_rep1_.staging_CRISPRessoPooled_on_AYBE_D1_rep1_CRISPResso_on_PDCD1	Insertions_Left	0.0	0.0	0.0	0.0	0.0	0.0	0.0	0.0	0.0	0.0	0.0	0.0	0.0	0.0	0.0	0.0	0.0	0.0	0.0	0.0
_scratch_st-cdeboer-1_asfar_VLPs_results_crispresso_aggregated_spacer_AYBE_rep1_.staging_CRISPRessoPooled_on_AYBE_D1_rep1_CRISPResso_on_PDCD1	Deletions	6.666311130073063e-05	5.33304890405845e-05	5.33304890405845e-05	6.666311130073063e-05	6.666311130073063e-05	5.33304890405845e-05	5.33304890405845e-05	5.33304890405845e-05	5.33304890405845e-05	5.33304890405845e-05	6.666311130073063e-05	5.33304890405845e-05	5.33304890405845e-05	6.666311130073063e-05	5.33304890405845e-05	5.33304890405845e-05	5.33304890405845e-05	5.33304890405845e-05	5.33304890405845e-05	5.33304890405845e-05
_scratch_st-cdeboer-1_asfar_VLPs_results_crispresso_aggregated_spacer_AYBE_rep1_.staging_CRISPRessoPooled_on_AYBE_D1_rep1_CRISPResso_on_PDCD1	Substitutions	0.00013332622260146126	0.0006932963575275985	0.0001599914671217535	0.00011999360034131513	0.000213321956162338	0.004186443389685883	0.000213321956162338	0.0001999893339021919	0.000213321956162338	0.0014532558263559278	0.0002666524452029225	0.0002666524452029225	0.00029331768972321476	0.0002799850674630686	0.00014665884486160738	0.0001599914671217535	0.00017332408938189962	0.00023998720068263025	9.332835582102287e-05	0.000106660978081169
_scratch_st-cdeboer-1_asfar_VLPs_results_crispresso_aggregated_spacer_AYBE_rep1_.staging_CRISPRessoPooled_on_AYBE_D1_rep1_CRISPResso_on_PDCD1	All_modifications	0.0001999893339021919	0.000746626846568183	0.000213321956162338	0.00018665671164204574	0.0002799850674630686	0.004239773878726468	0.0002666524452029225	0.0002533198229427764	0.0002666524452029225	0.0015065863153965122	0.00033331555650365315	0.000319982934243507	0.00034664817876379925	0.00034664817876379925	0.0001999893339021919	0.000213321956162338	0.00022665457842248413	0.00029331768972321476	0.00014665884486160738	0.0001599914671217535
_scratch_st-cdeboer-1_asfar_VLPs_results_crispresso_aggregated_spacer_AYBE_rep1_.staging_CRISPRessoPooled_on_AYBE_D2_rep1_CRISPResso_on_PDCD1	Insertions	1.6284258007783875e-05	1.6284258007783875e-05	0.0	0.0	0.0	0.0	0.0	0.0	0.0	0.0	0.0	0.0	0.0	0.0	0.0	0.0	0.0	0.0	0.0	0.0
_scratch_st-cdeboer-1_asfar_VLPs_results_crispresso_aggregated_spacer_AYBE_rep1_.staging_CRISPRessoPooled_on_AYBE_D2_rep1_CRISPResso_on_PDCD1	Insertions_Left	1.6284258007783875e-05	0.0	0.0	0.0	0.0	0.0	0.0	0.0	0.0	0.0	0.0	0.0	0.0	0.0	0.0	0.0	0.0	0.0	0.0	0.0
_scratch_st-cdeboer-1_asfar_VLPs_results_crispresso_aggregated_spacer_AYBE_rep1_.staging_CRISPRessoPooled_on_AYBE_D2_rep1_CRISPResso_on_PDCD1	Deletions	1.6284258007783875e-05	0.0	0.0	0.0	1.6284258007783875e-05	0.0	0.0001954110960934065	0.0001954110960934065	0.00022797961210897425	0.0001954110960934065	1.6284258007783875e-05	0.0	0.0	0.0	0.0	0.0	0.0	0.0	0.0	1.6284258007783875e-05
_scratch_st-cdeboer-1_asfar_VLPs_results_crispresso_aggregated_spacer_AYBE_rep1_.staging_CRISPRessoPooled_on_AYBE_D2_rep1_CRISPResso_on_PDCD1	Substitutions	0.00016284258007783875	0.0019378267029262811	0.00016284258007783875	0.00014655832207005487	0.0002768323861323259	0.02782979693530264	0.00022797961210897425	0.00017912683808562262	0.0001954110960934065	0.008532951196078751	0.0007165073523424905	0.000260548128124542	0.0005373805142568678	0.0001954110960934065	0.00014655832207005487	9.770554804670325e-05	0.00022797961210897425	0.00043967496621016464	0.00011398980605448712	0.00011398980605448712
_scratch_st-cdeboer-1_asfar_VLPs_results_crispresso_aggregated_spacer_AYBE_rep1_.staging_CRISPRessoPooled_on_AYBE_D2_rep1_CRISPResso_on_PDCD1	All_modifications	0.0001954110960934065	0.001954110960934065	0.00016284258007783875	0.00014655832207005487	0.00029311664414010974	0.02782979693530264	0.00042339070820238074	0.00037453793417902915	0.00042339070820238074	0.008728362292172158	0.0007327916103502744	0.000260548128124542	0.0005373805142568678	0.0001954110960934065	0.00014655832207005487	9.770554804670325e-05	0.00022797961210897425	0.00043967496621016464	0.00011398980605448712	0.000130274064062271
_scratch_st-cdeboer-1_asfar_VLPs_results_crispresso_aggregated_spacer_AYBE_rep1_.staging_CRISPRessoPooled_on_AYBE_D3_rep1_CRISPResso_on_PDCD1	Insertions	0.0	0.0	0.0	0.0	0.0	0.0	0.0	0.0	3.223290205710381e-05	0.00026430979686825124	0.00023207689481114744	0.0	0.0	0.0	0.0	0.0	2.5786321645683046e-05	2.5786321645683046e-05	0.0	0.0
_scratch_st-cdeboer-1_asfar_VLPs_results_crispresso_aggregated_spacer_AYBE_rep1_.staging_CRISPRessoPooled_on_AYBE_D3_rep1_CRISPResso_on_PDCD1	Insertions_Left	0.0	0.0	0.0	0.0	0.0	0.0	0.0	0.0	3.223290205710381e-05	0.00023207689481114744	0.0	0.0	0.0	0.0	0.0	0.0	2.5786321645683046e-05	0.0	0.0	0.0
_scratch_st-cdeboer-1_asfar_VLPs_results_crispresso_aggregated_spacer_AYBE_rep1_.staging_CRISPRessoPooled_on_AYBE_D3_rep1_CRISPResso_on_PDCD1	Deletions	0.000135378188639836	9.669870617131142e-05	9.025212575989066e-05	0.00011603844740557372	0.0001869508319312021	0.0002191837339883059	0.0002191837339883059	0.00029654269892535505	0.0002900961185139343	0.0002836495381025135	0.00034166876180530037	0.00024497005563398896	0.00024497005563398896	0.0002514166360454097	0.00023207689481114744	0.00023207689481114744	0.00017405767110836057	0.00010314528658273218	0.00010314528658273218	0.00010314528658273218
_scratch_st-cdeboer-1_asfar_VLPs_results_crispresso_aggregated_spacer_AYBE_rep1_.staging_CRISPRessoPooled_on_AYBE_D3_rep1_CRISPResso_on_PDCD1	Substitutions	0.00010959186699415294	0.020841794470123323	0.00017405767110836057	0.001108811830764371	0.0002385234752225682	0.14487400158585878	0.0008058225514275952	0.000431920887565191	0.0002836495381025135	0.05866388174392893	0.0034231341984644246	0.0003739016638624042	0.0003996879855080872	0.000270756377279672	9.669870617131142e-05	0.00019339741234262285	0.0002514166360454097	0.0002900961185139343	9.025212575989066e-05	0.00018050425151978133
_scratch_st-cdeboer-1_asfar_VLPs_results_crispresso_aggregated_spacer_AYBE_rep1_.staging_CRISPRessoPooled_on_AYBE_D3_rep1_CRISPResso_on_PDCD1	All_modifications	0.00024497005563398896	0.020938493176294634	0.00026430979686825124	0.0012248502781699447	0.00042547430715377026	0.14509318531984708	0.0010250062854159012	0.0007284635864905461	0.0006059785586735516	0.0592118410788997	0.0039968798550808725	0.0006188717194963931	0.0006446580411420762	0.0005221730133250817	0.00032877560098245885	0.00042547430715377026	0.00045126062879945336	0.0004190277267423495	0.00019339741234262285	0.0002836495381025135
_scratch_st-cdeboer-1_asfar_VLPs_results_crispresso_aggregated_spacer_AYBE_rep1_.staging_CRISPRessoPooled_on_AYBE_D4_rep1_CRISPResso_on_PDCD1	Insertions	0.00025301272560301365	0.00025301272560301365	0.0	0.0	0.0	0.0	6.559589182300355e-05	0.0001593043087130086	9.370841689000507e-05	0.0005153962928950278	0.0005153962928950278	0.0	0.0	0.0	0.0	0.0	0.0	0.0	0.0	0.0
_scratch_st-cdeboer-1_asfar_VLPs_results_crispresso_aggregated_spacer_AYBE_rep1_.staging_CRISPRessoPooled_on_AYBE_D4_rep1_CRISPResso_on_PDCD1	Insertions_Left	0.00025301272560301365	0.0	0.0	0.0	0.0	0.0	6.559589182300355e-05	9.370841689000507e-05	0.0	0.0005153962928950278	0.0	0.0	0.0	0.0	0.0	0.0	0.0	0.0	0.0	0.0
_scratch_st-cdeboer-1_asfar_VLPs_results_crispresso_aggregated_spacer_AYBE_rep1_.staging_CRISPRessoPooled_on_AYBE_D4_rep1_CRISPResso_on_PDCD1	Deletions	9.370841689000507e-05	8.433757520100456e-05	7.496673351200405e-05	0.00012182094195700657	7.496673351200405e-05	9.370841689000507e-05	0.0001311917836460071	0.0001311917836460071	0.0001311917836460071	0.0001311917836460071	0.00033735030080401824	0.00016867515040200912	0.00016867515040200912	0.00011245010026800608	7.496673351200405e-05	7.496673351200405e-05	7.496673351200405e-05	7.496673351200405e-05	7.496673351200405e-05	8.433757520100456e-05
_scratch_st-cdeboer-1_asfar_VLPs_results_crispresso_aggregated_spacer_AYBE_rep1_.staging_CRISPRessoPooled_on_AYBE_D4_rep1_CRISPResso_on_PDCD1	Substitutions	0.00010307925857900557	0.02441104259984632	0.00022490020053601216	0.0011432426860580617	0.00021552935884701165	0.17872069269261764	0.0009839383773450532	0.0003935753509380213	0.0003279794591150177	0.06998144573345579	0.003261052907772176	0.00025301272560301365	0.0004310587176940233	0.0003935753509380213	8.433757520100456e-05	0.00012182094195700657	0.00024364188391401314	0.0003092377757370167	9.370841689000507e-05	0.00017804599209100963
_scratch_st-cdeboer-1_asfar_VLPs_results_crispresso_aggregated_spacer_AYBE_rep1_.staging_CRISPRessoPooled_on_AYBE_D4_rep1_CRISPResso_on_PDCD1	All_modifications	0.0004498004010720243	0.024748392900650337	0.0002998669340480162	0.0012650636280150684	0.0002904960923590157	0.17881440110950766	0.0011807260528140637	0.000684071443297037	0.0005528796596510298	0.07062803380999681	0.004113799501471222	0.00042168787600502277	0.0005997338680960324	0.0005060254512060273	0.0001593043087130086	0.00019678767546901064	0.0003186086174260172	0.00038420450924902074	0.00016867515040200912	0.0002623835672920142
_scratch_st-cdeboer-1_asfar_VLPs_results_crispresso_aggregated_spacer_AYBE_rep1_.staging_CRISPRessoPooled_on_AYBE_D5_rep1_CRISPResso_on_PDCD1	Insertions	0.0	0.0	0.0	0.0	0.0	0.0	0.0	4.370552962360798e-05	4.370552962360798e-05	0.00010489327109665915	0.00010489327109665915	0.0	0.0	0.0	0.0	0.0	0.0	0.0	0.0	0.0
_scratch_st-cdeboer-1_asfar_VLPs_results_crispresso_aggregated_spacer_AYBE_rep1_.staging_CRISPRessoPooled_on_AYBE_D5_rep1_CRISPResso_on_PDCD1	Insertions_Left	0.0	0.0	0.0	0.0	0.0	0.0	0.0	4.370552962360798e-05	0.0	0.00010489327109665915	0.0	0.0	0.0	0.0	0.0	0.0	0.0	0.0	0.0	0.0
_scratch_st-cdeboer-1_asfar_VLPs_results_crispresso_aggregated_spacer_AYBE_rep1_.staging_CRISPRessoPooled_on_AYBE_D5_rep1_CRISPResso_on_PDCD1	Deletions	8.741105924721596e-05	5.244663554832957e-05	5.244663554832957e-05	6.992884739777277e-05	5.244663554832957e-05	0.00010489327109665915	0.00010489327109665915	0.00011363437702138074	0.00013111658887082393	0.00013111658887082393	0.0002010454362685967	0.00013111658887082393	0.00013111658887082393	0.00010489327109665915	0.00010489327109665915	0.00010489327109665915	0.00010489327109665915	0.00010489327109665915	0.00010489327109665915	0.00011363437702138074
_scratch_st-cdeboer-1_asfar_VLPs_results_crispresso_aggregated_spacer_AYBE_rep1_.staging_CRISPRessoPooled_on_AYBE_D5_rep1_CRISPResso_on_PDCD1	Substitutions	0.00021852764811803989	0.010777783605181727	0.0002797153895910911	0.0001835632244191535	0.0002797153895910911	0.0792556074194507	0.0005419485673327389	0.0002534920718169263	0.0002971976014405343	0.028190066607227147	0.001748221184944319	0.00026223317774164785	0.00033216202513942065	0.00034964423698886384	9.615216517193755e-05	0.00012237548294610233	0.00021852764811803989	0.00034964423698886384	0.00015733990664498873	0.00013985769479554555
_scratch_st-cdeboer-1_asfar_VLPs_results_crispresso_aggregated_spacer_AYBE_rep1_.staging_CRISPRessoPooled_on_AYBE_D5_rep1_CRISPResso_on_PDCD1	All_modifications	0.00030593870736525584	0.010830230240730057	0.00033216202513942065	0.0002534920718169263	0.00033216202513942065	0.07936050069054737	0.0006468418384293981	0.000410831978461915	0.0004720197199349662	0.028426076467194628	0.002054159892309575	0.00039334976661247183	0.0004632786140102446	0.00045453750808552296	0.0002010454362685967	0.00022726875404276148	0.00032342091921469903	0.00045453750808552296	0.00026223317774164785	0.0002534920718169263
