Folder	Modification	C	A	C	C	T	A	C	C	T	A	A	G	A	A	C	C	A	T	C	C
_scratch_st-cdeboer-1_asfar_VLPs_results_crispresso_aggregated_spacer_AYBE_rep2_.staging_CRISPRessoPooled_on_AYBE_D1_rep2_CRISPResso_on_PDCD1	Insertions	2.648690884530321e-05	2.648690884530321e-05	0.0	0.0	0.0	0.0	0.0	0.0	0.0	0.0	0.0	0.0	0.0	0.0	0.0	0.0	0.0	0.0	0.0	0.0
_scratch_st-cdeboer-1_asfar_VLPs_results_crispresso_aggregated_spacer_AYBE_rep2_.staging_CRISPRessoPooled_on_AYBE_D1_rep2_CRISPResso_on_PDCD1	Insertions_Left	2.648690884530321e-05	0.0	0.0	0.0	0.0	0.0	0.0	0.0	0.0	0.0	0.0	0.0	0.0	0.0	0.0	0.0	0.0	0.0	0.0	0.0
_scratch_st-cdeboer-1_asfar_VLPs_results_crispresso_aggregated_spacer_AYBE_rep2_.staging_CRISPRessoPooled_on_AYBE_D1_rep2_CRISPResso_on_PDCD1	Deletions	0.0	0.0	0.0	0.0	0.0	0.0	0.0	0.0	0.0	0.0	5.297381769060642e-05	0.0	0.0	0.0	0.0	1.3243454422651604e-05	0.0	0.0	0.0	1.3243454422651604e-05
_scratch_st-cdeboer-1_asfar_VLPs_results_crispresso_aggregated_spacer_AYBE_rep2_.staging_CRISPRessoPooled_on_AYBE_D1_rep2_CRISPResso_on_PDCD1	Substitutions	9.270418095856123e-05	0.00019865181633977406	0.00010594763538121283	9.270418095856123e-05	0.00018540836191712246	0.0012183978068839476	0.00014567799864916765	6.621727211325803e-05	0.00022513872518507727	0.0003443298149889417	0.00014567799864916765	0.00015892145307181926	0.0002913559972983353	0.00019865181633977406	6.621727211325803e-05	0.00010594763538121283	0.00010594763538121283	0.00022513872518507727	7.946072653590963e-05	0.00022513872518507727
_scratch_st-cdeboer-1_asfar_VLPs_results_crispresso_aggregated_spacer_AYBE_rep2_.staging_CRISPRessoPooled_on_AYBE_D1_rep2_CRISPResso_on_PDCD1	All_modifications	0.00011919108980386444	0.00022513872518507727	0.00010594763538121283	9.270418095856123e-05	0.00018540836191712246	0.0012183978068839476	0.00014567799864916765	6.621727211325803e-05	0.00022513872518507727	0.0003443298149889417	0.00019865181633977406	0.00015892145307181926	0.0002913559972983353	0.00019865181633977406	6.621727211325803e-05	0.00011919108980386444	0.00010594763538121283	0.00022513872518507727	7.946072653590963e-05	0.00023838217960772887
_scratch_st-cdeboer-1_asfar_VLPs_results_crispresso_aggregated_spacer_AYBE_rep2_.staging_CRISPRessoPooled_on_AYBE_D2_rep2_CRISPResso_on_PDCD1	Insertions	0.00014208581983518045	0.00014208581983518045	0.0	0.0	0.0	0.0	0.0	0.0	0.0	4.0595948524337274e-05	4.0595948524337274e-05	0.0	0.0	0.0	0.0	0.0	1.0148987131084318e-05	1.0148987131084318e-05	0.0	0.0
_scratch_st-cdeboer-1_asfar_VLPs_results_crispresso_aggregated_spacer_AYBE_rep2_.staging_CRISPRessoPooled_on_AYBE_D2_rep2_CRISPResso_on_PDCD1	Insertions_Left	0.00014208581983518045	0.0	0.0	0.0	0.0	0.0	0.0	0.0	0.0	4.0595948524337274e-05	0.0	0.0	0.0	0.0	0.0	0.0	1.0148987131084318e-05	0.0	0.0	0.0
_scratch_st-cdeboer-1_asfar_VLPs_results_crispresso_aggregated_spacer_AYBE_rep2_.staging_CRISPRessoPooled_on_AYBE_D2_rep2_CRISPResso_on_PDCD1	Deletions	6.089392278650591e-05	5.074493565542159e-05	5.074493565542159e-05	5.074493565542159e-05	0.00015223480696626476	0.00015223480696626476	0.0001623837940973491	0.0001623837940973491	0.0001623837940973491	6.089392278650591e-05	0.00012178784557301182	5.074493565542159e-05	5.074493565542159e-05	5.074493565542159e-05	5.074493565542159e-05	6.089392278650591e-05	1.0148987131084318e-05	1.0148987131084318e-05	1.0148987131084318e-05	1.0148987131084318e-05
_scratch_st-cdeboer-1_asfar_VLPs_results_crispresso_aggregated_spacer_AYBE_rep2_.staging_CRISPRessoPooled_on_AYBE_D2_rep2_CRISPResso_on_PDCD1	Substitutions	8.119189704867455e-05	0.0018674136321195146	0.00013193683270409614	0.0001725327812284334	0.0001623837940973491	0.019689035034303578	0.00013193683270409614	0.00015223480696626476	0.00014208581983518045	0.007226078837332034	0.00042625745950554135	0.00021312872975277067	0.0003552145495879511	0.00020297974262168636	8.119189704867455e-05	8.119189704867455e-05	0.00015223480696626476	0.00020297974262168636	8.119189704867455e-05	0.00013193683270409614
_scratch_st-cdeboer-1_asfar_VLPs_results_crispresso_aggregated_spacer_AYBE_rep2_.staging_CRISPRessoPooled_on_AYBE_D2_rep2_CRISPResso_on_PDCD1	All_modifications	0.0002841716396703609	0.0020602443876101165	0.00018268176835951772	0.00022327771688385498	0.00031461860106361383	0.01984126984126984	0.0002943206268014452	0.00031461860106361383	0.0003044696139325295	0.0073275687086428775	0.0005886412536028904	0.0002638736654081923	0.0004059594852433727	0.00025372467827710797	0.00013193683270409614	0.00014208581983518045	0.0001725327812284334	0.00022327771688385498	9.134088417975886e-05	0.00014208581983518045
_scratch_st-cdeboer-1_asfar_VLPs_results_crispresso_aggregated_spacer_AYBE_rep2_.staging_CRISPRessoPooled_on_AYBE_D3_rep2_CRISPResso_on_PDCD1	Insertions	1.2637112672496588e-05	1.2637112672496588e-05	0.0	0.0	0.0	0.0	0.0	0.0	1.2637112672496588e-05	0.00011373401405246929	0.0001010969013799727	0.0	0.0	0.0	0.0	0.0	3.791133801748976e-05	3.791133801748976e-05	0.0	0.0
_scratch_st-cdeboer-1_asfar_VLPs_results_crispresso_aggregated_spacer_AYBE_rep2_.staging_CRISPRessoPooled_on_AYBE_D3_rep2_CRISPResso_on_PDCD1	Insertions_Left	1.2637112672496588e-05	0.0	0.0	0.0	0.0	0.0	0.0	0.0	1.2637112672496588e-05	0.0001010969013799727	0.0	0.0	0.0	0.0	0.0	0.0	3.791133801748976e-05	0.0	0.0	0.0
_scratch_st-cdeboer-1_asfar_VLPs_results_crispresso_aggregated_spacer_AYBE_rep2_.staging_CRISPRessoPooled_on_AYBE_D3_rep2_CRISPResso_on_PDCD1	Deletions	1.2637112672496588e-05	1.2637112672496588e-05	8.845978870747612e-05	0.0001010969013799727	0.00011373401405246929	0.00012637112672496588	0.00016428246474245564	0.0002021938027599454	0.00027801647879492495	0.00027801647879492495	0.00013900823939746247	6.318556336248294e-05	6.318556336248294e-05	5.054845068998635e-05	5.054845068998635e-05	5.054845068998635e-05	0.0	1.2637112672496588e-05	0.0	0.0
_scratch_st-cdeboer-1_asfar_VLPs_results_crispresso_aggregated_spacer_AYBE_rep2_.staging_CRISPRessoPooled_on_AYBE_D3_rep2_CRISPResso_on_PDCD1	Substitutions	8.845978870747612e-05	0.011108022039124501	0.00024010514077743518	0.0003538391548299045	0.00025274225344993175	0.08603346307435678	0.0006697669716423191	0.0005054845068998635	0.00027801647879492495	0.03249001668098873	0.002274680281049386	0.0002653793661224283	0.00046757316888237373	0.00022746802810493858	7.582267603497952e-05	0.00012637112672496588	0.00017691957741495224	0.00024010514077743518	8.845978870747612e-05	0.0001010969013799727
_scratch_st-cdeboer-1_asfar_VLPs_results_crispresso_aggregated_spacer_AYBE_rep2_.staging_CRISPRessoPooled_on_AYBE_D3_rep2_CRISPResso_on_PDCD1	All_modifications	0.00011373401405246929	0.011133296264469494	0.0003285649294849113	0.00045493605620987716	0.00036647626750240105	0.08615983420108174	0.0008340494363847748	0.000707678309659809	0.0005686700702623465	0.032881767173836125	0.002514785421826821	0.0003285649294849113	0.0005307587322448566	0.00027801647879492495	0.00012637112672496588	0.00017691957741495224	0.00021483091543244198	0.0002906535914674215	8.845978870747612e-05	0.0001010969013799727
_scratch_st-cdeboer-1_asfar_VLPs_results_crispresso_aggregated_spacer_AYBE_rep2_.staging_CRISPRessoPooled_on_AYBE_D4_rep2_CRISPResso_on_PDCD1	Insertions	1.2208521548040533e-05	2.4417043096081066e-05	1.2208521548040533e-05	0.0	0.0	0.0	0.0	8.545965083628372e-05	8.545965083628372e-05	0.0005982175558539861	0.0005982175558539861	0.0	0.0	0.0	0.0	2.4417043096081066e-05	9.766817238432426e-05	7.325112928824319e-05	0.0	0.0
_scratch_st-cdeboer-1_asfar_VLPs_results_crispresso_aggregated_spacer_AYBE_rep2_.staging_CRISPRessoPooled_on_AYBE_D4_rep2_CRISPResso_on_PDCD1	Insertions_Left	1.2208521548040533e-05	1.2208521548040533e-05	0.0	0.0	0.0	0.0	0.0	8.545965083628372e-05	0.0	0.0005982175558539861	0.0	0.0	0.0	0.0	0.0	2.4417043096081066e-05	7.325112928824319e-05	0.0	0.0	0.0
_scratch_st-cdeboer-1_asfar_VLPs_results_crispresso_aggregated_spacer_AYBE_rep2_.staging_CRISPRessoPooled_on_AYBE_D4_rep2_CRISPResso_on_PDCD1	Deletions	9.766817238432426e-05	7.325112928824319e-05	9.766817238432426e-05	0.00014650225857648638	0.00017091930167256744	0.00017091930167256744	0.0004883408619216213	0.0005249664265657429	0.0005127579050177024	0.0005493834696618239	0.00039067268953729706	0.0003052130387010133	0.0003052130387010133	0.0002685874740568917	0.00023196190941277012	0.00023196190941277012	0.0002197533878647296	0.00012208521548040532	0.0001098766939323648	0.0001098766939323648
_scratch_st-cdeboer-1_asfar_VLPs_results_crispresso_aggregated_spacer_AYBE_rep2_.staging_CRISPRessoPooled_on_AYBE_D4_rep2_CRISPResso_on_PDCD1	Substitutions	0.00020754486631668906	0.024099621535832012	0.00017091930167256744	0.0006592601635941887	0.0001587107801245269	0.1902942253693078	0.0008790135514589183	0.0007691368575265536	0.0003052130387010133	0.07424001953363447	0.004883408619216213	0.0002197533878647296	0.00046392381882554023	0.0002197533878647296	6.104260774020266e-05	0.00014650225857648638	0.00013429373702844585	0.0002563789525088512	0.00014650225857648638	0.00012208521548040532
_scratch_st-cdeboer-1_asfar_VLPs_results_crispresso_aggregated_spacer_AYBE_rep2_.staging_CRISPRessoPooled_on_AYBE_D4_rep2_CRISPResso_on_PDCD1	All_modifications	0.0003174215602490538	0.024197289708216337	0.00028079599560493223	0.0008057624221706752	0.00032963008179709435	0.19046514467098036	0.0013673544133805395	0.00137956293492858	0.0009034305945549994	0.07538762055915028	0.0058722988646074965	0.0005249664265657429	0.0007691368575265536	0.0004883408619216213	0.00029300451715297276	0.0004028812110853376	0.0004517152972774997	0.0004517152972774997	0.0002563789525088512	0.00023196190941277012
_scratch_st-cdeboer-1_asfar_VLPs_results_crispresso_aggregated_spacer_AYBE_rep2_.staging_CRISPRessoPooled_on_AYBE_D5_rep2_CRISPResso_on_PDCD1	Insertions	0.0	0.0	0.0	0.0	0.0	0.0	0.0	2.4104226676147662e-05	3.6156340014221494e-05	9.641690670459065e-05	8.436479336651682e-05	0.0	0.0	0.0	0.0	0.0	0.0	0.0	0.0	0.0
_scratch_st-cdeboer-1_asfar_VLPs_results_crispresso_aggregated_spacer_AYBE_rep2_.staging_CRISPRessoPooled_on_AYBE_D5_rep2_CRISPResso_on_PDCD1	Insertions_Left	0.0	0.0	0.0	0.0	0.0	0.0	0.0	2.4104226676147662e-05	1.2052113338073831e-05	8.436479336651682e-05	0.0	0.0	0.0	0.0	0.0	0.0	0.0	0.0	0.0	0.0
_scratch_st-cdeboer-1_asfar_VLPs_results_crispresso_aggregated_spacer_AYBE_rep2_.staging_CRISPRessoPooled_on_AYBE_D5_rep2_CRISPResso_on_PDCD1	Deletions	1.2052113338073831e-05	0.0	4.8208453352295323e-05	4.8208453352295323e-05	4.8208453352295323e-05	4.8208453352295323e-05	9.641690670459065e-05	0.00016872958673303364	0.0001928338134091813	0.0001928338134091813	0.00028925072011377195	0.0001566774733949598	2.4104226676147662e-05	2.4104226676147662e-05	2.4104226676147662e-05	2.4104226676147662e-05	2.4104226676147662e-05	2.4104226676147662e-05	2.4104226676147662e-05	3.6156340014221494e-05
_scratch_st-cdeboer-1_asfar_VLPs_results_crispresso_aggregated_spacer_AYBE_rep2_.staging_CRISPRessoPooled_on_AYBE_D5_rep2_CRISPResso_on_PDCD1	Substitutions	0.00020488592674725514	0.01050944283080038	0.0001566774733949598	0.0005061887601991009	0.00016872958673303364	0.07876056066431249	0.0004218239668325841	0.00027719860677569814	0.00032540706012799346	0.02815373675774047	0.0018921817940775916	0.00025309438009955045	0.00033745917346606727	0.00018078170007110748	0.00010846902004266448	4.8208453352295323e-05	0.00018078170007110748	0.00030130283345184577	0.00012052113338073832	8.436479336651682e-05
_scratch_st-cdeboer-1_asfar_VLPs_results_crispresso_aggregated_spacer_AYBE_rep2_.staging_CRISPRessoPooled_on_AYBE_D5_rep2_CRISPResso_on_PDCD1	All_modifications	0.00021693804008532895	0.01050944283080038	0.00020488592674725514	0.0005543972135513963	0.00021693804008532895	0.07880876911766478	0.0005182408735371748	0.0004700324201848794	0.0005543972135513963	0.02844298747785424	0.00226579730755788	0.0004097718534945103	0.00036156340014221496	0.00020488592674725514	0.00013257324671881213	7.231268002844299e-05	0.00020488592674725514	0.00032540706012799346	0.00014462536005688598	0.00012052113338073832
