Folder	Modification	G	G	A	G	G	C	T	A	T	C	C	A	G	C	G	T	G	A	G	T
_scratch_st-cdeboer-1_asfar_VLPs_results_crispresso_aggregated_spacer_AYBE_rep1_.staging_CRISPRessoPooled_on_AYBE_D1_rep1_CRISPResso_on_B2M	Insertions	0.0	0.0	0.0	0.0	0.0	0.0	0.0	0.0	0.0	0.0	0.0	0.0	0.0	0.0	0.0	0.0	0.0	0.0	0.0	0.0
_scratch_st-cdeboer-1_asfar_VLPs_results_crispresso_aggregated_spacer_AYBE_rep1_.staging_CRISPRessoPooled_on_AYBE_D1_rep1_CRISPResso_on_B2M	Insertions_Left	0.0	0.0	0.0	0.0	0.0	0.0	0.0	0.0	0.0	0.0	0.0	0.0	0.0	0.0	0.0	0.0	0.0	0.0	0.0	0.0
_scratch_st-cdeboer-1_asfar_VLPs_results_crispresso_aggregated_spacer_AYBE_rep1_.staging_CRISPRessoPooled_on_AYBE_D1_rep1_CRISPResso_on_B2M	Deletions	0.0	0.0	0.0	0.0	0.0	0.0	0.0	0.0	1.2496251124662601e-05	0.0	0.0	0.0	0.0	0.0	0.0	0.0	0.0	0.0	0.0	0.0
_scratch_st-cdeboer-1_asfar_VLPs_results_crispresso_aggregated_spacer_AYBE_rep1_.staging_CRISPRessoPooled_on_AYBE_D1_rep1_CRISPResso_on_B2M	Substitutions	0.00036239128261521546	0.0006747975607317804	0.00031240627811656503	8.74737578726382e-05	0.00011246626012196342	0.00014995501349595122	0.0003249025292412276	0.0001749475157452764	0.00031240627811656503	0.0001374587623712886	0.00019994001799460162	0.00037488753373987805	0.00014995501349595122	0.0002749175247425772	0.00011246626012196342	0.0014620613815855244	0.0001749475157452764	0.00022493252024392683	0.0002624212736179146	0.0003373987803658902
_scratch_st-cdeboer-1_asfar_VLPs_results_crispresso_aggregated_spacer_AYBE_rep1_.staging_CRISPRessoPooled_on_AYBE_D1_rep1_CRISPResso_on_B2M	All_modifications	0.00036239128261521546	0.0006747975607317804	0.00031240627811656503	8.74737578726382e-05	0.00011246626012196342	0.00014995501349595122	0.0003249025292412276	0.0001749475157452764	0.0003249025292412276	0.0001374587623712886	0.00019994001799460162	0.00037488753373987805	0.00014995501349595122	0.0002749175247425772	0.00011246626012196342	0.0014620613815855244	0.0001749475157452764	0.00022493252024392683	0.0002624212736179146	0.0003373987803658902
_scratch_st-cdeboer-1_asfar_VLPs_results_crispresso_aggregated_spacer_AYBE_rep1_.staging_CRISPRessoPooled_on_AYBE_D2_rep1_CRISPResso_on_B2M	Insertions	0.0	0.0	0.0	0.0	0.0	0.0	0.0	0.0	0.0	0.000877505690075959	0.000877505690075959	0.0	0.0	2.742205281487372e-05	0.0001371102640743686	0.00010968821125949488	0.0	0.0	0.0	0.0
_scratch_st-cdeboer-1_asfar_VLPs_results_crispresso_aggregated_spacer_AYBE_rep1_.staging_CRISPRessoPooled_on_AYBE_D2_rep1_CRISPResso_on_B2M	Insertions_Left	0.0	0.0	0.0	0.0	0.0	0.0	0.0	0.0	0.0	0.000877505690075959	0.0	0.0	0.0	2.742205281487372e-05	0.00010968821125949488	0.0	0.0	0.0	0.0	0.0
_scratch_st-cdeboer-1_asfar_VLPs_results_crispresso_aggregated_spacer_AYBE_rep1_.staging_CRISPRessoPooled_on_AYBE_D2_rep1_CRISPResso_on_B2M	Deletions	2.742205281487372e-05	8.226615844462117e-05	5.484410562974744e-05	5.484410562974744e-05	8.226615844462117e-05	8.226615844462117e-05	8.226615844462117e-05	8.226615844462117e-05	0.0002742205281487372	0.00010968821125949488	0.00010968821125949488	5.484410562974744e-05	8.226615844462117e-05	8.226615844462117e-05	0.00010968821125949488	0.00010968821125949488	0.00010968821125949488	0.00010968821125949488	0.00010968821125949488	8.226615844462117e-05
_scratch_st-cdeboer-1_asfar_VLPs_results_crispresso_aggregated_spacer_AYBE_rep1_.staging_CRISPRessoPooled_on_AYBE_D2_rep1_CRISPResso_on_B2M	Substitutions	0.00032906463377848467	0.0005484410562974744	0.00032906463377848467	0.00030164258096361096	8.226615844462117e-05	0.00010968821125949488	0.0019469657498560342	0.00021937642251898976	0.005621520827049113	0.00030164258096361096	0.0008226615844462116	0.0002742205281487372	0.00032906463377848467	0.00030164258096361096	0.00010968821125949488	0.3194943373460937	0.0005210190034826007	0.00021937642251898976	0.00019195436970411605	0.0025776729645981297
_scratch_st-cdeboer-1_asfar_VLPs_results_crispresso_aggregated_spacer_AYBE_rep1_.staging_CRISPRessoPooled_on_AYBE_D2_rep1_CRISPResso_on_B2M	All_modifications	0.0003564866865933584	0.0006307072147420956	0.0003839087394082321	0.0003564866865933584	0.00016453231688924233	0.00019195436970411605	0.0020292319083006554	0.00030164258096361096	0.00589574135519785	0.0012888364822990649	0.0018098554857816655	0.00032906463377848467	0.0004113307922231058	0.0004113307922231058	0.0003564866865933584	0.31971371376861274	0.0006307072147420956	0.00032906463377848467	0.00030164258096361096	0.002659939123042751
_scratch_st-cdeboer-1_asfar_VLPs_results_crispresso_aggregated_spacer_AYBE_rep1_.staging_CRISPRessoPooled_on_AYBE_D3_rep1_CRISPResso_on_B2M	Insertions	0.0	0.0	0.0	0.0	0.0	0.0	6.264251171414969e-05	7.517101405697962e-05	0.00013781352577112933	0.001816632839710341	0.0016913478162820417	0.0	0.0	0.0	0.0001628705304567892	0.0001628705304567892	0.0	0.0	3.758550702848981e-05	5.0114009371319755e-05
_scratch_st-cdeboer-1_asfar_VLPs_results_crispresso_aggregated_spacer_AYBE_rep1_.staging_CRISPRessoPooled_on_AYBE_D3_rep1_CRISPResso_on_B2M	Insertions_Left	0.0	0.0	0.0	0.0	0.0	0.0	6.264251171414969e-05	1.2528502342829939e-05	0.00012528502342829938	0.0016913478162820417	0.0	0.0	0.0	0.0	0.0001628705304567892	0.0	0.0	0.0	3.758550702848981e-05	1.2528502342829939e-05
_scratch_st-cdeboer-1_asfar_VLPs_results_crispresso_aggregated_spacer_AYBE_rep1_.staging_CRISPRessoPooled_on_AYBE_D3_rep1_CRISPResso_on_B2M	Deletions	0.00017539903279961913	0.00022551304217093888	0.00021298453982810894	0.00017539903279961913	0.00027562705154225866	0.00027562705154225866	0.00038838357262772807	0.00046355458668470773	0.0004886115913703676	0.00046355458668470773	0.0005011400937131975	0.00037585507028489815	0.0003633265679420682	0.0002630985491994287	0.00025057004685659877	0.0003257410609135784	0.0003006840562279185	0.0001628705304567892	8.769951639980957e-05	0.00011275652108546944
_scratch_st-cdeboer-1_asfar_VLPs_results_crispresso_aggregated_spacer_AYBE_rep1_.staging_CRISPRessoPooled_on_AYBE_D3_rep1_CRISPResso_on_B2M	Substitutions	0.0004259690796562179	0.0005888396101130071	0.0003633265679420682	0.00031321255857074846	0.00021298453982810894	0.00023804154451376882	0.003695908191134832	0.0002881555538850886	0.01001027337192112	0.0002881555538850886	0.0010899797038262046	0.00027562705154225866	0.0002630985491994287	0.0003006840562279185	0.0002881555538850886	0.4289633917161543	0.000601368112455837	0.00035079806559923827	0.00037585507028489815	0.003069483073993335
_scratch_st-cdeboer-1_asfar_VLPs_results_crispresso_aggregated_spacer_AYBE_rep1_.staging_CRISPRessoPooled_on_AYBE_D3_rep1_CRISPResso_on_B2M	All_modifications	0.000601368112455837	0.000814352652283946	0.0005763111077701771	0.0004886115913703676	0.0004886115913703676	0.0005136685960560275	0.00414693427547671	0.0008268811546267759	0.010636698489062617	0.0025683429802801374	0.0032824676138214436	0.0006514821218271568	0.0006264251171414969	0.0005637826054273472	0.0007015961311984765	0.42945200330752464	0.0009020521686837555	0.0005136685960560275	0.0005011400937131975	0.003232353604450124
_scratch_st-cdeboer-1_asfar_VLPs_results_crispresso_aggregated_spacer_AYBE_rep1_.staging_CRISPRessoPooled_on_AYBE_D4_rep1_CRISPResso_on_B2M	Insertions	0.0	0.0	0.0	0.0	0.0	0.0	0.0	8.364700961940611e-05	8.364700961940611e-05	0.0013906315349226266	0.0013906315349226266	0.0	0.0	0.0	0.0005437055625261397	0.0007214554579673776	0.0002509410288582183	7.319113341698034e-05	0.0	0.0
_scratch_st-cdeboer-1_asfar_VLPs_results_crispresso_aggregated_spacer_AYBE_rep1_.staging_CRISPRessoPooled_on_AYBE_D4_rep1_CRISPResso_on_B2M	Insertions_Left	0.0	0.0	0.0	0.0	0.0	0.0	0.0	8.364700961940611e-05	0.0	0.0013906315349226266	0.0	0.0	0.0	0.0	0.0005437055625261397	0.00017774989544123797	7.319113341698034e-05	0.0	0.0	0.0
_scratch_st-cdeboer-1_asfar_VLPs_results_crispresso_aggregated_spacer_AYBE_rep1_.staging_CRISPRessoPooled_on_AYBE_D4_rep1_CRISPResso_on_B2M	Deletions	1.0455876202425764e-05	0.00015683814303638644	9.410288582183188e-05	9.410288582183188e-05	0.00015683814303638644	0.00015683814303638644	0.00014638226683396068	0.00014638226683396068	0.0002300292764533668	0.00014638226683396068	0.00061689669594312	0.0005018820577164366	0.0005018820577164366	0.0005123379339188624	0.0005123379339188624	0.00044960267670430783	0.00044960267670430783	0.00035549979088247594	0.00035549979088247594	0.00035549979088247594
_scratch_st-cdeboer-1_asfar_VLPs_results_crispresso_aggregated_spacer_AYBE_rep1_.staging_CRISPRessoPooled_on_AYBE_D4_rep1_CRISPResso_on_B2M	Substitutions	0.00035549979088247594	0.0005541614387285655	0.00029276453366792137	0.00021957340025094104	0.00021957340025094104	0.00020911752404851526	0.0034608950230029275	0.00020911752404851526	0.01137599330823923	0.00029276453366792137	0.001986616478460895	0.00018820577164366375	0.0001986616478460895	0.000397323295692179	0.00061689669594312	0.64155165202844	0.0011606022584692598	0.0003136762860727729	0.0002300292764533668	0.004914261815140109
_scratch_st-cdeboer-1_asfar_VLPs_results_crispresso_aggregated_spacer_AYBE_rep1_.staging_CRISPRessoPooled_on_AYBE_D4_rep1_CRISPResso_on_B2M	All_modifications	0.0003659556670849017	0.0007109995817649519	0.00038686741948975326	0.0003136762860727729	0.0003764115432873275	0.0003659556670849017	0.0036072772898368883	0.0004391468005018821	0.011689669594312004	0.0018297783354245085	0.0039941447093266415	0.0006900878293601004	0.0007005437055625261	0.0009096612296110414	0.001672940192388122	0.6427227101631117	0.0018611459640317859	0.0007423672103722291	0.0005855290673358427	0.005269761606022585
_scratch_st-cdeboer-1_asfar_VLPs_results_crispresso_aggregated_spacer_AYBE_rep1_.staging_CRISPRessoPooled_on_AYBE_D5_rep1_CRISPResso_on_B2M	Insertions	0.0	0.0	0.0	0.0	0.0	0.0	0.0	0.0	0.0	0.0011980830670926517	0.0011980830670926517	0.0	0.0	0.0	0.00019968051118210862	0.00019968051118210862	0.0	0.0	0.0	0.0
_scratch_st-cdeboer-1_asfar_VLPs_results_crispresso_aggregated_spacer_AYBE_rep1_.staging_CRISPRessoPooled_on_AYBE_D5_rep1_CRISPResso_on_B2M	Insertions_Left	0.0	0.0	0.0	0.0	0.0	0.0	0.0	0.0	0.0	0.0011980830670926517	0.0	0.0	0.0	0.0	0.00019968051118210862	0.0	0.0	0.0	0.0	0.0
_scratch_st-cdeboer-1_asfar_VLPs_results_crispresso_aggregated_spacer_AYBE_rep1_.staging_CRISPRessoPooled_on_AYBE_D5_rep1_CRISPResso_on_B2M	Deletions	0.0	0.0	0.0	0.0	0.0	0.0	0.00019968051118210862	0.00019968051118210862	0.00019968051118210862	0.0	0.00019968051118210862	0.00019968051118210862	0.00019968051118210862	0.00019968051118210862	0.00019968051118210862	0.00019968051118210862	0.00019968051118210862	0.00019968051118210862	0.00019968051118210862	0.00019968051118210862
_scratch_st-cdeboer-1_asfar_VLPs_results_crispresso_aggregated_spacer_AYBE_rep1_.staging_CRISPRessoPooled_on_AYBE_D5_rep1_CRISPResso_on_B2M	Substitutions	0.00019968051118210862	0.00019968051118210862	0.0	0.0005990415335463259	0.00019968051118210862	0.0	0.002595846645367412	0.0	0.011182108626198083	0.0	0.000998402555910543	0.00039936102236421724	0.0	0.00039936102236421724	0.00039936102236421724	0.44349041533546324	0.00039936102236421724	0.00019968051118210862	0.0007987220447284345	0.0029952076677316293
_scratch_st-cdeboer-1_asfar_VLPs_results_crispresso_aggregated_spacer_AYBE_rep1_.staging_CRISPRessoPooled_on_AYBE_D5_rep1_CRISPResso_on_B2M	All_modifications	0.00019968051118210862	0.00019968051118210862	0.0	0.0005990415335463259	0.00019968051118210862	0.0	0.0027955271565495207	0.00019968051118210862	0.011381789137380192	0.0011980830670926517	0.0023961661341853034	0.0005990415335463259	0.00019968051118210862	0.0005990415335463259	0.0007987220447284345	0.4438897763578275	0.0005990415335463259	0.00039936102236421724	0.000998402555910543	0.003194888178913738
