Folder	Modification	G	G	C	C	C	A	G	A	C	T	G	A	G	C	A	C	G	T	G	A
_scratch_st-cdeboer-1_asfar_VLPs_results_crispresso_aggregated_spacer_CBE6d_rep2_.staging_CRISPRessoPooled_on_CBE6d_D0_rep2_CRISPResso_on_HEK3	Insertions	0.0	0.0	0.0	0.0	0.0	0.0	0.0	0.0	0.0	0.0	0.0	0.0	0.0	0.0	0.0	0.0	0.0	0.0	0.0	0.0
_scratch_st-cdeboer-1_asfar_VLPs_results_crispresso_aggregated_spacer_CBE6d_rep2_.staging_CRISPRessoPooled_on_CBE6d_D0_rep2_CRISPResso_on_HEK3	Insertions_Left	0.0	0.0	0.0	0.0	0.0	0.0	0.0	0.0	0.0	0.0	0.0	0.0	0.0	0.0	0.0	0.0	0.0	0.0	0.0	0.0
_scratch_st-cdeboer-1_asfar_VLPs_results_crispresso_aggregated_spacer_CBE6d_rep2_.staging_CRISPRessoPooled_on_CBE6d_D0_rep2_CRISPResso_on_HEK3	Deletions	0.0	8.415737428992215e-05	0.0	0.0	0.0	0.0	0.0	0.0	0.0	0.0	0.0	0.0	0.0	0.0	0.0	0.0	0.0	0.0	0.0	0.0
_scratch_st-cdeboer-1_asfar_VLPs_results_crispresso_aggregated_spacer_CBE6d_rep2_.staging_CRISPRessoPooled_on_CBE6d_D0_rep2_CRISPResso_on_HEK3	Substitutions	0.00012623606143488322	0.00018935409215232484	4.2078687144961075e-05	6.311803071744161e-05	2.1039343572480537e-05	0.00014727540500736376	0.00018935409215232484	0.00010519671786240269	2.1039343572480537e-05	0.00014727540500736376	0.00014727540500736376	0.0001683147485798443	0.00021039343572480537	0.00014727540500736376	6.311803071744161e-05	6.311803071744161e-05	0.00014727540500736376	0.00018935409215232484	0.00010519671786240269	0.000273511466442247
_scratch_st-cdeboer-1_asfar_VLPs_results_crispresso_aggregated_spacer_CBE6d_rep2_.staging_CRISPRessoPooled_on_CBE6d_D0_rep2_CRISPResso_on_HEK3	All_modifications	0.00012623606143488322	0.000273511466442247	4.2078687144961075e-05	6.311803071744161e-05	2.1039343572480537e-05	0.00014727540500736376	0.00018935409215232484	0.00010519671786240269	2.1039343572480537e-05	0.00014727540500736376	0.00014727540500736376	0.0001683147485798443	0.00021039343572480537	0.00014727540500736376	6.311803071744161e-05	6.311803071744161e-05	0.00014727540500736376	0.00018935409215232484	0.00010519671786240269	0.000273511466442247
_scratch_st-cdeboer-1_asfar_VLPs_results_crispresso_aggregated_spacer_CBE6d_rep2_.staging_CRISPRessoPooled_on_CBE6d_D1_rep2_CRISPResso_on_HEK3	Insertions	0.0	0.0	0.0	7.454342154304882e-05	0.0003727171077152441	0.00044726052925829295	0.00014908684308609764	0.0	0.0	0.0031308237048080505	0.0031308237048080505	0.0	0.0	0.00022363026462914648	0.0002981736861721953	7.454342154304882e-05	0.0005963473723443906	0.0005963473723443906	0.00014908684308609764	0.00014908684308609764
_scratch_st-cdeboer-1_asfar_VLPs_results_crispresso_aggregated_spacer_CBE6d_rep2_.staging_CRISPRessoPooled_on_CBE6d_D1_rep2_CRISPResso_on_HEK3	Insertions_Left	0.0	0.0	0.0	7.454342154304882e-05	0.0002981736861721953	0.00014908684308609764	0.0	0.0	0.0	0.0031308237048080505	0.0	0.0	0.0	0.00022363026462914648	7.454342154304882e-05	0.0	0.0005963473723443906	0.0	0.00014908684308609764	0.0
_scratch_st-cdeboer-1_asfar_VLPs_results_crispresso_aggregated_spacer_CBE6d_rep2_.staging_CRISPRessoPooled_on_CBE6d_D1_rep2_CRISPResso_on_HEK3	Deletions	0.006038017144986955	0.01274692508386135	0.008050689526649273	0.009839731643682445	0.04040253447633246	0.008796123742079762	0.008796123742079762	0.008945210585165859	0.0094670145359672	0.007454342154304882	0.006708907938874394	0.006112560566530004	0.005516213194185613	0.004845322400298174	0.004099888184867686	0.003876257920238539	0.0031308237048080505	0.0025344763324636603	0.0024599329109206113	0.0014908684308609765
_scratch_st-cdeboer-1_asfar_VLPs_results_crispresso_aggregated_spacer_CBE6d_rep2_.staging_CRISPRessoPooled_on_CBE6d_D1_rep2_CRISPResso_on_HEK3	Substitutions	0.00022363026462914648	0.006187103988073052	0.07633246366008199	0.1743570629891912	0.11666045471487141	0.0009690644800596348	0.00044726052925829295	0.0007454342154304882	0.0160268356317555	0.0005963473723443906	0.0008199776369735371	0.0010436079016026836	0.0003727171077152441	0.0	0.0003727171077152441	0.00014908684308609764	0.00022363026462914648	0.0002981736861721953	0.00014908684308609764	0.00014908684308609764
_scratch_st-cdeboer-1_asfar_VLPs_results_crispresso_aggregated_spacer_CBE6d_rep2_.staging_CRISPRessoPooled_on_CBE6d_D1_rep2_CRISPResso_on_HEK3	All_modifications	0.006261647409616101	0.0189340290719344	0.08438315318673127	0.1842713380544167	0.15743570629891912	0.01021244875139769	0.009392471114424152	0.009690644800596348	0.0254938501677227	0.011181513231457324	0.010659709280655983	0.007156168468132687	0.005888930301900857	0.0050689526649273205	0.0047707789787551245	0.004099888184867686	0.003950801341781588	0.003428997390980246	0.0027581065970928064	0.0017890421170331718
_scratch_st-cdeboer-1_asfar_VLPs_results_crispresso_aggregated_spacer_CBE6d_rep2_.staging_CRISPRessoPooled_on_CBE6d_D2_rep2_CRISPResso_on_HEK3	Insertions	0.0	0.0003956635277360133	0.0007913270554720266	0.0008704597610192293	0.00118699058320804	0.0010287251721136346	0.0003956635277360133	0.0013452559943024451	0.0013452559943024451	0.008862863021286698	0.008783730315739495	0.0	0.0	0.0	0.0	0.00023739811664160799	0.0003956635277360133	0.0001582654110944053	0.0	0.0
_scratch_st-cdeboer-1_asfar_VLPs_results_crispresso_aggregated_spacer_CBE6d_rep2_.staging_CRISPRessoPooled_on_CBE6d_D2_rep2_CRISPResso_on_HEK3	Insertions_Left	0.0	0.0003956635277360133	0.0003956635277360133	0.00047479623328321597	0.0007121943499248239	0.0003165308221888106	7.913270554720265e-05	0.0012661232887552424	7.913270554720265e-05	0.008783730315739495	0.0	0.0	0.0	0.0	0.0	0.00023739811664160799	0.0001582654110944053	0.0	0.0	0.0
_scratch_st-cdeboer-1_asfar_VLPs_results_crispresso_aggregated_spacer_CBE6d_rep2_.staging_CRISPRessoPooled_on_CBE6d_D2_rep2_CRISPResso_on_HEK3	Deletions	0.012344702065363615	0.01899184933132864	0.014718683231779694	0.01875445121468703	0.09139827490701907	0.01669700087045976	0.01638047004827095	0.01717179710374298	0.01812138957030941	0.015193479465062911	0.015351744876157316	0.012582100182005222	0.011395109598797182	0.01012898631004194	0.008783730315739495	0.008862863021286698	0.00799240326026747	0.006172351032681807	0.005460156682756984	0.003719237160718525
_scratch_st-cdeboer-1_asfar_VLPs_results_crispresso_aggregated_spacer_CBE6d_rep2_.staging_CRISPRessoPooled_on_CBE6d_D2_rep2_CRISPResso_on_HEK3	Substitutions	0.0011078578776608373	0.017013531692648572	0.1755954736092427	0.37049932737200286	0.2346284719474559	0.0005539289388304187	0.0008704597610192293	0.0014243886998496478	0.034976655851863575	0.0007121943499248239	0.0003165308221888106	0.0005539289388304187	0.00023739811664160799	0.0003956635277360133	0.0006330616443776212	0.0005539289388304187	0.00047479623328321597	0.0006330616443776212	0.0001582654110944053	7.913270554720265e-05
_scratch_st-cdeboer-1_asfar_VLPs_results_crispresso_aggregated_spacer_CBE6d_rep2_.staging_CRISPRessoPooled_on_CBE6d_D2_rep2_CRISPResso_on_HEK3	All_modifications	0.013452559943024451	0.036401044551713224	0.19110548389649443	0.3901242383477091	0.327213737437683	0.018279654981403815	0.017646593337026194	0.01994144179789507	0.05444330141647543	0.024768536836274432	0.02445200601408562	0.01313602912083564	0.01163250771543879	0.010524649837777953	0.009416791960117117	0.009654190076758724	0.008862863021286698	0.006963678088153834	0.005618422093851389	0.0037983698662657278
_scratch_st-cdeboer-1_asfar_VLPs_results_crispresso_aggregated_spacer_CBE6d_rep2_.staging_CRISPRessoPooled_on_CBE6d_D3_rep2_CRISPResso_on_HEK3	Insertions	0.00038375089085028235	0.0009319664492078285	0.0008223233375363192	0.0008223233375363192	0.0022476837892659394	0.0022476837892659394	0.0008771448933720739	0.0006030371141933008	0.0004933940025217916	0.010525738720464887	0.010306452497121869	0.0	0.0	0.0	0.00010964311167150923	0.0002741077791787731	0.0018091113425799023	0.0018091113425799023	0.00016446466750726386	0.00016446466750726386
_scratch_st-cdeboer-1_asfar_VLPs_results_crispresso_aggregated_spacer_CBE6d_rep2_.staging_CRISPRessoPooled_on_CBE6d_D3_rep2_CRISPResso_on_HEK3	Insertions_Left	0.00038375089085028235	0.0005482155583575462	0.0002741077791787731	0.0005482155583575462	0.001699468230908393	0.0005482155583575462	0.0003289293350145277	0.0002741077791787731	0.00021928622334301846	0.010306452497121869	0.0	0.0	0.0	0.0	0.00010964311167150923	0.00016446466750726386	0.0016446466750726385	0.00016446466750726386	0.0	0.00016446466750726386
_scratch_st-cdeboer-1_asfar_VLPs_results_crispresso_aggregated_spacer_CBE6d_rep2_.staging_CRISPRessoPooled_on_CBE6d_D3_rep2_CRISPResso_on_HEK3	Deletions	0.020722548105915246	0.03168685927306617	0.025546845019461653	0.03223507483142372	0.12861136999068035	0.02647881146866948	0.025711309686968917	0.025437201907790145	0.026643276136176744	0.02373773367688175	0.02269612411600241	0.02088701277342251	0.018803793651663833	0.016775396085740912	0.014966284743161012	0.013431281179759882	0.010032344717943096	0.008497341154541966	0.007675017817005646	0.006249657365276027
_scratch_st-cdeboer-1_asfar_VLPs_results_crispresso_aggregated_spacer_CBE6d_rep2_.staging_CRISPRessoPooled_on_CBE6d_D3_rep2_CRISPResso_on_HEK3	Substitutions	0.0014253604517296202	0.02576613124280467	0.24368181568992928	0.48637684337481496	0.2947755057288526	0.0009319664492078285	0.001315717340058111	0.001589825119236884	0.05076476070390878	0.00038375089085028235	0.00038375089085028235	0.00038375089085028235	0.00021928622334301846	0.0007675017817005647	0.0003289293350145277	0.00043857244668603693	0.0006030371141933008	0.00038375089085028235	0.00016446466750726386	0.0006578586700290554
_scratch_st-cdeboer-1_asfar_VLPs_results_crispresso_aggregated_spacer_CBE6d_rep2_.staging_CRISPRessoPooled_on_CBE6d_D3_rep2_CRISPResso_on_HEK3	All_modifications	0.02253165944849515	0.05838495696507867	0.27005098404692723	0.519434241543775	0.42563455950879886	0.029658461707143247	0.027904171920399103	0.027630064141220326	0.07790143084260731	0.03464722328819692	0.033386327503974564	0.02127076366427279	0.019023079875006853	0.017542897867441478	0.015404857189847047	0.014143961405624692	0.012444493174716298	0.010690203387972151	0.008003947152020175	0.007071980702812346
_scratch_st-cdeboer-1_asfar_VLPs_results_crispresso_aggregated_spacer_CBE6d_rep2_.staging_CRISPRessoPooled_on_CBE6d_D4_rep2_CRISPResso_on_HEK3	Insertions	0.0001290822253775655	6.454111268878275e-05	6.454111268878275e-05	0.0016780689299083517	0.002388021169484962	0.0014844455918420034	0.0012262811410868723	0.0006454111268878275	0.0006454111268878275	0.01032657803020524	0.009939331354072545	0.0001290822253775655	6.454111268878275e-05	0.0001290822253775655	0.00019362333806634827	0.00038724667613269654	0.0014199044791532206	0.0014844455918420034	0.00038724667613269654	0.0
_scratch_st-cdeboer-1_asfar_VLPs_results_crispresso_aggregated_spacer_CBE6d_rep2_.staging_CRISPRessoPooled_on_CBE6d_D4_rep2_CRISPResso_on_HEK3	Insertions_Left	0.0	6.454111268878275e-05	0.0	0.0016780689299083517	0.0007099522395766103	0.0007744933522653931	0.00045178778882147926	0.00019362333806634827	0.00045178778882147926	0.009874790241383762	6.454111268878275e-05	6.454111268878275e-05	0.0	0.0001290822253775655	6.454111268878275e-05	0.00032270556344391377	0.0010971989157093067	0.00038724667613269654	0.0	0.0
_scratch_st-cdeboer-1_asfar_VLPs_results_crispresso_aggregated_spacer_CBE6d_rep2_.staging_CRISPRessoPooled_on_CBE6d_D4_rep2_CRISPResso_on_HEK3	Deletions	0.020007744933522652	0.0318187685555699	0.025171033948625274	0.03349683748547825	0.15173615593132825	0.03001161740028398	0.03117335742868207	0.03220601523170259	0.0336904608235446	0.02923712404801859	0.028010842906931715	0.024977410610558925	0.022395766103007617	0.019362333806634827	0.01548986704530786	0.014134503678843424	0.01174648250935846	0.009552084677939847	0.008842132438363237	0.006841357945010972
_scratch_st-cdeboer-1_asfar_VLPs_results_crispresso_aggregated_spacer_CBE6d_rep2_.staging_CRISPRessoPooled_on_CBE6d_D4_rep2_CRISPResso_on_HEK3	Substitutions	0.001807151155285917	0.029882535174906414	0.3076029430747386	0.6046211436685168	0.37220859687621016	0.0015489867045307862	0.001290822253775655	0.0009035755776429585	0.07286691622563574	0.0006454111268878275	0.0009681166903317413	0.0008390344649541759	0.0009035755776429585	0.001032657803020524	0.00045178778882147926	0.0009681166903317413	0.0007744933522653931	0.0007099522395766103	0.00045178778882147926	0.000516328901510262
_scratch_st-cdeboer-1_asfar_VLPs_results_crispresso_aggregated_spacer_CBE6d_rep2_.staging_CRISPRessoPooled_on_CBE6d_D4_rep2_CRISPResso_on_HEK3	All_modifications	0.021943978314186135	0.061765844843165094	0.33283851813605264	0.6397960500839035	0.5263327739770234	0.03304504969665677	0.0336904608235446	0.03375500193623338	0.10720278817606815	0.040209113205111655	0.038918290951336004	0.025945527300890666	0.02336388279333936	0.020524073835032915	0.016135278172195688	0.01548986704530786	0.013940880340777074	0.01174648250935846	0.009681166903317414	0.007357686846521234
_scratch_st-cdeboer-1_asfar_VLPs_results_crispresso_aggregated_spacer_CBE6d_rep2_.staging_CRISPRessoPooled_on_CBE6d_D5_rep2_CRISPResso_on_HEK3	Insertions	0.00011366219595362583	0.0004167613851632947	0.0007577479730241721	0.0010229597635826324	0.0017049329393043875	0.0013260589527923012	0.0007577479730241721	0.0013260589527923012	0.0014397211487459272	0.011631431385921043	0.011063120406152914	0.00015154959460483443	0.00011366219595362583	3.788739865120861e-05	7.577479730241721e-05	0.00030309918920966885	0.0012502841554898842	0.0009850723649314239	0.0	0.0
_scratch_st-cdeboer-1_asfar_VLPs_results_crispresso_aggregated_spacer_CBE6d_rep2_.staging_CRISPRessoPooled_on_CBE6d_D5_rep2_CRISPResso_on_HEK3	Insertions_Left	3.788739865120861e-05	0.00037887398651208605	0.00037887398651208605	0.0006440857770705463	0.0010608471622338411	0.0002652117905584603	0.0004925361824657119	0.0008335227703265894	0.0006061983784193377	0.011025233007501705	3.788739865120861e-05	0.00011366219595362583	0.0	3.788739865120861e-05	3.788739865120861e-05	0.0002652117905584603	0.0009850723649314239	0.0	0.0	0.0
_scratch_st-cdeboer-1_asfar_VLPs_results_crispresso_aggregated_spacer_CBE6d_rep2_.staging_CRISPRessoPooled_on_CBE6d_D5_rep2_CRISPResso_on_HEK3	Deletions	0.02265666439342275	0.031939077062968856	0.028453436387057666	0.0383041600363719	0.16484807153140865	0.03292414942790028	0.03375767219822687	0.033075699022505116	0.0338713343941805	0.028377661589755247	0.0272789270288702	0.024020610744866257	0.02235356520421308	0.01985299689323331	0.016784117602485413	0.015079184663181026	0.011631431385921043	0.009396074865499735	0.008145790710009851	0.005493672804425248
_scratch_st-cdeboer-1_asfar_VLPs_results_crispresso_aggregated_spacer_CBE6d_rep2_.staging_CRISPRessoPooled_on_CBE6d_D5_rep2_CRISPResso_on_HEK3	Substitutions	0.002803667500189437	0.032431613245434567	0.3265893763734182	0.6276047586572706	0.3758051072213382	0.0020459195271652648	0.0014776085473971357	0.001932257331211639	0.07240281882245965	0.0006440857770705463	0.0006440857770705463	0.0011366219595362582	0.0006440857770705463	0.0007956353716753807	0.0002652117905584603	0.0004546487838145033	0.0004546487838145033	0.0004925361824657119	0.0003409865878608775	0.0004167613851632947
_scratch_st-cdeboer-1_asfar_VLPs_results_crispresso_aggregated_spacer_CBE6d_rep2_.staging_CRISPRessoPooled_on_CBE6d_D5_rep2_CRISPResso_on_HEK3	All_modifications	0.02557399408956581	0.06478745169356671	0.3558005607335	0.6669318784572251	0.5423581116920512	0.03629612790785785	0.03599302871864818	0.03633401530650906	0.10771387436538607	0.040653178752746835	0.038986133212093654	0.02530878229900735	0.02311131317723725	0.0206865196635599	0.01712510419034629	0.015836932636205198	0.01333636432522543	0.01087368341289687	0.008486777297870729	0.005910434189588543
