Folder	Modification	G	G	C	C	C	A	G	A	C	T	G	A	G	C	A	C	G	T	G	A
_scratch_st-cdeboer-1_asfar_VLPs_results_crispresso_aggregated_spacer_CBE6d_rep3_.staging_CRISPRessoPooled_on_CBE6d_D0_rep3_CRISPResso_on_HEK3	Insertions	0.0	0.0	0.0	0.0	0.0	0.0	0.0	0.0	0.0	0.0	0.0	0.0	0.0	0.0	0.0	0.0	0.0	0.0	0.0	0.0
_scratch_st-cdeboer-1_asfar_VLPs_results_crispresso_aggregated_spacer_CBE6d_rep3_.staging_CRISPRessoPooled_on_CBE6d_D0_rep3_CRISPResso_on_HEK3	Insertions_Left	0.0	0.0	0.0	0.0	0.0	0.0	0.0	0.0	0.0	0.0	0.0	0.0	0.0	0.0	0.0	0.0	0.0	0.0	0.0	0.0
_scratch_st-cdeboer-1_asfar_VLPs_results_crispresso_aggregated_spacer_CBE6d_rep3_.staging_CRISPRessoPooled_on_CBE6d_D0_rep3_CRISPResso_on_HEK3	Deletions	0.0	5.263342573423629e-05	0.0	0.0	7.017790097898172e-05	0.0	0.0	0.0	0.0	0.0	0.0	0.0	0.0	1.754447524474543e-05	0.0	0.0	0.0	0.0	0.0	0.0
_scratch_st-cdeboer-1_asfar_VLPs_results_crispresso_aggregated_spacer_CBE6d_rep3_.staging_CRISPRessoPooled_on_CBE6d_D0_rep3_CRISPResso_on_HEK3	Substitutions	0.00014035580195796344	0.00021053370293694517	8.772237622372715e-05	0.0	5.263342573423629e-05	0.0001754447524474543	0.0001754447524474543	8.772237622372715e-05	1.754447524474543e-05	0.00012281132671321802	0.00010526685146847258	0.000368433980139654	0.00010526685146847258	3.508895048949086e-05	0.00012281132671321802	0.00014035580195796344	0.0001754447524474543	8.772237622372715e-05	0.00014035580195796344	0.00019298922769219972
_scratch_st-cdeboer-1_asfar_VLPs_results_crispresso_aggregated_spacer_CBE6d_rep3_.staging_CRISPRessoPooled_on_CBE6d_D0_rep3_CRISPResso_on_HEK3	All_modifications	0.00014035580195796344	0.0002631671286711814	8.772237622372715e-05	0.0	0.00012281132671321802	0.0001754447524474543	0.0001754447524474543	8.772237622372715e-05	1.754447524474543e-05	0.00012281132671321802	0.00010526685146847258	0.000368433980139654	0.00010526685146847258	5.263342573423629e-05	0.00012281132671321802	0.00014035580195796344	0.0001754447524474543	8.772237622372715e-05	0.00014035580195796344	0.00019298922769219972
_scratch_st-cdeboer-1_asfar_VLPs_results_crispresso_aggregated_spacer_CBE6d_rep3_.staging_CRISPRessoPooled_on_CBE6d_D1_rep3_CRISPResso_on_HEK3	Insertions	1.9473248624701815e-05	0.00018499586193466725	0.00016552261330996543	0.00017525923762231634	0.0002628888564334745	0.00033104522661993086	0.0004770945913051945	0.0003992015968063872	0.00021420573487171998	0.002735991431770605	0.0026873083102088506	0.0	0.0	3.894649724940363e-05	0.00018499586193466725	0.00020446911055936907	0.0002628888564334745	0.00020446911055936907	0.0	0.0
_scratch_st-cdeboer-1_asfar_VLPs_results_crispresso_aggregated_spacer_CBE6d_rep3_.staging_CRISPRessoPooled_on_CBE6d_D1_rep3_CRISPResso_on_HEK3	Insertions_Left	1.9473248624701815e-05	0.00016552261330996543	0.0	0.00017525923762231634	8.762961881115817e-05	0.00024341560780877269	0.0002336789834964218	0.00016552261330996543	4.868312156175454e-05	0.0026873083102088506	0.0	0.0	0.0	3.894649724940363e-05	0.0001460493646852636	5.841974587410545e-05	0.00020446911055936907	0.0	0.0	0.0
_scratch_st-cdeboer-1_asfar_VLPs_results_crispresso_aggregated_spacer_CBE6d_rep3_.staging_CRISPRessoPooled_on_CBE6d_D1_rep3_CRISPResso_on_HEK3	Deletions	0.00654301153789981	0.011557373058760527	0.007954822063190693	0.01030134852246726	0.045168200184995864	0.009249793096733362	0.009600311571977995	0.009765834185287961	0.009600311571977995	0.00847086315174529	0.008811645002677572	0.007760089576943674	0.006990896256267952	0.006358015675965143	0.005559612482352368	0.004946205150674262	0.004021225841000925	0.0034467650065722216	0.002979407039579378	0.002219950343216007
_scratch_st-cdeboer-1_asfar_VLPs_results_crispresso_aggregated_spacer_CBE6d_rep3_.staging_CRISPRessoPooled_on_CBE6d_D1_rep3_CRISPResso_on_HEK3	Substitutions	0.0005160410885545981	0.007253785112701427	0.08646122389367607	0.1915291368482547	0.12381091475585415	0.0005939340830534054	0.0003992015968063872	0.000525777712866949	0.01564675526994791	0.00030183535368287815	0.00019473248624701816	0.0003602550995569836	0.00010710286743585999	0.0002336789834964218	0.0001265761160605618	0.0001265761160605618	0.00037972834818168544	0.0002336789834964218	0.00015578598899761452	0.0002336789834964218
_scratch_st-cdeboer-1_asfar_VLPs_results_crispresso_aggregated_spacer_CBE6d_rep3_.staging_CRISPRessoPooled_on_CBE6d_D1_rep3_CRISPResso_on_HEK3	All_modifications	0.00707852587507911	0.01899615403339662	0.09458156857017672	0.20200574460834428	0.1692420037972835	0.010174772406406699	0.010476607760089577	0.010690813494961296	0.025461272576797624	0.011508689937198772	0.01169368579913344	0.008120344676500657	0.007097999123703812	0.0066306411567109685	0.0058711844603475975	0.005277250377294192	0.004663843045616085	0.0038849131006280123	0.0031351930285769924	0.002453629326712429
_scratch_st-cdeboer-1_asfar_VLPs_results_crispresso_aggregated_spacer_CBE6d_rep3_.staging_CRISPRessoPooled_on_CBE6d_D2_rep3_CRISPResso_on_HEK3	Insertions	8.747503316761674e-05	0.0005321397851030019	0.0006487731626598241	0.00062690440436792	0.0006706419209517283	0.0005831668877841116	0.0010059628814275926	0.0008820399177734688	0.00040092723535157675	0.005430741642489539	0.005284949920543512	3.6447930486506976e-05	3.6447930486506976e-05	0.0	0.0001822396524325349	0.0002842938577947544	0.0006925106792436325	0.000590456473881413	2.1868758291904184e-05	2.1868758291904184e-05
_scratch_st-cdeboer-1_asfar_VLPs_results_crispresso_aggregated_spacer_CBE6d_rep3_.staging_CRISPRessoPooled_on_CBE6d_D2_rep3_CRISPResso_on_HEK3	Insertions_Left	4.373751658380837e-05	0.0004884022685191935	0.0001603708941406307	0.0004665335102272893	0.00020410841072443907	0.00037905847705967257	0.00062690440436792	0.00025513551340554884	0.0001457917219460279	0.005284949920543512	0.0	3.6447930486506976e-05	0.0	0.0	0.0001822396524325349	0.00010205420536221953	0.000590456473881413	0.0	2.1868758291904184e-05	0.0
_scratch_st-cdeboer-1_asfar_VLPs_results_crispresso_aggregated_spacer_CBE6d_rep3_.staging_CRISPRessoPooled_on_CBE6d_D2_rep3_CRISPResso_on_HEK3	Deletions	0.013310784213672348	0.021176247612660553	0.016999314778906854	0.021810441603125775	0.09489583181466957	0.019470484465892026	0.019711040807102974	0.020680555758044058	0.021460541470455306	0.019302823985654093	0.0193319823300433	0.01781574842180461	0.01592774562260355	0.014178244959251214	0.011721654444460643	0.010409528946946392	0.008062282223615344	0.006115962735635871	0.0051391581985974835	0.003958245250834658
_scratch_st-cdeboer-1_asfar_VLPs_results_crispresso_aggregated_spacer_CBE6d_rep3_.staging_CRISPRessoPooled_on_CBE6d_D2_rep3_CRISPResso_on_HEK3	Substitutions	0.0013339942558061554	0.01817293814057238	0.18416410316222245	0.3860564797130819	0.2382382528320042	0.0011007275006925106	0.0008310128150923591	0.001290256739222347	0.03645522007260428	0.0006196148182706186	0.00040092723535157675	0.0006779315070490297	0.0005175606129083991	0.0003644793048650698	0.00047382309632459067	0.0005248501990057005	0.0007726961263139479	0.00034990013267046695	0.00033532096047586416	0.0003061626160866586
_scratch_st-cdeboer-1_asfar_VLPs_results_crispresso_aggregated_spacer_CBE6d_rep3_.staging_CRISPRessoPooled_on_CBE6d_D2_rep3_CRISPResso_on_HEK3	All_modifications	0.01473225350264612	0.039881325538335934	0.20181219110378912	0.4084938257205756	0.3338047265676255	0.02115437885436865	0.021548016503622924	0.022852852415039874	0.05831668877841116	0.025353180446414252	0.02501785948593839	0.018530127859340148	0.016481754165998456	0.014542724264116284	0.01237771719321777	0.011218673003746847	0.009527489029172923	0.0070563193421877505	0.005496347917365252	0.00428627662521322
_scratch_st-cdeboer-1_asfar_VLPs_results_crispresso_aggregated_spacer_CBE6d_rep3_.staging_CRISPRessoPooled_on_CBE6d_D3_rep3_CRISPResso_on_HEK3	Insertions	0.00015080965935868192	0.0005089826003355515	0.0007728995042132449	0.0010556676155107734	0.0016777574603653363	0.0015835014232661601	0.0013572869342281372	0.0013949893490678078	0.0008483043338925858	0.007182310026957226	0.006937244330499369	0.0	5.655362225950572e-05	0.00016966086677851715	0.00013195845193884667	3.770241483967048e-05	0.0005655362225950572	0.0006032386374347277	7.540482967934096e-05	5.655362225950572e-05
_scratch_st-cdeboer-1_asfar_VLPs_results_crispresso_aggregated_spacer_CBE6d_rep3_.staging_CRISPRessoPooled_on_CBE6d_D3_rep3_CRISPResso_on_HEK3	Insertions_Left	0.00013195845193884667	0.0003770241483967048	0.00039587535581654004	0.0006597922596942334	0.001017965200671103	0.0005655362225950572	0.0007917507116330801	0.0006032386374347277	0.0002450656964578581	0.006937244330499369	0.0	0.0	5.655362225950572e-05	0.00011310724451901144	1.885120741983524e-05	1.885120741983524e-05	0.000546685015175222	5.655362225950572e-05	1.885120741983524e-05	3.770241483967048e-05
_scratch_st-cdeboer-1_asfar_VLPs_results_crispresso_aggregated_spacer_CBE6d_rep3_.staging_CRISPRessoPooled_on_CBE6d_D3_rep3_CRISPResso_on_HEK3	Deletions	0.017550474107866608	0.02816370388523385	0.02215016871830641	0.02950213961204215	0.12417290327445472	0.027221143514242086	0.028465323203951214	0.027862084566516485	0.028861198559767754	0.024713932927404002	0.0227345561483213	0.020095387109544366	0.017701283767225292	0.016193187173638473	0.013327803645823515	0.012140177578373894	0.009519859747016796	0.00744622693083492	0.006390559315324147	0.005259486870134032
_scratch_st-cdeboer-1_asfar_VLPs_results_crispresso_aggregated_spacer_CBE6d_rep3_.staging_CRISPRessoPooled_on_CBE6d_D3_rep3_CRISPResso_on_HEK3	Substitutions	0.0019793767790827004	0.02186740060700888	0.23132316624879823	0.48291138047391935	0.2821083190378344	0.0009048579561520915	0.0009991139932512677	0.001640055045525666	0.05054008709257828	0.00043357777065621055	0.000622089844854563	0.0009048579561520915	0.0005843874300148924	0.0003581729409768696	0.0003770241483967048	0.0002827681112975286	0.0005843874300148924	0.0003770241483967048	0.00022621448903802289	0.00022621448903802289
_scratch_st-cdeboer-1_asfar_VLPs_results_crispresso_aggregated_spacer_CBE6d_rep3_.staging_CRISPRessoPooled_on_CBE6d_D3_rep3_CRISPResso_on_HEK3	All_modifications	0.01968066054630799	0.05054008709257828	0.2542462344713179	0.5134691877014723	0.40795897977265444	0.02970950289366034	0.030821724131430618	0.03089712896110996	0.08024958998623861	0.03232982072501744	0.030293890323675233	0.02100024506569646	0.018342224819499688	0.016721020981393858	0.013836786246159067	0.012460648104511094	0.010669783399626745	0.008426489716666352	0.00669217863404151	0.005542254981431561
_scratch_st-cdeboer-1_asfar_VLPs_results_crispresso_aggregated_spacer_CBE6d_rep3_.staging_CRISPRessoPooled_on_CBE6d_D4_rep3_CRISPResso_on_HEK3	Insertions	0.0001540496946191348	0.0003805933631766859	0.0008789894340032985	0.0021023252442140747	0.0026822770357214057	0.00199358428330645	0.0014498794787683273	0.0008608659405186943	0.0005799517915073309	0.01155372709643511	0.01138155390833137	8.155572068071842e-05	4.530873371151023e-05	0.00020842017507294707	0.00031716113598057163	0.0003805933631766859	0.0017126701342950867	0.001567682186418254	8.155572068071842e-05	0.0
_scratch_st-cdeboer-1_asfar_VLPs_results_crispresso_aggregated_spacer_CBE6d_rep3_.staging_CRISPRessoPooled_on_CBE6d_D4_rep3_CRISPResso_on_HEK3	Insertions_Left	0.0	0.0003805933631766859	0.0004983960708266125	0.0016039291733874622	0.0010783478623339435	0.0009152364209725067	0.0005346430577958208	0.00032622288272287367	0.0002537289087844573	0.011299998187650652	8.155572068071842e-05	0.0	4.530873371151023e-05	0.00016311144136143684	0.0001540496946191348	0.00022654366855755115	0.0014861264657375355	8.155572068071842e-05	0.0	0.0
_scratch_st-cdeboer-1_asfar_VLPs_results_crispresso_aggregated_spacer_CBE6d_rep3_.staging_CRISPRessoPooled_on_CBE6d_D4_rep3_CRISPResso_on_HEK3	Deletions	0.021902241876144046	0.03245917683092593	0.027701759791217355	0.036129184261558256	0.16058321402033457	0.032114830454718454	0.03307537560940247	0.03334722801167153	0.03493303369157439	0.030347789839969552	0.030220925385577323	0.026895264331152472	0.02413143157475035	0.021938488863113254	0.018594704315203797	0.017063269115754752	0.013347952951410913	0.010375700019935843	0.00917048770320967	0.007050038965510992
_scratch_st-cdeboer-1_asfar_VLPs_results_crispresso_aggregated_spacer_CBE6d_rep3_.staging_CRISPRessoPooled_on_CBE6d_D4_rep3_CRISPResso_on_HEK3	Substitutions	0.0028906972107943527	0.029994381717019774	0.32750058901353823	0.6185004621490838	0.3748210305018395	0.0011055331025608497	0.0014951882124798377	0.0018214110952027114	0.0717418489588053	0.00041684035014589413	0.0007611867263533718	0.0008699276872609964	0.0007702484730956739	0.000779310219837976	0.0005165195643112166	0.0009424216611994127	0.0010692861155916415	0.0006071370317342371	0.0002809141490113634	0.00034434637620747775
_scratch_st-cdeboer-1_asfar_VLPs_results_crispresso_aggregated_spacer_CBE6d_rep3_.staging_CRISPRessoPooled_on_CBE6d_D4_rep3_CRISPResso_on_HEK3	All_modifications	0.024946988781557534	0.06283415191112239	0.3560813382387589	0.6567319716548562	0.5380865215578955	0.03521394784058575	0.036020443300650636	0.03602950504739293	0.10725483444188702	0.042318357286550555	0.042363666020262064	0.027846747739094187	0.024946988781557534	0.022926219258024176	0.019428385015495587	0.01838628414013085	0.016129909201297643	0.012550519238088333	0.009532957572901752	0.007394385341718469
_scratch_st-cdeboer-1_asfar_VLPs_results_crispresso_aggregated_spacer_CBE6d_rep3_.staging_CRISPRessoPooled_on_CBE6d_D5_rep3_CRISPResso_on_HEK3	Insertions	0.00010913694503863447	0.0003928930021390841	0.0005238573361854454	0.0013532981184790674	0.0026629414589426814	0.001855328065656786	0.0010040598943554372	0.0010477146723708909	0.0006766490592395337	0.012899986903566595	0.012681713013489327	0.00015279172305408828	0.0002619286680927227	0.00010913694503863447	0.00030558344610817655	0.0008512681713013489	0.0015715720085563364	0.0011568516174095254	0.00019644650106954206	6.548216702318068e-05
_scratch_st-cdeboer-1_asfar_VLPs_results_crispresso_aggregated_spacer_CBE6d_rep3_.staging_CRISPRessoPooled_on_CBE6d_D5_rep3_CRISPResso_on_HEK3	Insertions_Left	0.0	0.0003928930021390841	0.00013096433404636136	0.0012223337844327062	0.0014406076745099752	0.000414720391146811	0.0005893395032086262	0.00045837516916226483	0.00021827389007726894	0.012681713013489327	0.0	0.00015279172305408828	0.00010913694503863447	0.0	0.00030558344610817655	0.0005456847251931724	0.0010258872833631642	0.00013096433404636136	6.548216702318068e-05	0.0
_scratch_st-cdeboer-1_asfar_VLPs_results_crispresso_aggregated_spacer_CBE6d_rep3_.staging_CRISPRessoPooled_on_CBE6d_D5_rep3_CRISPResso_on_HEK3	Deletions	0.023508097961321868	0.03413803640808487	0.030121796830663117	0.039769502772078406	0.16942419347797616	0.034356310298162135	0.034858340245339854	0.03490199502335531	0.03529488802549439	0.02975073121753176	0.03038372549875584	0.026389313310341816	0.02398830051949186	0.02152180556161872	0.018596935434583316	0.01693805386999607	0.013511153795782948	0.011088313615925263	0.009429432051338019	0.00696293709346488
_scratch_st-cdeboer-1_asfar_VLPs_results_crispresso_aggregated_spacer_CBE6d_rep3_.staging_CRISPRessoPooled_on_CBE6d_D5_rep3_CRISPResso_on_HEK3	Substitutions	0.002924870127035404	0.032173571397389446	0.3311869734142402	0.6226480988344174	0.3677915047801982	0.0017243637316104248	0.0014406076745099752	0.001680708953594971	0.07460601562841053	0.0008949229493168027	0.0007421312262627144	0.0007639586152704414	0.0003710656131313572	0.0003710656131313572	0.0005020299471777186	0.0007421312262627144	0.0007639586152704414	0.00028375605710044967	0.00028375605710044967	0.00034923822412363033
_scratch_st-cdeboer-1_asfar_VLPs_results_crispresso_aggregated_spacer_CBE6d_rep3_.staging_CRISPRessoPooled_on_CBE6d_D5_rep3_CRISPResso_on_HEK3	All_modifications	0.026542105033395904	0.06670450080761339	0.36183262758108875	0.6637708997249749	0.539878639717117	0.03793600209542934	0.037303007814205265	0.037630418649321165	0.11057755271314446	0.043545641070415156	0.04380756973850788	0.027306063648666345	0.02462129480071594	0.02200200811978871	0.01940454882786921	0.018531453267560134	0.015846684419609725	0.012528921290435239	0.00990963460950801	0.00737765748461169
