Folder	Modification	C	A	C	C	T	A	C	C	T	A	A	G	A	A	C	C	A	T	C	C
_scratch_st-cdeboer-1_asfar_VLPs_results_crispresso_aggregated_spacer_CBE6d_rep2_.staging_CRISPRessoPooled_on_CBE6d_D0_rep2_CRISPResso_on_PDCD1	Insertions	2.228610906821778e-05	2.228610906821778e-05	0.0	0.0	0.0	0.0	0.0	0.0	0.0	0.0	0.0	0.0	0.0	0.0	0.0	0.0	0.0	0.0	0.0	0.0
_scratch_st-cdeboer-1_asfar_VLPs_results_crispresso_aggregated_spacer_CBE6d_rep2_.staging_CRISPRessoPooled_on_CBE6d_D0_rep2_CRISPResso_on_PDCD1	Insertions_Left	2.228610906821778e-05	0.0	0.0	0.0	0.0	0.0	0.0	0.0	0.0	0.0	0.0	0.0	0.0	0.0	0.0	0.0	0.0	0.0	0.0	0.0
_scratch_st-cdeboer-1_asfar_VLPs_results_crispresso_aggregated_spacer_CBE6d_rep2_.staging_CRISPRessoPooled_on_CBE6d_D0_rep2_CRISPResso_on_PDCD1	Deletions	4.457221813643556e-05	0.0	0.0	0.0	0.0	0.0	0.0	2.228610906821778e-05	2.228610906821778e-05	0.0	2.228610906821778e-05	0.0	0.0	0.0	0.0	0.0	0.0	0.0	0.0	0.0
_scratch_st-cdeboer-1_asfar_VLPs_results_crispresso_aggregated_spacer_CBE6d_rep2_.staging_CRISPRessoPooled_on_CBE6d_D0_rep2_CRISPResso_on_PDCD1	Substitutions	0.0001114305453410889	0.00013371665440930667	6.685832720465334e-05	6.685832720465334e-05	0.0003120055269550489	8.914443627287111e-05	0.0001114305453410889	0.00020057498161396003	8.914443627287111e-05	0.00013371665440930667	8.914443627287111e-05	0.00015600276347752445	0.00026743330881861334	0.00015600276347752445	4.457221813643556e-05	8.914443627287111e-05	0.0002897194178868311	0.0003120055269550489	0.00013371665440930667	8.914443627287111e-05
_scratch_st-cdeboer-1_asfar_VLPs_results_crispresso_aggregated_spacer_CBE6d_rep2_.staging_CRISPRessoPooled_on_CBE6d_D0_rep2_CRISPResso_on_PDCD1	All_modifications	0.00017828887254574223	0.00015600276347752445	6.685832720465334e-05	6.685832720465334e-05	0.0003120055269550489	8.914443627287111e-05	0.0001114305453410889	0.0002228610906821778	0.0001114305453410889	0.00013371665440930667	0.0001114305453410889	0.00015600276347752445	0.00026743330881861334	0.00015600276347752445	4.457221813643556e-05	8.914443627287111e-05	0.0002897194178868311	0.0003120055269550489	0.00013371665440930667	8.914443627287111e-05
_scratch_st-cdeboer-1_asfar_VLPs_results_crispresso_aggregated_spacer_CBE6d_rep2_.staging_CRISPRessoPooled_on_CBE6d_D1_rep2_CRISPResso_on_PDCD1	Insertions	0.0	0.0	0.0	0.0	0.0	0.0	0.0	4.7885840157065554e-05	4.7885840157065554e-05	0.00016760044054972944	0.00016760044054972944	0.0	0.0	0.0	0.0	0.0	0.0	0.0	0.0	0.0
_scratch_st-cdeboer-1_asfar_VLPs_results_crispresso_aggregated_spacer_CBE6d_rep2_.staging_CRISPRessoPooled_on_CBE6d_D1_rep2_CRISPResso_on_PDCD1	Insertions_Left	0.0	0.0	0.0	0.0	0.0	0.0	0.0	4.7885840157065554e-05	0.0	0.00016760044054972944	0.0	0.0	0.0	0.0	0.0	0.0	0.0	0.0	0.0	0.0
_scratch_st-cdeboer-1_asfar_VLPs_results_crispresso_aggregated_spacer_CBE6d_rep2_.staging_CRISPRessoPooled_on_CBE6d_D1_rep2_CRISPResso_on_PDCD1	Deletions	4.7885840157065554e-05	2.3942920078532777e-05	2.3942920078532777e-05	0.00014365752047119666	2.3942920078532777e-05	2.3942920078532777e-05	0.00016760044054972944	0.0006225159220418522	0.00026337212086386053	0.00026337212086386053	0.00016760044054972944	2.3942920078532777e-05	2.3942920078532777e-05	2.3942920078532777e-05	2.3942920078532777e-05	2.3942920078532777e-05	2.3942920078532777e-05	0.0	0.0	0.0
_scratch_st-cdeboer-1_asfar_VLPs_results_crispresso_aggregated_spacer_CBE6d_rep2_.staging_CRISPRessoPooled_on_CBE6d_D1_rep2_CRISPResso_on_PDCD1	Substitutions	0.00016760044054972944	0.00026337212086386053	0.00043097256141359	0.001077431403533975	0.0006704017621989177	0.00016760044054972944	0.012905233922329166	0.002346406167696212	0.00026337212086386053	0.00011971460039266389	0.00019154336062826222	0.00019154336062826222	0.00014365752047119666	0.0003112579610209261	2.3942920078532777e-05	0.0	9.577168031413111e-05	0.00026337212086386053	2.3942920078532777e-05	9.577168031413111e-05
_scratch_st-cdeboer-1_asfar_VLPs_results_crispresso_aggregated_spacer_CBE6d_rep2_.staging_CRISPRessoPooled_on_CBE6d_D1_rep2_CRISPResso_on_PDCD1	All_modifications	0.000215486280706795	0.0002873150409423933	0.0004549154814921228	0.0012210889240051716	0.0006943446822774505	0.00019154336062826222	0.013072834362878897	0.00301680792989513	0.0005746300818847866	0.0005506871618062538	0.0005267442417277211	0.000215486280706795	0.00016760044054972944	0.00033520088109945887	4.7885840157065554e-05	2.3942920078532777e-05	0.00011971460039266389	0.00026337212086386053	2.3942920078532777e-05	9.577168031413111e-05
_scratch_st-cdeboer-1_asfar_VLPs_results_crispresso_aggregated_spacer_CBE6d_rep2_.staging_CRISPRessoPooled_on_CBE6d_D2_rep2_CRISPResso_on_PDCD1	Insertions	1.3802050984776338e-05	5.520820393910535e-05	5.520820393910535e-05	0.0	1.3802050984776338e-05	1.3802050984776338e-05	1.3802050984776338e-05	6.901025492388169e-05	5.520820393910535e-05	0.0005934881923453825	0.0005934881923453825	0.0	0.0	0.0	0.0	6.901025492388169e-05	0.0002208328157564214	0.00015182256083253972	0.0	0.0
_scratch_st-cdeboer-1_asfar_VLPs_results_crispresso_aggregated_spacer_CBE6d_rep2_.staging_CRISPRessoPooled_on_CBE6d_D2_rep2_CRISPResso_on_PDCD1	Insertions_Left	0.0	5.520820393910535e-05	0.0	0.0	1.3802050984776338e-05	0.0	1.3802050984776338e-05	5.520820393910535e-05	0.0	0.0005934881923453825	0.0	0.0	0.0	0.0	0.0	6.901025492388169e-05	0.00015182256083253972	0.0	0.0	0.0
_scratch_st-cdeboer-1_asfar_VLPs_results_crispresso_aggregated_spacer_CBE6d_rep2_.staging_CRISPRessoPooled_on_CBE6d_D2_rep2_CRISPResso_on_PDCD1	Deletions	0.00045546768249761917	0.0006901025492388169	0.0008419251100713566	0.0016838502201427133	0.0016838502201427133	0.0013940071494624102	0.0016976522711274896	0.0026085876361227277	0.001587235863249279	0.0015734338122645026	0.0015320276593101736	0.0013802050984776338	0.0013802050984776338	0.0013802050984776338	0.0013802050984776338	0.0013664030474928575	0.000855727161056133	0.0008281230590865803	0.000814321008101804	0.0008005189571170276
_scratch_st-cdeboer-1_asfar_VLPs_results_crispresso_aggregated_spacer_CBE6d_rep2_.staging_CRISPRessoPooled_on_CBE6d_D2_rep2_CRISPResso_on_PDCD1	Substitutions	0.0002898430706803031	0.00027604101969552677	0.0015182256083253972	0.006252329096103681	0.0014768194553710682	0.00015182256083253972	0.05810663464590838	0.0110830469407754	0.00023463486674119775	0.0001104164078782107	0.00016562461181731606	0.00019322871378686874	0.0003312492236346321	0.00026223896871075043	5.520820393910535e-05	0.00012421845886298705	4.1406152954329015e-05	0.0002208328157564214	0.00020703076477164508	0.00015182256083253972
_scratch_st-cdeboer-1_asfar_VLPs_results_crispresso_aggregated_spacer_CBE6d_rep2_.staging_CRISPRessoPooled_on_CBE6d_D2_rep2_CRISPResso_on_PDCD1	All_modifications	0.0007591128041626986	0.001021351772873449	0.002415358922335859	0.007936179316246393	0.003174471726498558	0.0015596317612797262	0.05981808896802065	0.01376064483182201	0.001877078933929582	0.0022773384124880956	0.002291140463472872	0.0015734338122645026	0.001711454322112266	0.0016424440671883843	0.0014354133024167392	0.0015596317612797262	0.0011179661297668834	0.0012007784356755414	0.001021351772873449	0.0009523415179495673
_scratch_st-cdeboer-1_asfar_VLPs_results_crispresso_aggregated_spacer_CBE6d_rep2_.staging_CRISPRessoPooled_on_CBE6d_D3_rep2_CRISPResso_on_PDCD1	Insertions	8.099658194424195e-05	0.00012959453111078712	6.479726555539356e-05	6.479726555539356e-05	0.00011339521472193874	6.479726555539356e-05	0.0002105911130550291	0.0002105911130550291	6.479726555539356e-05	0.0024784954074938037	0.0024298974583272584	0.0	0.0	1.619931638884839e-05	1.619931638884839e-05	4.8597949166545175e-05	0.0003239863277769678	0.0003239863277769678	4.8597949166545175e-05	1.619931638884839e-05
_scratch_st-cdeboer-1_asfar_VLPs_results_crispresso_aggregated_spacer_CBE6d_rep2_.staging_CRISPRessoPooled_on_CBE6d_D3_rep2_CRISPResso_on_PDCD1	Insertions_Left	6.479726555539356e-05	6.479726555539356e-05	0.0	6.479726555539356e-05	4.8597949166545175e-05	1.619931638884839e-05	0.0001943917966661807	1.619931638884839e-05	4.8597949166545175e-05	0.0024298974583272584	0.0	0.0	0.0	1.619931638884839e-05	0.0	4.8597949166545175e-05	0.00027538837861042264	4.8597949166545175e-05	0.0	1.619931638884839e-05
_scratch_st-cdeboer-1_asfar_VLPs_results_crispresso_aggregated_spacer_CBE6d_rep2_.staging_CRISPRessoPooled_on_CBE6d_D3_rep2_CRISPResso_on_PDCD1	Deletions	0.0032074646449919814	0.0049407914985987594	0.006009946380262753	0.007662276651925289	0.005961348431096207	0.0049245921822099106	0.006706516984983234	0.007970063663313409	0.005475368939430756	0.005426770990264211	0.005070386029709546	0.004681602436377185	0.004552007905266398	0.0042928188430448235	0.004179423628322885	0.004066028413600946	0.003353258492491617	0.0029320762663815588	0.0027538837861042264	0.002689086520548833
_scratch_st-cdeboer-1_asfar_VLPs_results_crispresso_aggregated_spacer_CBE6d_rep2_.staging_CRISPRessoPooled_on_CBE6d_D3_rep2_CRISPResso_on_PDCD1	Substitutions	0.000955759666942055	0.00035638496055466457	0.005151382611653788	0.01770585281301129	0.0024622960911049553	0.0005345774408319969	0.18235570458926634	0.03513631724741216	0.0003887835933323614	0.00027538837861042264	0.0003077870113881194	0.00024298974583272586	0.00024298974583272586	0.00024298974583272586	6.479726555539356e-05	0.00024298974583272586	0.0003077870113881194	0.00037258427694351296	0.00012959453111078712	0.00012959453111078712
_scratch_st-cdeboer-1_asfar_VLPs_results_crispresso_aggregated_spacer_CBE6d_rep2_.staging_CRISPRessoPooled_on_CBE6d_D3_rep2_CRISPResso_on_PDCD1	All_modifications	0.004244220893878279	0.005426770990264211	0.011226126257471934	0.025432926730491974	0.008537039736923102	0.005523966888597302	0.1892728126873046	0.0433169720237806	0.005928949798318511	0.008180654776368437	0.0078080704994249244	0.0049245921822099106	0.004794997651099124	0.004552007905266398	0.004260420210267127	0.004357616108600217	0.003985031831656704	0.0036286468711020396	0.0029320762663815588	0.0028348803680484686
_scratch_st-cdeboer-1_asfar_VLPs_results_crispresso_aggregated_spacer_CBE6d_rep2_.staging_CRISPRessoPooled_on_CBE6d_D4_rep2_CRISPResso_on_PDCD1	Insertions	0.0	7.2811999417504e-05	7.2811999417504e-05	6.0676666181253336e-05	0.00016989466530750936	0.00010921799912625601	9.708266589000534e-05	0.00013348866559875734	0.00025484199796126404	0.005121110625697782	0.0049026746274452694	0.0	0.0	0.0	4.854133294500267e-05	8.494733265375468e-05	0.0006189019950487841	0.000582495995340032	6.0676666181253336e-05	6.0676666181253336e-05
_scratch_st-cdeboer-1_asfar_VLPs_results_crispresso_aggregated_spacer_CBE6d_rep2_.staging_CRISPRessoPooled_on_CBE6d_D4_rep2_CRISPResso_on_PDCD1	Insertions_Left	0.0	7.2811999417504e-05	0.0	6.0676666181253336e-05	0.00010921799912625601	0.0	9.708266589000534e-05	3.6405999708752e-05	0.00021843599825251202	0.0049026746274452694	0.0	0.0	0.0	0.0	4.854133294500267e-05	3.6405999708752e-05	0.000582495995340032	0.0	6.0676666181253336e-05	0.0
_scratch_st-cdeboer-1_asfar_VLPs_results_crispresso_aggregated_spacer_CBE6d_rep2_.staging_CRISPRessoPooled_on_CBE6d_D4_rep2_CRISPResso_on_PDCD1	Deletions	0.005946313285762827	0.008045725935634192	0.009768943255181788	0.01776612785787098	0.010812581913499346	0.00945342459103927	0.015873015873015872	0.018506383185282266	0.010691228581136839	0.010290762584340566	0.009647589922819281	0.008785981263045483	0.008434056599194214	0.007402553274112907	0.007317605941459152	0.0070020872773166355	0.004659967962720256	0.003689141303820203	0.0035799233046939468	0.003470705305567691
_scratch_st-cdeboer-1_asfar_VLPs_results_crispresso_aggregated_spacer_CBE6d_rep2_.staging_CRISPRessoPooled_on_CBE6d_D4_rep2_CRISPResso_on_PDCD1	Substitutions	0.0008980146594825493	0.0008737439930100481	0.015496820542692103	0.05252172224649289	0.0049026746274452694	0.0005582253288675307	0.3527620018445706	0.07753264404640552	0.0005582253288675307	0.000400465996796272	0.00018202999854376002	0.00021843599825251202	0.0005339546623950293	0.00046114266297752536	0.0001941653317800107	0.00015775933207125867	0.0001941653317800107	0.00042473666326877334	0.00024270666472501334	0.0001941653317800107
_scratch_st-cdeboer-1_asfar_VLPs_results_crispresso_aggregated_spacer_CBE6d_rep2_.staging_CRISPRessoPooled_on_CBE6d_D4_rep2_CRISPResso_on_PDCD1	All_modifications	0.006844327945245377	0.008992281928061745	0.025338575797291395	0.07034852677054512	0.015885151206252123	0.010120867919033057	0.36873210038347654	0.09617251589728654	0.011504295907965633	0.01581233920683462	0.01473229454880831	0.009004417261297996	0.008968011261589243	0.007863695937090432	0.007560312606184166	0.007244793942041648	0.005473035289549051	0.004696373962429008	0.0038833066356002135	0.003725547303528955
_scratch_st-cdeboer-1_asfar_VLPs_results_crispresso_aggregated_spacer_CBE6d_rep2_.staging_CRISPRessoPooled_on_CBE6d_D5_rep2_CRISPResso_on_PDCD1	Insertions	0.00010464629552113855	9.41816659690247e-05	4.185851820845542e-05	6.278777731268313e-05	7.325240686479699e-05	2.092925910422771e-05	6.278777731268313e-05	0.0001151109250732524	9.41816659690247e-05	0.0029300962745918793	0.002888237756383424	0.0	0.0	0.0	0.0	3.139388865634156e-05	0.0003244035161155295	0.00029300962745918796	0.0	0.0
_scratch_st-cdeboer-1_asfar_VLPs_results_crispresso_aggregated_spacer_CBE6d_rep2_.staging_CRISPRessoPooled_on_CBE6d_D5_rep2_CRISPResso_on_PDCD1	Insertions_Left	6.278777731268313e-05	3.139388865634156e-05	1.0464629552113855e-05	5.2323147760569277e-05	2.092925910422771e-05	0.0	6.278777731268313e-05	5.2323147760569277e-05	4.185851820845542e-05	0.002888237756383424	0.0	0.0	0.0	0.0	0.0	3.139388865634156e-05	0.00029300962745918796	0.0	0.0	0.0
_scratch_st-cdeboer-1_asfar_VLPs_results_crispresso_aggregated_spacer_CBE6d_rep2_.staging_CRISPRessoPooled_on_CBE6d_D5_rep2_CRISPResso_on_PDCD1	Deletions	0.003976559229803265	0.00548346588530766	0.006749686061113437	0.010841356215989953	0.008727501046462955	0.006917120133947258	0.010600669736291335	0.014430724152365007	0.008444956048555882	0.007764755127668481	0.007450816241105065	0.0068334030975303476	0.006247383842611972	0.005546253662620343	0.005514859773964002	0.00553578903306823	0.00420678107994977	0.0032231059020510675	0.003170782754290498	0.003034742570113018
_scratch_st-cdeboer-1_asfar_VLPs_results_crispresso_aggregated_spacer_CBE6d_rep2_.staging_CRISPRessoPooled_on_CBE6d_D5_rep2_CRISPResso_on_PDCD1	Substitutions	0.0006278777731268313	0.0006802009208874006	0.009334449560485559	0.033486814566764334	0.0037358727501046463	0.0006592716617831729	0.2802637086647133	0.0538509836751779	0.0004604437002930096	0.00035579740477187106	0.0003034742570113018	0.00016743407283382168	0.00035579740477187106	0.00024068647969861866	4.185851820845542e-05	0.00010464629552113855	0.00015696944328170783	0.00033486814566764336	0.00015696944328170783	0.00013604018417748013
_scratch_st-cdeboer-1_asfar_VLPs_results_crispresso_aggregated_spacer_CBE6d_rep2_.staging_CRISPRessoPooled_on_CBE6d_D5_rep2_CRISPResso_on_PDCD1	All_modifications	0.004709083298451234	0.0062578484721640855	0.01612599413980745	0.04439095856006697	0.012536626203432398	0.007597321054834659	0.29092716617831726	0.06839681875261616	0.008999581414817916	0.01105064880703223	0.010642528254499791	0.007000837170364169	0.006603181247383842	0.005786940142318962	0.005556718292172457	0.00567182921724571	0.004688154039347007	0.0038509836751778985	0.003327752197572206	0.003170782754290498
