Folder	Modification	G	G	C	C	C	A	G	A	C	T	G	A	G	C	A	C	G	T	G	A
_scratch_st-cdeboer-1_asfar_VLPs_results_crispresso_aggregated_spacer_CBE6d_rep1_.staging_CRISPRessoPooled_on_CBE6d_D0_rep1_CRISPResso_on_HEK3	Insertions	0.0	0.0	0.0	0.0	0.0	0.0	0.0	0.0	0.0	0.0	0.0	0.0	0.0	0.0	0.0	0.0	0.0	0.0	0.0	0.0
_scratch_st-cdeboer-1_asfar_VLPs_results_crispresso_aggregated_spacer_CBE6d_rep1_.staging_CRISPRessoPooled_on_CBE6d_D0_rep1_CRISPResso_on_HEK3	Insertions_Left	0.0	0.0	0.0	0.0	0.0	0.0	0.0	0.0	0.0	0.0	0.0	0.0	0.0	0.0	0.0	0.0	0.0	0.0	0.0	0.0
_scratch_st-cdeboer-1_asfar_VLPs_results_crispresso_aggregated_spacer_CBE6d_rep1_.staging_CRISPRessoPooled_on_CBE6d_D0_rep1_CRISPResso_on_HEK3	Deletions	0.0	5.295768680824022e-05	0.0	0.0	2.647884340412011e-05	0.0	0.0	0.0	0.0	0.0	0.0	0.0	0.0	0.0	0.0	0.0	0.0	0.0	0.0	0.0
_scratch_st-cdeboer-1_asfar_VLPs_results_crispresso_aggregated_spacer_CBE6d_rep1_.staging_CRISPRessoPooled_on_CBE6d_D0_rep1_CRISPResso_on_HEK3	Substitutions	0.00021183074723296087	0.00015887306042472064	0.00010591537361648044	0.00013239421702060055	7.943653021236032e-05	5.295768680824022e-05	0.0002647884340412011	0.00010591537361648044	0.00015887306042472064	0.00013239421702060055	0.00018535190382884076	0.00042366149446592175	0.00013239421702060055	0.00029126727744532117	0.00015887306042472064	0.00023830959063708096	0.00015887306042472064	0.00029126727744532117	0.00018535190382884076	0.00023830959063708096
_scratch_st-cdeboer-1_asfar_VLPs_results_crispresso_aggregated_spacer_CBE6d_rep1_.staging_CRISPRessoPooled_on_CBE6d_D0_rep1_CRISPResso_on_HEK3	All_modifications	0.00021183074723296087	0.00021183074723296087	0.00010591537361648044	0.00013239421702060055	0.00010591537361648044	5.295768680824022e-05	0.0002647884340412011	0.00010591537361648044	0.00015887306042472064	0.00013239421702060055	0.00018535190382884076	0.00042366149446592175	0.00013239421702060055	0.00029126727744532117	0.00015887306042472064	0.00023830959063708096	0.00015887306042472064	0.00029126727744532117	0.00018535190382884076	0.00023830959063708096
_scratch_st-cdeboer-1_asfar_VLPs_results_crispresso_aggregated_spacer_CBE6d_rep1_.staging_CRISPRessoPooled_on_CBE6d_D1_rep1_CRISPResso_on_HEK3	Insertions	0.0	2.4970035956851777e-05	2.4970035956851777e-05	0.00027467039552536953	0.0006991610067918498	0.0004244906112664802	7.491010787055533e-05	0.000224730323611666	0.00024970035956851775	0.0026468238114262885	0.0025469436675988814	0.0	0.0	7.491010787055533e-05	7.491010787055533e-05	0.00017479025169796244	0.0005493407910507391	0.000449460647223332	7.491010787055533e-05	2.4970035956851777e-05
_scratch_st-cdeboer-1_asfar_VLPs_results_crispresso_aggregated_spacer_CBE6d_rep1_.staging_CRISPRessoPooled_on_CBE6d_D1_rep1_CRISPResso_on_HEK3	Insertions_Left	0.0	2.4970035956851777e-05	0.0	0.00027467039552536953	0.0004244906112664802	0.0	7.491010787055533e-05	0.00014982021574111066	9.988014382740711e-05	0.0025469436675988814	0.0	0.0	0.0	7.491010787055533e-05	0.0	0.00017479025169796244	0.00037455053935277666	7.491010787055533e-05	0.0	2.4970035956851777e-05
_scratch_st-cdeboer-1_asfar_VLPs_results_crispresso_aggregated_spacer_CBE6d_rep1_.staging_CRISPRessoPooled_on_CBE6d_D1_rep1_CRISPResso_on_HEK3	Deletions	0.005842988413903316	0.009438673591689971	0.007690771074710347	0.010737115461446265	0.04120055932880543	0.008464842189372752	0.00841490211745905	0.00871454254894127	0.009313823411905713	0.008614662405113863	0.007890531362365161	0.007316220535357571	0.006442269276867758	0.005693168198162206	0.004020175789053136	0.0037954454654414702	0.0033210147822612863	0.0031961646024770275	0.003146224530563324	0.0025968837395125848
_scratch_st-cdeboer-1_asfar_VLPs_results_crispresso_aggregated_spacer_CBE6d_rep1_.staging_CRISPRessoPooled_on_CBE6d_D1_rep1_CRISPResso_on_HEK3	Substitutions	0.0012235317618857371	0.007041550139832201	0.07845585297642829	0.16817319216939672	0.10624750299640431	0.0005243707550938873	0.0002996404314822213	0.0003495805033959249	0.01558130243707551	0.000449460647223332	0.00024970035956851775	0.0004244906112664802	9.988014382740711e-05	0.0003246104674390731	0.00014982021574111066	0.00027467039552536953	0.00024970035956851775	0.00037455053935277666	0.00012485017978425888	0.00027467039552536953
_scratch_st-cdeboer-1_asfar_VLPs_results_crispresso_aggregated_spacer_CBE6d_rep1_.staging_CRISPRessoPooled_on_CBE6d_D1_rep1_CRISPResso_on_HEK3	All_modifications	0.007066520175789053	0.016505193767479026	0.08617159408709549	0.17918497802636835	0.1481472233320016	0.00941370355573312	0.008789452656811825	0.009288853375948862	0.025144826208549742	0.011710946863763484	0.010687175389532561	0.007740711146624051	0.006542149420695166	0.006092688773471834	0.0042449061126648025	0.0042449061126648025	0.004120055932880544	0.004020175789053136	0.0033459848182181384	0.002896524170994806
_scratch_st-cdeboer-1_asfar_VLPs_results_crispresso_aggregated_spacer_CBE6d_rep1_.staging_CRISPRessoPooled_on_CBE6d_D2_rep1_CRISPResso_on_HEK3	Insertions	0.00013351729048911834	0.0010681383239129468	0.0010681383239129468	0.0004450576349637278	0.0009791267969202011	0.0009346210334238284	0.0007120922159419645	0.0005340691619564734	0.00031154034447460944	0.005741243491032088	0.005607726200542971	0.0	0.0	0.00013351729048911834	0.00013351729048911834	0.000400551871467355	0.0012461613778984378	0.0008456095064310828	8.901152699274556e-05	8.901152699274556e-05
_scratch_st-cdeboer-1_asfar_VLPs_results_crispresso_aggregated_spacer_CBE6d_rep1_.staging_CRISPRessoPooled_on_CBE6d_D2_rep1_CRISPResso_on_HEK3	Insertions_Left	4.450576349637278e-05	0.0010236325604165738	4.450576349637278e-05	0.000400551871467355	0.0005785749254528462	0.00035604610797098225	0.00035604610797098225	0.00017802305398549113	0.00013351729048911834	0.005607726200542971	0.0	0.0	0.0	0.00013351729048911834	0.0	0.000400551871467355	0.0008456095064310828	0.0	8.901152699274556e-05	0.0
_scratch_st-cdeboer-1_asfar_VLPs_results_crispresso_aggregated_spacer_CBE6d_rep1_.staging_CRISPRessoPooled_on_CBE6d_D2_rep1_CRISPResso_on_HEK3	Deletions	0.014286350082335662	0.021985847167208153	0.01793582268903823	0.023142997018113846	0.09773465663803463	0.020072099336864123	0.019938582046375004	0.01936000712092216	0.02020561662735324	0.017579776581067248	0.017223730473096267	0.015488005696737727	0.0145533846633139	0.013218211758422716	0.011081935110596823	0.009791267969202011	0.007833014375361609	0.006319818416484935	0.005029151275090124	0.004228047532155414
_scratch_st-cdeboer-1_asfar_VLPs_results_crispresso_aggregated_spacer_CBE6d_rep1_.staging_CRISPRessoPooled_on_CBE6d_D2_rep1_CRISPResso_on_HEK3	Substitutions	0.002180782411322266	0.01806933997952735	0.175619742756687	0.37415995371400596	0.2295607281142908	0.0005340691619564734	0.0012461613778984378	0.001201655614402065	0.036405714540032934	0.0007120922159419645	0.000400551871467355	0.00080110374293471	0.0006230806889492189	0.0005785749254528462	0.0004450576349637278	0.000400551871467355	0.0007565979794383373	0.000400551871467355	0.00031154034447460944	0.000400551871467355
_scratch_st-cdeboer-1_asfar_VLPs_results_crispresso_aggregated_spacer_CBE6d_rep1_.staging_CRISPRessoPooled_on_CBE6d_D2_rep1_CRISPResso_on_HEK3	All_modifications	0.016600649784147048	0.041123325470648446	0.19462370376963817	0.3977480083670835	0.32827451154924564	0.021540789532244427	0.02189683564021541	0.021095731897280697	0.05692287151186078	0.0240331122880413	0.02323200854510659	0.016289109439672437	0.015176465352263118	0.01393030397436468	0.011660510036049669	0.01059237171213672	0.009835773732698384	0.007565979794383373	0.005429703146557479	0.004717610930615515
_scratch_st-cdeboer-1_asfar_VLPs_results_crispresso_aggregated_spacer_CBE6d_rep1_.staging_CRISPRessoPooled_on_CBE6d_D3_rep1_CRISPResso_on_HEK3	Insertions	7.285089849441477e-05	0.00030354541039339484	0.0003642544924720738	0.00016998542982030112	0.001359883438562409	0.002185526954832443	0.0012141816415735794	0.0005463817387081107	0.00048567265662943174	0.009458474987858184	0.00923992229237494	0.0	2.4283632831471587e-05	2.4283632831471587e-05	0.00027926177756192326	0.00027926177756192326	0.0004371053909664886	0.0004371053909664886	9.713453132588635e-05	9.713453132588635e-05
_scratch_st-cdeboer-1_asfar_VLPs_results_crispresso_aggregated_spacer_CBE6d_rep1_.staging_CRISPRessoPooled_on_CBE6d_D3_rep1_CRISPResso_on_HEK3	Insertions_Left	0.0	0.00030354541039339484	6.070908207867897e-05	0.00010927634774162215	0.0012506070908207868	0.0009349198640116562	0.00027926177756192326	0.00026711996114618745	0.0002185526954832443	0.00923992229237494	0.0	0.0	2.4283632831471587e-05	0.0	0.00027926177756192326	0.0	0.0004371053909664886	0.0	9.713453132588635e-05	0.0
_scratch_st-cdeboer-1_asfar_VLPs_results_crispresso_aggregated_spacer_CBE6d_rep1_.staging_CRISPRessoPooled_on_CBE6d_D3_rep1_CRISPResso_on_HEK3	Deletions	0.017241379310344827	0.026687712481787276	0.02070179698882953	0.027088392423506556	0.11423020883924236	0.025267119961146188	0.024817872753763962	0.02531568722680913	0.02586206896551724	0.023312287518212724	0.023057309373482274	0.020628946090335113	0.018710539096648857	0.01705925206410879	0.013671685284118504	0.012056823700825644	0.009373482272948033	0.007819329771733852	0.006775133559980573	0.004443904808159301
_scratch_st-cdeboer-1_asfar_VLPs_results_crispresso_aggregated_spacer_CBE6d_rep1_.staging_CRISPRessoPooled_on_CBE6d_D3_rep1_CRISPResso_on_HEK3	Substitutions	0.0014570179698882952	0.023312287518212724	0.21979116075764935	0.4610854783875668	0.2712967459932006	0.0012141816415735794	0.0010199125789218067	0.002015541525012142	0.0461996114618747	0.0004978144730451676	0.000825643516270034	0.0004492472073822244	0.00023069451189898008	0.0004006799417192812	0.00012141816415735794	0.0007649344341913551	0.0007406508013598834	0.0004978144730451676	0.00013355998057309372	0.0002549781447304517
_scratch_st-cdeboer-1_asfar_VLPs_results_crispresso_aggregated_spacer_CBE6d_rep1_.staging_CRISPRessoPooled_on_CBE6d_D3_rep1_CRISPResso_on_HEK3	All_modifications	0.018771248178727537	0.0503035454103934	0.24085721223895096	0.48834385624089366	0.38688683827100534	0.02866682855755221	0.02705196697425935	0.02787761049052938	0.07254735308402137	0.033268576979116074	0.03312287518212725	0.02107819329771734	0.01896551724137931	0.017484215638659543	0.014072365225837786	0.013101019912578922	0.010551238465274405	0.008754249635745507	0.007005828071879553	0.004796017484215639
_scratch_st-cdeboer-1_asfar_VLPs_results_crispresso_aggregated_spacer_CBE6d_rep1_.staging_CRISPRessoPooled_on_CBE6d_D4_rep1_CRISPResso_on_HEK3	Insertions	0.00033689229812376904	0.0006478698040841712	0.0009847621022079404	0.0017622058671089458	0.0025137348398465843	0.002228672126049549	0.001554887529802011	0.0011661656473515082	0.0007774437649010055	0.011557997304861616	0.011609826889188348	0.00012957396081683426	0.0	0.0001036591686534674	0.0003628070902871359	0.0002591479216336685	0.0010106768943713071	0.0010106768943713071	2.591479216336685e-05	2.591479216336685e-05
_scratch_st-cdeboer-1_asfar_VLPs_results_crispresso_aggregated_spacer_CBE6d_rep1_.staging_CRISPRessoPooled_on_CBE6d_D4_rep1_CRISPResso_on_HEK3	Insertions_Left	5.18295843267337e-05	0.0005960402197574376	0.0003887218824505028	0.001373483984658443	0.0011402508551881414	0.0010884212708614077	0.0004664662589406033	0.0006996993884109049	7.774437649010055e-05	0.011480252928371515	0.00012957396081683426	0.0	0.0	0.0001036591686534674	0.0002591479216336685	0.0	0.0010106768943713071	0.0	2.591479216336685e-05	0.0
_scratch_st-cdeboer-1_asfar_VLPs_results_crispresso_aggregated_spacer_CBE6d_rep1_.staging_CRISPRessoPooled_on_CBE6d_D4_rep1_CRISPResso_on_HEK3	Deletions	0.021457447911267753	0.03257489374935213	0.0279879755364362	0.03801700010365917	0.17303306727480045	0.03257489374935213	0.0334559966829066	0.034570332745931374	0.03630662382087696	0.03083860267440655	0.02871358971701047	0.026433088006634187	0.0237638644138074	0.019358349746035036	0.014745516740955738	0.013372032756297295	0.009795791437752669	0.0078003524411734216	0.0065823572094951795	0.004871980926712967
_scratch_st-cdeboer-1_asfar_VLPs_results_crispresso_aggregated_spacer_CBE6d_rep1_.staging_CRISPRessoPooled_on_CBE6d_D4_rep1_CRISPResso_on_HEK3	Substitutions	0.0032134342282574896	0.03882035866072354	0.32880688296879856	0.6252202757333886	0.3883072457758889	0.0008551881413911061	0.0016326319062921115	0.002073183373069348	0.07139525241007567	0.0005701254275940707	0.0008551881413911061	0.0013475691924950762	0.0008551881413911061	0.0007256141805742718	0.0004146366746138696	0.0002591479216336685	0.001192080439514875	0.0002073183373069348	0.0001036591686534674	0.0002591479216336685
_scratch_st-cdeboer-1_asfar_VLPs_results_crispresso_aggregated_spacer_CBE6d_rep1_.staging_CRISPRessoPooled_on_CBE6d_D4_rep1_CRISPResso_on_HEK3	All_modifications	0.02500777443764901	0.07204312221415984	0.3577796206074427	0.6649994817041567	0.563854047890536	0.03565875401679278	0.03664351611900073	0.037809681766352236	0.10847931999585363	0.042966725406862236	0.04117860474758992	0.0279102311599461	0.024619052555198508	0.020187623095262775	0.015522960505856742	0.013890328599564631	0.011998548771638851	0.009018347672851664	0.0067119311703120145	0.005157043640510003
_scratch_st-cdeboer-1_asfar_VLPs_results_crispresso_aggregated_spacer_CBE6d_rep1_.staging_CRISPRessoPooled_on_CBE6d_D5_rep1_CRISPResso_on_HEK3	Insertions	0.0001942362935626003	0.0006236007319641378	0.0007667222114313171	0.0016050051625962237	0.0031588955110970264	0.0019321399728069188	0.0007156073973358959	0.0012880933152046125	0.0008280599883458224	0.010468313926742249	0.010427422075465912	0.00011245259100992649	1.0222962819084227e-05	0.0	0.00039869554994428484	0.0005827088806878009	0.0007564992486122328	0.0007769451742504012	0.00044981036403970596	0.0002657970332961899
_scratch_st-cdeboer-1_asfar_VLPs_results_crispresso_aggregated_spacer_CBE6d_rep1_.staging_CRISPRessoPooled_on_CBE6d_D5_rep1_CRISPResso_on_HEK3	Insertions_Left	0.00012267555382901072	0.0005009251781351271	0.0002657970332961899	0.0013392081293000337	0.0018196873817969924	0.00011245259100992649	0.0006031548063259694	0.0006849385088786432	0.0001431214794671792	0.01032519244727507	0.00010222962819084227	1.0222962819084227e-05	0.0	0.0	0.00039869554994428484	0.00018401333074351609	0.0005724859178687168	0.00020445925638168453	0.00024535110765802143	2.0445925638168455e-05
_scratch_st-cdeboer-1_asfar_VLPs_results_crispresso_aggregated_spacer_CBE6d_rep1_.staging_CRISPRessoPooled_on_CBE6d_D5_rep1_CRISPResso_on_HEK3	Deletions	0.022316727834060867	0.03613817356546274	0.028961653666465616	0.03901082611762541	0.17964812561976712	0.03446160766313293	0.03365399360042527	0.03322462916202374	0.03443093877467568	0.029840828468906858	0.03037242253549924	0.026426358887332725	0.024504441877344893	0.021989593023850174	0.018534231590999702	0.01753238123472945	0.014230364244165244	0.01177685316758503	0.010028726525521626	0.008444167288563571
_scratch_st-cdeboer-1_asfar_VLPs_results_crispresso_aggregated_spacer_CBE6d_rep1_.staging_CRISPRessoPooled_on_CBE6d_D5_rep1_CRISPResso_on_HEK3	Substitutions	0.0019321399728069188	0.03606661282572915	0.3445138470031385	0.6227522260501539	0.37808605690101105	0.0009098436908984962	0.0021877140432840247	0.002576186630409225	0.07235813083347815	0.0002964659217534426	0.0007564992486122328	0.0008382829511649066	0.0003271348102106953	0.0005111481409542113	0.00039869554994428484	0.0006133777691450537	0.0011040799844610964	0.00025557407047710565	0.00010222962819084227	0.0003373577730297795
_scratch_st-cdeboer-1_asfar_VLPs_results_crispresso_aggregated_spacer_CBE6d_rep1_.staging_CRISPRessoPooled_on_CBE6d_D5_rep1_CRISPResso_on_HEK3	All_modifications	0.024443104100430386	0.07282838712315604	0.37424222288103537	0.6633680573303755	0.5608930780318752	0.037303591326838345	0.036557315041045195	0.037088909107637576	0.10761712959649966	0.04060560831740255	0.041556343859577384	0.02737709442950756	0.024841799650374672	0.022500741164804383	0.019331622690888273	0.018728467884562304	0.016090943477238575	0.012809372412312536	0.010580766517752175	0.00904732209488954
