Folder	Modification	C	A	C	C	T	A	C	C	T	A	A	G	A	A	C	C	A	T	C	C
_scratch_st-cdeboer-1_asfar_VLPs_results_crispresso_aggregated_spacer_CBE6d_rep3_.staging_CRISPRessoPooled_on_CBE6d_D0_rep3_CRISPResso_on_PDCD1	Insertions	0.00017670342097823015	0.00017670342097823015	0.0	0.0	0.0	0.0	0.0	0.0	0.0	0.0	0.0	0.0	0.0	0.0	0.0	0.0	0.0	0.0	0.0	0.0
_scratch_st-cdeboer-1_asfar_VLPs_results_crispresso_aggregated_spacer_CBE6d_rep3_.staging_CRISPRessoPooled_on_CBE6d_D0_rep3_CRISPResso_on_PDCD1	Insertions_Left	0.00017670342097823015	0.0	0.0	0.0	0.0	0.0	0.0	0.0	0.0	0.0	0.0	0.0	0.0	0.0	0.0	0.0	0.0	0.0	0.0	0.0
_scratch_st-cdeboer-1_asfar_VLPs_results_crispresso_aggregated_spacer_CBE6d_rep3_.staging_CRISPRessoPooled_on_CBE6d_D0_rep3_CRISPResso_on_PDCD1	Deletions	3.5340684195646025e-05	0.0	0.0	0.0	0.0	0.0	0.0	0.0	0.0	0.0	3.5340684195646025e-05	0.0	0.0	0.0	0.0	0.0	0.0	0.0	0.0	1.7670342097823013e-05
_scratch_st-cdeboer-1_asfar_VLPs_results_crispresso_aggregated_spacer_CBE6d_rep3_.staging_CRISPRessoPooled_on_CBE6d_D0_rep3_CRISPResso_on_PDCD1	Substitutions	8.835171048911507e-05	0.0001413627367825841	0.00015903307888040714	8.835171048911507e-05	0.00019437376307605315	0.0001236923946847611	0.00015903307888040714	5.301102629346904e-05	0.0001236923946847611	0.00021204410517387616	0.0	0.0001236923946847611	0.00022971444727169917	0.0001236923946847611	8.835171048911507e-05	8.835171048911507e-05	0.00015903307888040714	0.0003710771840542833	0.00010602205258693808	0.00015903307888040714
_scratch_st-cdeboer-1_asfar_VLPs_results_crispresso_aggregated_spacer_CBE6d_rep3_.staging_CRISPRessoPooled_on_CBE6d_D0_rep3_CRISPResso_on_PDCD1	All_modifications	0.0003003958156629912	0.0003180661577608143	0.00015903307888040714	8.835171048911507e-05	0.00019437376307605315	0.0001236923946847611	0.00015903307888040714	5.301102629346904e-05	0.0001236923946847611	0.00021204410517387616	3.5340684195646025e-05	0.0001236923946847611	0.00022971444727169917	0.0001236923946847611	8.835171048911507e-05	8.835171048911507e-05	0.00015903307888040714	0.0003710771840542833	0.00010602205258693808	0.00017670342097823015
_scratch_st-cdeboer-1_asfar_VLPs_results_crispresso_aggregated_spacer_CBE6d_rep3_.staging_CRISPRessoPooled_on_CBE6d_D1_rep3_CRISPResso_on_PDCD1	Insertions	0.0	0.0	0.0	0.0	0.0	0.0	0.0	0.0	0.0	0.0	0.0	0.0	0.0	0.0	0.0	2.4684653550887412e-05	2.4684653550887412e-05	0.0	0.0	0.0
_scratch_st-cdeboer-1_asfar_VLPs_results_crispresso_aggregated_spacer_CBE6d_rep3_.staging_CRISPRessoPooled_on_CBE6d_D1_rep3_CRISPResso_on_PDCD1	Insertions_Left	0.0	0.0	0.0	0.0	0.0	0.0	0.0	0.0	0.0	0.0	0.0	0.0	0.0	0.0	0.0	2.4684653550887412e-05	0.0	0.0	0.0	0.0
_scratch_st-cdeboer-1_asfar_VLPs_results_crispresso_aggregated_spacer_CBE6d_rep3_.staging_CRISPRessoPooled_on_CBE6d_D1_rep3_CRISPResso_on_PDCD1	Deletions	0.0	0.00012342326775443706	7.405396065266224e-05	0.00022216188195798672	4.9369307101774825e-05	0.0	0.0001727925748562119	0.0003209004961615364	0.0001974772284070993	0.0001727925748562119	9.873861420354965e-05	2.4684653550887412e-05	2.4684653550887412e-05	2.4684653550887412e-05	2.4684653550887412e-05	4.9369307101774825e-05	2.4684653550887412e-05	2.4684653550887412e-05	0.0	2.4684653550887412e-05
_scratch_st-cdeboer-1_asfar_VLPs_results_crispresso_aggregated_spacer_CBE6d_rep3_.staging_CRISPRessoPooled_on_CBE6d_D1_rep3_CRISPResso_on_PDCD1	Substitutions	2.4684653550887412e-05	0.0001974772284070993	0.00046900841746686086	0.0010861247562390462	0.0005924316852212979	0.00029621584261064896	0.013774036681395176	0.0021228802053763177	0.0002468465355088741	0.00014810792130532448	0.00014810792130532448	0.0002468465355088741	0.0003702698032633112	0.00027153118905976154	2.4684653550887412e-05	4.9369307101774825e-05	9.873861420354965e-05	0.00027153118905976154	7.405396065266224e-05	9.873861420354965e-05
_scratch_st-cdeboer-1_asfar_VLPs_results_crispresso_aggregated_spacer_CBE6d_rep3_.staging_CRISPRessoPooled_on_CBE6d_D1_rep3_CRISPResso_on_PDCD1	All_modifications	2.4684653550887412e-05	0.0003209004961615364	0.0005430623781195231	0.0013082866381970328	0.0006418009923230728	0.00029621584261064896	0.013946829256251389	0.002443780701537854	0.00044432376391597344	0.0003209004961615364	0.0002468465355088741	0.00027153118905976154	0.0003949544568141986	0.00029621584261064896	4.9369307101774825e-05	0.00012342326775443706	0.00014810792130532448	0.00029621584261064896	7.405396065266224e-05	0.00012342326775443706
_scratch_st-cdeboer-1_asfar_VLPs_results_crispresso_aggregated_spacer_CBE6d_rep3_.staging_CRISPRessoPooled_on_CBE6d_D2_rep3_CRISPResso_on_PDCD1	Insertions	0.0	0.0	0.0	0.0	0.0	0.0	0.00015779626248281148	0.00015779626248281148	0.0	0.001713216564099096	0.001713216564099096	0.0	0.0	0.0	0.0	0.0	0.0	0.0	0.0	0.0
_scratch_st-cdeboer-1_asfar_VLPs_results_crispresso_aggregated_spacer_CBE6d_rep3_.staging_CRISPRessoPooled_on_CBE6d_D2_rep3_CRISPResso_on_PDCD1	Insertions_Left	0.0	0.0	0.0	0.0	0.0	0.0	0.00015779626248281148	0.0	0.0	0.001713216564099096	0.0	0.0	0.0	0.0	0.0	0.0	0.0	0.0	0.0	0.0
_scratch_st-cdeboer-1_asfar_VLPs_results_crispresso_aggregated_spacer_CBE6d_rep3_.staging_CRISPRessoPooled_on_CBE6d_D2_rep3_CRISPResso_on_PDCD1	Deletions	0.0004057618178129438	0.0008791506052613782	0.0012623700998624918	0.002006266765852889	0.0014652510087689637	0.0010144045445323595	0.0012849124230743221	0.0032460945425035505	0.001487793331980794	0.001487793331980794	0.0013525393927098126	0.0007889813124140574	0.0011496584838033407	0.0008791506052613782	0.0008791506052613782	0.0009016929284732084	0.000743896665990397	0.0006537273731430761	0.0006537273731430761	0.0004959311106602646
_scratch_st-cdeboer-1_asfar_VLPs_results_crispresso_aggregated_spacer_CBE6d_rep3_.staging_CRISPRessoPooled_on_CBE6d_D2_rep3_CRISPResso_on_PDCD1	Substitutions	0.0006762696963549063	0.00018033858569464168	0.0019611821194292283	0.009287437163274048	0.0017808435337345867	9.016929284732084e-05	0.06602646468745069	0.010008791506052614	0.00036067717138928336	0.00029305020175379276	0.00027050787854196256	0.00036067717138928336	0.0004959311106602646	0.00018033858569464168	0.0002028809089064719	0.0002479655553301323	0.00011271161605915105	0.0002479655553301323	0.00011271161605915105	0.00011271161605915105
_scratch_st-cdeboer-1_asfar_VLPs_results_crispresso_aggregated_spacer_CBE6d_rep3_.staging_CRISPRessoPooled_on_CBE6d_D2_rep3_CRISPResso_on_PDCD1	All_modifications	0.0010820315141678502	0.00105948919095602	0.0032235522192917204	0.011293703929126936	0.0032460945425035505	0.0011045738373796803	0.06746917337300783	0.013412682311038976	0.0018484705033700772	0.0034940600978336828	0.0033362638353508713	0.0011496584838033407	0.0016455895944636053	0.00105948919095602	0.0010820315141678502	0.0011496584838033407	0.000856608282049548	0.0009016929284732084	0.0007664389892022272	0.0006086427267194157
_scratch_st-cdeboer-1_asfar_VLPs_results_crispresso_aggregated_spacer_CBE6d_rep3_.staging_CRISPRessoPooled_on_CBE6d_D3_rep3_CRISPResso_on_PDCD1	Insertions	6.820351930159596e-05	9.743359900227995e-05	2.9230079700683983e-05	5.8460159401367966e-05	0.00011692031880273593	0.00022409727770524387	0.00021435391780501588	0.0001461503985034199	0.0001753804782041039	0.001870725100843775	0.001792778221641951	0.0	0.0	0.0	0.0	0.0	0.00025332735740592785	0.0002923007970068398	3.897343960091198e-05	0.0
_scratch_st-cdeboer-1_asfar_VLPs_results_crispresso_aggregated_spacer_CBE6d_rep3_.staging_CRISPRessoPooled_on_CBE6d_D3_rep3_CRISPResso_on_PDCD1	Insertions_Left	6.820351930159596e-05	2.9230079700683983e-05	0.0	5.8460159401367966e-05	5.8460159401367966e-05	0.00016563711830387592	4.8716799501139974e-05	9.743359900227995e-05	7.794687920182396e-05	0.001792778221641951	0.0	0.0	0.0	0.0	0.0	0.0	0.00025332735740592785	3.897343960091198e-05	0.0	0.0
_scratch_st-cdeboer-1_asfar_VLPs_results_crispresso_aggregated_spacer_CBE6d_rep3_.staging_CRISPRessoPooled_on_CBE6d_D3_rep3_CRISPResso_on_PDCD1	Deletions	0.0022214860572519826	0.0031276185279731864	0.00364401660268527	0.005534228423329501	0.004238361556599178	0.003585556443283902	0.0053101311456242575	0.006752148410858	0.004842449870413313	0.004433228754603737	0.003868113880390514	0.0033614591655786582	0.0032835122863768343	0.0028353177309663464	0.0028255743710661183	0.0025527602938597346	0.001656371183038759	0.0013250969464310073	0.0012179199875284993	0.0011692031880273593
_scratch_st-cdeboer-1_asfar_VLPs_results_crispresso_aggregated_spacer_CBE6d_rep3_.staging_CRISPRessoPooled_on_CBE6d_D3_rep3_CRISPResso_on_PDCD1	Substitutions	0.00044819455541048774	0.0003994777559093478	0.005125007307519925	0.01656371183038759	0.0015979110236373911	0.0004092211158095758	0.1521912816415613	0.02994134497340063	0.0004774246351111717	0.00021435391780501588	0.00013640703860319192	0.00022409727770524387	0.0003702476762086638	0.00024358399750569985	7.794687920182396e-05	0.0002046105579047879	0.0001851238381043319	0.0003507609564082078	0.00016563711830387592	9.743359900227995e-05
_scratch_st-cdeboer-1_asfar_VLPs_results_crispresso_aggregated_spacer_CBE6d_rep3_.staging_CRISPRessoPooled_on_CBE6d_D3_rep3_CRISPResso_on_PDCD1	All_modifications	0.0027378841319640663	0.003624529882884814	0.008798253989905878	0.02215640041311846	0.005953192899039304	0.0042188748367987215	0.15771576670499055	0.03683964378276205	0.005495254983728589	0.006518307773252528	0.0057972991406356564	0.003585556443283902	0.0036537599625854978	0.0030789017284720463	0.0029035212502679423	0.0027573708517645225	0.002094822378549019	0.001968158699846055	0.0014225305454332873	0.0012666367870296394
_scratch_st-cdeboer-1_asfar_VLPs_results_crispresso_aggregated_spacer_CBE6d_rep3_.staging_CRISPRessoPooled_on_CBE6d_D4_rep3_CRISPResso_on_PDCD1	Insertions	0.0	3.302946228035408e-05	3.302946228035408e-05	0.0	0.0002752455190029506	0.0003082749812833047	8.80785660809442e-05	0.00018716695292200644	0.00042938300964460297	0.004954419342053111	0.004657154181529925	0.0	0.0	1.1009820760118025e-05	5.504910380059013e-05	0.00011009820760118025	0.0011009820760118025	0.0010459329722112124	1.1009820760118025e-05	0.0
_scratch_st-cdeboer-1_asfar_VLPs_results_crispresso_aggregated_spacer_CBE6d_rep3_.staging_CRISPRessoPooled_on_CBE6d_D4_rep3_CRISPResso_on_PDCD1	Insertions_Left	0.0	3.302946228035408e-05	0.0	0.0	0.0002752455190029506	3.302946228035408e-05	5.504910380059013e-05	0.0001321178491214163	0.00029726516052318666	0.004657154181529925	0.0	0.0	0.0	1.1009820760118025e-05	4.40392830404721e-05	6.605892456070815e-05	0.0010349231514510944	1.1009820760118025e-05	0.0	0.0
_scratch_st-cdeboer-1_asfar_VLPs_results_crispresso_aggregated_spacer_CBE6d_rep3_.staging_CRISPRessoPooled_on_CBE6d_D4_rep3_CRISPResso_on_PDCD1	Deletions	0.00524067468181618	0.0089179548156956	0.01087770291099661	0.017791870348350728	0.01115294842999956	0.009534504778262209	0.01655877042321751	0.019586471132249966	0.011780508213326287	0.011450213590522746	0.00987580922182587	0.008906944994935483	0.008664728938212886	0.008224336107808166	0.007894041485004624	0.0075307173999207295	0.005284713964856652	0.004205751530365086	0.0041286827850442595	0.004018584577443079
_scratch_st-cdeboer-1_asfar_VLPs_results_crispresso_aggregated_spacer_CBE6d_rep3_.staging_CRISPRessoPooled_on_CBE6d_D4_rep3_CRISPResso_on_PDCD1	Substitutions	0.0010679526137314485	0.0006275597833267275	0.017021182895142466	0.055962918923679925	0.004315849737966266	0.0005394812172457833	0.37649183071299597	0.09288985775311578	0.0003523142643237768	0.0001321178491214163	8.80785660809442e-05	0.00024221605672259655	0.00024221605672259655	0.0002201964152023605	6.605892456070815e-05	0.00016514731140177037	0.00019817677368212446	0.00025322587748271457	8.80785660809442e-05	0.00018716695292200644
_scratch_st-cdeboer-1_asfar_VLPs_results_crispresso_aggregated_spacer_CBE6d_rep3_.staging_CRISPRessoPooled_on_CBE6d_D4_rep3_CRISPResso_on_PDCD1	All_modifications	0.006308627295547629	0.009578544061302681	0.02793191526841943	0.07375478927203065	0.015744043686968776	0.010382260976791298	0.39313867970229444	0.11266349583828775	0.012562205487294666	0.016536750781697272	0.014621041969436737	0.009149161051658078	0.008906944994935483	0.008455542343770644	0.008015149513365922	0.00780596291892368	0.006583872814550579	0.005504910380059013	0.004227771171885322	0.004205751530365086
_scratch_st-cdeboer-1_asfar_VLPs_results_crispresso_aggregated_spacer_CBE6d_rep3_.staging_CRISPRessoPooled_on_CBE6d_D5_rep3_CRISPResso_on_PDCD1	Insertions	7.392075694855116e-05	0.0001848018923713779	0.00012936132465996453	0.0	3.696037847427558e-05	3.696037847427558e-05	0.0	5.5440567711413366e-05	0.0005359254878769959	0.004305884092253105	0.0038253991720875223	0.0	0.0	0.0	0.0	5.5440567711413366e-05	0.00014784151389710232	0.00014784151389710232	5.5440567711413366e-05	0.0
_scratch_st-cdeboer-1_asfar_VLPs_results_crispresso_aggregated_spacer_CBE6d_rep3_.staging_CRISPRessoPooled_on_CBE6d_D5_rep3_CRISPResso_on_PDCD1	Insertions_Left	5.5440567711413366e-05	0.00012936132465996453	0.0	0.0	3.696037847427558e-05	0.0	0.0	5.5440567711413366e-05	0.0004804849201655825	0.0038253991720875223	0.0	0.0	0.0	0.0	0.0	5.5440567711413366e-05	9.240094618568895e-05	5.5440567711413366e-05	0.0	0.0
_scratch_st-cdeboer-1_asfar_VLPs_results_crispresso_aggregated_spacer_CBE6d_rep3_.staging_CRISPRessoPooled_on_CBE6d_D5_rep3_CRISPResso_on_PDCD1	Deletions	0.0035112359550561797	0.005063571850975754	0.006541986989946777	0.010552188054405677	0.0072627143701951506	0.006153903015966884	0.010034742755765819	0.012825251330573625	0.006985511531638084	0.006597427557658191	0.005821259609698403	0.005285334121821407	0.00517445298639858	0.004712448255470136	0.004620047309284447	0.004435245416913069	0.0031601123595505617	0.0024948255470136015	0.0024948255470136015	0.0024024246008279124
_scratch_st-cdeboer-1_asfar_VLPs_results_crispresso_aggregated_spacer_CBE6d_rep3_.staging_CRISPRessoPooled_on_CBE6d_D5_rep3_CRISPResso_on_PDCD1	Substitutions	0.0006468066232998225	0.0005728858663512714	0.009258574807806032	0.03498299822590183	0.00434284447072738	0.0006468066232998225	0.27363616203429925	0.05372191011235955	0.0003326434062684802	0.00035112359550561797	0.00022176227084565346	0.00022176227084565346	0.0004250443524541691	0.00038808397397989354	0.00012936132465996453	0.00014784151389710232	0.00038808397397989354	0.00040656416321703135	0.00011088113542282673	0.0001848018923713779
_scratch_st-cdeboer-1_asfar_VLPs_results_crispresso_aggregated_spacer_CBE6d_rep3_.staging_CRISPRessoPooled_on_CBE6d_D5_rep3_CRISPResso_on_PDCD1	All_modifications	0.004231963335304553	0.005821259609698403	0.015929923122412773	0.04553518628030751	0.011642519219396807	0.006837670017740982	0.28367090479006507	0.0666026020106446	0.00785408042578356	0.011254435245416913	0.009868421052631578	0.005507096392667061	0.00559949733885275	0.00510053222945003	0.004749408633944412	0.004638527498521585	0.0036960378474275575	0.003049231224127735	0.0026611472501478417	0.00258722649319929
