Folder	Modification	G	G	A	G	G	C	T	A	T	C	C	A	G	C	G	T	G	A	G	T
_scratch_st-cdeboer-1_asfar_VLPs_results_crispresso_aggregated_spacer_CBE6d_rep1_.staging_CRISPRessoPooled_on_CBE6d_D0_rep1_CRISPResso_on_B2M	Insertions	0.0	0.0	0.0	0.0	0.0	0.0	0.0	0.0	0.0	0.0	0.0	0.0	0.0	0.0	0.0	0.0	0.0	0.0	0.0	0.0
_scratch_st-cdeboer-1_asfar_VLPs_results_crispresso_aggregated_spacer_CBE6d_rep1_.staging_CRISPRessoPooled_on_CBE6d_D0_rep1_CRISPResso_on_B2M	Insertions_Left	0.0	0.0	0.0	0.0	0.0	0.0	0.0	0.0	0.0	0.0	0.0	0.0	0.0	0.0	0.0	0.0	0.0	0.0	0.0	0.0
_scratch_st-cdeboer-1_asfar_VLPs_results_crispresso_aggregated_spacer_CBE6d_rep1_.staging_CRISPRessoPooled_on_CBE6d_D0_rep1_CRISPResso_on_B2M	Deletions	9.676982329830266e-06	4.838491164915133e-05	9.676982329830266e-06	9.676982329830266e-06	9.676982329830266e-06	9.676982329830266e-06	9.676982329830266e-06	9.676982329830266e-06	9.676982329830266e-06	9.676982329830266e-06	3.870792931932106e-05	9.676982329830266e-06	9.676982329830266e-06	9.676982329830266e-06	9.676982329830266e-06	9.676982329830266e-06	9.676982329830266e-06	9.676982329830266e-06	9.676982329830266e-06	9.676982329830266e-06
_scratch_st-cdeboer-1_asfar_VLPs_results_crispresso_aggregated_spacer_CBE6d_rep1_.staging_CRISPRessoPooled_on_CBE6d_D0_rep1_CRISPResso_on_B2M	Substitutions	0.0003193404168843988	0.0007354506570671002	0.00020321662892643558	0.00023224757591592637	0.00010644680562813292	0.00017418568193694478	0.0003774023108633804	0.00018386266426677504	0.00029998645222473826	0.00012580077028779345	0.0002225705935860961	0.00027095550523524743	0.00016450869960711451	0.00017418568193694478	0.00012580077028779345	0.00021289361125626584	0.0002612785229054172	0.00023224757591592637	0.00027095550523524743	0.00034837136387388956
_scratch_st-cdeboer-1_asfar_VLPs_results_crispresso_aggregated_spacer_CBE6d_rep1_.staging_CRISPRessoPooled_on_CBE6d_D0_rep1_CRISPResso_on_B2M	All_modifications	0.00032901739921422903	0.0007838355687162515	0.00021289361125626584	0.00024192455824575664	0.00011612378795796319	0.00018386266426677504	0.0003870792931932106	0.0001935396465966053	0.0003096634345545685	0.00013547775261762372	0.0002612785229054172	0.00028063248756507773	0.00017418568193694478	0.00018386266426677504	0.00013547775261762372	0.0002225705935860961	0.00027095550523524743	0.00024192455824575664	0.00028063248756507773	0.00035804834620371985
_scratch_st-cdeboer-1_asfar_VLPs_results_crispresso_aggregated_spacer_CBE6d_rep1_.staging_CRISPRessoPooled_on_CBE6d_D1_rep1_CRISPResso_on_B2M	Insertions	0.0	0.0	0.0	4.510599909788002e-05	7.517666516313337e-05	3.0070666065253345e-05	9.021199819576004e-05	0.00044354232446248683	0.0004585776574951135	0.0007743196511802736	0.000669072319951887	0.00010524733122838671	0.0001879416629078334	0.00027063599458728013	0.0001879416629078334	0.0	0.0	0.0	0.0	0.0
_scratch_st-cdeboer-1_asfar_VLPs_results_crispresso_aggregated_spacer_CBE6d_rep1_.staging_CRISPRessoPooled_on_CBE6d_D1_rep1_CRISPResso_on_B2M	Insertions_Left	0.0	0.0	0.0	4.510599909788002e-05	3.0070666065253345e-05	0.0	9.021199819576004e-05	0.0003533303262667268	0.00010524733122838671	0.000669072319951887	0.0	0.00010524733122838671	8.26943316794467e-05	0.0001879416629078334	0.0	0.0	0.0	0.0	0.0	0.0
_scratch_st-cdeboer-1_asfar_VLPs_results_crispresso_aggregated_spacer_CBE6d_rep1_.staging_CRISPRessoPooled_on_CBE6d_D1_rep1_CRISPResso_on_B2M	Deletions	0.0008570139828597204	0.0011953089760938205	0.0012103443091264472	0.0014809803037137274	0.002277852954442941	0.0024056532852202678	0.0033378439332431213	0.003638550593895655	0.004074575251841828	0.004142234250488648	0.004999248233348369	0.004833859569989475	0.0058261915501428355	0.005187189896256202	0.004721094572244775	0.004645917907081642	0.004878965569087355	0.003849045256352428	0.003533303262667268	0.002428206284769208
_scratch_st-cdeboer-1_asfar_VLPs_results_crispresso_aggregated_spacer_CBE6d_rep1_.staging_CRISPRessoPooled_on_CBE6d_D1_rep1_CRISPResso_on_B2M	Substitutions	0.00040595399188092014	0.0008119079837618403	0.00032325966020147346	0.00028567132761990677	0.00036084799278304015	0.0001879416629078334	0.0004285069914298602	0.00042098932491354684	0.0008419786498270937	0.0004660953240114269	0.00030822432716884676	0.00034581265975041346	0.047301157720643514	0.000894602315441287	0.02847692076379492	0.00024056532852202676	0.0165163133363404	0.00033829499323410016	0.0017365809652683808	0.0006765899864682003
_scratch_st-cdeboer-1_asfar_VLPs_results_crispresso_aggregated_spacer_CBE6d_rep1_.staging_CRISPRessoPooled_on_CBE6d_D1_rep1_CRISPResso_on_B2M	All_modifications	0.0012629679747406405	0.0020072169598556607	0.0015336039693279206	0.001811757630431514	0.0027138776123891146	0.0026236656141933544	0.0038565629228687415	0.004503082243271689	0.005375131559164035	0.005382649225680349	0.0059765448804691024	0.005284919560968275	0.05331529093369418	0.006352428206284769	0.03338595699894752	0.004886483235603669	0.021395278905427754	0.004187340249586528	0.0052698842279356485	0.003104796271237408
_scratch_st-cdeboer-1_asfar_VLPs_results_crispresso_aggregated_spacer_CBE6d_rep1_.staging_CRISPRessoPooled_on_CBE6d_D2_rep1_CRISPResso_on_B2M	Insertions	0.0	0.0	0.00015373184042634963	0.00015373184042634963	0.00029038236524977156	0.00029038236524977156	0.00031600433865416314	0.0007515778865288204	0.0009223910425580978	0.002562197340439161	0.0020753798457557203	8.540657801463869e-05	0.0003587076276614825	0.0005466020992936876	0.0002733010496468438	0.00011102855141903029	0.00011102855141903029	0.0	0.0001622724982278135	0.0001622724982278135
_scratch_st-cdeboer-1_asfar_VLPs_results_crispresso_aggregated_spacer_CBE6d_rep1_.staging_CRISPRessoPooled_on_CBE6d_D2_rep1_CRISPResso_on_B2M	Insertions_Left	0.0	0.0	0.00015373184042634963	0.0	0.00029038236524977156	0.0	0.00031600433865416314	0.0004355735478746573	0.00048681749468344054	0.0020753798457557203	0.0	8.540657801463869e-05	0.0002733010496468438	0.0002733010496468438	0.0	0.00011102855141903029	0.0	0.0	0.0001622724982278135	0.0
_scratch_st-cdeboer-1_asfar_VLPs_results_crispresso_aggregated_spacer_CBE6d_rep1_.staging_CRISPRessoPooled_on_CBE6d_D2_rep1_CRISPResso_on_B2M	Deletions	0.0011786107766020139	0.0012127734078078694	0.0013323426170283635	0.0015543997198664242	0.0022974369485937807	0.0022547336595864615	0.0026305226028508714	0.003271071937960662	0.003569994961011897	0.0038945399574675243	0.0050048254716578275	0.004910878235841724	0.006456737297906685	0.0050048254716578275	0.00509877270747393	0.004552170608180242	0.004492386003569995	0.004073893771298265	0.004031190482290946	0.003322315884769445
_scratch_st-cdeboer-1_asfar_VLPs_results_crispresso_aggregated_spacer_CBE6d_rep1_.staging_CRISPRessoPooled_on_CBE6d_D2_rep1_CRISPResso_on_B2M	Substitutions	0.00031600433865416314	0.0005466020992936876	0.0003330856542570909	0.0004270328900731934	0.000324544996455627	0.00047827683688197667	0.0002818417074483077	0.0005380614414922237	0.0008028218333376037	0.0001366505248234219	0.0004184922322717296	0.0005466020992936876	0.05354138375737699	0.0016056436666752074	0.036878560386720986	0.0010932041985873752	0.01798662532988291	0.0005466020992936876	0.001887485374123515	0.00044411420567612116
_scratch_st-cdeboer-1_asfar_VLPs_results_crispresso_aggregated_spacer_CBE6d_rep1_.staging_CRISPRessoPooled_on_CBE6d_D2_rep1_CRISPResso_on_B2M	All_modifications	0.0014946151152561771	0.001759375507101557	0.001819160111711804	0.0021351644503659673	0.0029123643102991793	0.0030233928617182096	0.0032283686489533426	0.004560711265981706	0.0052952078369075985	0.006593387822730106	0.007498697549685277	0.005542886913150051	0.06035682868294516	0.007157071237626722	0.04225063414384176	0.005756403358186647	0.022590039884871932	0.004620495870591953	0.006080948354642275	0.003928702588673379
_scratch_st-cdeboer-1_asfar_VLPs_results_crispresso_aggregated_spacer_CBE6d_rep1_.staging_CRISPRessoPooled_on_CBE6d_D3_rep1_CRISPResso_on_B2M	Insertions	0.0	0.0	0.00021583121998597097	0.00026978902498246373	0.0030890843360492095	0.0037230885447579994	0.002765337506070253	0.0028058058598176227	0.001969459882371985	0.017091134732639075	0.015850105217719745	0.001456860734905304	0.0025764851885825284	0.0026574218960772676	0.001969459882371985	0.0013219662224140721	0.001160092807424594	0.00043166243997194194	0.00016187341498947823	0.00012140506124210867
_scratch_st-cdeboer-1_asfar_VLPs_results_crispresso_aggregated_spacer_CBE6d_rep1_.staging_CRISPRessoPooled_on_CBE6d_D3_rep1_CRISPResso_on_B2M	Insertions_Left	0.0	0.0	0.00021583121998597097	5.395780499649274e-05	0.003035126531052717	0.0006879620137052824	0.0020773754923649706	0.000728430367452652	0.0012410295149193331	0.015850105217719745	0.0	0.001456860734905304	0.0011196244536772243	0.001537797442400043	0.00043166243997194194	0.0008903037824421302	0.00026978902498246373	0.00016187341498947823	0.0	0.00012140506124210867
_scratch_st-cdeboer-1_asfar_VLPs_results_crispresso_aggregated_spacer_CBE6d_rep1_.staging_CRISPRessoPooled_on_CBE6d_D3_rep1_CRISPResso_on_B2M	Deletions	0.007257324772028274	0.008282523066961636	0.009833809960610802	0.010859008255544164	0.01934387309124265	0.019910430043705823	0.02510386877461825	0.027491501645713054	0.03221280958290617	0.033116602816597424	0.03917336642745373	0.03563913020018346	0.04315275454594507	0.03809421032752388	0.03555819349268872	0.032334214644148276	0.03068850159175525	0.025886256947067393	0.02421356499217612	0.01761722333135488
_scratch_st-cdeboer-1_asfar_VLPs_results_crispresso_aggregated_spacer_CBE6d_rep1_.staging_CRISPRessoPooled_on_CBE6d_D3_rep1_CRISPResso_on_B2M	Substitutions	0.0005530675012140506	0.0006070253062105433	0.0006609831112070361	0.002522527383586036	0.0017536286623860142	0.001888523174877246	0.0014703501861544272	0.002306696163600065	0.002185291102357956	0.0017266497598877677	0.0015108185399017968	0.002252738358603572	0.40332110289753415	0.007891328980737064	0.3136702098958614	0.0015512868936491664	0.15792100577348514	0.0011870717099228404	0.008309501969459883	0.0006474936599579129
_scratch_st-cdeboer-1_asfar_VLPs_results_crispresso_aggregated_spacer_CBE6d_rep1_.staging_CRISPRessoPooled_on_CBE6d_D3_rep1_CRISPResso_on_B2M	All_modifications	0.007810392273242325	0.00888954837317218	0.010710624291803809	0.013651324664112664	0.024186586089677872	0.025522041763341066	0.029339556466842928	0.032604003669130736	0.03636756056763611	0.051934387309124266	0.05653429018507527	0.03934872929369233	0.4490503426320617	0.048642961204338205	0.3511978632709221	0.03520746776021152	0.18976960017266498	0.027504991096962174	0.032684940376625476	0.018386122052554903
_scratch_st-cdeboer-1_asfar_VLPs_results_crispresso_aggregated_spacer_CBE6d_rep1_.staging_CRISPRessoPooled_on_CBE6d_D4_rep1_CRISPResso_on_B2M	Insertions	0.0	6.200909466721785e-05	0.00014468788755684167	0.00022736668044646548	0.0019842910293509713	0.0024183546920214967	0.0018809425382389417	0.003121124431583299	0.0028524183546920216	0.02701529557668458	0.02600248036378669	0.0024803637866887144	0.0036792062835882596	0.0034725093013642	0.002583712277800744	0.00086812732534105	0.0005374121537825547	2.0669698222405953e-05	2.0669698222405953e-05	2.0669698222405953e-05
_scratch_st-cdeboer-1_asfar_VLPs_results_crispresso_aggregated_spacer_CBE6d_rep1_.staging_CRISPRessoPooled_on_CBE6d_D4_rep1_CRISPResso_on_B2M	Insertions_Left	0.0	6.200909466721785e-05	8.267879288962381e-05	0.00014468788755684167	0.0018396031417941298	0.0005787515502273667	0.001302190988011575	0.0018189334435717238	0.0010334849111202976	0.025981810665564282	2.0669698222405953e-05	0.002459694088466308	0.0012195121951219512	0.002252997106242249	0.00033071517155849525	0.0005374121537825547	0.0	2.0669698222405953e-05	0.0	2.0669698222405953e-05
_scratch_st-cdeboer-1_asfar_VLPs_results_crispresso_aggregated_spacer_CBE6d_rep1_.staging_CRISPRessoPooled_on_CBE6d_D4_rep1_CRISPResso_on_B2M	Deletions	0.007503100454733361	0.008515915667631253	0.00965274906986358	0.011099627945431997	0.021269119470855725	0.02197188921041753	0.025775113683340223	0.02972302604381976	0.03633732947498967	0.037267465894997936	0.04417114510128152	0.04226953286482017	0.051922281934683755	0.043385696568830096	0.042724266225713105	0.03908639933856966	0.0381976023150062	0.03220338983050847	0.030715171558495246	0.02343943778420835
_scratch_st-cdeboer-1_asfar_VLPs_results_crispresso_aggregated_spacer_CBE6d_rep1_.staging_CRISPRessoPooled_on_CBE6d_D4_rep1_CRISPResso_on_B2M	Substitutions	0.0006200909466721786	0.0006407606448945845	0.0007234394377842084	0.0016535758577924762	0.0011161637040099214	0.0027490698635799916	0.0016329061595700702	0.002232327408019843	0.003389830508474576	0.0010128152128978916	0.001715584952459694	0.0028317486564696155	0.5142414220752377	0.010396858205870194	0.47356345597354277	0.001343530384456387	0.2374948325754444	0.001694915254237288	0.01572964034725093	0.0004960727573377428
_scratch_st-cdeboer-1_asfar_VLPs_results_crispresso_aggregated_spacer_CBE6d_rep1_.staging_CRISPRessoPooled_on_CBE6d_D4_rep1_CRISPResso_on_B2M	All_modifications	0.008123191401405539	0.009218685407193054	0.01052087639520463	0.012980570483670939	0.024369574204216617	0.027139313766019017	0.029288962381149235	0.0350764778834229	0.04257957833815626	0.0652955766845804	0.07188921041752791	0.0475816453079785	0.5698429102935098	0.05725506407606449	0.5188714344770566	0.041298057048367094	0.27622984704423315	0.03391897478296817	0.04646548160396858	0.0239561802397685
_scratch_st-cdeboer-1_asfar_VLPs_results_crispresso_aggregated_spacer_CBE6d_rep1_.staging_CRISPRessoPooled_on_CBE6d_D5_rep1_CRISPResso_on_B2M	Insertions	0.0	5.74729158883876e-05	0.0006322020747722636	0.0007902525934653295	0.002830541107503089	0.0029598551682519614	0.003002959855168252	0.003548952556107934	0.0016954510187074342	0.020977614299261472	0.02030230753757292	0.0016092416448748527	0.002758699962642605	0.00431046869162907	0.00329032443461019	0.0010632489439351706	0.0011063536308514612	0.0007902525934653295	0.0005459927009396822	5.74729158883876e-05
_scratch_st-cdeboer-1_asfar_VLPs_results_crispresso_aggregated_spacer_CBE6d_rep1_.staging_CRISPRessoPooled_on_CBE6d_D5_rep1_CRISPResso_on_B2M	Insertions_Left	0.0	5.74729158883876e-05	0.000574729158883876	0.0002155234345814535	0.002615017672921636	0.0003448374953303256	0.0026581223598379266	0.0008908301962700077	0.0008046208224374264	0.020172993476824046	0.00012931406074887208	0.0014799275841259807	0.0012787723785166241	0.0030316963131124457	0.00025862812149774416	0.0008046208224374264	0.0003017328084140349	0.0004885197850512946	5.74729158883876e-05	0.0
_scratch_st-cdeboer-1_asfar_VLPs_results_crispresso_aggregated_spacer_CBE6d_rep1_.staging_CRISPRessoPooled_on_CBE6d_D5_rep1_CRISPResso_on_B2M	Deletions	0.008189890514095233	0.00941118997672347	0.011825052444035748	0.013894077416017702	0.02488577257967183	0.026078335584355874	0.029584183453547516	0.03389465214517658	0.040762665593838905	0.04142360412655536	0.04842093163596655	0.04577717750510072	0.0546854794678008	0.0467973217621196	0.045116238972384266	0.040058622374206154	0.038190752607833556	0.031854363631138825	0.030475013649817525	0.021049455444121956
_scratch_st-cdeboer-1_asfar_VLPs_results_crispresso_aggregated_spacer_CBE6d_rep1_.staging_CRISPRessoPooled_on_CBE6d_D5_rep1_CRISPResso_on_B2M	Substitutions	0.0011063536308514612	0.0008189890514095232	0.0007327796775769418	0.001997183827121469	0.001709819247679531	0.002313284864507601	0.0016667145607632402	0.0036207937009684185	0.0037932124486335815	0.0020690249719819533	0.0020402885140377598	0.002298916635535504	0.4987787005373718	0.008319204574844105	0.4230725020833932	0.0032472197476938994	0.2177361418431564	0.0016810827897353372	0.015517687289864652	0.0007327796775769418
_scratch_st-cdeboer-1_asfar_VLPs_results_crispresso_aggregated_spacer_CBE6d_rep1_.staging_CRISPRessoPooled_on_CBE6d_D5_rep1_CRISPResso_on_B2M	All_modifications	0.009296244144946694	0.01028765194402138	0.013190034196384953	0.0166815138366045	0.02942613293485445	0.03135147561711543	0.03425385786947901	0.04106439840225294	0.046251329061179916	0.06447024339779879	0.07076352768757722	0.04968533578551108	0.5562228799678152	0.05942699502859278	0.47147906549038765	0.044369091065835226	0.2570332480818414	0.03432569901433949	0.04653869364062186	0.021839708037587287
