Folder	Modification	C	A	C	C	T	A	C	C	T	A	A	G	A	A	C	C	A	T	C	C
_scratch_st-cdeboer-1_asfar_VLPs_results_crispresso_aggregated_spacer_CBE6d_rep1_.staging_CRISPRessoPooled_on_CBE6d_D0_rep1_CRISPResso_on_PDCD1	Insertions	4.8727244376876e-05	4.8727244376876e-05	0.0	0.0	0.0	0.0	0.0	0.0	0.0	0.0	0.0	0.0	0.0	0.0	0.0	0.0	0.0	0.0	0.0	0.0
_scratch_st-cdeboer-1_asfar_VLPs_results_crispresso_aggregated_spacer_CBE6d_rep1_.staging_CRISPRessoPooled_on_CBE6d_D0_rep1_CRISPResso_on_PDCD1	Insertions_Left	4.8727244376876e-05	0.0	0.0	0.0	0.0	0.0	0.0	0.0	0.0	0.0	0.0	0.0	0.0	0.0	0.0	0.0	0.0	0.0	0.0	0.0
_scratch_st-cdeboer-1_asfar_VLPs_results_crispresso_aggregated_spacer_CBE6d_rep1_.staging_CRISPRessoPooled_on_CBE6d_D0_rep1_CRISPResso_on_PDCD1	Deletions	1.94908977507504e-05	0.0	0.0	0.0	0.0	9.7454488753752e-06	0.0	0.0	0.0	9.7454488753752e-06	7.79635910030016e-05	0.0	0.0	0.0	0.0	9.7454488753752e-06	0.0	0.0	0.0	9.7454488753752e-06
_scratch_st-cdeboer-1_asfar_VLPs_results_crispresso_aggregated_spacer_CBE6d_rep1_.staging_CRISPRessoPooled_on_CBE6d_D0_rep1_CRISPResso_on_PDCD1	Substitutions	0.0002046544263828792	0.0002533816707597552	0.0001656726308813784	0.0002631271196351304	0.0003118543640120064	0.0001754180797567536	0.00014618173313062798	0.0001754180797567536	0.0002728725685105056	6.82181421276264e-05	0.00014618173313062798	0.0002826180173858808	0.0003605816083888824	0.0002143998752582544	4.8727244376876e-05	7.79635910030016e-05	0.0001754180797567536	0.0004190543016411336	0.0001169453865045024	0.0001266908353798776
_scratch_st-cdeboer-1_asfar_VLPs_results_crispresso_aggregated_spacer_CBE6d_rep1_.staging_CRISPRessoPooled_on_CBE6d_D0_rep1_CRISPResso_on_PDCD1	All_modifications	0.0002728725685105056	0.0003021089151366312	0.0001656726308813784	0.0002631271196351304	0.0003118543640120064	0.00018516352863212878	0.00014618173313062798	0.0001754180797567536	0.0002728725685105056	7.79635910030016e-05	0.0002241453241336296	0.0002826180173858808	0.0003605816083888824	0.0002143998752582544	4.8727244376876e-05	8.77090398783768e-05	0.0001754180797567536	0.0004190543016411336	0.0001169453865045024	0.0001364362842552528
_scratch_st-cdeboer-1_asfar_VLPs_results_crispresso_aggregated_spacer_CBE6d_rep1_.staging_CRISPRessoPooled_on_CBE6d_D1_rep1_CRISPResso_on_PDCD1	Insertions	2.5451445005790203e-05	2.5451445005790203e-05	0.0	0.0	0.0	0.0	0.0	0.0	0.0	0.0	2.5451445005790203e-05	2.5451445005790203e-05	0.0	0.0	0.0	0.00025451445005790203	0.00025451445005790203	0.0	0.0	0.0
_scratch_st-cdeboer-1_asfar_VLPs_results_crispresso_aggregated_spacer_CBE6d_rep1_.staging_CRISPRessoPooled_on_CBE6d_D1_rep1_CRISPResso_on_PDCD1	Insertions_Left	2.5451445005790203e-05	0.0	0.0	0.0	0.0	0.0	0.0	0.0	0.0	0.0	2.5451445005790203e-05	0.0	0.0	0.0	0.0	0.00025451445005790203	0.0	0.0	0.0	0.0
_scratch_st-cdeboer-1_asfar_VLPs_results_crispresso_aggregated_spacer_CBE6d_rep1_.staging_CRISPRessoPooled_on_CBE6d_D1_rep1_CRISPResso_on_PDCD1	Deletions	5.090289001158041e-05	1.2725722502895102e-05	0.0	1.2725722502895102e-05	0.0003944973975897482	0.0	0.00010180578002316081	0.00010180578002316081	0.00010180578002316081	0.00011453150252605592	3.8177167508685305e-05	0.0	0.0	0.0	0.0	0.0	0.0	0.0	0.0	1.2725722502895102e-05
_scratch_st-cdeboer-1_asfar_VLPs_results_crispresso_aggregated_spacer_CBE6d_rep1_.staging_CRISPRessoPooled_on_CBE6d_D1_rep1_CRISPResso_on_PDCD1	Substitutions	0.00012725722502895102	0.00020361156004632163	0.0005981089576360698	0.0020361156004632163	0.00019088583754342653	0.00015270867003474122	0.013247477125513801	0.0015907153128618878	0.00031814306257237757	0.00022906300505211183	0.00015270867003474122	0.00033086878507527264	0.00026724017256079716	0.00017816011504053142	0.00015270867003474122	0.00012725722502895102	0.00011453150252605592	0.000369045952583958	0.00016543439253763632	0.00013998294753184612
_scratch_st-cdeboer-1_asfar_VLPs_results_crispresso_aggregated_spacer_CBE6d_rep1_.staging_CRISPRessoPooled_on_CBE6d_D1_rep1_CRISPResso_on_PDCD1	All_modifications	0.00020361156004632163	0.00024178872755500693	0.0005981089576360698	0.0020488413229661114	0.0005853832351331747	0.00015270867003474122	0.013349282905536962	0.0016925210928850486	0.0004199488425955384	0.0003435945075781678	0.00021633728254921673	0.00035632023008106285	0.00026724017256079716	0.00017816011504053142	0.00015270867003474122	0.00038177167508685305	0.000369045952583958	0.000369045952583958	0.00016543439253763632	0.00015270867003474122
_scratch_st-cdeboer-1_asfar_VLPs_results_crispresso_aggregated_spacer_CBE6d_rep1_.staging_CRISPRessoPooled_on_CBE6d_D2_rep1_CRISPResso_on_PDCD1	Insertions	0.0	0.0	0.0	0.0	0.0	0.0	0.0	0.0	0.0	0.0003366480215454734	0.0003366480215454734	0.0	0.0	0.0	0.0	2.5896001657344107e-05	7.768800497203231e-05	5.179200331468821e-05	0.0	0.0
_scratch_st-cdeboer-1_asfar_VLPs_results_crispresso_aggregated_spacer_CBE6d_rep1_.staging_CRISPRessoPooled_on_CBE6d_D2_rep1_CRISPResso_on_PDCD1	Insertions_Left	0.0	0.0	0.0	0.0	0.0	0.0	0.0	0.0	0.0	0.0003366480215454734	0.0	0.0	0.0	0.0	0.0	2.5896001657344107e-05	5.179200331468821e-05	0.0	0.0	0.0
_scratch_st-cdeboer-1_asfar_VLPs_results_crispresso_aggregated_spacer_CBE6d_rep1_.staging_CRISPRessoPooled_on_CBE6d_D2_rep1_CRISPResso_on_PDCD1	Deletions	0.00031075201988812925	0.0006215040397762585	0.0013206960845245494	0.0018386161176714316	0.000958152061321732	0.001217112077895173	0.0020716801325875284	0.0020716801325875284	0.002175264139216905	0.0019939921276154963	0.0013465920861818936	0.0012689040812098613	0.0012689040812098613	0.001217112077895173	0.001217112077895173	0.0011135280712657966	0.0005956080381189145	0.0004661280298321939	0.0004661280298321939	0.0004661280298321939
_scratch_st-cdeboer-1_asfar_VLPs_results_crispresso_aggregated_spacer_CBE6d_rep1_.staging_CRISPRessoPooled_on_CBE6d_D2_rep1_CRISPResso_on_PDCD1	Substitutions	0.00028485601823078515	0.0003625440232028175	0.0018386161176714316	0.006189144396105241	0.0004661280298321939	0.00023306401491609695	0.06251294800082867	0.007898280505489953	0.00018127201160140875	0.00015537600994406463	0.00018127201160140875	0.00028485601823078515	0.00018127201160140875	0.00025896001657344105	7.768800497203231e-05	2.5896001657344107e-05	0.0003884400248601616	0.00023306401491609695	2.5896001657344107e-05	0.00020716801325875285
_scratch_st-cdeboer-1_asfar_VLPs_results_crispresso_aggregated_spacer_CBE6d_rep1_.staging_CRISPRessoPooled_on_CBE6d_D2_rep1_CRISPResso_on_PDCD1	All_modifications	0.0005956080381189145	0.0009840480629790761	0.003159312202195981	0.008027760513776672	0.0014242800911539258	0.00145017609281127	0.0645846281334162	0.009969960638077481	0.002356536150818314	0.002486016159105034	0.0018645121193287756	0.0015537600994406464	0.00145017609281127	0.001476072094468614	0.0012948000828672053	0.0011653200745804849	0.0010617360679511083	0.0007509840480629791	0.0004920240314895381	0.0006732960430909468
_scratch_st-cdeboer-1_asfar_VLPs_results_crispresso_aggregated_spacer_CBE6d_rep1_.staging_CRISPRessoPooled_on_CBE6d_D3_rep1_CRISPResso_on_PDCD1	Insertions	0.0001595989927530235	0.00022462080461536641	6.502181186234291e-05	5.9110738056675375e-05	0.00011231040230768321	8.866610708501307e-05	3.5466442834005226e-05	8.275503327934552e-05	8.275503327934552e-05	0.0020629647581779705	0.0020629647581779705	0.0	0.0	8.275503327934552e-05	8.275503327934552e-05	0.0	0.00022462080461536641	0.00023053187842103396	5.911073805667538e-06	3.5466442834005226e-05
_scratch_st-cdeboer-1_asfar_VLPs_results_crispresso_aggregated_spacer_CBE6d_rep1_.staging_CRISPRessoPooled_on_CBE6d_D3_rep1_CRISPResso_on_PDCD1	Insertions_Left	0.0001595989927530235	6.502181186234291e-05	0.0	5.9110738056675375e-05	5.319966425100784e-05	3.5466442834005226e-05	0.0	8.275503327934552e-05	0.0	0.0020629647581779705	0.0	0.0	0.0	8.275503327934552e-05	0.0	0.0	0.00022462080461536641	5.911073805667538e-06	0.0	3.5466442834005226e-05
_scratch_st-cdeboer-1_asfar_VLPs_results_crispresso_aggregated_spacer_CBE6d_rep1_.staging_CRISPRessoPooled_on_CBE6d_D3_rep1_CRISPResso_on_PDCD1	Deletions	0.0025003842197973683	0.00352891106198352	0.004208684549635287	0.00744204192133543	0.00513672313712509	0.004238239918663625	0.006413515079149278	0.0077316845378131395	0.005071701325262747	0.004592904347003677	0.0041141073687446066	0.003954508375991582	0.0038362868998782318	0.0034698003239268444	0.00352891106198352	0.003540733209594855	0.0026186056959107192	0.0022166526771253267	0.002080697979594973	0.0020570536843723033
_scratch_st-cdeboer-1_asfar_VLPs_results_crispresso_aggregated_spacer_CBE6d_rep1_.staging_CRISPRessoPooled_on_CBE6d_D3_rep1_CRISPResso_on_PDCD1	Substitutions	0.0009221275136841358	0.0003310201331173821	0.005716008370080509	0.01863170463546408	0.0017674110678945938	0.000561552011538416	0.15391253975197133	0.03142326835092863	0.0004433305354250653	0.00047879697825907057	0.00024826509983803656	0.00041377516639672763	0.0002837315426720418	0.00020097650939269627	0.00010048825469634814	0.00014777684514168845	0.00023053187842103396	0.00038421979736838995	9.457718089068061e-05	8.275503327934552e-05
_scratch_st-cdeboer-1_asfar_VLPs_results_crispresso_aggregated_spacer_CBE6d_rep1_.staging_CRISPRessoPooled_on_CBE6d_D3_rep1_CRISPResso_on_PDCD1	All_modifications	0.0035821107262345277	0.004084551999716269	0.009989714731578139	0.026132857294856184	0.007016444607327367	0.004888458037287054	0.16036152127395462	0.039237707922021116	0.005597786893967158	0.0071346660834407175	0.0064253372267606135	0.00436828354238831	0.004120018442550274	0.0037535318665988865	0.0037121543499592136	0.0036885100547365433	0.0030737583789471196	0.0028314043529147504	0.0021811862342913215	0.002175275160485654
_scratch_st-cdeboer-1_asfar_VLPs_results_crispresso_aggregated_spacer_CBE6d_rep1_.staging_CRISPRessoPooled_on_CBE6d_D4_rep1_CRISPResso_on_PDCD1	Insertions	0.0	8.02620922138474e-05	8.02620922138474e-05	0.0	0.0002480828304791647	0.0002699724919920322	0.00018971039977818476	0.00029186215350489965	0.00034293803036825705	0.005129477347848611	0.004910580732719936	0.0	0.0	5.107587686335744e-05	5.837243070097993e-05	0.0002553793843167872	0.0008682899066770765	0.0006420967377107792	2.1889661512867474e-05	0.0
_scratch_st-cdeboer-1_asfar_VLPs_results_crispresso_aggregated_spacer_CBE6d_rep1_.staging_CRISPRessoPooled_on_CBE6d_D4_rep1_CRISPResso_on_PDCD1	Insertions_Left	0.0	8.02620922138474e-05	0.0	0.0	0.0002480828304791647	2.1889661512867474e-05	0.0001678207382653173	0.00012404141523958236	0.00021889661512867472	0.004910580732719936	0.0	0.0	0.0	5.107587686335744e-05	7.296553837622491e-06	0.0002480828304791647	0.0006202070761979117	2.1889661512867474e-05	0.0	0.0
_scratch_st-cdeboer-1_asfar_VLPs_results_crispresso_aggregated_spacer_CBE6d_rep1_.staging_CRISPRessoPooled_on_CBE6d_D4_rep1_CRISPResso_on_PDCD1	Deletions	0.004545753040838812	0.008011616113709496	0.009478223435071615	0.015899190812179408	0.008865312912711327	0.0072016986377333985	0.0141772041065005	0.01684044625723271	0.0105435202953645	0.010353809895586314	0.008566154205368805	0.007748940175555085	0.007727050514042218	0.007084953776331439	0.006924429591903744	0.006676346761424579	0.004611422025377414	0.00398391839534188	0.003903656303128033	0.0038233942109141853
_scratch_st-cdeboer-1_asfar_VLPs_results_crispresso_aggregated_spacer_CBE6d_rep1_.staging_CRISPRessoPooled_on_CBE6d_D4_rep1_CRISPResso_on_PDCD1	Substitutions	0.0010142209834295263	0.0006275036300355342	0.01593567358136752	0.053432663752909504	0.003538828611246908	0.0007150622760870041	0.368103844554217	0.08609203873010778	0.0004961656609583294	0.0007442484914374941	0.00021889661512867472	0.00026267593815440966	0.0005983174146850442	0.00029186215350489965	9.485519988909238e-05	8.75586460514699e-05	0.0002699724919920322	0.0005253518763088193	0.0001678207382653173	8.75586460514699e-05
_scratch_st-cdeboer-1_asfar_VLPs_results_crispresso_aggregated_spacer_CBE6d_rep1_.staging_CRISPRessoPooled_on_CBE6d_D4_rep1_CRISPResso_on_PDCD1	All_modifications	0.005559974024268338	0.008719381835958877	0.025494159108652985	0.0693318545650889	0.0126522243544374	0.008186733405812436	0.3824707590604957	0.10322434714084538	0.011382623986691086	0.01622753573487242	0.013695631553217416	0.008011616113709496	0.008325367928727262	0.007427891806699696	0.007077657222493816	0.007019284791792836	0.005749684424046522	0.005151367009361478	0.004093366702906218	0.003910952856965655
_scratch_st-cdeboer-1_asfar_VLPs_results_crispresso_aggregated_spacer_CBE6d_rep1_.staging_CRISPRessoPooled_on_CBE6d_D5_rep1_CRISPResso_on_PDCD1	Insertions	9.061254077564335e-05	1.812250815512867e-05	1.812250815512867e-05	3.624501631025734e-05	3.624501631025734e-05	1.812250815512867e-05	0.00021747009786154403	0.00027183762232693004	7.249003262051468e-05	0.0038238492207321494	0.0038057267125770206	0.0	5.4367524465386007e-05	5.4367524465386007e-05	0.0	7.249003262051468e-05	0.00045306270387821673	0.0004893077201884741	0.00010873504893077201	0.0
_scratch_st-cdeboer-1_asfar_VLPs_results_crispresso_aggregated_spacer_CBE6d_rep1_.staging_CRISPRessoPooled_on_CBE6d_D5_rep1_CRISPResso_on_PDCD1	Insertions_Left	1.812250815512867e-05	0.0	1.812250815512867e-05	1.812250815512867e-05	1.812250815512867e-05	0.0	0.00021747009786154403	5.4367524465386007e-05	1.812250815512867e-05	0.0038057267125770206	0.0	0.0	5.4367524465386007e-05	0.0	0.0	7.249003262051468e-05	0.00038057267125770207	0.00010873504893077201	0.0	0.0
_scratch_st-cdeboer-1_asfar_VLPs_results_crispresso_aggregated_spacer_CBE6d_rep1_.staging_CRISPRessoPooled_on_CBE6d_D5_rep1_CRISPResso_on_PDCD1	Deletions	0.0049111997100398696	0.005781080101486045	0.0075570859006886554	0.013700616165277275	0.008716926422616891	0.008209496194273287	0.011435302645886191	0.01417180137731062	0.008825661471547662	0.008680681406306633	0.0071402682131206955	0.006886553098948894	0.006397245378760421	0.006415367886915549	0.006397245378760421	0.006379122870605292	0.004385646973541138	0.003624501631025734	0.003624501631025734	0.003515766582094962
_scratch_st-cdeboer-1_asfar_VLPs_results_crispresso_aggregated_spacer_CBE6d_rep1_.staging_CRISPRessoPooled_on_CBE6d_D5_rep1_CRISPResso_on_PDCD1	Substitutions	0.00043494019572308805	0.0005799202609641174	0.010257339615802828	0.033852845233780356	0.0033345415005436754	0.00038057267125770207	0.2798296484233418	0.05670532801739761	0.0005074302283436027	0.0002899601304820587	0.00021747009786154403	0.00027183762232693004	0.0003262051467923161	0.00038057267125770207	7.249003262051468e-05	0.0002355926060166727	0.0002355926060166727	0.00027183762232693004	0.00019934758970641537	0.00019934758970641537
_scratch_st-cdeboer-1_asfar_VLPs_results_crispresso_aggregated_spacer_CBE6d_rep1_.staging_CRISPRessoPooled_on_CBE6d_D5_rep1_CRISPResso_on_PDCD1	All_modifications	0.005436752446538601	0.006379122870605292	0.01783254802464661	0.04758970641536789	0.012087712939470823	0.008608191373686118	0.2914824211670895	0.07114896701703516	0.00940558173251178	0.012794490757520842	0.011163465023559261	0.007158390721275824	0.006777818050018122	0.0068503080826386375	0.006469735411380935	0.006687205509242479	0.005074302283436027	0.004385646973541138	0.003932584269662922	0.003715114171801377
