Folder	Modification	G	G	A	G	G	C	T	A	T	C	C	A	G	C	G	T	G	A	G	T
_scratch_st-cdeboer-1_asfar_VLPs_results_crispresso_aggregated_spacer_CBE6d_rep3_.staging_CRISPRessoPooled_on_CBE6d_D0_rep3_CRISPResso_on_B2M	Insertions	0.0	0.0	0.0	0.0	0.0	0.0	0.0	0.0	0.0	0.0	0.0	0.0	0.0	0.0	0.0	0.0	0.0	0.0	0.0	0.0
_scratch_st-cdeboer-1_asfar_VLPs_results_crispresso_aggregated_spacer_CBE6d_rep3_.staging_CRISPRessoPooled_on_CBE6d_D0_rep3_CRISPResso_on_B2M	Insertions_Left	0.0	0.0	0.0	0.0	0.0	0.0	0.0	0.0	0.0	0.0	0.0	0.0	0.0	0.0	0.0	0.0	0.0	0.0	0.0	0.0
_scratch_st-cdeboer-1_asfar_VLPs_results_crispresso_aggregated_spacer_CBE6d_rep3_.staging_CRISPRessoPooled_on_CBE6d_D0_rep3_CRISPResso_on_B2M	Deletions	0.0	8.139676854828863e-05	0.0	0.0	0.0	0.0	0.0	0.0	0.0	0.0	0.0	0.0	0.0	0.0	0.0	0.0	0.0	0.0	0.0	0.0
_scratch_st-cdeboer-1_asfar_VLPs_results_crispresso_aggregated_spacer_CBE6d_rep3_.staging_CRISPRessoPooled_on_CBE6d_D0_rep3_CRISPResso_on_B2M	Substitutions	0.00044768222701558745	0.00047820601522119573	0.0002340157095763298	0.00047820601522119573	0.00022384111350779373	8.139676854828863e-05	0.0003357616702616906	0.00012209515282243295	0.00026453949778193806	0.00012209515282243295	0.00018314272923364942	0.0002441903056448659	0.00016279353709657725	0.00017296813316511334	0.00014244434495950511	0.0001933173253021855	0.00039680924667290706	0.0002441903056448659	0.0002034919213707216	0.0003255870741931545
_scratch_st-cdeboer-1_asfar_VLPs_results_crispresso_aggregated_spacer_CBE6d_rep3_.staging_CRISPRessoPooled_on_CBE6d_D0_rep3_CRISPResso_on_B2M	All_modifications	0.00044768222701558745	0.0005596027837694844	0.0002340157095763298	0.00047820601522119573	0.00022384111350779373	8.139676854828863e-05	0.0003357616702616906	0.00012209515282243295	0.00026453949778193806	0.00012209515282243295	0.00018314272923364942	0.0002441903056448659	0.00016279353709657725	0.00017296813316511334	0.00014244434495950511	0.0001933173253021855	0.00039680924667290706	0.0002441903056448659	0.0002034919213707216	0.0003255870741931545
_scratch_st-cdeboer-1_asfar_VLPs_results_crispresso_aggregated_spacer_CBE6d_rep3_.staging_CRISPRessoPooled_on_CBE6d_D1_rep3_CRISPResso_on_B2M	Insertions	0.0	0.0	0.0	0.0	2.9434273267793017e-05	2.9434273267793017e-05	0.0003826455524813092	0.0005003826455524813	0.00011773709307117207	0.0010890681109083416	0.0012068052039795136	0.0003237770059457232	0.00020603991287455114	2.9434273267793017e-05	5.8868546535586034e-05	2.9434273267793017e-05	0.0	0.0	0.0	0.0
_scratch_st-cdeboer-1_asfar_VLPs_results_crispresso_aggregated_spacer_CBE6d_rep3_.staging_CRISPRessoPooled_on_CBE6d_D1_rep3_CRISPResso_on_B2M	Insertions_Left	0.0	0.0	0.0	0.0	2.9434273267793017e-05	0.0	0.0003826455524813092	0.00011773709307117207	0.0	0.0010890681109083416	0.00011773709307117207	0.00020603991287455114	0.0	2.9434273267793017e-05	2.9434273267793017e-05	0.0	0.0	0.0	0.0	0.0
_scratch_st-cdeboer-1_asfar_VLPs_results_crispresso_aggregated_spacer_CBE6d_rep3_.staging_CRISPRessoPooled_on_CBE6d_D1_rep3_CRISPResso_on_B2M	Deletions	0.0012068052039795136	0.0012951080237828929	0.0013834108435862719	0.0014422793901218579	0.0019426620356743393	0.0022958733148878553	0.003738152705009713	0.003738152705009713	0.004356272443633367	0.004356272443633367	0.004650615176311297	0.004650615176311297	0.004886089362453641	0.004297403897097781	0.00370871843174192	0.003443809972331783	0.003326072879260611	0.0024136104079590273	0.0024724789544946137	0.001824924942603167
_scratch_st-cdeboer-1_asfar_VLPs_results_crispresso_aggregated_spacer_CBE6d_rep3_.staging_CRISPRessoPooled_on_CBE6d_D1_rep3_CRISPResso_on_B2M	Substitutions	0.00029434273267793016	0.00041207982574910227	0.00041207982574910227	0.0005298169188202743	0.0005886854653558603	0.0003532112792135162	0.00023547418614234414	0.00029434273267793016	0.0006181197386236534	0.00026490845941013716	8.830281980337905e-05	0.0006475540118914464	0.04650615176311297	0.0014422793901218579	0.026932360040030613	0.00014717136633896508	0.014569965267557545	0.0009124624713015835	0.0010301995643727556	0.00047094837228468827
_scratch_st-cdeboer-1_asfar_VLPs_results_crispresso_aggregated_spacer_CBE6d_rep3_.staging_CRISPRessoPooled_on_CBE6d_D1_rep3_CRISPResso_on_B2M	All_modifications	0.0015011479366574439	0.001707187849531995	0.001795490669335374	0.0019720963089421323	0.0025607817742979927	0.0026785188673691647	0.004356272443633367	0.004532878083240125	0.0050921292753281925	0.0057102490139518455	0.0059457232000941895	0.0056219461941484665	0.05159828103844116	0.0057691175604874315	0.030699947018308117	0.003620415611938541	0.017896038146818154	0.003326072879260611	0.003502678518867369	0.0022958733148878553
_scratch_st-cdeboer-1_asfar_VLPs_results_crispresso_aggregated_spacer_CBE6d_rep3_.staging_CRISPRessoPooled_on_CBE6d_D2_rep3_CRISPResso_on_B2M	Insertions	0.0	0.0	0.0	0.0	0.0	0.0	0.00011932699574400381	0.0003182053219840102	0.0003182053219840102	0.0014319239489280458	0.001312596953184042	0.000437532317728014	0.0005170836482240166	0.00019887832624000635	0.00011932699574400381	0.0	0.0	0.0	0.0001591026609920051	0.0001591026609920051
_scratch_st-cdeboer-1_asfar_VLPs_results_crispresso_aggregated_spacer_CBE6d_rep3_.staging_CRISPRessoPooled_on_CBE6d_D2_rep3_CRISPResso_on_B2M	Insertions_Left	0.0	0.0	0.0	0.0	0.0	0.0	0.00011932699574400381	0.00019887832624000635	0.00011932699574400381	0.001312596953184042	0.0	0.000437532317728014	7.955133049600255e-05	0.00011932699574400381	0.0	0.0	0.0	0.0	0.0001591026609920051	0.0
_scratch_st-cdeboer-1_asfar_VLPs_results_crispresso_aggregated_spacer_CBE6d_rep3_.staging_CRISPRessoPooled_on_CBE6d_D2_rep3_CRISPResso_on_B2M	Deletions	0.0010341672964480331	0.0013523726184320433	0.0018694562666560599	0.0018694562666560599	0.002625193906368084	0.0032616045503361044	0.004096893520544131	0.004494650173024144	0.005449266138976175	0.005131060816992164	0.006205003778688199	0.005727695795712183	0.007080068414144227	0.0055288174694721765	0.004971958156000159	0.0048924068255041565	0.004812855495008154	0.004096893520544131	0.003500258541824112	0.0025058669106240803
_scratch_st-cdeboer-1_asfar_VLPs_results_crispresso_aggregated_spacer_CBE6d_rep3_.staging_CRISPRessoPooled_on_CBE6d_D2_rep3_CRISPResso_on_B2M	Substitutions	0.000437532317728014	0.00035798098723201146	0.0005568593134720178	0.0005170836482240166	0.000437532317728014	0.0005170836482240166	0.00035798098723201146	0.0005170836482240166	0.0005966349787200191	3.9775665248001276e-05	0.00035798098723201146	0.00047730798297601526	0.058311125253569865	0.0016705779404160535	0.03480370709200111	0.000437532317728014	0.017938825026848574	0.0002784296567360089	0.0010739429616960343	0.0003977566524800127
_scratch_st-cdeboer-1_asfar_VLPs_results_crispresso_aggregated_spacer_CBE6d_rep3_.staging_CRISPRessoPooled_on_CBE6d_D2_rep3_CRISPResso_on_B2M	All_modifications	0.0014716996141760472	0.0017103536056640547	0.0024263155801280776	0.0023865399148800762	0.003062726224096098	0.0037786881985601207	0.0045742015035201465	0.005329939143232171	0.006364106439680203	0.006602760431168211	0.007875581719104251	0.006642536096416213	0.06590827731593811	0.007398273736128237	0.03989499224374528	0.005329939143232171	0.022751680521856728	0.00437532317728014	0.004733304164512151	0.003062726224096098
_scratch_st-cdeboer-1_asfar_VLPs_results_crispresso_aggregated_spacer_CBE6d_rep3_.staging_CRISPRessoPooled_on_CBE6d_D3_rep3_CRISPResso_on_B2M	Insertions	5.547029565667585e-05	0.0	0.0	1.8490098552225284e-05	0.0018120296581180778	0.0020524009392970063	0.0023297524175803857	0.0034206682321616774	0.002847475177042694	0.015494702586764787	0.014089455096795666	0.0010354455189246158	0.0017195791653569514	0.0017380692639091767	0.0011648762087901928	0.0005177227594623079	0.0005731930551189838	0.00025886137973115395	0.0	0.00012943068986557698
_scratch_st-cdeboer-1_asfar_VLPs_results_crispresso_aggregated_spacer_CBE6d_rep3_.staging_CRISPRessoPooled_on_CBE6d_D3_rep3_CRISPResso_on_B2M	Insertions_Left	0.0	0.0	0.0	1.8490098552225284e-05	0.0017935395595658524	0.00025886137973115395	0.0020708910378492316	0.0013497771943124456	0.001497697982730248	0.01399700460403454	9.245049276112642e-05	0.0009429950261634894	0.0007765841391934619	0.0009614851247157147	0.00020339108407447812	0.0003143316753878298	0.00025886137973115395	0.0	0.0	0.00012943068986557698
_scratch_st-cdeboer-1_asfar_VLPs_results_crispresso_aggregated_spacer_CBE6d_rep3_.staging_CRISPRessoPooled_on_CBE6d_D3_rep3_CRISPResso_on_B2M	Deletions	0.005417598875802008	0.006434554296174399	0.0075254701107556905	0.008782796812307009	0.014718118447571326	0.016493167908584953	0.020986261856775698	0.02438843999038515	0.028752103248710317	0.029436236895142652	0.03559343971303367	0.033522548675184435	0.040826137603313425	0.03374442985781114	0.030638093301037294	0.027106484477562264	0.027198934970323392	0.022687350923580422	0.020431558900208938	0.015365271896899211
_scratch_st-cdeboer-1_asfar_VLPs_results_crispresso_aggregated_spacer_CBE6d_rep3_.staging_CRISPRessoPooled_on_CBE6d_D3_rep3_CRISPResso_on_B2M	Substitutions	0.0005547029565667585	0.0008320544348501377	0.0004437623652534068	0.001368267292864671	0.0007026237449845608	0.0023112623190281604	0.0009060148290590389	0.001701089066804726	0.0022742821219237097	0.0012573267015513192	0.0013867573914168963	0.0017380692639091767	0.3518295952517427	0.007821311687591296	0.27733298818482705	0.0017935395595658524	0.13401623430652884	0.0010354455189246158	0.0081911136586358	0.0008690346319545884
_scratch_st-cdeboer-1_asfar_VLPs_results_crispresso_aggregated_spacer_CBE6d_rep3_.staging_CRISPRessoPooled_on_CBE6d_D3_rep3_CRISPResso_on_B2M	All_modifications	0.0060277721280254425	0.007266608731024536	0.007969232476009096	0.010169554203723907	0.017232771850673963	0.02085683116691012	0.024222029103415123	0.02951019728935155	0.03387386054767672	0.04618826618345876	0.051069652201246235	0.03629606345801823	0.3943753120204131	0.043303810809311616	0.3091359576946545	0.029417746796590427	0.16178836233197122	0.023981657822236192	0.02862267255884474	0.016363737218719376
_scratch_st-cdeboer-1_asfar_VLPs_results_crispresso_aggregated_spacer_CBE6d_rep3_.staging_CRISPRessoPooled_on_CBE6d_D4_rep3_CRISPResso_on_B2M	Insertions	0.0	9.387516688918558e-05	0.00018775033377837116	0.00010430574098798398	0.0026389352469959946	0.003494242323097463	0.0028475467289719625	0.003556825767690254	0.002597212950600801	0.021841622162883847	0.021038467957276367	0.002597212950600801	0.003556825767690254	0.003462950600801068	0.002691088117489987	0.0014498497997329773	0.0010430574098798397	0.0	1.0430574098798398e-05	0.00010430574098798398
_scratch_st-cdeboer-1_asfar_VLPs_results_crispresso_aggregated_spacer_CBE6d_rep3_.staging_CRISPRessoPooled_on_CBE6d_D4_rep3_CRISPResso_on_B2M	Insertions_Left	0.0	9.387516688918558e-05	9.387516688918558e-05	1.0430574098798398e-05	0.002628504672897196	0.000865737650200267	0.0019818090787716955	0.001575016688918558	0.0010221962616822429	0.020819425901201602	0.00021904205607476635	0.0023781708945260346	0.001178654873164219	0.002284295727636849	0.0004067923898531375	0.0010430574098798397	0.0	0.0	1.0430574098798398e-05	9.387516688918558e-05
_scratch_st-cdeboer-1_asfar_VLPs_results_crispresso_aggregated_spacer_CBE6d_rep3_.staging_CRISPRessoPooled_on_CBE6d_D4_rep3_CRISPResso_on_B2M	Deletions	0.006633845126835781	0.007530874499332443	0.008928571428571428	0.009929906542056074	0.017596378504672897	0.018868908544726302	0.0227803738317757	0.026149449265687585	0.03177152870493992	0.033826351802403204	0.04270277036048064	0.040449766355140186	0.04889853137516689	0.04107560080106809	0.040533210947930574	0.036225383845126836	0.035317923898531375	0.02845460614152203	0.02682743658210948	0.019880674232309745
_scratch_st-cdeboer-1_asfar_VLPs_results_crispresso_aggregated_spacer_CBE6d_rep3_.staging_CRISPRessoPooled_on_CBE6d_D4_rep3_CRISPResso_on_B2M	Substitutions	0.0007405707610146862	0.0008240153538050734	0.000917890520694259	0.0014081275033377837	0.0014707109479305742	0.002597212950600801	0.001595877837116155	0.002263434579439252	0.004307827102803738	0.0016480307076101469	0.0016063084112149532	0.0015228638184245661	0.4907793724966622	0.008240153538050734	0.4378024866488652	0.0010534879839786382	0.22092998998664887	0.0006049732977303071	0.016490737650200267	0.0008344459279038719
_scratch_st-cdeboer-1_asfar_VLPs_results_crispresso_aggregated_spacer_CBE6d_rep3_.staging_CRISPRessoPooled_on_CBE6d_D4_rep3_CRISPResso_on_B2M	All_modifications	0.007374415887850467	0.008448765020026703	0.01003421228304406	0.011442339786381843	0.021706024699599466	0.024960363818424567	0.02722379839786382	0.03196970961281709	0.03867656875834446	0.05731600467289719	0.06534754672897196	0.04456984312416555	0.5432347296395194	0.052778704939919895	0.4810267857142857	0.038728721628838454	0.25729097129506007	0.029059579439252338	0.043328604806408544	0.020819425901201602
_scratch_st-cdeboer-1_asfar_VLPs_results_crispresso_aggregated_spacer_CBE6d_rep3_.staging_CRISPRessoPooled_on_CBE6d_D5_rep3_CRISPResso_on_B2M	Insertions	9.252833680314597e-05	9.252833680314597e-05	0.0004071246819338422	0.000712468193384224	0.0029701596113809853	0.003349525792273884	0.0030164237797825583	0.0037659033078880407	0.002951653944020356	0.02266944251677076	0.021281517464723572	0.001582234559333796	0.0026000462641684015	0.004598658339116354	0.003830673143650243	0.0009993060374739763	0.0009715475364330327	0.0004996530187369882	0.0002128151746472357	0.00012953967152440436
_scratch_st-cdeboer-1_asfar_VLPs_results_crispresso_aggregated_spacer_CBE6d_rep3_.staging_CRISPRessoPooled_on_CBE6d_D5_rep3_CRISPResso_on_B2M	Insertions_Left	9.252833680314597e-05	0.0	0.0004071246819338422	0.0003053435114503817	0.0026648160999306037	0.0006847096923432802	0.0023317140874392784	0.0014341892204487625	0.0015174647235715938	0.02115197779319917	0.00012953967152440436	0.0014526948878093916	0.00114735137635901	0.0034513069627573442	0.00037936618089289844	0.000619939856581078	0.00035160767985195466	0.00014804533888503353	6.476983576220218e-05	6.476983576220218e-05
_scratch_st-cdeboer-1_asfar_VLPs_results_crispresso_aggregated_spacer_CBE6d_rep3_.staging_CRISPRessoPooled_on_CBE6d_D5_rep3_CRISPResso_on_B2M	Deletions	0.009613694193846866	0.011066389081656258	0.013481378672218366	0.014952579227388388	0.024788341429562804	0.026315058986814712	0.032042563034929444	0.03636363636363636	0.04245200092528337	0.04309044644922508	0.05097386074485311	0.048605135322692575	0.06032847559565117	0.05120518158686098	0.05037242655563266	0.04477446217904233	0.04296090677770067	0.0354383529956049	0.03344899375433726	0.024686560259079345
_scratch_st-cdeboer-1_asfar_VLPs_results_crispresso_aggregated_spacer_CBE6d_rep3_.staging_CRISPRessoPooled_on_CBE6d_D5_rep3_CRISPResso_on_B2M	Substitutions	0.0005829285218598196	0.0010363173721952348	0.0010178117048346056	0.001924589405505436	0.0021651630811936155	0.0035808466342817486	0.001535970390932223	0.0031737219523479067	0.004182280823502198	0.0019060837381448068	0.0016377515614156835	0.002914642609299098	0.5190932222993292	0.008429331482766598	0.43792736525560955	0.0019060837381448068	0.2241406430719408	0.00148970622253065	0.01558177191764978	0.0009900532037936617
_scratch_st-cdeboer-1_asfar_VLPs_results_crispresso_aggregated_spacer_CBE6d_rep3_.staging_CRISPRessoPooled_on_CBE6d_D5_rep3_CRISPResso_on_B2M	All_modifications	0.010289151052509831	0.012195234790654638	0.014906315058986815	0.017589636826278048	0.029923664122137403	0.033245431413370344	0.03659495720564423	0.04330326162387231	0.04958593569280592	0.06766597270414064	0.07389312977099237	0.05310201249132547	0.5820217441591488	0.06423317140874393	0.49213046495489243	0.047679851954661116	0.2680730973860745	0.037427712236872544	0.04924358084663428	0.025806153134397408
