Folder	Modification	G	G	A	G	G	C	T	A	T	C	C	A	G	C	G	T	G	A	G	T
_scratch_st-cdeboer-1_asfar_VLPs_results_crispresso_aggregated_spacer_CBE6d_rep2_.staging_CRISPRessoPooled_on_CBE6d_D0_rep2_CRISPResso_on_B2M	Insertions	0.0	0.0	0.0	0.0	0.0	0.0	0.0	0.0	0.0	0.0	0.0	0.0	0.0	0.0	0.0	0.0	0.0	0.0	0.0	0.0
_scratch_st-cdeboer-1_asfar_VLPs_results_crispresso_aggregated_spacer_CBE6d_rep2_.staging_CRISPRessoPooled_on_CBE6d_D0_rep2_CRISPResso_on_B2M	Insertions_Left	0.0	0.0	0.0	0.0	0.0	0.0	0.0	0.0	0.0	0.0	0.0	0.0	0.0	0.0	0.0	0.0	0.0	0.0	0.0	0.0
_scratch_st-cdeboer-1_asfar_VLPs_results_crispresso_aggregated_spacer_CBE6d_rep2_.staging_CRISPRessoPooled_on_CBE6d_D0_rep2_CRISPResso_on_B2M	Deletions	0.0	4.290188339268094e-05	4.290188339268094e-05	0.0	0.0	0.0	0.0	0.0	0.0	0.0	0.0	0.0	0.0	0.0	0.0	0.0	0.0	0.0	0.0	0.0
_scratch_st-cdeboer-1_asfar_VLPs_results_crispresso_aggregated_spacer_CBE6d_rep2_.staging_CRISPRessoPooled_on_CBE6d_D0_rep2_CRISPResso_on_B2M	Substitutions	0.0007293320176755759	0.0006435282508902141	0.00030031318374876655	0.00021450941696340468	0.00017160753357072376	0.00025741130035608563	0.00012870565017804282	0.00017160753357072376	0.00012870565017804282	0.00021450941696340468	4.290188339268094e-05	0.00021450941696340468	8.580376678536188e-05	0.00030031318374876655	0.00012870565017804282	0.00021450941696340468	0.00012870565017804282	0.00030031318374876655	8.580376678536188e-05	0.00025741130035608563
_scratch_st-cdeboer-1_asfar_VLPs_results_crispresso_aggregated_spacer_CBE6d_rep2_.staging_CRISPRessoPooled_on_CBE6d_D0_rep2_CRISPResso_on_B2M	All_modifications	0.0007293320176755759	0.000686430134282895	0.0003432150671414475	0.00021450941696340468	0.00017160753357072376	0.00025741130035608563	0.00012870565017804282	0.00017160753357072376	0.00012870565017804282	0.00021450941696340468	4.290188339268094e-05	0.00021450941696340468	8.580376678536188e-05	0.00030031318374876655	0.00012870565017804282	0.00021450941696340468	0.00012870565017804282	0.00030031318374876655	8.580376678536188e-05	0.00025741130035608563
_scratch_st-cdeboer-1_asfar_VLPs_results_crispresso_aggregated_spacer_CBE6d_rep2_.staging_CRISPRessoPooled_on_CBE6d_D1_rep2_CRISPResso_on_B2M	Insertions	0.0	0.0	0.0	0.0	0.0	0.0	4.632203075782842e-05	0.00013896609227348526	0.0002316101537891421	0.0015749490457661664	0.0014359829534926812	0.00037057624606262737	0.0004632203075782842	0.00013896609227348526	4.632203075782842e-05	0.0	0.0	0.0	0.0	9.264406151565684e-05
_scratch_st-cdeboer-1_asfar_VLPs_results_crispresso_aggregated_spacer_CBE6d_rep2_.staging_CRISPRessoPooled_on_CBE6d_D1_rep2_CRISPResso_on_B2M	Insertions_Left	0.0	0.0	0.0	0.0	0.0	0.0	4.632203075782842e-05	9.264406151565684e-05	0.00013896609227348526	0.0014359829534926812	0.0	0.00037057624606262737	9.264406151565684e-05	4.632203075782842e-05	0.0	0.0	0.0	0.0	0.0	9.264406151565684e-05
_scratch_st-cdeboer-1_asfar_VLPs_results_crispresso_aggregated_spacer_CBE6d_rep2_.staging_CRISPRessoPooled_on_CBE6d_D1_rep2_CRISPResso_on_B2M	Deletions	0.00037057624606262737	0.0005095423383361127	0.0005095423383361127	0.0006021863998517695	0.0017139151380396516	0.0019455252918287938	0.0026866777839540485	0.003149898091532333	0.00412266073744673	0.004030016675931073	0.003937372614415416	0.003844728552899759	0.003844728552899759	0.0035667963683527885	0.0035204743375949602	0.0033351862145636463	0.003103576060774504	0.0024550676301649064	0.0022234574763757642	0.0014823049842505095
_scratch_st-cdeboer-1_asfar_VLPs_results_crispresso_aggregated_spacer_CBE6d_rep2_.staging_CRISPRessoPooled_on_CBE6d_D1_rep2_CRISPResso_on_B2M	Substitutions	0.0005558643690939411	0.00037057624606262737	0.00037057624606262737	0.00032425421530479895	0.00032425421530479895	0.0005558643690939411	0.0006948304613674264	0.0005558643690939411	0.0009727626459143969	0.0005558643690939411	0.0004632203075782842	0.0005095423383361127	0.044052251250694834	0.0009727626459143969	0.031082082638502873	0.00032425421530479895	0.013850287196590698	0.0009264406151565684	0.0017139151380396516	0.00037057624606262737
_scratch_st-cdeboer-1_asfar_VLPs_results_crispresso_aggregated_spacer_CBE6d_rep2_.staging_CRISPRessoPooled_on_CBE6d_D1_rep2_CRISPResso_on_B2M	All_modifications	0.0009264406151565684	0.0008801185843987401	0.0008801185843987401	0.0009264406151565684	0.0020381693533444508	0.0025013896609227346	0.0034278302760793033	0.003844728552899759	0.005327033537150269	0.00616083009079118	0.005836575875486381	0.004724847137298499	0.048360200111172875	0.004678525106540671	0.03464887900685566	0.0036594404298684454	0.0169538632573652	0.003381508245321475	0.003937372614415416	0.0019455252918287938
_scratch_st-cdeboer-1_asfar_VLPs_results_crispresso_aggregated_spacer_CBE6d_rep2_.staging_CRISPRessoPooled_on_CBE6d_D2_rep2_CRISPResso_on_B2M	Insertions	0.0	0.0	0.0	0.0	0.0025074439742986993	0.0025074439742986993	0.0017238677323303557	0.0032126625920702086	0.0023507287259050304	0.012458862247296662	0.011596928381131483	0.0012537219871493496	0.0018805829807240243	0.0025074439742986993	0.0018805829807240243	0.0	0.0001567152483936687	0.0001567152483936687	0.0	0.0
_scratch_st-cdeboer-1_asfar_VLPs_results_crispresso_aggregated_spacer_CBE6d_rep2_.staging_CRISPRessoPooled_on_CBE6d_D2_rep2_CRISPResso_on_B2M	Insertions_Left	0.0	0.0	0.0	0.0	0.0025074439742986993	0.0	0.0017238677323303557	0.0014887948597398528	0.0008619338661651778	0.011596928381131483	0.0	0.0012537219871493496	0.0006268609935746748	0.0018805829807240243	0.0	0.0	0.0001567152483936687	0.0	0.0	0.0
_scratch_st-cdeboer-1_asfar_VLPs_results_crispresso_aggregated_spacer_CBE6d_rep2_.staging_CRISPRessoPooled_on_CBE6d_D2_rep2_CRISPResso_on_B2M	Deletions	0.0061118946873530795	0.008070835292273938	0.008149192916470772	0.008227550540667606	0.014652875724808024	0.015906597711957373	0.018414041686256072	0.02374236013164081	0.029227393825419213	0.02993261244319072	0.03714151386929948	0.035574361385362796	0.04395862717442407	0.039335527346810846	0.03847359348064567	0.03549600376116596	0.034242281774016614	0.029070678577025545	0.026719949851120514	0.020608055163767434
_scratch_st-cdeboer-1_asfar_VLPs_results_crispresso_aggregated_spacer_CBE6d_rep2_.staging_CRISPRessoPooled_on_CBE6d_D2_rep2_CRISPResso_on_B2M	Substitutions	0.0006268609935746748	0.0007835762419683435	0.00039178812098417175	0.0010186491145588465	0.0006268609935746748	0.002194013477511362	0.00039178812098417175	0.002037298229117693	0.0025074439742986993	0.001567152483936687	0.0008619338661651778	0.0009402914903620122	0.3685942642219088	0.005485033693778405	0.31006111894687355	0.00023507287259050304	0.15914433474377057	0.00039178812098417175	0.009559630152013792	0.0007052186177715092
_scratch_st-cdeboer-1_asfar_VLPs_results_crispresso_aggregated_spacer_CBE6d_rep2_.staging_CRISPRessoPooled_on_CBE6d_D2_rep2_CRISPResso_on_B2M	All_modifications	0.006738755680927754	0.008854411534242282	0.008540981037454945	0.009246199655226453	0.017787180692681398	0.020608055163767434	0.0205296975395706	0.02899232095282871	0.034085566525622946	0.04395862717442407	0.049600376116596144	0.037768374862874154	0.4144334743770569	0.04732800501488795	0.35041529540824323	0.035731076633756464	0.19354333176618085	0.029619181946403384	0.036279580003134304	0.021313273781538945
_scratch_st-cdeboer-1_asfar_VLPs_results_crispresso_aggregated_spacer_CBE6d_rep2_.staging_CRISPRessoPooled_on_CBE6d_D3_rep2_CRISPResso_on_B2M	Insertions	0.0	0.0	4.0154192097655e-05	0.0006023128814648249	0.00256986829424992	0.0029312560231288145	0.0023289431416639896	0.00273048506264054	0.0018470928364921297	0.012528107934468359	0.012166720205589463	0.001405396723417925	0.0016463218760038548	0.0015258592997108899	0.00136524253132027	0.00040154192097654996	0.00028107934468358495	0.00028107934468358495	0.00016061676839062	0.0
_scratch_st-cdeboer-1_asfar_VLPs_results_crispresso_aggregated_spacer_CBE6d_rep2_.staging_CRISPRessoPooled_on_CBE6d_D3_rep2_CRISPResso_on_B2M	Insertions_Left	0.0	0.0	4.0154192097655e-05	0.0005621586893671699	0.0020077096048827497	0.0009235464182460649	0.001405396723417925	0.001325088339222615	0.0005220044972695149	0.012006103437198844	0.00016061676839062	0.0012447799550273047	0.00040154192097654996	0.0011243173787343398	0.00024092515258592996	0.00016061676839062	0.00012046257629296498	0.00016061676839062	0.0	0.0
_scratch_st-cdeboer-1_asfar_VLPs_results_crispresso_aggregated_spacer_CBE6d_rep2_.staging_CRISPRessoPooled_on_CBE6d_D3_rep2_CRISPResso_on_B2M	Deletions	0.0052601991647928045	0.005581432701574044	0.006143591390941215	0.007026983617089624	0.013291037584323803	0.014736588499839384	0.017989078059749437	0.022044651461612594	0.026100224863475747	0.02622068743976871	0.031721811757147444	0.02975425634436235	0.03617892707998715	0.031721811757147444	0.031239961451975586	0.027224542242210086	0.027465467394796016	0.023570510761323483	0.0224863475746868	0.015579826533890138
_scratch_st-cdeboer-1_asfar_VLPs_results_crispresso_aggregated_spacer_CBE6d_rep2_.staging_CRISPRessoPooled_on_CBE6d_D3_rep2_CRISPResso_on_B2M	Substitutions	0.00040154192097654996	0.00064246707356248	0.00028107934468358495	0.00136524253132027	0.00136524253132027	0.001325088339222615	0.0010841631866366848	0.002208480565371025	0.0027706392547381946	0.0010038548024413748	0.0012046257629296498	0.0014857051076132349	0.3482573080629618	0.00530035335689046	0.2679087696755541	0.0008833922261484099	0.13190652104079667	0.0012447799550273047	0.008793768069386443	0.000682621265660135
_scratch_st-cdeboer-1_asfar_VLPs_results_crispresso_aggregated_spacer_CBE6d_rep2_.staging_CRISPRessoPooled_on_CBE6d_D3_rep2_CRISPResso_on_B2M	All_modifications	0.005661741085769354	0.006223899775136524	0.0064648249277224545	0.008994539029874718	0.017226148409893994	0.018992932862190812	0.021402184388050114	0.026983617089624157	0.030717956954706072	0.03975265017667844	0.045093157725666556	0.03264535817539351	0.3860825570189528	0.03854802441374879	0.30051397365884996	0.028509476389335046	0.15965306778027627	0.025096370061034372	0.03144073241246386	0.016262447799550273
_scratch_st-cdeboer-1_asfar_VLPs_results_crispresso_aggregated_spacer_CBE6d_rep2_.staging_CRISPRessoPooled_on_CBE6d_D4_rep2_CRISPResso_on_B2M	Insertions	4.910385465259023e-05	4.910385465259023e-05	0.00019641541861036092	0.0004910385465259023	0.003633685244291677	0.0033390621163761356	0.002602504296587282	0.0037809968082494474	0.0031917505524183647	0.02587773140191505	0.02386447336115885	0.0027007120058924624	0.003682789098944267	0.005499631721090106	0.004812177755953842	0.0011784925116621655	0.0008838693837466241	0.0001473115639577707	0.00019641541861036092	4.910385465259023e-05
_scratch_st-cdeboer-1_asfar_VLPs_results_crispresso_aggregated_spacer_CBE6d_rep2_.staging_CRISPRessoPooled_on_CBE6d_D4_rep2_CRISPResso_on_B2M	Insertions_Left	4.910385465259023e-05	0.0	0.00019641541861036092	0.0002946231279155414	0.0033390621163761356	0.0	0.002602504296587282	0.0011784925116621655	0.002013258040756199	0.02386447336115885	0.0	0.0027007120058924624	0.0009820770930518046	0.004517554628038301	0.0002946231279155414	0.0008838693837466241	0.0	0.0001473115639577707	4.910385465259023e-05	0.0
_scratch_st-cdeboer-1_asfar_VLPs_results_crispresso_aggregated_spacer_CBE6d_rep2_.staging_CRISPRessoPooled_on_CBE6d_D4_rep2_CRISPResso_on_B2M	Deletions	0.00648170881414191	0.007463785907193715	0.009918978639823226	0.011146575006137981	0.020623618954087895	0.022342253866928553	0.026712496931009085	0.030984532285784433	0.03648416400687454	0.037515344954578936	0.046501350356002946	0.04414436533267862	0.054799901792290696	0.04453719616989934	0.041689172600049104	0.03692609869874785	0.03614043702430641	0.02980603977412227	0.028627547262460102	0.01973974957034127
_scratch_st-cdeboer-1_asfar_VLPs_results_crispresso_aggregated_spacer_CBE6d_rep2_.staging_CRISPRessoPooled_on_CBE6d_D4_rep2_CRISPResso_on_B2M	Substitutions	0.0004910385465259023	0.0011293886570095753	0.0005401424011784925	0.0015713233488828873	0.0014731156395777069	0.0035845813896390865	0.0008347655290940339	0.00216056960471397	0.0029953351338080038	0.0013749079302725264	0.0013258040756199362	0.002013258040756199	0.5208445863000245	0.008347655290940338	0.4900073655781979	0.001080284802356985	0.26118340289712744	0.0013749079302725264	0.021703903756444883	0.0006874539651362632
_scratch_st-cdeboer-1_asfar_VLPs_results_crispresso_aggregated_spacer_CBE6d_rep2_.staging_CRISPRessoPooled_on_CBE6d_D4_rep2_CRISPResso_on_B2M	All_modifications	0.007021851215320403	0.00864227841885588	0.01065553645961208	0.013208936901546772	0.02573041983795728	0.029265897372943776	0.0301497667566904	0.03692609869874785	0.04267124969310091	0.06476798428676651	0.07169162779278174	0.04885833537932728	0.5793272771912595	0.058384483181929785	0.5365087159342008	0.039184876012767	0.2982077093051805	0.031328259268352567	0.05052786643751535	0.020476307390130125
_scratch_st-cdeboer-1_asfar_VLPs_results_crispresso_aggregated_spacer_CBE6d_rep2_.staging_CRISPRessoPooled_on_CBE6d_D5_rep2_CRISPResso_on_B2M	Insertions	0.0	3.76889156898956e-05	0.0003015113255191648	0.000376889156898956	0.0029020465081219613	0.0030528021708815436	0.002148268194324049	0.00282666867674217	0.002299023857083632	0.02468623977688162	0.02340481664342517	0.001620623374665511	0.002525157351223005	0.004598047714167264	0.003806580484679456	0.000753778313797912	0.0008668450608675988	0.00033920024120906043	3.76889156898956e-05	0.0
_scratch_st-cdeboer-1_asfar_VLPs_results_crispresso_aggregated_spacer_CBE6d_rep2_.staging_CRISPRessoPooled_on_CBE6d_D5_rep2_CRISPResso_on_B2M	Insertions_Left	0.0	3.76889156898956e-05	0.0002638224098292692	0.00011306674706968681	0.0027889797610522746	0.0002638224098292692	0.0018844457844947801	0.0009422228922473901	0.0013568009648362417	0.023329438812045376	7.53778313797912e-05	0.0015452455432857196	0.0009799118079372856	0.003618135906229978	0.000188444578449478	0.0005653337353484341	0.0003015113255191648	3.76889156898956e-05	0.0	0.0
_scratch_st-cdeboer-1_asfar_VLPs_results_crispresso_aggregated_spacer_CBE6d_rep2_.staging_CRISPRessoPooled_on_CBE6d_D5_rep2_CRISPResso_on_B2M	Deletions	0.009572984585233483	0.012060453020766592	0.013718765311121999	0.015829344589756152	0.02536464025929974	0.026495307729996607	0.029510420985188256	0.03316624580710813	0.038781894244902575	0.040477895450947876	0.04899559039686428	0.04620661063581201	0.05770172992123017	0.04892021256548449	0.047337278106508875	0.04292767497079109	0.04104322918629631	0.033769268458146456	0.032073267252101155	0.023894772547393812
_scratch_st-cdeboer-1_asfar_VLPs_results_crispresso_aggregated_spacer_CBE6d_rep2_.staging_CRISPRessoPooled_on_CBE6d_D5_rep2_CRISPResso_on_B2M	Substitutions	0.0010929785550069725	0.0006407115667282252	0.0008668450608675988	0.0012814231334564504	0.0018467568688048846	0.002072890362944258	0.0009422228922473901	0.003090491086571439	0.003806580484679456	0.001696001206045302	0.001696001206045302	0.002374401688463423	0.5269664191761203	0.010552896393170768	0.43779444465382733	0.0020352014472543624	0.22937474088870463	0.0015452455432857196	0.014208721215090642	0.0006407115667282252
_scratch_st-cdeboer-1_asfar_VLPs_results_crispresso_aggregated_spacer_CBE6d_rep2_.staging_CRISPRessoPooled_on_CBE6d_D5_rep2_CRISPResso_on_B2M	All_modifications	0.010665963140240455	0.012738853503184714	0.014887121697508762	0.01748765688011156	0.030113443636226585	0.03162100026382241	0.0326009120717597	0.03908340557042174	0.04488749858666566	0.0668601364338748	0.07409640824633475	0.05020163569894094	0.5871933064485735	0.06407115667282252	0.48893830324501564	0.045716654731843366	0.27128481513586855	0.035653714242641237	0.046319677382881695	0.024535484114122038
