Folder	Modification	G	G	A	G	G	C	T	A	T	C	C	A	G	C	G	T	G	A	G	T
_scratch_st-cdeboer-1_asfar_VLPs_results_crispresso_aggregated_spacer_CGBE1_rep2_.staging_CRISPRessoPooled_on_CGBE1_D0_rep2_CRISPResso_on_B2M	Insertions	0.0	0.0	0.0	0.0	0.0	0.0	0.0	0.0	0.0	0.0	0.0	0.0	0.0	0.0	0.0	0.0	0.0	0.0	0.0	0.0
_scratch_st-cdeboer-1_asfar_VLPs_results_crispresso_aggregated_spacer_CGBE1_rep2_.staging_CRISPRessoPooled_on_CGBE1_D0_rep2_CRISPResso_on_B2M	Insertions_Left	0.0	0.0	0.0	0.0	0.0	0.0	0.0	0.0	0.0	0.0	0.0	0.0	0.0	0.0	0.0	0.0	0.0	0.0	0.0	0.0
_scratch_st-cdeboer-1_asfar_VLPs_results_crispresso_aggregated_spacer_CGBE1_rep2_.staging_CRISPRessoPooled_on_CGBE1_D0_rep2_CRISPResso_on_B2M	Deletions	0.0	6.300138603049268e-05	2.1000462010164225e-05	0.0	0.0	0.0	0.0	0.0	0.0	0.0	0.0	0.0	0.0	0.0	0.0	0.0	0.0	0.0	0.0	0.0
_scratch_st-cdeboer-1_asfar_VLPs_results_crispresso_aggregated_spacer_CGBE1_rep2_.staging_CRISPRessoPooled_on_CGBE1_D0_rep2_CRISPResso_on_B2M	Substitutions	0.0005040110882439414	0.0008400184804065689	0.0002730060061321349	0.0002730060061321349	0.0001680036960813138	0.0001680036960813138	0.00029400646814229915	0.00014700323407114958	0.0003570078541727918	0.000189004158091478	0.0002520055441219707	0.000378008316182956	0.000189004158091478	0.00039900877819312025	0.0001680036960813138	0.000189004158091478	0.0002730060061321349	0.0001680036960813138	0.00021000462010164223	0.0004410097022134487
_scratch_st-cdeboer-1_asfar_VLPs_results_crispresso_aggregated_spacer_CGBE1_rep2_.staging_CRISPRessoPooled_on_CGBE1_D0_rep2_CRISPResso_on_B2M	All_modifications	0.0005040110882439414	0.0009030198664370617	0.00029400646814229915	0.0002730060061321349	0.0001680036960813138	0.0001680036960813138	0.00029400646814229915	0.00014700323407114958	0.0003570078541727918	0.000189004158091478	0.0002520055441219707	0.000378008316182956	0.000189004158091478	0.00039900877819312025	0.0001680036960813138	0.000189004158091478	0.0002730060061321349	0.0001680036960813138	0.00021000462010164223	0.0004410097022134487
_scratch_st-cdeboer-1_asfar_VLPs_results_crispresso_aggregated_spacer_CGBE1_rep2_.staging_CRISPRessoPooled_on_CGBE1_D1_rep2_CRISPResso_on_B2M	Insertions	0.0	0.0	7.195797654169965e-05	7.195797654169965e-05	0.00021587392962509893	0.00021587392962509893	0.00035978988270849826	0.0005037058357918975	0.0005037058357918975	0.0011513276246671944	0.0007915377419586961	0.0	0.0	0.0	0.00035978988270849826	0.00043174785925019786	0.0001439159530833993	0.00021587392962509893	0.0001439159530833993	0.0
_scratch_st-cdeboer-1_asfar_VLPs_results_crispresso_aggregated_spacer_CGBE1_rep2_.staging_CRISPRessoPooled_on_CGBE1_D1_rep2_CRISPResso_on_B2M	Insertions_Left	0.0	0.0	7.195797654169965e-05	0.0	0.00021587392962509893	0.0	0.00035978988270849826	0.0001439159530833993	0.00035978988270849826	0.0007915377419586961	0.0	0.0	0.0	0.0	0.00035978988270849826	7.195797654169965e-05	7.195797654169965e-05	0.0001439159530833993	0.0	0.0
_scratch_st-cdeboer-1_asfar_VLPs_results_crispresso_aggregated_spacer_CGBE1_rep2_.staging_CRISPRessoPooled_on_CGBE1_D1_rep2_CRISPResso_on_B2M	Deletions	0.0001439159530833993	0.0007915377419586961	0.0010793696481254946	0.0010793696481254946	0.0019428653666258905	0.002446571202417788	0.0031661509678347845	0.0035978988270849825	0.004173562639418579	0.003957688709793481	0.0043894365690436785	0.0038137727567100813	0.003957688709793481	0.0035978988270849825	0.0030222350147513853	0.0025904871555011873	0.0025904871555011873	0.0022306972727926893	0.0016550334604590918	0.0005756638123335972
_scratch_st-cdeboer-1_asfar_VLPs_results_crispresso_aggregated_spacer_CGBE1_rep2_.staging_CRISPRessoPooled_on_CGBE1_D1_rep2_CRISPResso_on_B2M	Substitutions	0.0005756638123335972	0.0007195797654169965	0.0006476217888752968	0.0001439159530833993	0.0005756638123335972	0.0010793696481254946	0.00035978988270849826	0.00021587392962509893	0.0011513276246671944	0.0002878319061667986	0.0001439159530833993	0.00043174785925019786	0.00043174785925019786	0.00043174785925019786	0.02460962797726128	0.00021587392962509893	0.07584370727495143	0.0001439159530833993	0.0002878319061667986	0.0009354536950420954
_scratch_st-cdeboer-1_asfar_VLPs_results_crispresso_aggregated_spacer_CGBE1_rep2_.staging_CRISPRessoPooled_on_CGBE1_D1_rep2_CRISPResso_on_B2M	All_modifications	0.0007195797654169965	0.0015111175073756926	0.0017989494135424913	0.0012952435777505936	0.0027344031085845865	0.0037418147801683817	0.003885730733251781	0.0043174785925019785	0.005828596099877671	0.005396848240627474	0.005324890264085774	0.004245520615960279	0.0043894365690436785	0.00402964668633518	0.027991652874721162	0.003238108944376484	0.07857811038353602	0.0025904871555011873	0.0020867813197092897	0.0015111175073756926
_scratch_st-cdeboer-1_asfar_VLPs_results_crispresso_aggregated_spacer_CGBE1_rep2_.staging_CRISPRessoPooled_on_CGBE1_D2_rep2_CRISPResso_on_B2M	Insertions	0.0	0.0	0.0	0.0	0.0017449238578680203	0.0017449238578680203	0.002643824027072758	0.0034369712351945856	0.0014805414551607445	0.005340524534686971	0.00502326565143824	0.00037013536379018613	0.0	5.287648054145516e-05	0.00031725888324873094	0.0008989001692047377	0.0008989001692047377	0.00031725888324873094	5.287648054145516e-05	0.0
_scratch_st-cdeboer-1_asfar_VLPs_results_crispresso_aggregated_spacer_CGBE1_rep2_.staging_CRISPRessoPooled_on_CGBE1_D2_rep2_CRISPResso_on_B2M	Insertions_Left	0.0	0.0	0.0	0.0	0.0017449238578680203	0.0	0.002643824027072758	0.0007931472081218274	0.0006873942470389171	0.004653130287648054	0.00037013536379018613	0.0	0.0	5.287648054145516e-05	0.0002643824027072758	0.0006345177664974619	0.0002643824027072758	5.287648054145516e-05	0.0	0.0
_scratch_st-cdeboer-1_asfar_VLPs_results_crispresso_aggregated_spacer_CGBE1_rep2_.staging_CRISPRessoPooled_on_CGBE1_D2_rep2_CRISPResso_on_B2M	Deletions	0.0031197123519458546	0.0034898477157360407	0.004124365482233503	0.005076142131979695	0.008936125211505922	0.009676395939086294	0.010363790186125212	0.01311336717428088	0.015281302876480541	0.015598561759729273	0.017237732656514383	0.015439932318104907	0.014805414551607445	0.014329526226734349	0.0133248730964467	0.011738578680203046	0.01147419627749577	0.009464890016920474	0.007614213197969543	0.005287648054145516
_scratch_st-cdeboer-1_asfar_VLPs_results_crispresso_aggregated_spacer_CGBE1_rep2_.staging_CRISPRessoPooled_on_CGBE1_D2_rep2_CRISPResso_on_B2M	Substitutions	0.0009517766497461929	0.0015862944162436548	0.0005816412859560067	0.0008989001692047377	0.0008460236886632825	0.0013747884940778343	0.0011632825719120135	0.0020621827411167514	0.0015334179357021996	0.0007931472081218274	0.00047588832487309646	0.0006873942470389171	0.0011632825719120135	0.0008460236886632825	0.10575296108291032	0.001692047377326565	0.3403130287648054	0.0017978003384094754	0.0019035532994923859	0.0008989001692047377
_scratch_st-cdeboer-1_asfar_VLPs_results_crispresso_aggregated_spacer_CGBE1_rep2_.staging_CRISPRessoPooled_on_CGBE1_D2_rep2_CRISPResso_on_B2M	All_modifications	0.004071489001692048	0.005076142131979695	0.004706006768189509	0.005975042301184433	0.011527072758037224	0.012796108291032149	0.014170896785109983	0.018612521150592216	0.018295262267343487	0.02173223350253807	0.02273688663282572	0.01649746192893401	0.01596869712351946	0.015228426395939087	0.11939509306260575	0.014329526226734349	0.35268612521150594	0.01157994923857868	0.009570642978003384	0.006186548223350254
_scratch_st-cdeboer-1_asfar_VLPs_results_crispresso_aggregated_spacer_CGBE1_rep2_.staging_CRISPRessoPooled_on_CGBE1_D3_rep2_CRISPResso_on_B2M	Insertions	1.836817163219573e-05	0.0	7.347268652878292e-05	0.0001836817163219573	0.002406230483817641	0.0026082803717717936	0.0028103302597259467	0.0028470666029903383	0.0007714632085522208	0.00679622350391242	0.006373755556371919	0.0	0.0002387862312185445	0.0006061496638624591	0.0007347268652878292	0.0013225083575180926	0.001230667499357114	0.0005694133205980677	0.0002938907461151317	0.0
_scratch_st-cdeboer-1_asfar_VLPs_results_crispresso_aggregated_spacer_CGBE1_rep2_.staging_CRISPRessoPooled_on_CGBE1_D3_rep2_CRISPResso_on_B2M	Insertions_Left	0.0	0.0	7.347268652878292e-05	0.00011020902979317439	0.0022960214540244665	0.00031225891774732745	0.0024980713419786196	0.0003489952610117189	0.00042246794754050184	0.006373755556371919	0.0	0.0	0.0002387862312185445	0.0003673634326439146	0.0003673634326439146	0.000955144924874178	0.000275522574482936	0.0002938907461151317	0.0	0.0
_scratch_st-cdeboer-1_asfar_VLPs_results_crispresso_aggregated_spacer_CGBE1_rep2_.staging_CRISPRessoPooled_on_CGBE1_D3_rep2_CRISPResso_on_B2M	Deletions	0.0028286984313581425	0.003802211527864516	0.004849197310899673	0.006043128466992395	0.011590316299915507	0.01192094338929503	0.014253701186583888	0.016861981558355683	0.019506998273391866	0.020278461481944086	0.021619338011094377	0.01939678924359869	0.018680430549943058	0.01811101722934499	0.017743653796701075	0.01621909555122883	0.014510855589434627	0.011810734359501855	0.01067190771830572	0.006814591675544616
_scratch_st-cdeboer-1_asfar_VLPs_results_crispresso_aggregated_spacer_CGBE1_rep2_.staging_CRISPRessoPooled_on_CGBE1_D3_rep2_CRISPResso_on_B2M	Substitutions	0.0010837221262995481	0.0009000404099775908	0.000679622350391242	0.0007714632085522208	0.0008449358950810037	0.0020939715660703135	0.0012674038426215054	0.002442966827082032	0.002406230483817641	0.0014143492156790712	0.0007714632085522208	0.0007347268652878292	0.002185812424231292	0.0010837221262995481	0.12031152419088204	0.0010837221262995481	0.4165533962749348	0.0008265677234488079	0.001579662760368833	0.0005877814922302634
_scratch_st-cdeboer-1_asfar_VLPs_results_crispresso_aggregated_spacer_CGBE1_rep2_.staging_CRISPRessoPooled_on_CGBE1_D3_rep2_CRISPResso_on_B2M	All_modifications	0.0039307887292898865	0.004702251937842107	0.005602292347819698	0.006998273391866573	0.01484148267881415	0.016623195327137137	0.01833143528893134	0.022152014988428052	0.022684691965761727	0.02848903420153558	0.028764556776018513	0.02013151610888652	0.021105029205392895	0.019800889019507	0.13878990485287093	0.01862532603504647	0.43229491936372655	0.01320671540354873	0.012545461224789684	0.007402373167774879
_scratch_st-cdeboer-1_asfar_VLPs_results_crispresso_aggregated_spacer_CGBE1_rep2_.staging_CRISPRessoPooled_on_CGBE1_D4_rep2_CRISPResso_on_B2M	Insertions	8.326394671107411e-05	0.0	8.326394671107411e-05	0.00020815986677768527	0.0025811823480432973	0.0027477102414654453	0.002997502081598668	0.0036219816819317236	0.001623646960865945	0.009783513738551207	0.009117402164862615	4.1631973355537055e-05	0.0	0.00016652789342214822	0.00033305578684429644	0.0006244796003330558	0.0011656952539550376	0.0010824313072439634	0.0003746877601998335	0.0
_scratch_st-cdeboer-1_asfar_VLPs_results_crispresso_aggregated_spacer_CGBE1_rep2_.staging_CRISPRessoPooled_on_CGBE1_D4_rep2_CRISPResso_on_B2M	Insertions_Left	0.0	0.0	8.326394671107411e-05	0.00012489592006661114	0.002456286427976686	0.0002914238134887594	0.0027060782681099086	0.0009159034138218152	0.0007077435470441299	0.009075770191507078	4.1631973355537055e-05	0.0	0.0	0.00016652789342214822	0.00016652789342214822	0.0004579517069109076	0.0007077435470441299	0.0003746877601998335	0.0	0.0
_scratch_st-cdeboer-1_asfar_VLPs_results_crispresso_aggregated_spacer_CGBE1_rep2_.staging_CRISPRessoPooled_on_CGBE1_D4_rep2_CRISPResso_on_B2M	Deletions	0.003746877601998335	0.004288093255620316	0.005953372189841799	0.006702747710241466	0.013488759367194006	0.01511240632805995	0.01723563696919234	0.019608659450457953	0.02302248126561199	0.023938384679433804	0.02610324729392173	0.024562864279766863	0.023563696919233972	0.022398001665278933	0.02164862614487927	0.018318068276436304	0.01694421315570358	0.013363863447127394	0.011407160699417152	0.006827643630308077
_scratch_st-cdeboer-1_asfar_VLPs_results_crispresso_aggregated_spacer_CGBE1_rep2_.staging_CRISPRessoPooled_on_CGBE1_D4_rep2_CRISPResso_on_B2M	Substitutions	0.0003746877601998335	0.0006244796003330558	0.0008326394671107411	0.0013322231473771858	0.0010824313072439634	0.0021648626144879267	0.0004995836802664446	0.00395503746877602	0.0036636136552872607	0.0017069109075770192	0.0013738551207327226	0.0005412156536219817	0.002331390507910075	0.0011656952539550376	0.16169858451290592	0.0012489592006661116	0.5386344712739384	0.001623646960865945	0.0012905911740216487	0.0005828476269775188
_scratch_st-cdeboer-1_asfar_VLPs_results_crispresso_aggregated_spacer_CGBE1_rep2_.staging_CRISPRessoPooled_on_CGBE1_D4_rep2_CRISPResso_on_B2M	All_modifications	0.004204829308909242	0.004912572855953372	0.006869275603663613	0.008243130724396336	0.017152373022481265	0.020024979184013324	0.020732722731057453	0.027185678601165695	0.028309741881765195	0.035428809325562034	0.036594504579517066	0.02514571190674438	0.025895087427144046	0.02373022481265612	0.18368026644462948	0.020191507077435472	0.556744379683597	0.0160699417152373	0.013072439633638635	0.0074104912572855956
_scratch_st-cdeboer-1_asfar_VLPs_results_crispresso_aggregated_spacer_CGBE1_rep2_.staging_CRISPRessoPooled_on_CGBE1_D5_rep2_CRISPResso_on_B2M	Insertions	4.799385678633135e-05	0.00011998464196582838	0.0001679784987521597	0.00011998464196582838	0.002519677481282396	0.002567671338068727	0.0026156651948550584	0.004031483970051834	0.0017997696294874256	0.007870992512958341	0.007679017085813016	0.00014398157035899406	0.00023996928393165676	0.0004799385678633135	0.00088788635054713	0.0015598003455557688	0.0016557880591284316	0.0007199078517949703	4.799385678633135e-05	0.0
_scratch_st-cdeboer-1_asfar_VLPs_results_crispresso_aggregated_spacer_CGBE1_rep2_.staging_CRISPRessoPooled_on_CGBE1_D5_rep2_CRISPResso_on_B2M	Insertions_Left	0.0	0.00011998464196582838	4.799385678633135e-05	7.199078517949703e-05	0.002447686696102899	0.00011998464196582838	0.00249568055288923	0.0015358034171626032	0.0002639662123248224	0.007607026300633519	7.199078517949703e-05	7.199078517949703e-05	0.0001679784987521597	0.00031196006911115377	0.0005759262814359762	0.0009838740641197926	0.0006719139950086389	4.799385678633135e-05	0.0	0.0
_scratch_st-cdeboer-1_asfar_VLPs_results_crispresso_aggregated_spacer_CGBE1_rep2_.staging_CRISPRessoPooled_on_CGBE1_D5_rep2_CRISPResso_on_B2M	Deletions	0.004943367248992129	0.005735265885966596	0.007031100019197543	0.007511038587060856	0.012982338260702631	0.014662123248224227	0.017565751583797275	0.020373392205797657	0.024500863889422155	0.02519677481282396	0.02613265502015742	0.024044922249952007	0.022845075830293722	0.02248512190439624	0.020229410635438663	0.018669610289882895	0.018045690151660587	0.013654252255711269	0.012118448838548665	0.008254943367248992
_scratch_st-cdeboer-1_asfar_VLPs_results_crispresso_aggregated_spacer_CGBE1_rep2_.staging_CRISPRessoPooled_on_CGBE1_D5_rep2_CRISPResso_on_B2M	Substitutions	0.0007439047801881359	0.0005279324246496448	0.0005759262814359762	0.0013678249184104435	0.0014638126319831061	0.001631791130735266	0.000959877135726627	0.00355154540218852	0.002735649836820887	0.0014878095603762717	0.0008398924937607986	0.0008398924937607986	0.0017517757727010942	0.0007679017085813016	0.1544442311384143	0.0018957573430600882	0.4912171242081014	0.0016557880591284316	0.0019677481282395853	0.0008638894221539643
_scratch_st-cdeboer-1_asfar_VLPs_results_crispresso_aggregated_spacer_CGBE1_rep2_.staging_CRISPRessoPooled_on_CGBE1_D5_rep2_CRISPResso_on_B2M	All_modifications	0.005735265885966596	0.00638318295258207	0.007775004799385679	0.008998848147437129	0.016965828373968133	0.01886158571702822	0.02114129391437896	0.027956421578038012	0.029036283355730465	0.034555576886158575	0.03465156459973123	0.0250287963140718	0.024836820886926472	0.023732962180840853	0.17556152812440007	0.022125167978498752	0.5109186024188904	0.01602994816663467	0.014134190823574583	0.009118832789402957
