Folder	Modification	G	G	A	G	G	C	T	A	T	C	C	A	G	C	G	T	G	A	G	T
_scratch_st-cdeboer-1_asfar_VLPs_results_crispresso_aggregated_spacer_CGBE1-NG_rep3_.staging_CRISPRessoPooled_on_CGBE1-NG_D0_rep3_CRISPResso_on_B2M	Insertions	0.0	0.0	0.0	0.0	0.0	0.0	0.0	0.0	0.0	0.0	0.0	0.0	0.0	0.0	0.0	0.0	0.0	0.0	0.0	0.0
_scratch_st-cdeboer-1_asfar_VLPs_results_crispresso_aggregated_spacer_CGBE1-NG_rep3_.staging_CRISPRessoPooled_on_CGBE1-NG_D0_rep3_CRISPResso_on_B2M	Insertions_Left	0.0	0.0	0.0	0.0	0.0	0.0	0.0	0.0	0.0	0.0	0.0	0.0	0.0	0.0	0.0	0.0	0.0	0.0	0.0	0.0
_scratch_st-cdeboer-1_asfar_VLPs_results_crispresso_aggregated_spacer_CGBE1-NG_rep3_.staging_CRISPRessoPooled_on_CGBE1-NG_D0_rep3_CRISPResso_on_B2M	Deletions	0.0	4.425235643798032e-05	0.0	0.0	0.0	0.0	0.0	0.0	0.0	0.0	0.0	0.0	0.0	0.0	0.0	0.0	0.0	0.0	0.0	0.0
_scratch_st-cdeboer-1_asfar_VLPs_results_crispresso_aggregated_spacer_CGBE1-NG_rep3_.staging_CRISPRessoPooled_on_CGBE1-NG_D0_rep3_CRISPResso_on_B2M	Substitutions	0.0002802649241072087	0.0005752806336937442	0.0003392680660245158	0.00032451728054518905	0.00036876963698316936	0.0001770094257519213	0.00016225864027259452	0.0001180062838346142	0.00032451728054518905	0.00013275706931394096	0.0001770094257519213	0.0003392680660245158	0.00019176021123124806	0.0001180062838346142	5.90031419173071e-05	0.00014750785479326775	0.0003392680660245158	0.00020651099671057483	0.00025076335314855514	0.0003392680660245158
_scratch_st-cdeboer-1_asfar_VLPs_results_crispresso_aggregated_spacer_CGBE1-NG_rep3_.staging_CRISPRessoPooled_on_CGBE1-NG_D0_rep3_CRISPResso_on_B2M	All_modifications	0.0002802649241072087	0.0006195329901317246	0.0003392680660245158	0.00032451728054518905	0.00036876963698316936	0.0001770094257519213	0.00016225864027259452	0.0001180062838346142	0.00032451728054518905	0.00013275706931394096	0.0001770094257519213	0.0003392680660245158	0.00019176021123124806	0.0001180062838346142	5.90031419173071e-05	0.00014750785479326775	0.0003392680660245158	0.00020651099671057483	0.00025076335314855514	0.0003392680660245158
_scratch_st-cdeboer-1_asfar_VLPs_results_crispresso_aggregated_spacer_CGBE1-NG_rep3_.staging_CRISPRessoPooled_on_CGBE1-NG_D1_rep3_CRISPResso_on_B2M	Insertions	0.0	0.0	0.0	0.0	0.0	0.0	0.0	0.0	0.0	0.0	0.0	0.0	0.0	0.0	0.0	0.0	0.0	0.0	0.0	0.0
_scratch_st-cdeboer-1_asfar_VLPs_results_crispresso_aggregated_spacer_CGBE1-NG_rep3_.staging_CRISPRessoPooled_on_CGBE1-NG_D1_rep3_CRISPResso_on_B2M	Insertions_Left	0.0	0.0	0.0	0.0	0.0	0.0	0.0	0.0	0.0	0.0	0.0	0.0	0.0	0.0	0.0	0.0	0.0	0.0	0.0	0.0
_scratch_st-cdeboer-1_asfar_VLPs_results_crispresso_aggregated_spacer_CGBE1-NG_rep3_.staging_CRISPRessoPooled_on_CGBE1-NG_D1_rep3_CRISPResso_on_B2M	Deletions	0.0	2.725092653150207e-05	2.725092653150207e-05	0.0	0.0	0.0	0.0	0.0	0.0	2.725092653150207e-05	5.450185306300414e-05	2.725092653150207e-05	2.725092653150207e-05	2.725092653150207e-05	0.0	0.0	0.0	0.0	0.0	0.0
_scratch_st-cdeboer-1_asfar_VLPs_results_crispresso_aggregated_spacer_CGBE1-NG_rep3_.staging_CRISPRessoPooled_on_CGBE1-NG_D1_rep3_CRISPResso_on_B2M	Substitutions	0.000381512971441029	0.0005722694571615435	0.00021800741225201656	0.0004905166775670373	0.00024525833878351864	0.00016350555918901244	0.00021800741225201656	0.00021800741225201656	0.0005995203836930455	0.0002725092653150207	0.00010900370612600828	0.0004905166775670373	0.00010900370612600828	0.00029976019184652276	0.0003270111183780249	0.0001907564857205145	0.0006540222367560497	0.00035426204490952693	0.00024525833878351864	0.0004360148245040331
_scratch_st-cdeboer-1_asfar_VLPs_results_crispresso_aggregated_spacer_CGBE1-NG_rep3_.staging_CRISPRessoPooled_on_CGBE1-NG_D1_rep3_CRISPResso_on_B2M	All_modifications	0.000381512971441029	0.0005995203836930455	0.00024525833878351864	0.0004905166775670373	0.00024525833878351864	0.00016350555918901244	0.00021800741225201656	0.00021800741225201656	0.0005995203836930455	0.00029976019184652276	0.00016350555918901244	0.0005177676040985393	0.00013625463265751035	0.0003270111183780249	0.0003270111183780249	0.0001907564857205145	0.0006540222367560497	0.00035426204490952693	0.00024525833878351864	0.0004360148245040331
_scratch_st-cdeboer-1_asfar_VLPs_results_crispresso_aggregated_spacer_CGBE1-NG_rep3_.staging_CRISPRessoPooled_on_CGBE1-NG_D2_rep3_CRISPResso_on_B2M	Insertions	0.0	0.0	0.0	0.0	0.0	0.0	0.0	0.0	0.0	9.026356962330004e-05	9.026356962330004e-05	0.0	0.0	0.0	0.0	0.0	0.0	0.0	0.0	0.0
_scratch_st-cdeboer-1_asfar_VLPs_results_crispresso_aggregated_spacer_CGBE1-NG_rep3_.staging_CRISPRessoPooled_on_CGBE1-NG_D2_rep3_CRISPResso_on_B2M	Insertions_Left	0.0	0.0	0.0	0.0	0.0	0.0	0.0	0.0	0.0	9.026356962330004e-05	0.0	0.0	0.0	0.0	0.0	0.0	0.0	0.0	0.0	0.0
_scratch_st-cdeboer-1_asfar_VLPs_results_crispresso_aggregated_spacer_CGBE1-NG_rep3_.staging_CRISPRessoPooled_on_CGBE1-NG_D2_rep3_CRISPResso_on_B2M	Deletions	1.5043928270550006e-05	3.0087856541100012e-05	4.513178481165002e-05	0.00013539535443495005	0.00018052713924660008	0.0002858346371404501	0.0001955710675171501	0.0001955710675171501	0.00021061499578770007	0.0001955710675171501	0.0002858346371404501	0.0002858346371404501	0.0002858346371404501	0.0001955710675171501	0.0002707907088699001	0.00013539535443495005	0.00013539535443495005	0.00013539535443495005	0.00013539535443495005	9.026356962330004e-05
_scratch_st-cdeboer-1_asfar_VLPs_results_crispresso_aggregated_spacer_CGBE1-NG_rep3_.staging_CRISPRessoPooled_on_CGBE1-NG_D2_rep3_CRISPResso_on_B2M	Substitutions	0.00042122999157540015	0.0005265374894692502	0.0002407028523288001	0.00043627391984595016	0.0002858346371404501	0.00015043928270550006	0.0003159224936815501	0.0001955710675171501	0.0005566253460103502	0.00018052713924660008	0.0001955710675171501	0.0002858346371404501	0.00013539535443495005	0.0001955710675171501	0.0011282946202912504	0.00022565892405825008	0.0022415453123119508	0.00016548321097605007	0.00012035142616440005	0.00042122999157540015
_scratch_st-cdeboer-1_asfar_VLPs_results_crispresso_aggregated_spacer_CGBE1-NG_rep3_.staging_CRISPRessoPooled_on_CGBE1-NG_D2_rep3_CRISPResso_on_B2M	All_modifications	0.00043627391984595016	0.0005566253460103502	0.0002858346371404501	0.0005716692742809002	0.0004663617763870502	0.00043627391984595016	0.0005114935611987002	0.0003911421350343002	0.0007672403417980503	0.0004663617763870502	0.0005716692742809002	0.0005716692742809002	0.00042122999157540015	0.0003911421350343002	0.0013990853291611506	0.00036105427849320016	0.002376940666746901	0.0003008785654110001	0.0002557467805993501	0.0005114935611987002
_scratch_st-cdeboer-1_asfar_VLPs_results_crispresso_aggregated_spacer_CGBE1-NG_rep3_.staging_CRISPRessoPooled_on_CGBE1-NG_D3_rep3_CRISPResso_on_B2M	Insertions	0.0	0.0	0.0	0.0	7.828861096431997e-05	7.828861096431997e-05	0.0	0.0	0.0	7.828861096431997e-05	7.828861096431997e-05	0.0	0.0	0.0	0.0	0.0	0.0	0.0	0.0	0.0
_scratch_st-cdeboer-1_asfar_VLPs_results_crispresso_aggregated_spacer_CGBE1-NG_rep3_.staging_CRISPRessoPooled_on_CGBE1-NG_D3_rep3_CRISPResso_on_B2M	Insertions_Left	0.0	0.0	0.0	0.0	7.828861096431997e-05	0.0	0.0	0.0	0.0	7.828861096431997e-05	0.0	0.0	0.0	0.0	0.0	0.0	0.0	0.0	0.0	0.0
_scratch_st-cdeboer-1_asfar_VLPs_results_crispresso_aggregated_spacer_CGBE1-NG_rep3_.staging_CRISPRessoPooled_on_CGBE1-NG_D3_rep3_CRISPResso_on_B2M	Deletions	0.00019572152741079992	0.0002740101383751199	0.0002348658328929599	0.00025443798563403987	0.00029358229111619985	0.00035229874933943986	0.00025443798563403987	0.00025443798563403987	0.00025443798563403987	0.00025443798563403987	0.00033272659659835984	0.00025443798563403987	0.00025443798563403987	0.0002152936801518799	0.0002152936801518799	0.0002152936801518799	0.0002152936801518799	0.0002152936801518799	0.00019572152741079992	0.00015657722192863994
_scratch_st-cdeboer-1_asfar_VLPs_results_crispresso_aggregated_spacer_CGBE1-NG_rep3_.staging_CRISPRessoPooled_on_CGBE1-NG_D3_rep3_CRISPResso_on_B2M	Substitutions	0.0003718709020805198	0.00039144305482159984	0.0002740101383751199	0.0004893038185269998	0.00035229874933943986	3.9144305482159984e-05	0.00029358229111619985	0.0003131544438572799	0.0003718709020805198	0.00025443798563403987	0.00013700506918755994	0.0002740101383751199	0.00013700506918755994	0.0003718709020805198	0.0027009570782690387	0.00019572152741079992	0.006086939502475877	0.0002152936801518799	5.8716458223239976e-05	0.00035229874933943986
_scratch_st-cdeboer-1_asfar_VLPs_results_crispresso_aggregated_spacer_CGBE1-NG_rep3_.staging_CRISPRessoPooled_on_CGBE1-NG_D3_rep3_CRISPResso_on_B2M	All_modifications	0.0005675924294913198	0.0006654531931967197	0.0005088759712680797	0.0007437418041610396	0.0007241696514199597	0.0004697316657859198	0.0005480202767502398	0.0005675924294913198	0.0006263088877145597	0.0005871645822323997	0.0005480202767502398	0.0005284481240091598	0.00039144305482159984	0.0005871645822323997	0.0029162507584209185	0.0004110152075626798	0.0063022331826277575	0.0004305873603037598	0.00025443798563403987	0.0005088759712680797
_scratch_st-cdeboer-1_asfar_VLPs_results_crispresso_aggregated_spacer_CGBE1-NG_rep3_.staging_CRISPRessoPooled_on_CGBE1-NG_D4_rep3_CRISPResso_on_B2M	Insertions	0.0	0.0	0.0	0.0	0.0001315097317201473	0.0001315097317201473	0.0	0.0	0.0	9.863229879011047e-05	9.863229879011047e-05	0.0	0.0	0.0	0.0	0.00018082588111520252	0.00039452919516044186	0.00021370331404523934	0.0	0.0
_scratch_st-cdeboer-1_asfar_VLPs_results_crispresso_aggregated_spacer_CGBE1-NG_rep3_.staging_CRISPRessoPooled_on_CGBE1-NG_D4_rep3_CRISPResso_on_B2M	Insertions_Left	0.0	0.0	0.0	0.0	0.0001315097317201473	0.0	0.0	0.0	0.0	9.863229879011047e-05	0.0	0.0	0.0	0.0	0.0	0.00018082588111520252	0.00021370331404523934	0.0	0.0	0.0
_scratch_st-cdeboer-1_asfar_VLPs_results_crispresso_aggregated_spacer_CGBE1-NG_rep3_.staging_CRISPRessoPooled_on_CGBE1-NG_D4_rep3_CRISPResso_on_B2M	Deletions	0.0004274066280904787	0.0004438453445554971	0.0004438453445554971	0.0004274066280904787	0.0005424776433456076	0.0005424776433456076	0.0008054971067859021	0.0009370068385060494	0.00103563913729616	0.0009370068385060494	0.0007068648079957917	0.0006904260915307733	0.0005917937927406628	0.0005917937927406628	0.0007890583903208837	0.0007726196738558653	0.0005917937927406628	0.0005917937927406628	0.0005917937927406628	0.0005753550762756444
_scratch_st-cdeboer-1_asfar_VLPs_results_crispresso_aggregated_spacer_CGBE1-NG_rep3_.staging_CRISPRessoPooled_on_CGBE1-NG_D4_rep3_CRISPResso_on_B2M	Substitutions	0.0004767227774855339	0.000279458179905313	0.00024658074697527616	0.0002630194634402946	0.0004438453445554971	0.00018082588111520252	0.0002630194634402946	0.00034521304576538663	0.00019726459758022093	9.863229879011047e-05	0.00011507101525512888	0.00024658074697527616	0.00011507101525512888	0.00024658074697527616	0.006065886375591794	0.00019726459758022093	0.014268805891635981	0.0004931614939505523	0.00023014203051025775	0.0004438453445554971
_scratch_st-cdeboer-1_asfar_VLPs_results_crispresso_aggregated_spacer_CGBE1-NG_rep3_.staging_CRISPRessoPooled_on_CGBE1-NG_D4_rep3_CRISPResso_on_B2M	All_modifications	0.0009041294055760126	0.0007233035244608101	0.0006904260915307733	0.0006904260915307733	0.001117832719621252	0.0008548132561809574	0.0010685165702261968	0.001282219884271436	0.001232903734876381	0.0011342714360862705	0.000920568122041031	0.0009370068385060494	0.0007068648079957917	0.000838374539715939	0.006854944765912678	0.0011507101525512888	0.015255128879537085	0.0012986586007364546	0.0008219358232509205	0.0010192004208311415
_scratch_st-cdeboer-1_asfar_VLPs_results_crispresso_aggregated_spacer_CGBE1-NG_rep3_.staging_CRISPRessoPooled_on_CGBE1-NG_D5_rep3_CRISPResso_on_B2M	Insertions	2.2277172581255988e-05	2.2277172581255988e-05	0.0	0.0	0.00037871193388135175	0.00044554345162511975	0.00011138586290627994	0.00013366303548753594	8.910869032502395e-05	0.00026732607097507187	0.00026732607097507187	0.0	0.0	0.0	2.2277172581255988e-05	2.2277172581255988e-05	0.0	0.0	0.0	0.0
_scratch_st-cdeboer-1_asfar_VLPs_results_crispresso_aggregated_spacer_CGBE1-NG_rep3_.staging_CRISPRessoPooled_on_CGBE1-NG_D5_rep3_CRISPResso_on_B2M	Insertions_Left	2.2277172581255988e-05	0.0	0.0	0.0	0.00037871193388135175	6.683151774376797e-05	4.4554345162511976e-05	8.910869032502395e-05	0.0	0.00026732607097507187	0.0	0.0	0.0	0.0	2.2277172581255988e-05	0.0	0.0	0.0	0.0	0.0
_scratch_st-cdeboer-1_asfar_VLPs_results_crispresso_aggregated_spacer_CGBE1-NG_rep3_.staging_CRISPRessoPooled_on_CGBE1-NG_D5_rep3_CRISPResso_on_B2M	Deletions	0.0003118804161375838	0.00037871193388135175	0.00042326627904386375	0.0006460380048564236	0.0009356412484127515	0.0008465325580877275	0.0008242553855064716	0.0009801955935752635	0.0010693042839002875	0.0008688097306689834	0.0009579184209940074	0.0009133640758314954	0.0008688097306689834	0.0008019782129252155	0.0008242553855064716	0.0008019782129252155	0.0008688097306689834	0.0007574238677627035	0.0007128695226001916	0.0005346521419501437
_scratch_st-cdeboer-1_asfar_VLPs_results_crispresso_aggregated_spacer_CGBE1-NG_rep3_.staging_CRISPRessoPooled_on_CGBE1-NG_D5_rep3_CRISPResso_on_B2M	Substitutions	0.00024504889839381587	0.0005123749693688877	0.00024504889839381587	0.00044554345162511975	0.00024504889839381587	0.00020049455323130388	0.0003341575887188398	0.00013366303548753594	0.00013366303548753594	0.0001559402080687919	8.910869032502395e-05	0.0002896032435563278	0.00013366303548753594	0.00022277172581255987	0.00599255942435786	0.0002896032435563278	0.010915814564815433	0.00022277172581255987	0.00022277172581255987	0.00037871193388135175
_scratch_st-cdeboer-1_asfar_VLPs_results_crispresso_aggregated_spacer_CGBE1-NG_rep3_.staging_CRISPRessoPooled_on_CGBE1-NG_D5_rep3_CRISPResso_on_B2M	All_modifications	0.0005792064871126556	0.0009133640758314954	0.0006683151774376796	0.0010915814564815434	0.0015594020806879191	0.001492570562944151	0.0012697988371315912	0.0012475216645503353	0.0012920760097128471	0.0012920760097128471	0.0013143531822941033	0.0012029673193878234	0.0010024727661565194	0.0010247499387377754	0.006839091982445588	0.0011138586290627994	0.011784624295484417	0.0009801955935752635	0.0009356412484127515	0.0009133640758314954
