Folder	Modification	C	A	C	C	T	A	C	C	T	A	A	G	A	A	C	C	A	T	C	C
_scratch_st-cdeboer-1_asfar_VLPs_results_crispresso_aggregated_spacer_CGBE1-NG_rep3_.staging_CRISPRessoPooled_on_CGBE1-NG_D0_rep3_CRISPResso_on_PDCD1	Insertions	0.0	0.0	0.0	0.0	0.0	0.0	0.0	0.0	0.0	0.0	0.0	0.0	0.0	0.0	0.0	0.0	0.0	0.0	0.0	0.0
_scratch_st-cdeboer-1_asfar_VLPs_results_crispresso_aggregated_spacer_CGBE1-NG_rep3_.staging_CRISPRessoPooled_on_CGBE1-NG_D0_rep3_CRISPResso_on_PDCD1	Insertions_Left	0.0	0.0	0.0	0.0	0.0	0.0	0.0	0.0	0.0	0.0	0.0	0.0	0.0	0.0	0.0	0.0	0.0	0.0	0.0	0.0
_scratch_st-cdeboer-1_asfar_VLPs_results_crispresso_aggregated_spacer_CGBE1-NG_rep3_.staging_CRISPRessoPooled_on_CGBE1-NG_D0_rep3_CRISPResso_on_PDCD1	Deletions	9.483841904355454e-05	2.3709604760888634e-05	0.0	0.0	0.0	0.0	0.0	2.3709604760888634e-05	0.0	0.0	7.112881428266591e-05	0.0	0.0	0.0	0.0	2.3709604760888634e-05	0.0	0.0	0.0	0.0
_scratch_st-cdeboer-1_asfar_VLPs_results_crispresso_aggregated_spacer_CGBE1-NG_rep3_.staging_CRISPRessoPooled_on_CGBE1-NG_D0_rep3_CRISPResso_on_PDCD1	Substitutions	4.741920952177727e-05	0.00011854802380444318	0.00014225762856533183	0.00011854802380444318	0.00023709604760888635	0.00023709604760888635	0.00011854802380444318	0.00011854802380444318	0.00023709604760888635	0.0003319344666524409	9.483841904355454e-05	0.00018967683808710908	0.00028451525713066365	0.00016596723332622045	4.741920952177727e-05	0.00016596723332622045	9.483841904355454e-05	0.00042677288569599545	4.741920952177727e-05	0.00021338644284799773
_scratch_st-cdeboer-1_asfar_VLPs_results_crispresso_aggregated_spacer_CGBE1-NG_rep3_.staging_CRISPRessoPooled_on_CGBE1-NG_D0_rep3_CRISPResso_on_PDCD1	All_modifications	0.00014225762856533183	0.00014225762856533183	0.00014225762856533183	0.00011854802380444318	0.00023709604760888635	0.00023709604760888635	0.00011854802380444318	0.00014225762856533183	0.00023709604760888635	0.0003319344666524409	0.00016596723332622045	0.00018967683808710908	0.00028451525713066365	0.00016596723332622045	4.741920952177727e-05	0.00018967683808710908	9.483841904355454e-05	0.00042677288569599545	4.741920952177727e-05	0.00021338644284799773
_scratch_st-cdeboer-1_asfar_VLPs_results_crispresso_aggregated_spacer_CGBE1-NG_rep3_.staging_CRISPRessoPooled_on_CGBE1-NG_D1_rep3_CRISPResso_on_PDCD1	Insertions	0.0	0.0	0.0	0.0	0.0	0.0	0.0	0.0	0.0	0.0	0.0	0.0	0.0	0.0	0.0	0.0	0.0	0.0	0.0	0.0
_scratch_st-cdeboer-1_asfar_VLPs_results_crispresso_aggregated_spacer_CGBE1-NG_rep3_.staging_CRISPRessoPooled_on_CGBE1-NG_D1_rep3_CRISPResso_on_PDCD1	Insertions_Left	0.0	0.0	0.0	0.0	0.0	0.0	0.0	0.0	0.0	0.0	0.0	0.0	0.0	0.0	0.0	0.0	0.0	0.0	0.0	0.0
_scratch_st-cdeboer-1_asfar_VLPs_results_crispresso_aggregated_spacer_CGBE1-NG_rep3_.staging_CRISPRessoPooled_on_CGBE1-NG_D1_rep3_CRISPResso_on_PDCD1	Deletions	4.7731178005473176e-05	0.0	0.0	0.0	0.0	0.0	0.0	0.0	0.0	0.0	3.1820785336982115e-05	0.0	0.0	0.0	0.0	1.5910392668491057e-05	0.0	0.0	0.0	4.7731178005473176e-05
_scratch_st-cdeboer-1_asfar_VLPs_results_crispresso_aggregated_spacer_CGBE1-NG_rep3_.staging_CRISPRessoPooled_on_CGBE1-NG_D1_rep3_CRISPResso_on_PDCD1	Substitutions	0.0002227454973588748	0.00014319353401641953	7.95519633424553e-05	0.0001113727486794374	0.00012728314134792846	9.546235601094635e-05	4.7731178005473176e-05	9.546235601094635e-05	0.0001909247120218927	0.0001113727486794374	6.364157067396423e-05	0.00017501431935340164	0.0001909247120218927	0.0001591039266849106	0.00012728314134792846	0.00014319353401641953	0.00014319353401641953	0.0002545662826958569	0.0001113727486794374	0.00014319353401641953
_scratch_st-cdeboer-1_asfar_VLPs_results_crispresso_aggregated_spacer_CGBE1-NG_rep3_.staging_CRISPRessoPooled_on_CGBE1-NG_D1_rep3_CRISPResso_on_PDCD1	All_modifications	0.000270476675364348	0.00014319353401641953	7.95519633424553e-05	0.0001113727486794374	0.00012728314134792846	9.546235601094635e-05	4.7731178005473176e-05	9.546235601094635e-05	0.0001909247120218927	0.0001113727486794374	9.546235601094635e-05	0.00017501431935340164	0.0001909247120218927	0.0001591039266849106	0.00012728314134792846	0.0001591039266849106	0.00014319353401641953	0.0002545662826958569	0.0001113727486794374	0.0001909247120218927
_scratch_st-cdeboer-1_asfar_VLPs_results_crispresso_aggregated_spacer_CGBE1-NG_rep3_.staging_CRISPRessoPooled_on_CGBE1-NG_D2_rep3_CRISPResso_on_PDCD1	Insertions	0.0	0.0	0.0	0.0	0.0	0.0	0.0	0.0	0.0	0.0	0.0	0.0	0.0	0.0	0.0	0.0	0.0	0.0	0.0	0.0
_scratch_st-cdeboer-1_asfar_VLPs_results_crispresso_aggregated_spacer_CGBE1-NG_rep3_.staging_CRISPRessoPooled_on_CGBE1-NG_D2_rep3_CRISPResso_on_PDCD1	Insertions_Left	0.0	0.0	0.0	0.0	0.0	0.0	0.0	0.0	0.0	0.0	0.0	0.0	0.0	0.0	0.0	0.0	0.0	0.0	0.0	0.0
_scratch_st-cdeboer-1_asfar_VLPs_results_crispresso_aggregated_spacer_CGBE1-NG_rep3_.staging_CRISPRessoPooled_on_CGBE1-NG_D2_rep3_CRISPResso_on_PDCD1	Deletions	5.0964070330417056e-05	1.6988023443472353e-05	1.6988023443472353e-05	1.6988023443472353e-05	3.3976046886944707e-05	1.6988023443472353e-05	1.6988023443472353e-05	1.6988023443472353e-05	5.0964070330417056e-05	1.6988023443472353e-05	5.0964070330417056e-05	1.6988023443472353e-05	1.6988023443472353e-05	3.3976046886944707e-05	1.6988023443472353e-05	1.6988023443472353e-05	1.6988023443472353e-05	1.6988023443472353e-05	1.6988023443472353e-05	1.6988023443472353e-05
_scratch_st-cdeboer-1_asfar_VLPs_results_crispresso_aggregated_spacer_CGBE1-NG_rep3_.staging_CRISPRessoPooled_on_CGBE1-NG_D2_rep3_CRISPResso_on_PDCD1	Substitutions	0.00016988023443472353	0.00018686825787819588	8.494011721736176e-05	1.6988023443472353e-05	0.00023783232820861293	0.00016988023443472353	6.795209377388941e-05	0.00016988023443472353	0.00023783232820861293	5.0964070330417056e-05	0.00013590418754777883	0.00020385628132166823	0.00016988023443472353	8.494011721736176e-05	5.0964070330417056e-05	0.00016988023443472353	0.00013590418754777883	0.0002548203516520853	8.494011721736176e-05	6.795209377388941e-05
_scratch_st-cdeboer-1_asfar_VLPs_results_crispresso_aggregated_spacer_CGBE1-NG_rep3_.staging_CRISPRessoPooled_on_CGBE1-NG_D2_rep3_CRISPResso_on_PDCD1	All_modifications	0.00022084430476514058	0.00020385628132166823	0.00010192814066083411	3.3976046886944707e-05	0.00027180837509555765	0.00018686825787819588	8.494011721736176e-05	0.00018686825787819588	0.00028879639853903	6.795209377388941e-05	0.00018686825787819588	0.00022084430476514058	0.00018686825787819588	0.00011891616410430646	6.795209377388941e-05	0.00018686825787819588	0.00015289221099125118	0.00027180837509555765	0.00010192814066083411	8.494011721736176e-05
_scratch_st-cdeboer-1_asfar_VLPs_results_crispresso_aggregated_spacer_CGBE1-NG_rep3_.staging_CRISPRessoPooled_on_CGBE1-NG_D3_rep3_CRISPResso_on_PDCD1	Insertions	1.3235216263433744e-05	1.3235216263433744e-05	0.0	0.0	0.0	0.0	0.0	0.0	0.0	0.0	0.0	0.0	0.0	0.0	0.0	0.0	0.0	0.0	0.0	0.0
_scratch_st-cdeboer-1_asfar_VLPs_results_crispresso_aggregated_spacer_CGBE1-NG_rep3_.staging_CRISPRessoPooled_on_CGBE1-NG_D3_rep3_CRISPResso_on_PDCD1	Insertions_Left	1.3235216263433744e-05	0.0	0.0	0.0	0.0	0.0	0.0	0.0	0.0	0.0	0.0	0.0	0.0	0.0	0.0	0.0	0.0	0.0	0.0	0.0
_scratch_st-cdeboer-1_asfar_VLPs_results_crispresso_aggregated_spacer_CGBE1-NG_rep3_.staging_CRISPRessoPooled_on_CGBE1-NG_D3_rep3_CRISPResso_on_PDCD1	Deletions	2.6470432526867487e-05	0.0	0.0	0.0	0.0	0.0	3.9705648790301235e-05	5.2940865053734975e-05	5.2940865053734975e-05	3.9705648790301235e-05	3.9705648790301235e-05	0.0	0.0	0.0	0.0	0.0	0.0	0.0	0.0	0.0
_scratch_st-cdeboer-1_asfar_VLPs_results_crispresso_aggregated_spacer_CGBE1-NG_rep3_.staging_CRISPRessoPooled_on_CGBE1-NG_D3_rep3_CRISPResso_on_PDCD1	Substitutions	0.00010588173010746995	0.00018529302768807243	7.941129758060247e-05	0.00010588173010746995	0.0002117634602149399	0.0001191169463709037	0.00010588173010746995	0.00018529302768807243	0.0002117634602149399	9.264651384403622e-05	0.00013235216263433744	0.0001191169463709037	0.0002514691090052411	0.00017205781142463867	9.264651384403622e-05	0.00010588173010746995	0.00018529302768807243	0.0002647043252686749	5.2940865053734975e-05	0.00017205781142463867
_scratch_st-cdeboer-1_asfar_VLPs_results_crispresso_aggregated_spacer_CGBE1-NG_rep3_.staging_CRISPRessoPooled_on_CGBE1-NG_D3_rep3_CRISPResso_on_PDCD1	All_modifications	0.00014558737889777118	0.00019852824395150617	7.941129758060247e-05	0.00010588173010746995	0.0002117634602149399	0.0001191169463709037	0.00014558737889777118	0.0002382338927418074	0.0002647043252686749	0.00013235216263433744	0.00017205781142463867	0.0001191169463709037	0.0002514691090052411	0.00017205781142463867	9.264651384403622e-05	0.00010588173010746995	0.00018529302768807243	0.0002647043252686749	5.2940865053734975e-05	0.00017205781142463867
_scratch_st-cdeboer-1_asfar_VLPs_results_crispresso_aggregated_spacer_CGBE1-NG_rep3_.staging_CRISPRessoPooled_on_CGBE1-NG_D4_rep3_CRISPResso_on_PDCD1	Insertions	0.0	0.0	0.0	0.0	0.0	0.0	0.0	0.0	0.0	3.0243459851807046e-05	3.0243459851807046e-05	0.0	0.0	0.0	0.0	0.0	0.0	0.0	0.0	0.0
_scratch_st-cdeboer-1_asfar_VLPs_results_crispresso_aggregated_spacer_CGBE1-NG_rep3_.staging_CRISPRessoPooled_on_CGBE1-NG_D4_rep3_CRISPResso_on_PDCD1	Insertions_Left	0.0	0.0	0.0	0.0	0.0	0.0	0.0	0.0	0.0	3.0243459851807046e-05	0.0	0.0	0.0	0.0	0.0	0.0	0.0	0.0	0.0	0.0
_scratch_st-cdeboer-1_asfar_VLPs_results_crispresso_aggregated_spacer_CGBE1-NG_rep3_.staging_CRISPRessoPooled_on_CGBE1-NG_D4_rep3_CRISPResso_on_PDCD1	Deletions	2.0162306567871364e-05	2.0162306567871364e-05	0.0	0.0	0.0	0.0	0.0	0.0	0.0	0.0	2.0162306567871364e-05	0.0	0.0	0.0	0.0	0.0	0.0	0.0	0.0	1.0081153283935682e-05
_scratch_st-cdeboer-1_asfar_VLPs_results_crispresso_aggregated_spacer_CGBE1-NG_rep3_.staging_CRISPRessoPooled_on_CGBE1-NG_D4_rep3_CRISPResso_on_PDCD1	Substitutions	0.00012097383940722818	0.00017137960582690659	0.0001814607591108423	0.00021170421896264934	0.0002318665255305207	0.00010081153283935682	0.00048389535762891273	0.00014113614597509956	0.00025202883209839204	0.00012097383940722818	0.0002318665255305207	0.0001612984525429709	0.0003326780583698775	0.00020162306567871364	6.048691970361409e-05	0.00012097383940722818	0.00027219113866626345	0.00019154191239477796	0.00012097383940722818	0.00013105499269116386
_scratch_st-cdeboer-1_asfar_VLPs_results_crispresso_aggregated_spacer_CGBE1-NG_rep3_.staging_CRISPRessoPooled_on_CGBE1-NG_D4_rep3_CRISPResso_on_PDCD1	All_modifications	0.00014113614597509956	0.00019154191239477796	0.0001814607591108423	0.00021170421896264934	0.0002318665255305207	0.00010081153283935682	0.00048389535762891273	0.00014113614597509956	0.00025202883209839204	0.00015121729925903524	0.0002822722919501991	0.0001612984525429709	0.0003326780583698775	0.00020162306567871364	6.048691970361409e-05	0.00012097383940722818	0.00027219113866626345	0.00019154191239477796	0.00012097383940722818	0.00014113614597509956
_scratch_st-cdeboer-1_asfar_VLPs_results_crispresso_aggregated_spacer_CGBE1-NG_rep3_.staging_CRISPRessoPooled_on_CGBE1-NG_D5_rep3_CRISPResso_on_PDCD1	Insertions	0.0	0.0	0.0	0.0	0.0	0.0	0.0	0.0	0.0	0.0	0.0	0.0	0.0	0.0	0.0	0.0	0.0	0.0	0.0	0.0
_scratch_st-cdeboer-1_asfar_VLPs_results_crispresso_aggregated_spacer_CGBE1-NG_rep3_.staging_CRISPRessoPooled_on_CGBE1-NG_D5_rep3_CRISPResso_on_PDCD1	Insertions_Left	0.0	0.0	0.0	0.0	0.0	0.0	0.0	0.0	0.0	0.0	0.0	0.0	0.0	0.0	0.0	0.0	0.0	0.0	0.0	0.0
_scratch_st-cdeboer-1_asfar_VLPs_results_crispresso_aggregated_spacer_CGBE1-NG_rep3_.staging_CRISPRessoPooled_on_CGBE1-NG_D5_rep3_CRISPResso_on_PDCD1	Deletions	2.583712277800744e-05	0.0	0.0	0.0	0.0	0.0	0.0	0.0	2.583712277800744e-05	0.0	0.0	0.0	0.0	0.0	0.0	2.583712277800744e-05	0.0	0.0	0.0	0.0
_scratch_st-cdeboer-1_asfar_VLPs_results_crispresso_aggregated_spacer_CGBE1-NG_rep3_.staging_CRISPRessoPooled_on_CGBE1-NG_D5_rep3_CRISPResso_on_PDCD1	Substitutions	0.0001808598594460521	0.00010334849111202976	0.00015502273666804465	7.751136833402232e-05	0.00028420835055808184	0.00020669698222405952	0.0004392310872261265	0.00041339396444811904	0.00015502273666804465	0.00020669698222405952	0.0001291856138900372	0.0001291856138900372	0.00020669698222405952	0.0001291856138900372	2.583712277800744e-05	0.00020669698222405952	0.00020669698222405952	0.00041339396444811904	0.0001291856138900372	7.751136833402232e-05
_scratch_st-cdeboer-1_asfar_VLPs_results_crispresso_aggregated_spacer_CGBE1-NG_rep3_.staging_CRISPRessoPooled_on_CGBE1-NG_D5_rep3_CRISPResso_on_PDCD1	All_modifications	0.00020669698222405952	0.00010334849111202976	0.00015502273666804465	7.751136833402232e-05	0.00028420835055808184	0.00020669698222405952	0.0004392310872261265	0.00041339396444811904	0.0001808598594460521	0.00020669698222405952	0.0001291856138900372	0.0001291856138900372	0.00020669698222405952	0.0001291856138900372	2.583712277800744e-05	0.00023253410500206697	0.00020669698222405952	0.00041339396444811904	0.0001291856138900372	7.751136833402232e-05
