Folder	Modification	G	G	A	G	G	C	T	A	T	C	C	A	G	C	G	T	G	A	G	T
_scratch_st-cdeboer-1_asfar_VLPs_results_crispresso_aggregated_spacer_CGBE1-NG_rep1_.staging_CRISPRessoPooled_on_CGBE1-NG_D0_rep1_CRISPResso_on_B2M	Insertions	0.0	0.0	0.0	0.0	0.0	0.0	0.0	0.0	0.0	0.0	0.0	0.0	0.0	0.0	0.0	0.0	0.0	0.0	0.0	0.0
_scratch_st-cdeboer-1_asfar_VLPs_results_crispresso_aggregated_spacer_CGBE1-NG_rep1_.staging_CRISPRessoPooled_on_CGBE1-NG_D0_rep1_CRISPResso_on_B2M	Insertions_Left	0.0	0.0	0.0	0.0	0.0	0.0	0.0	0.0	0.0	0.0	0.0	0.0	0.0	0.0	0.0	0.0	0.0	0.0	0.0	0.0
_scratch_st-cdeboer-1_asfar_VLPs_results_crispresso_aggregated_spacer_CGBE1-NG_rep1_.staging_CRISPRessoPooled_on_CGBE1-NG_D0_rep1_CRISPResso_on_B2M	Deletions	0.0	5.457579017947639e-05	0.0	0.0	0.0	0.0	0.0	0.0	0.0	0.0	1.5593082908421825e-05	0.0	0.0	0.0	0.0	0.0	0.0	0.0	0.0	0.0
_scratch_st-cdeboer-1_asfar_VLPs_results_crispresso_aggregated_spacer_CGBE1-NG_rep1_.staging_CRISPRessoPooled_on_CGBE1-NG_D0_rep1_CRISPResso_on_B2M	Substitutions	0.0004989786530694984	0.0006938921894247712	0.00034304782398528015	0.0003040651167142256	0.0002494893265347492	0.0001325412047215855	0.0003118616581684365	0.0001949135363552728	0.000537961360340553	0.00014813428763000734	0.00017152391199264008	0.0003274547410768583	9.355849745053095e-05	0.00021050661926369464	0.00011694812181316367	0.00022609970217211644	0.0001325412047215855	0.0003040651167142256	0.0003274547410768583	0.00041321669707317836
_scratch_st-cdeboer-1_asfar_VLPs_results_crispresso_aggregated_spacer_CGBE1-NG_rep1_.staging_CRISPRessoPooled_on_CGBE1-NG_D0_rep1_CRISPResso_on_B2M	All_modifications	0.0004989786530694984	0.0007484679796042476	0.00034304782398528015	0.0003040651167142256	0.0002494893265347492	0.0001325412047215855	0.0003118616581684365	0.0001949135363552728	0.000537961360340553	0.00014813428763000734	0.0001871169949010619	0.0003274547410768583	9.355849745053095e-05	0.00021050661926369464	0.00011694812181316367	0.00022609970217211644	0.0001325412047215855	0.0003040651167142256	0.0003274547410768583	0.00041321669707317836
_scratch_st-cdeboer-1_asfar_VLPs_results_crispresso_aggregated_spacer_CGBE1-NG_rep1_.staging_CRISPRessoPooled_on_CGBE1-NG_D1_rep1_CRISPResso_on_B2M	Insertions	0.0	0.0	0.0	0.0	0.0	0.0	0.0	0.0	0.0	0.0	0.0	0.0	0.0	0.0	0.0	0.0	0.0	0.0	0.0	0.0
_scratch_st-cdeboer-1_asfar_VLPs_results_crispresso_aggregated_spacer_CGBE1-NG_rep1_.staging_CRISPRessoPooled_on_CGBE1-NG_D1_rep1_CRISPResso_on_B2M	Insertions_Left	0.0	0.0	0.0	0.0	0.0	0.0	0.0	0.0	0.0	0.0	0.0	0.0	0.0	0.0	0.0	0.0	0.0	0.0	0.0	0.0
_scratch_st-cdeboer-1_asfar_VLPs_results_crispresso_aggregated_spacer_CGBE1-NG_rep1_.staging_CRISPRessoPooled_on_CGBE1-NG_D1_rep1_CRISPResso_on_B2M	Deletions	0.0	1.6775005242189137e-05	2.516250786328371e-05	1.6775005242189137e-05	2.516250786328371e-05	1.6775005242189137e-05	1.6775005242189137e-05	1.6775005242189137e-05	1.6775005242189137e-05	3.3550010484378274e-05	6.710002096875655e-05	3.3550010484378274e-05	3.3550010484378274e-05	3.3550010484378274e-05	1.6775005242189137e-05	1.6775005242189137e-05	1.6775005242189137e-05	1.6775005242189137e-05	1.6775005242189137e-05	1.6775005242189137e-05
_scratch_st-cdeboer-1_asfar_VLPs_results_crispresso_aggregated_spacer_CGBE1-NG_rep1_.staging_CRISPRessoPooled_on_CGBE1-NG_D1_rep1_CRISPResso_on_B2M	Substitutions	0.0003522751100859719	0.0005955126860977144	0.00026001258125393165	0.00023485007339064793	0.00011742503669532397	0.00018452505766408051	0.00031872509960159364	0.00015097504717970225	0.0004193751310547285	0.00016775005242189138	0.0002180750681484588	0.0002851750891172153	0.00015097504717970225	0.00026001258125393165	0.0003606626127070665	0.00025162507863283706	0.0008219752568672678	0.0003271126022226882	0.00036905011532816103	0.00044453763891801214
_scratch_st-cdeboer-1_asfar_VLPs_results_crispresso_aggregated_spacer_CGBE1-NG_rep1_.staging_CRISPRessoPooled_on_CGBE1-NG_D1_rep1_CRISPResso_on_B2M	All_modifications	0.0003522751100859719	0.0006122876913399035	0.0002851750891172153	0.00025162507863283706	0.00014258754455860766	0.00020130006290626967	0.00033550010484378277	0.00016775005242189138	0.0004361501362969176	0.00020130006290626967	0.0002851750891172153	0.00031872509960159364	0.00018452505766408051	0.0002935625917383099	0.0003774376179492556	0.0002684000838750262	0.000838750262109457	0.00034388760746487736	0.00038582512057035016	0.0004613126441602013
_scratch_st-cdeboer-1_asfar_VLPs_results_crispresso_aggregated_spacer_CGBE1-NG_rep1_.staging_CRISPRessoPooled_on_CGBE1-NG_D2_rep1_CRISPResso_on_B2M	Insertions	0.0	0.0	0.0	0.0	0.0	0.0	0.0	0.0	0.0	0.0	0.0	0.0	0.0	0.0	0.0	0.0	0.0	0.0	0.0	0.0
_scratch_st-cdeboer-1_asfar_VLPs_results_crispresso_aggregated_spacer_CGBE1-NG_rep1_.staging_CRISPRessoPooled_on_CGBE1-NG_D2_rep1_CRISPResso_on_B2M	Insertions_Left	0.0	0.0	0.0	0.0	0.0	0.0	0.0	0.0	0.0	0.0	0.0	0.0	0.0	0.0	0.0	0.0	0.0	0.0	0.0	0.0
_scratch_st-cdeboer-1_asfar_VLPs_results_crispresso_aggregated_spacer_CGBE1-NG_rep1_.staging_CRISPRessoPooled_on_CGBE1-NG_D2_rep1_CRISPResso_on_B2M	Deletions	4.2923060414207534e-05	8.584612082841507e-05	0.0001287691812426226	0.0001287691812426226	0.0003219229531065565	0.00036484601352076404	0.00034338448331366027	0.00034338448331366027	0.00034338448331366027	0.00034338448331366027	0.0003863075437278678	0.00034338448331366027	0.00034338448331366027	0.00034338448331366027	0.00034338448331366027	0.0003219229531065565	0.0003219229531065565	0.0003219229531065565	0.0003219229531065565	0.0001287691812426226
_scratch_st-cdeboer-1_asfar_VLPs_results_crispresso_aggregated_spacer_CGBE1-NG_rep1_.staging_CRISPRessoPooled_on_CGBE1-NG_D2_rep1_CRISPResso_on_B2M	Substitutions	0.0005579997853846979	0.00047215366455628284	0.00030046142289945273	0.0003863075437278678	0.00015023071144972636	0.00017169224165683013	0.00027899989269234896	0.0002575383624852452	0.00036484601352076404	0.00021461530207103768	0.00010730765103551884	0.0004936151947633866	0.00010730765103551884	0.00021461530207103768	0.0007511535572486319	0.00030046142289945273	0.0027041528060950744	0.00021461530207103768	0.0003863075437278678	0.0004077690739349716
_scratch_st-cdeboer-1_asfar_VLPs_results_crispresso_aggregated_spacer_CGBE1-NG_rep1_.staging_CRISPRessoPooled_on_CGBE1-NG_D2_rep1_CRISPResso_on_B2M	All_modifications	0.0006009228457989055	0.0005579997853846979	0.00042923060414207535	0.0005150767249704904	0.00047215366455628284	0.0005365382551775941	0.0006223843760060092	0.0006009228457989055	0.0007082304968344243	0.0005579997853846979	0.0004936151947633866	0.0008369996780770469	0.0004506921343491791	0.0005579997853846979	0.0010945380405622922	0.0006223843760060092	0.0030260757592016313	0.0005365382551775941	0.0007082304968344243	0.0005365382551775941
_scratch_st-cdeboer-1_asfar_VLPs_results_crispresso_aggregated_spacer_CGBE1-NG_rep1_.staging_CRISPRessoPooled_on_CGBE1-NG_D3_rep1_CRISPResso_on_B2M	Insertions	0.0	0.0	0.0	0.0	4.894379294817831e-05	4.894379294817831e-05	0.0	0.0	0.0	0.00036218406781651953	0.00036218406781651953	0.0	0.0	0.0	0.0	0.0	9.788758589635662e-05	9.788758589635662e-05	0.0	1.9577517179271325e-05
_scratch_st-cdeboer-1_asfar_VLPs_results_crispresso_aggregated_spacer_CGBE1-NG_rep1_.staging_CRISPRessoPooled_on_CGBE1-NG_D3_rep1_CRISPResso_on_B2M	Insertions_Left	0.0	0.0	0.0	0.0	4.894379294817831e-05	0.0	0.0	0.0	0.0	0.00036218406781651953	0.0	0.0	0.0	0.0	0.0	0.0	9.788758589635662e-05	0.0	0.0	1.9577517179271325e-05
_scratch_st-cdeboer-1_asfar_VLPs_results_crispresso_aggregated_spacer_CGBE1-NG_rep1_.staging_CRISPRessoPooled_on_CGBE1-NG_D3_rep1_CRISPResso_on_B2M	Deletions	0.00019577517179271325	0.00024471896474089155	0.0005090154466610544	0.0005090154466610544	0.0007439456528123104	0.0007928894457604887	0.0005677479981988685	0.0006460580669159537	0.0006460580669159537	0.0006558468255055894	0.0006754243426848607	0.0006460580669159537	0.0006558468255055894	0.0006166917911470467	0.0006166917911470467	0.0006166917911470467	0.0006166917911470467	0.0005285929638403257	0.0005285929638403257	0.00013704262025489926
_scratch_st-cdeboer-1_asfar_VLPs_results_crispresso_aggregated_spacer_CGBE1-NG_rep1_.staging_CRISPRessoPooled_on_CGBE1-NG_D3_rep1_CRISPResso_on_B2M	Substitutions	0.00026429648192016287	0.0005383817224299614	0.0002740852405097985	0.0002349302061512559	0.0001566201374341706	0.00014683137884453494	0.00030345151627870554	0.00013704262025489926	0.0003328177920476125	0.0001859864132030776	0.0001761976546134419	0.00036218406781651953	0.0001272538616652636	0.0003523953092268838	0.0024276121302296443	0.00022514144756162024	0.005628536189040506	0.00028387399909943423	0.0004698604123025118	0.0003915503435854265
_scratch_st-cdeboer-1_asfar_VLPs_results_crispresso_aggregated_spacer_CGBE1-NG_rep1_.staging_CRISPRessoPooled_on_CGBE1-NG_D3_rep1_CRISPResso_on_B2M	All_modifications	0.00046007165371287614	0.000783100687170853	0.000783100687170853	0.0007439456528123104	0.0009495095831946593	0.000988664617553202	0.000871199514477574	0.000783100687170853	0.0009788758589635662	0.0012040173065251865	0.0012138060651148222	0.0010082421347324731	0.000783100687170853	0.0009690871003739306	0.003044303921376691	0.0008418332387086669	0.00634311556608391	0.0009103545488361166	0.0009984533761428376	0.000548170481019597
_scratch_st-cdeboer-1_asfar_VLPs_results_crispresso_aggregated_spacer_CGBE1-NG_rep1_.staging_CRISPRessoPooled_on_CGBE1-NG_D4_rep1_CRISPResso_on_B2M	Insertions	0.0	0.0	0.0	0.0	7.538473136112517e-05	7.538473136112517e-05	4.307698934921438e-05	4.307698934921438e-05	0.0	0.0006569240875755193	0.0006569240875755193	0.00010769247337303596	0.00010769247337303596	0.0	0.0	1.0769247337303595e-05	1.0769247337303595e-05	0.0	0.0	0.0
_scratch_st-cdeboer-1_asfar_VLPs_results_crispresso_aggregated_spacer_CGBE1-NG_rep1_.staging_CRISPRessoPooled_on_CGBE1-NG_D4_rep1_CRISPResso_on_B2M	Insertions_Left	0.0	0.0	0.0	0.0	7.538473136112517e-05	0.0	4.307698934921438e-05	0.0	0.0	0.0006569240875755193	0.0	0.00010769247337303596	0.0	0.0	0.0	1.0769247337303595e-05	0.0	0.0	0.0	0.0
_scratch_st-cdeboer-1_asfar_VLPs_results_crispresso_aggregated_spacer_CGBE1-NG_rep1_.staging_CRISPRessoPooled_on_CGBE1-NG_D4_rep1_CRISPResso_on_B2M	Deletions	0.00016153871005955393	0.0002369234414206791	0.00028000043076989347	0.00040923139881753664	0.0008830782816588948	0.0008076935502977697	0.0008615397869842877	0.0011092324757422704	0.0011092324757422704	0.0011092324757422704	0.0012707711858018244	0.0012492326911272172	0.0012492326911272172	0.0012492326911272172	0.0014000021538494675	0.0011200017230795739	0.0012384634437899134	0.0011200017230795739	0.0010553862390557524	0.0007107703242620374
_scratch_st-cdeboer-1_asfar_VLPs_results_crispresso_aggregated_spacer_CGBE1-NG_rep1_.staging_CRISPRessoPooled_on_CGBE1-NG_D4_rep1_CRISPResso_on_B2M	Substitutions	0.0007753858082858589	0.000667693334912823	0.00040923139881753664	0.000506154624853269	0.00030153892544450067	0.00016153871005955393	0.0002692311834325899	0.00019384645207146472	0.0004846161301786618	0.00022615419408337551	0.0002369234414206791	0.0004415391408294474	0.00021538494674607192	0.00022615419408337551	0.00533077743196528	0.00022615419408337551	0.014506176163347944	0.0003123081727818043	0.0002692311834325899	0.0003769236568056259
_scratch_st-cdeboer-1_asfar_VLPs_results_crispresso_aggregated_spacer_CGBE1-NG_rep1_.staging_CRISPRessoPooled_on_CGBE1-NG_D4_rep1_CRISPResso_on_B2M	All_modifications	0.0009369245183454128	0.0009046167763335021	0.0006892318295874301	0.0009153860236708057	0.0012600019384645207	0.0010446169917184488	0.001173847959766092	0.0013461559171629495	0.0015938486059209323	0.0019923107574011654	0.002164618714798023	0.0017984643053297006	0.001572310111246325	0.0014753868852105927	0.0067307795858147475	0.001356925164500253	0.01575540885447516	0.0014323098958613782	0.0013246174224883422	0.0010876939810676631
_scratch_st-cdeboer-1_asfar_VLPs_results_crispresso_aggregated_spacer_CGBE1-NG_rep1_.staging_CRISPRessoPooled_on_CGBE1-NG_D5_rep1_CRISPResso_on_B2M	Insertions	0.0	0.0	0.0	0.0	0.0001127777151234916	0.0001127777151234916	3.22222043209976e-05	4.0277755401247e-05	8.0555510802494e-06	0.0008136106591051894	0.0008136106591051894	0.0	0.0	0.0	0.0001047221640432422	0.0001047221640432422	0.0	0.0	0.0	0.0
_scratch_st-cdeboer-1_asfar_VLPs_results_crispresso_aggregated_spacer_CGBE1-NG_rep1_.staging_CRISPRessoPooled_on_CGBE1-NG_D5_rep1_CRISPResso_on_B2M	Insertions_Left	0.0	0.0	0.0	0.0	0.0001127777151234916	0.0	3.22222043209976e-05	8.0555510802494e-06	0.0	0.0008136106591051894	0.0	0.0	0.0	0.0	0.0001047221640432422	0.0	0.0	0.0	0.0	0.0
_scratch_st-cdeboer-1_asfar_VLPs_results_crispresso_aggregated_spacer_CGBE1-NG_rep1_.staging_CRISPRessoPooled_on_CGBE1-NG_D5_rep1_CRISPResso_on_B2M	Deletions	0.0002738887367284796	0.0003866664518519712	0.0005316663712964603	0.0006283329842594532	0.001248610417438657	0.001288888172839904	0.0011922215598769111	0.0014016658879633956	0.0016272213182103787	0.001852776748457362	0.002158887689506839	0.002158887689506839	0.0021024988319450935	0.0019574989125006044	0.0018688878506178607	0.0017883323398153667	0.0019011100549388583	0.0015063880520066377	0.0015063880520066377	0.0007733329037039424
_scratch_st-cdeboer-1_asfar_VLPs_results_crispresso_aggregated_spacer_CGBE1-NG_rep1_.staging_CRISPRessoPooled_on_CGBE1-NG_D5_rep1_CRISPResso_on_B2M	Substitutions	0.000483333064814964	0.0005316663712964603	0.0003544442475309736	0.0005558330245372086	0.0002094443280864844	0.0003141664921297266	0.0003061109410494772	0.0004511108604939664	0.00043499975833346757	0.00021749987916673378	0.00021749987916673378	0.0002899998388889784	0.0003383331453704748	0.00040277755401247	0.007854162303243165	0.0004511108604939664	0.019123878264512076	0.0003544442475309736	0.0004108331050927194	0.0003544442475309736
_scratch_st-cdeboer-1_asfar_VLPs_results_crispresso_aggregated_spacer_CGBE1-NG_rep1_.staging_CRISPRessoPooled_on_CGBE1-NG_D5_rep1_CRISPResso_on_B2M	All_modifications	0.0007572218015434436	0.0009183328231484316	0.000886110618827434	0.0011841660087966617	0.001570832460648633	0.0017158323800931222	0.001530554705247386	0.001893054503858609	0.0020702766276240957	0.002883887286729285	0.0031899982277787623	0.0024488875283958174	0.002440831977315568	0.002360276466513074	0.009827772317904267	0.0023441653643525755	0.021024988319450932	0.0018608322995376113	0.0019172211570993572	0.001127777151234916
