Folder	Modification	C	A	C	C	T	A	C	C	T	A	A	G	A	A	C	C	A	T	C	C
_scratch_st-cdeboer-1_asfar_VLPs_results_crispresso_aggregated_spacer_CGBE1_rep2_.staging_CRISPRessoPooled_on_CGBE1_D0_rep2_CRISPResso_on_PDCD1	Insertions	1.7392211767570482e-05	1.7392211767570482e-05	0.0	0.0	0.0	0.0	0.0	0.0	0.0	0.0	0.0	0.0	0.0	0.0	0.0	0.0	0.0	0.0	0.0	0.0
_scratch_st-cdeboer-1_asfar_VLPs_results_crispresso_aggregated_spacer_CGBE1_rep2_.staging_CRISPRessoPooled_on_CGBE1_D0_rep2_CRISPResso_on_PDCD1	Insertions_Left	1.7392211767570482e-05	0.0	0.0	0.0	0.0	0.0	0.0	0.0	0.0	0.0	0.0	0.0	0.0	0.0	0.0	0.0	0.0	0.0	0.0	0.0
_scratch_st-cdeboer-1_asfar_VLPs_results_crispresso_aggregated_spacer_CGBE1_rep2_.staging_CRISPRessoPooled_on_CGBE1_D0_rep2_CRISPResso_on_PDCD1	Deletions	5.217663530271145e-05	1.7392211767570482e-05	1.7392211767570482e-05	1.7392211767570482e-05	1.7392211767570482e-05	1.7392211767570482e-05	1.7392211767570482e-05	1.7392211767570482e-05	1.7392211767570482e-05	1.7392211767570482e-05	8.69610588378524e-05	1.7392211767570482e-05	1.7392211767570482e-05	1.7392211767570482e-05	1.7392211767570482e-05	1.7392211767570482e-05	1.7392211767570482e-05	1.7392211767570482e-05	1.7392211767570482e-05	1.7392211767570482e-05
_scratch_st-cdeboer-1_asfar_VLPs_results_crispresso_aggregated_spacer_CGBE1_rep2_.staging_CRISPRessoPooled_on_CGBE1_D0_rep2_CRISPResso_on_PDCD1	Substitutions	0.0001739221176757048	0.00012174548237299338	0.0001739221176757048	5.217663530271145e-05	0.0002087065412108458	0.0001739221176757048	8.69610588378524e-05	3.4784423535140964e-05	0.00013913769414056386	6.956884707028193e-05	5.217663530271145e-05	0.00013913769414056386	0.0002956676000486982	6.956884707028193e-05	8.69610588378524e-05	3.4784423535140964e-05	0.0002782753882811277	0.0003478442353514096	0.00015652990590813435	0.0001043532706054229
_scratch_st-cdeboer-1_asfar_VLPs_results_crispresso_aggregated_spacer_CGBE1_rep2_.staging_CRISPRessoPooled_on_CGBE1_D0_rep2_CRISPResso_on_PDCD1	All_modifications	0.00024349096474598675	0.00015652990590813435	0.0001913143294432753	6.956884707028193e-05	0.00022609875297841626	0.0001913143294432753	0.0001043532706054229	5.217663530271145e-05	0.00015652990590813435	8.69610588378524e-05	0.00013913769414056386	0.00015652990590813435	0.0003130598118162687	8.69610588378524e-05	0.0001043532706054229	5.217663530271145e-05	0.0002956676000486982	0.00036523644711898014	0.0001739221176757048	0.00012174548237299338
_scratch_st-cdeboer-1_asfar_VLPs_results_crispresso_aggregated_spacer_CGBE1_rep2_.staging_CRISPRessoPooled_on_CGBE1_D1_rep2_CRISPResso_on_PDCD1	Insertions	2.7641871907565582e-05	2.7641871907565582e-05	0.0	0.0	0.0	0.0	0.0	0.0	0.0	0.0	0.0	0.0	0.0	0.0	0.0	0.0	0.0	0.0	0.0	0.0
_scratch_st-cdeboer-1_asfar_VLPs_results_crispresso_aggregated_spacer_CGBE1_rep2_.staging_CRISPRessoPooled_on_CGBE1_D1_rep2_CRISPResso_on_PDCD1	Insertions_Left	2.7641871907565582e-05	0.0	0.0	0.0	0.0	0.0	0.0	0.0	0.0	0.0	0.0	0.0	0.0	0.0	0.0	0.0	0.0	0.0	0.0	0.0
_scratch_st-cdeboer-1_asfar_VLPs_results_crispresso_aggregated_spacer_CGBE1_rep2_.staging_CRISPRessoPooled_on_CGBE1_D1_rep2_CRISPResso_on_PDCD1	Deletions	0.0001382093595378279	2.7641871907565582e-05	0.0	0.0	0.0	2.7641871907565582e-05	0.0	0.0	0.0	0.0	5.5283743815131164e-05	0.0	0.0	0.0	0.0	0.0	0.0	0.0	0.0	0.0
_scratch_st-cdeboer-1_asfar_VLPs_results_crispresso_aggregated_spacer_CGBE1_rep2_.staging_CRISPRessoPooled_on_CGBE1_D1_rep2_CRISPResso_on_PDCD1	Substitutions	0.0001382093595378279	0.0002487768471680902	0.0001382093595378279	0.0008016142853194019	0.00016585123144539348	0.0001382093595378279	0.001050391132487492	0.0008292561572269675	0.00011056748763026233	8.292561572269674e-05	0.00019349310335295907	0.00019349310335295907	0.0003040605909832214	8.292561572269674e-05	0.00019349310335295907	0.00019349310335295907	0.0001382093595378279	0.00038698620670591814	0.00011056748763026233	5.5283743815131164e-05
_scratch_st-cdeboer-1_asfar_VLPs_results_crispresso_aggregated_spacer_CGBE1_rep2_.staging_CRISPRessoPooled_on_CGBE1_D1_rep2_CRISPResso_on_PDCD1	All_modifications	0.0003040605909832214	0.0003040605909832214	0.0001382093595378279	0.0008016142853194019	0.00016585123144539348	0.00016585123144539348	0.001050391132487492	0.0008292561572269675	0.00011056748763026233	8.292561572269674e-05	0.0002487768471680902	0.00019349310335295907	0.0003040605909832214	8.292561572269674e-05	0.00019349310335295907	0.00019349310335295907	0.0001382093595378279	0.00038698620670591814	0.00011056748763026233	5.5283743815131164e-05
_scratch_st-cdeboer-1_asfar_VLPs_results_crispresso_aggregated_spacer_CGBE1_rep2_.staging_CRISPRessoPooled_on_CGBE1_D2_rep2_CRISPResso_on_PDCD1	Insertions	0.0	0.0	0.0	0.0	0.0	0.0	0.0	0.0	0.0	0.000129315918789603	0.000129315918789603	0.0	0.0	0.0	0.0	0.0	0.0	0.0	0.0	0.0
_scratch_st-cdeboer-1_asfar_VLPs_results_crispresso_aggregated_spacer_CGBE1_rep2_.staging_CRISPRessoPooled_on_CGBE1_D2_rep2_CRISPResso_on_PDCD1	Insertions_Left	0.0	0.0	0.0	0.0	0.0	0.0	0.0	0.0	0.0	0.000129315918789603	0.0	0.0	0.0	0.0	0.0	0.0	0.0	0.0	0.0	0.0
_scratch_st-cdeboer-1_asfar_VLPs_results_crispresso_aggregated_spacer_CGBE1_rep2_.staging_CRISPRessoPooled_on_CGBE1_D2_rep2_CRISPResso_on_PDCD1	Deletions	0.000147789621473832	0.000110842216105374	0.000110842216105374	0.000221684432210748	0.000424895161737267	0.000258631837579206	0.000258631837579206	0.00036947405368458	0.000277105540263435	0.000258631837579206	0.000387947756368809	0.000240158134894977	0.000240158134894977	0.000203210729526519	0.000203210729526519	0.000203210729526519	7.3894810736916e-05	3.6947405368458e-05	3.6947405368458e-05	3.6947405368458e-05
_scratch_st-cdeboer-1_asfar_VLPs_results_crispresso_aggregated_spacer_CGBE1_rep2_.staging_CRISPRessoPooled_on_CGBE1_D2_rep2_CRISPResso_on_PDCD1	Substitutions	0.000110842216105374	0.00018473702684229	0.001034527350316824	0.001330106593264488	0.000203210729526519	0.000221684432210748	0.008645692856219172	0.007056954425375478	0.000314052945631893	0.000221684432210748	9.2368513421145e-05	0.000277105540263435	0.000258631837579206	0.000203210729526519	9.2368513421145e-05	9.2368513421145e-05	0.000166263324158061	0.000258631837579206	9.2368513421145e-05	5.5421108052687e-05
_scratch_st-cdeboer-1_asfar_VLPs_results_crispresso_aggregated_spacer_CGBE1_rep2_.staging_CRISPRessoPooled_on_CGBE1_D2_rep2_CRISPResso_on_PDCD1	All_modifications	0.000258631837579206	0.000295579242947664	0.001145369566422198	0.001551791025475236	0.000628105891263786	0.000480316269789954	0.008904324693798378	0.007426428479060058	0.000591158485895328	0.000609632188579557	0.000609632188579557	0.000517263675158412	0.000498789972474183	0.000406421459053038	0.000295579242947664	0.000295579242947664	0.000240158134894977	0.000295579242947664	0.000129315918789603	9.2368513421145e-05
_scratch_st-cdeboer-1_asfar_VLPs_results_crispresso_aggregated_spacer_CGBE1_rep2_.staging_CRISPRessoPooled_on_CGBE1_D3_rep2_CRISPResso_on_PDCD1	Insertions	0.0	2.8624588521540003e-05	2.8624588521540003e-05	0.0	0.0	0.0	0.0	0.0	0.00017174753112924002	0.0006297409474738801	0.00045799341634464004	0.0	0.0	0.0	0.0	0.0	0.00010018605982539001	0.00010018605982539001	0.0	0.0
_scratch_st-cdeboer-1_asfar_VLPs_results_crispresso_aggregated_spacer_CGBE1_rep2_.staging_CRISPRessoPooled_on_CGBE1_D3_rep2_CRISPResso_on_PDCD1	Insertions_Left	0.0	2.8624588521540003e-05	0.0	0.0	0.0	0.0	0.0	0.0	0.00017174753112924002	0.00045799341634464004	0.0	0.0	0.0	0.0	0.0	0.0	0.00010018605982539001	0.0	0.0	0.0
_scratch_st-cdeboer-1_asfar_VLPs_results_crispresso_aggregated_spacer_CGBE1_rep2_.staging_CRISPRessoPooled_on_CGBE1_D3_rep2_CRISPResso_on_PDCD1	Deletions	0.00010018605982539001	0.00011449835408616001	0.00030055817947617	0.00031487047373694006	0.0007442393015600401	0.00045799341634464004	0.0009446114212108201	0.00201803349076857	0.00133104336625161	0.00133104336625161	0.00110204665807929	0.00107342206955775	0.00107342206955775	0.0010877343638185202	0.0010877343638185202	0.0010018605982539	0.00060111635895234	0.00027193359095463004	0.00027193359095463004	0.00027193359095463004
_scratch_st-cdeboer-1_asfar_VLPs_results_crispresso_aggregated_spacer_CGBE1_rep2_.staging_CRISPRessoPooled_on_CGBE1_D3_rep2_CRISPResso_on_PDCD1	Substitutions	0.00021468441391155003	0.00015743523686847003	0.0044368112208387	0.00530986117074567	0.0007585515958208101	0.00017174753112924002	0.043666809789609275	0.029783884356662373	0.00032918276799771004	0.00012881064834693003	0.00018605982539001003	0.00024330900243309004	0.00035780735651925	0.00018605982539001003	1.4312294260770001e-05	4.2936882782310004e-05	5.7249177043080005e-05	0.00031487047373694006	5.7249177043080005e-05	0.00011449835408616001
_scratch_st-cdeboer-1_asfar_VLPs_results_crispresso_aggregated_spacer_CGBE1_rep2_.staging_CRISPRessoPooled_on_CGBE1_D3_rep2_CRISPResso_on_PDCD1	All_modifications	0.00031487047373694006	0.00030055817947617	0.004765993988836411	0.0056247316444826105	0.0015027908973808501	0.0006297409474738801	0.044611421210820096	0.031801917847430944	0.0018319736653785602	0.00208959496207242	0.0017460998998139402	0.0013167310719908402	0.001431229426077	0.00127379418920853	0.00110204665807929	0.00104479748103621	0.0007585515958208101	0.0006869901245169601	0.00032918276799771004	0.00038643194504079005
_scratch_st-cdeboer-1_asfar_VLPs_results_crispresso_aggregated_spacer_CGBE1_rep2_.staging_CRISPRessoPooled_on_CGBE1_D4_rep2_CRISPResso_on_PDCD1	Insertions	0.0	0.0	0.0	0.0	4.1626774341256295e-05	4.1626774341256295e-05	0.0	0.0	4.1626774341256295e-05	0.00024976064604753775	0.00020813387170628148	0.0	0.0	1.3875591447085432e-05	1.3875591447085432e-05	0.0	4.1626774341256295e-05	4.1626774341256295e-05	0.0	0.0
_scratch_st-cdeboer-1_asfar_VLPs_results_crispresso_aggregated_spacer_CGBE1_rep2_.staging_CRISPRessoPooled_on_CGBE1_D4_rep2_CRISPResso_on_PDCD1	Insertions_Left	0.0	0.0	0.0	0.0	4.1626774341256295e-05	0.0	0.0	0.0	4.1626774341256295e-05	0.00020813387170628148	0.0	0.0	0.0	1.3875591447085432e-05	0.0	0.0	4.1626774341256295e-05	0.0	0.0	0.0
_scratch_st-cdeboer-1_asfar_VLPs_results_crispresso_aggregated_spacer_CGBE1_rep2_.staging_CRISPRessoPooled_on_CGBE1_D4_rep2_CRISPResso_on_PDCD1	Deletions	0.0002913874203887941	0.00027751182894170866	0.00031913860328296493	0.00045789451775381923	0.000901913444060553	0.0006244016151188444	0.0008186598953780405	0.001318181187473116	0.00112392290721392	0.00112392290721392	0.0011516740901080908	0.000901913444060553	0.0008741622611663822	0.000929664626954724	0.000929664626954724	0.000999042584190151	0.0006937795723542716	0.000610526023671759	0.0006244016151188444	0.0006244016151188444
_scratch_st-cdeboer-1_asfar_VLPs_results_crispresso_aggregated_spacer_CGBE1_rep2_.staging_CRISPRessoPooled_on_CGBE1_D4_rep2_CRISPResso_on_PDCD1	Substitutions	0.00011100473157668345	0.00015263150591793975	0.003788036465054323	0.005106217652527439	0.00041626774341256296	0.00015263150591793975	0.04488753833132137	0.027654053754041265	0.00033301419473005036	0.00019425828025919605	0.00012488032302376888	0.00019425828025919605	0.00020813387170628148	0.00024976064604753775	0.00011100473157668345	0.00023588505460045236	0.00015263150591793975	0.00027751182894170866	0.00013875591447085433	0.00027751182894170866
_scratch_st-cdeboer-1_asfar_VLPs_results_crispresso_aggregated_spacer_CGBE1_rep2_.staging_CRISPRessoPooled_on_CGBE1_D4_rep2_CRISPResso_on_PDCD1	All_modifications	0.00040239215196547753	0.0004301433348596484	0.0041071750683372875	0.005564112170281258	0.0013598079618143723	0.0008186598953780405	0.04570619822669941	0.028972234941514383	0.0014985638762852267	0.0015679418335206538	0.0014846882848381412	0.001096171724319749	0.0010822961328726638	0.0011933008644493472	0.001054544949978493	0.0012349276387906033	0.0008880378526134676	0.000929664626954724	0.0007631575295896988	0.000901913444060553
_scratch_st-cdeboer-1_asfar_VLPs_results_crispresso_aggregated_spacer_CGBE1_rep2_.staging_CRISPRessoPooled_on_CGBE1_D5_rep2_CRISPResso_on_PDCD1	Insertions	0.0	0.0	0.0	0.0	0.0	1.1463026009606016e-05	1.1463026009606016e-05	0.0	2.292605201921203e-05	0.00026364959822093836	0.00024072354620172632	0.0	0.0	0.0	0.0	0.0	5.731513004803008e-05	5.731513004803008e-05	0.0	0.0
_scratch_st-cdeboer-1_asfar_VLPs_results_crispresso_aggregated_spacer_CGBE1_rep2_.staging_CRISPRessoPooled_on_CGBE1_D5_rep2_CRISPResso_on_PDCD1	Insertions_Left	0.0	0.0	0.0	0.0	0.0	1.1463026009606016e-05	0.0	0.0	2.292605201921203e-05	0.00024072354620172632	0.0	0.0	0.0	0.0	0.0	0.0	5.731513004803008e-05	0.0	0.0	0.0
_scratch_st-cdeboer-1_asfar_VLPs_results_crispresso_aggregated_spacer_CGBE1_rep2_.staging_CRISPRessoPooled_on_CGBE1_D5_rep2_CRISPResso_on_PDCD1	Deletions	0.0002177974941825143	0.0002177974941825143	0.0004241319623554226	0.0005960773524995128	0.0006304664305283309	0.0005616882744706947	0.0008711899767300572	0.001421415225191146	0.0010202093148549353	0.0010202093148549353	0.0009055790547588753	0.0008024118206724211	0.000756559716633997	0.000699244586585967	0.000687781560576361	0.000699244586585967	0.00046998406639384664	0.00024072354620172632	0.00024072354620172632	0.00024072354620172632
_scratch_st-cdeboer-1_asfar_VLPs_results_crispresso_aggregated_spacer_CGBE1_rep2_.staging_CRISPRessoPooled_on_CGBE1_D5_rep2_CRISPResso_on_PDCD1	Substitutions	0.0002865756502401504	0.00022926052019212032	0.0018799362655753866	0.0030606279445648064	0.0006304664305283309	0.00019487144216330228	0.02678909178444926	0.018375230693398442	0.0004929101184130587	4.585210403842406e-05	0.0001490193381248782	0.00018340841615369625	0.00027511262423054436	0.00013755631211527218	0.00011463026009606016	6.877815605763609e-05	0.00012609328610566618	0.00033242775427857444	8.024118206724211e-05	0.00011463026009606016
_scratch_st-cdeboer-1_asfar_VLPs_results_crispresso_aggregated_spacer_CGBE1_rep2_.staging_CRISPRessoPooled_on_CGBE1_D5_rep2_CRISPResso_on_PDCD1	All_modifications	0.0005043731444226647	0.00044705801437463464	0.002304068227930809	0.003656705297064319	0.0012609328610566617	0.000768022742643603	0.027671744787188923	0.019796645918589588	0.001536045485287206	0.0013297110171142977	0.0012953219390854798	0.0009858202368261174	0.0010316723408645414	0.0008368008987012391	0.0008024118206724211	0.000768022742643603	0.0006533924825475429	0.0006304664305283309	0.00032096472826896843	0.0003553538062977865
