Folder	Modification	G	G	C	C	C	A	G	A	C	T	G	A	G	C	A	C	G	T	G	A
_scratch_st-cdeboer-1_asfar_VLPs_results_crispresso_aggregated_spacer_CGBE1_rep2_.staging_CRISPRessoPooled_on_CGBE1_D0_rep2_CRISPResso_on_HEK3	Insertions	0.0	0.0	0.0	0.0	0.0	0.0	0.0	0.0	0.0	0.0	0.0	0.0	0.0	0.0	0.0	0.0	0.0	0.0	0.0	0.0
_scratch_st-cdeboer-1_asfar_VLPs_results_crispresso_aggregated_spacer_CGBE1_rep2_.staging_CRISPRessoPooled_on_CGBE1_D0_rep2_CRISPResso_on_HEK3	Insertions_Left	0.0	0.0	0.0	0.0	0.0	0.0	0.0	0.0	0.0	0.0	0.0	0.0	0.0	0.0	0.0	0.0	0.0	0.0	0.0	0.0
_scratch_st-cdeboer-1_asfar_VLPs_results_crispresso_aggregated_spacer_CGBE1_rep2_.staging_CRISPRessoPooled_on_CGBE1_D0_rep2_CRISPResso_on_HEK3	Deletions	3.02614590058102e-05	9.07843770174306e-05	1.0087153001936733e-05	1.0087153001936733e-05	4.034861200774693e-05	1.0087153001936733e-05	1.0087153001936733e-05	1.0087153001936733e-05	1.0087153001936733e-05	1.0087153001936733e-05	3.02614590058102e-05	1.0087153001936733e-05	1.0087153001936733e-05	1.0087153001936733e-05	1.0087153001936733e-05	1.0087153001936733e-05	1.0087153001936733e-05	1.0087153001936733e-05	1.0087153001936733e-05	1.0087153001936733e-05
_scratch_st-cdeboer-1_asfar_VLPs_results_crispresso_aggregated_spacer_CGBE1_rep2_.staging_CRISPRessoPooled_on_CGBE1_D0_rep2_CRISPResso_on_HEK3	Substitutions	0.00010087153001936733	0.0002118302130406714	0.0001210458360232408	7.061007101355714e-05	0.00016139444803098772	0.00016139444803098772	0.00013113298902517754	9.07843770174306e-05	5.043576500968367e-05	0.0001210458360232408	0.00014122014202711428	0.00023200451904454488	0.000151307295029051	0.00010087153001936733	7.061007101355714e-05	5.043576500968367e-05	0.0002622659780503551	0.00014122014202711428	0.0001815687540348612	0.0002420916720464816
_scratch_st-cdeboer-1_asfar_VLPs_results_crispresso_aggregated_spacer_CGBE1_rep2_.staging_CRISPRessoPooled_on_CGBE1_D0_rep2_CRISPResso_on_HEK3	All_modifications	0.00013113298902517754	0.000302614590058102	0.00013113298902517754	8.069722401549386e-05	0.00020174306003873467	0.00017148160103292446	0.00014122014202711428	0.00010087153001936733	6.05229180116204e-05	0.00013113298902517754	0.00017148160103292446	0.0002420916720464816	0.00016139444803098772	0.00011095868302130407	8.069722401549386e-05	6.05229180116204e-05	0.0002723531310522918	0.000151307295029051	0.00019165590703679793	0.00025217882504841835
_scratch_st-cdeboer-1_asfar_VLPs_results_crispresso_aggregated_spacer_CGBE1_rep2_.staging_CRISPRessoPooled_on_CGBE1_D1_rep2_CRISPResso_on_HEK3	Insertions	0.0	0.0	0.0	0.0	0.0	0.0	0.0	0.0	0.0	0.0	0.0	0.0	0.0	0.0	0.0	0.0	0.0	0.0	0.0	0.0
_scratch_st-cdeboer-1_asfar_VLPs_results_crispresso_aggregated_spacer_CGBE1_rep2_.staging_CRISPRessoPooled_on_CGBE1_D1_rep2_CRISPResso_on_HEK3	Insertions_Left	0.0	0.0	0.0	0.0	0.0	0.0	0.0	0.0	0.0	0.0	0.0	0.0	0.0	0.0	0.0	0.0	0.0	0.0	0.0	0.0
_scratch_st-cdeboer-1_asfar_VLPs_results_crispresso_aggregated_spacer_CGBE1_rep2_.staging_CRISPRessoPooled_on_CGBE1_D1_rep2_CRISPResso_on_HEK3	Deletions	8.044405116241654e-05	0.00048266430697449926	8.044405116241654e-05	0.00032177620464966615	0.0005631083581369157	0.0004022202558120827	0.0004022202558120827	0.0004022202558120827	0.0004022202558120827	0.00032177620464966615	0.00032177620464966615	0.00024133215348724963	0.00024133215348724963	0.00024133215348724963	0.00024133215348724963	0.00032177620464966615	0.00032177620464966615	0.00024133215348724963	0.00024133215348724963	0.00024133215348724963
_scratch_st-cdeboer-1_asfar_VLPs_results_crispresso_aggregated_spacer_CGBE1_rep2_.staging_CRISPRessoPooled_on_CGBE1_D1_rep2_CRISPResso_on_HEK3	Substitutions	8.044405116241654e-05	0.00048266430697449926	8.044405116241654e-05	0.002252433432547663	0.007963961065079237	0.00024133215348724963	0.00024133215348724963	8.044405116241654e-05	0.0008044405116241654	8.044405116241654e-05	0.00016088810232483308	0.0004022202558120827	0.00016088810232483308	0.0	0.0	0.00016088810232483308	0.00048266430697449926	0.00016088810232483308	0.0	0.0006435524092993323
_scratch_st-cdeboer-1_asfar_VLPs_results_crispresso_aggregated_spacer_CGBE1_rep2_.staging_CRISPRessoPooled_on_CGBE1_D1_rep2_CRISPResso_on_HEK3	All_modifications	0.00016088810232483308	0.0009653286139489985	0.00016088810232483308	0.0025742096371973292	0.008527069423216153	0.0006435524092993323	0.0006435524092993323	0.00048266430697449926	0.001206660767436248	0.0004022202558120827	0.00048266430697449926	0.0006435524092993323	0.0004022202558120827	0.00024133215348724963	0.00024133215348724963	0.00048266430697449926	0.0008044405116241654	0.0004022202558120827	0.00024133215348724963	0.0008848845627865819
_scratch_st-cdeboer-1_asfar_VLPs_results_crispresso_aggregated_spacer_CGBE1_rep2_.staging_CRISPRessoPooled_on_CGBE1_D2_rep2_CRISPResso_on_HEK3	Insertions	0.0	0.0	0.0	0.0	0.0	0.0001958672020370189	0.0001958672020370189	0.0	0.0	0.0004896680050925472	0.0004896680050925472	0.0	0.0	9.793360101850946e-05	0.00029380080305552837	0.0001958672020370189	0.0003917344040740378	0.0003917344040740378	0.0	0.0
_scratch_st-cdeboer-1_asfar_VLPs_results_crispresso_aggregated_spacer_CGBE1_rep2_.staging_CRISPRessoPooled_on_CGBE1_D2_rep2_CRISPResso_on_HEK3	Insertions_Left	0.0	0.0	0.0	0.0	0.0	0.0001958672020370189	0.0	0.0	0.0	0.0004896680050925472	0.0	0.0	0.0	9.793360101850946e-05	0.0001958672020370189	0.0	0.0003917344040740378	0.0	0.0	0.0
_scratch_st-cdeboer-1_asfar_VLPs_results_crispresso_aggregated_spacer_CGBE1_rep2_.staging_CRISPRessoPooled_on_CGBE1_D2_rep2_CRISPResso_on_HEK3	Deletions	0.0003917344040740378	0.0014690040152776417	0.0005876016061110567	0.0024483400254627363	0.004309078444814416	0.0029380080305552833	0.0029380080305552833	0.0029380080305552833	0.0034276760356478308	0.0036235432376848496	0.00352560963666634	0.0034276760356478308	0.0018607384193516795	0.001958672020370189	0.0016648712173146607	0.0015669376162961513	0.001077269611203604	0.001077269611203604	0.0007834688081480756	0.0005876016061110567
_scratch_st-cdeboer-1_asfar_VLPs_results_crispresso_aggregated_spacer_CGBE1_rep2_.staging_CRISPRessoPooled_on_CGBE1_D2_rep2_CRISPResso_on_HEK3	Substitutions	0.0004896680050925472	0.0005876016061110567	0.001077269611203604	0.02301439623934972	0.0559200861815689	0.0001958672020370189	0.0001958672020370189	0.0004896680050925472	0.004896680050925473	9.793360101850946e-05	0.0001958672020370189	9.793360101850946e-05	0.0001958672020370189	9.793360101850946e-05	0.0	0.0	0.00029380080305552837	9.793360101850946e-05	0.0001958672020370189	9.793360101850946e-05
_scratch_st-cdeboer-1_asfar_VLPs_results_crispresso_aggregated_spacer_CGBE1_rep2_.staging_CRISPRessoPooled_on_CGBE1_D2_rep2_CRISPResso_on_HEK3	All_modifications	0.000881402409166585	0.0020566056213886983	0.0016648712173146607	0.025462736264812456	0.060229164626383315	0.0033297424346293214	0.0033297424346293214	0.0034276760356478308	0.008324356086573304	0.004211144843795906	0.004211144843795906	0.00352560963666634	0.0020566056213886983	0.002154539222407208	0.001958672020370189	0.00176280481833317	0.00176280481833317	0.0015669376162961513	0.0009793360101850944	0.0006855352071295661
_scratch_st-cdeboer-1_asfar_VLPs_results_crispresso_aggregated_spacer_CGBE1_rep2_.staging_CRISPRessoPooled_on_CGBE1_D3_rep2_CRISPResso_on_HEK3	Insertions	0.0	0.0	0.0	0.00024123124427075795	0.00033772374197906115	9.649249770830318e-05	0.0	0.0	0.0	0.0015921262121870025	0.0015921262121870025	0.0	0.0	0.0	0.0	0.0	0.0004342162396873643	0.0004342162396873643	0.0	0.0
_scratch_st-cdeboer-1_asfar_VLPs_results_crispresso_aggregated_spacer_CGBE1_rep2_.staging_CRISPRessoPooled_on_CGBE1_D3_rep2_CRISPResso_on_HEK3	Insertions_Left	0.0	0.0	0.0	0.00024123124427075795	9.649249770830318e-05	0.0	0.0	0.0	0.0	0.0015921262121870025	0.0	0.0	0.0	0.0	0.0	0.0	0.0004342162396873643	0.0	0.0	0.0
_scratch_st-cdeboer-1_asfar_VLPs_results_crispresso_aggregated_spacer_CGBE1_rep2_.staging_CRISPRessoPooled_on_CGBE1_D3_rep2_CRISPResso_on_HEK3	Deletions	0.0013991412167703961	0.003280744922082308	0.001640372461041154	0.0020745887007285182	0.005886042360206494	0.002315819944999276	0.002701789935832489	0.00303951367781155	0.0032324986732281567	0.003184252424374005	0.003280744922082308	0.0032324986732281567	0.0025570511892700344	0.0019298499541660636	0.0014473874656245477	0.0015921262121870025	0.0010131712259371835	0.000820186230520577	0.0007236937328122738	0.0006272012351039707
_scratch_st-cdeboer-1_asfar_VLPs_results_crispresso_aggregated_spacer_CGBE1_rep2_.staging_CRISPRessoPooled_on_CGBE1_D3_rep2_CRISPResso_on_HEK3	Substitutions	0.00033772374197906115	0.0007236937328122738	0.0039079461571862786	0.05278139624644184	0.12187002460558692	0.00024123124427075795	0.00019298499541660637	0.00019298499541660637	0.007526414821247648	9.649249770830318e-05	0.00014473874656245476	0.0002894774931249095	0.00014473874656245476	4.824624885415159e-05	4.824624885415159e-05	4.824624885415159e-05	0.00024123124427075795	0.00014473874656245476	9.649249770830318e-05	4.824624885415159e-05
_scratch_st-cdeboer-1_asfar_VLPs_results_crispresso_aggregated_spacer_CGBE1_rep2_.staging_CRISPRessoPooled_on_CGBE1_D3_rep2_CRISPResso_on_HEK3	All_modifications	0.0017368649587494573	0.004004438654894582	0.005548318618227433	0.05509721619144112	0.12809379070777246	0.0026535436869783375	0.0028947749312490953	0.0032324986732281567	0.010758913494475804	0.004872871134269311	0.005017609880831765	0.003521976166353066	0.002701789935832489	0.001978096203020215	0.0014956337144786992	0.001640372461041154	0.0016886187098953055	0.0013991412167703961	0.000820186230520577	0.0006754474839581223
_scratch_st-cdeboer-1_asfar_VLPs_results_crispresso_aggregated_spacer_CGBE1_rep2_.staging_CRISPRessoPooled_on_CGBE1_D4_rep2_CRISPResso_on_HEK3	Insertions	0.0	0.0	0.0	6.958458005705935e-05	0.00020875374017117806	0.0001391691601141187	0.0001391691601141187	0.0002783383202282374	0.0001391691601141187	0.0016004453413123651	0.0016004453413123651	0.0	0.0	0.0	6.958458005705935e-05	6.958458005705935e-05	0.00020875374017117806	0.00020875374017117806	0.0	0.0
_scratch_st-cdeboer-1_asfar_VLPs_results_crispresso_aggregated_spacer_CGBE1_rep2_.staging_CRISPRessoPooled_on_CGBE1_D4_rep2_CRISPResso_on_HEK3	Insertions_Left	0.0	0.0	0.0	6.958458005705935e-05	0.0001391691601141187	0.0	0.0001391691601141187	0.0001391691601141187	0.0	0.0016004453413123651	0.0	0.0	0.0	0.0	6.958458005705935e-05	0.0	0.00020875374017117806	0.0	0.0	0.0
_scratch_st-cdeboer-1_asfar_VLPs_results_crispresso_aggregated_spacer_CGBE1_rep2_.staging_CRISPRessoPooled_on_CGBE1_D4_rep2_CRISPResso_on_HEK3	Deletions	0.0018091990814835433	0.0037575673230812053	0.0017396145014264839	0.002505044882054137	0.006680119685477698	0.002365875721940018	0.0024354603019970775	0.0024354603019970775	0.0027833832022823744	0.0027833832022823744	0.002992136942453552	0.0028529677823394338	0.0022962911418829587	0.00215712198176884	0.0017396145014264839	0.0016700299213694245	0.0013916916011411872	0.0008350149606847123	0.0007654303806276529	0.0005566766404564748
_scratch_st-cdeboer-1_asfar_VLPs_results_crispresso_aggregated_spacer_CGBE1_rep2_.staging_CRISPRessoPooled_on_CGBE1_D4_rep2_CRISPResso_on_HEK3	Substitutions	0.0005566766404564748	0.0008350149606847123	0.0030617215225106115	0.05337137290376453	0.123095122120938	0.0002783383202282374	0.0004175074803423561	0.0003479229002852968	0.007723888386333588	0.0001391691601141187	0.00020875374017117806	0.0004175074803423561	6.958458005705935e-05	0.0001391691601141187	0.0002783383202282374	0.0006262612205135342	0.0007654303806276529	0.0002783383202282374	0.0003479229002852968	0.0002783383202282374
_scratch_st-cdeboer-1_asfar_VLPs_results_crispresso_aggregated_spacer_CGBE1_rep2_.staging_CRISPRessoPooled_on_CGBE1_D4_rep2_CRISPResso_on_HEK3	All_modifications	0.002365875721940018	0.0045925822837659174	0.004801336023937095	0.05594600236587572	0.12998399554658688	0.0027833832022823744	0.002992136942453552	0.0030617215225106115	0.010646440748730081	0.0045229977037088585	0.004801336023937095	0.0032704752626817896	0.002365875721940018	0.0022962911418829587	0.0020875374017117806	0.002365875721940018	0.002365875721940018	0.0013221070210841278	0.0011133532809129497	0.0008350149606847123
_scratch_st-cdeboer-1_asfar_VLPs_results_crispresso_aggregated_spacer_CGBE1_rep2_.staging_CRISPRessoPooled_on_CGBE1_D5_rep2_CRISPResso_on_HEK3	Insertions	0.0	6.487187804086928e-05	6.487187804086928e-05	6.487187804086928e-05	0.00019461563412260784	0.00012974375608173857	3.243593902043464e-05	3.243593902043464e-05	3.243593902043464e-05	0.0010703859876743432	0.0010379500486539085	0.00025948751216347713	0.00025948751216347713	9.730781706130392e-05	0.0001621796951021732	0.00012974375608173857	0.00042166720726565036	0.00035679532922478104	6.487187804086928e-05	6.487187804086928e-05
_scratch_st-cdeboer-1_asfar_VLPs_results_crispresso_aggregated_spacer_CGBE1_rep2_.staging_CRISPRessoPooled_on_CGBE1_D5_rep2_CRISPResso_on_HEK3	Insertions_Left	0.0	6.487187804086928e-05	0.0	6.487187804086928e-05	0.00012974375608173857	0.0	3.243593902043464e-05	0.0	3.243593902043464e-05	0.0010379500486539085	0.0	0.00025948751216347713	0.0	9.730781706130392e-05	6.487187804086928e-05	6.487187804086928e-05	0.00035679532922478104	0.0	6.487187804086928e-05	0.0
_scratch_st-cdeboer-1_asfar_VLPs_results_crispresso_aggregated_spacer_CGBE1_rep2_.staging_CRISPRessoPooled_on_CGBE1_D5_rep2_CRISPResso_on_HEK3	Deletions	0.0009730781706130393	0.003081414206941291	0.001265001621796951	0.0018812844631852091	0.0050275705481673694	0.0021083360363282518	0.0027570548167369447	0.0027894907557573794	0.0029192345118391177	0.0027894907557573794	0.0027570548167369447	0.0026921829386960753	0.002432695426532598	0.0024002594875121635	0.0018812844631852091	0.0015244891339604282	0.00090820629257217	0.00048653908530651963	0.0003892312682452157	0.00025948751216347713
_scratch_st-cdeboer-1_asfar_VLPs_results_crispresso_aggregated_spacer_CGBE1_rep2_.staging_CRISPRessoPooled_on_CGBE1_D5_rep2_CRISPResso_on_HEK3	Substitutions	0.0003243593902043464	0.000810898475510866	0.0028543626337982483	0.04421018488485241	0.10197859228024651	0.0003243593902043464	6.487187804086928e-05	0.0003892312682452157	0.007817061303924748	9.730781706130392e-05	0.0002270515731430425	0.0001621796951021732	9.730781706130392e-05	0.0002270515731430425	0.00025948751216347713	0.0001621796951021732	0.0003892312682452157	0.00025948751216347713	0.0002270515731430425	0.0003892312682452157
_scratch_st-cdeboer-1_asfar_VLPs_results_crispresso_aggregated_spacer_CGBE1_rep2_.staging_CRISPRessoPooled_on_CGBE1_D5_rep2_CRISPResso_on_HEK3	All_modifications	0.0012974375608173856	0.003957184560493026	0.004184236133636068	0.04615634122607849	0.10720077846253649	0.0025624391826143365	0.0028543626337982483	0.0032111579630230295	0.010768731754784301	0.003957184560493026	0.004022056438533895	0.0031138501459617254	0.0027894907557573794	0.00272461887771651	0.0023029516704508595	0.00181641258514434	0.001719104768083036	0.001102821926694778	0.0006811547194291275	0.0007135906584495621
