Folder	Modification	C	A	C	C	T	A	C	C	T	A	A	G	A	A	C	C	A	T	C	C
_scratch_st-cdeboer-1_asfar_VLPs_results_crispresso_aggregated_spacer_CGBE1_rep3_.staging_CRISPRessoPooled_on_CGBE1_D0_rep3_CRISPResso_on_PDCD1	Insertions	0.0	0.0	0.0	2.0977113968660192e-05	2.0977113968660192e-05	0.0	0.0	0.0	0.0	0.0	0.0	0.0	0.0	0.0	0.0	0.0	0.0	0.0	0.0	0.0
_scratch_st-cdeboer-1_asfar_VLPs_results_crispresso_aggregated_spacer_CGBE1_rep3_.staging_CRISPRessoPooled_on_CGBE1_D0_rep3_CRISPResso_on_PDCD1	Insertions_Left	0.0	0.0	0.0	2.0977113968660192e-05	0.0	0.0	0.0	0.0	0.0	0.0	0.0	0.0	0.0	0.0	0.0	0.0	0.0	0.0	0.0	0.0
_scratch_st-cdeboer-1_asfar_VLPs_results_crispresso_aggregated_spacer_CGBE1_rep3_.staging_CRISPRessoPooled_on_CGBE1_D0_rep3_CRISPResso_on_PDCD1	Deletions	2.0977113968660192e-05	2.0977113968660192e-05	2.0977113968660192e-05	2.0977113968660192e-05	4.1954227937320384e-05	2.0977113968660192e-05	2.0977113968660192e-05	4.1954227937320384e-05	4.1954227937320384e-05	2.0977113968660192e-05	2.0977113968660192e-05	2.0977113968660192e-05	2.0977113968660192e-05	2.0977113968660192e-05	2.0977113968660192e-05	2.0977113968660192e-05	2.0977113968660192e-05	2.0977113968660192e-05	2.0977113968660192e-05	2.0977113968660192e-05
_scratch_st-cdeboer-1_asfar_VLPs_results_crispresso_aggregated_spacer_CGBE1_rep3_.staging_CRISPRessoPooled_on_CGBE1_D0_rep3_CRISPResso_on_PDCD1	Substitutions	0.00010488556984330096	0.00010488556984330096	8.390845587464077e-05	4.1954227937320384e-05	0.0002517253676239223	0.00016781691174928154	0.00010488556984330096	0.00014683979778062133	0.00020977113968660192	0.00012586268381196115	0.00012586268381196115	0.0002727024815925825	0.00029367959556124266	0.00014683979778062133	6.293134190598058e-05	0.00012586268381196115	0.00014683979778062133	0.00039856516540454366	0.00012586268381196115	0.00010488556984330096
_scratch_st-cdeboer-1_asfar_VLPs_results_crispresso_aggregated_spacer_CGBE1_rep3_.staging_CRISPRessoPooled_on_CGBE1_D0_rep3_CRISPResso_on_PDCD1	All_modifications	0.00012586268381196115	0.00012586268381196115	0.00010488556984330096	8.390845587464077e-05	0.0003146567095299029	0.00018879402571794171	0.00012586268381196115	0.00018879402571794171	0.0002517253676239223	0.00014683979778062133	0.00014683979778062133	0.00029367959556124266	0.0003146567095299029	0.00016781691174928154	8.390845587464077e-05	0.00014683979778062133	0.00016781691174928154	0.00041954227937320384	0.00014683979778062133	0.00012586268381196115
_scratch_st-cdeboer-1_asfar_VLPs_results_crispresso_aggregated_spacer_CGBE1_rep3_.staging_CRISPRessoPooled_on_CGBE1_D1_rep3_CRISPResso_on_PDCD1	Insertions	0.0	0.0	0.0	0.0	0.0	0.0	0.0	0.0	0.0	0.0	0.0	0.0	0.0	0.0	0.0	0.0	0.0	0.0	0.0	0.0
_scratch_st-cdeboer-1_asfar_VLPs_results_crispresso_aggregated_spacer_CGBE1_rep3_.staging_CRISPRessoPooled_on_CGBE1_D1_rep3_CRISPResso_on_PDCD1	Insertions_Left	0.0	0.0	0.0	0.0	0.0	0.0	0.0	0.0	0.0	0.0	0.0	0.0	0.0	0.0	0.0	0.0	0.0	0.0	0.0	0.0
_scratch_st-cdeboer-1_asfar_VLPs_results_crispresso_aggregated_spacer_CGBE1_rep3_.staging_CRISPRessoPooled_on_CGBE1_D1_rep3_CRISPResso_on_PDCD1	Deletions	4.6562521826182104e-05	2.3281260913091052e-05	0.0	0.0	0.0	0.0	2.3281260913091052e-05	2.3281260913091052e-05	2.3281260913091052e-05	2.3281260913091052e-05	0.00011640630456545526	2.3281260913091052e-05	2.3281260913091052e-05	2.3281260913091052e-05	2.3281260913091052e-05	2.3281260913091052e-05	2.3281260913091052e-05	0.0	0.0	0.0
_scratch_st-cdeboer-1_asfar_VLPs_results_crispresso_aggregated_spacer_CGBE1_rep3_.staging_CRISPRessoPooled_on_CGBE1_D1_rep3_CRISPResso_on_PDCD1	Substitutions	9.312504365236421e-05	0.00011640630456545526	2.3281260913091052e-05	0.00020953134821781948	0.00018625008730472842	4.6562521826182104e-05	0.00132703187204619	0.0006518753055665495	0.00020953134821781948	6.984378273927315e-05	0.00020953134821781948	0.00023281260913091053	0.0001396875654785463	0.00016296882639163737	4.6562521826182104e-05	0.0001396875654785463	0.00020953134821781948	0.00023281260913091053	6.984378273927315e-05	0.00025609387004400157
_scratch_st-cdeboer-1_asfar_VLPs_results_crispresso_aggregated_spacer_CGBE1_rep3_.staging_CRISPRessoPooled_on_CGBE1_D1_rep3_CRISPResso_on_PDCD1	All_modifications	0.0001396875654785463	0.0001396875654785463	2.3281260913091052e-05	0.00020953134821781948	0.00018625008730472842	4.6562521826182104e-05	0.001350313132959281	0.0006751565664796405	0.00023281260913091053	9.312504365236421e-05	0.00032593765278327475	0.00025609387004400157	0.00016296882639163737	0.00018625008730472842	6.984378273927315e-05	0.00016296882639163737	0.00023281260913091053	0.00023281260913091053	6.984378273927315e-05	0.00025609387004400157
_scratch_st-cdeboer-1_asfar_VLPs_results_crispresso_aggregated_spacer_CGBE1_rep3_.staging_CRISPRessoPooled_on_CGBE1_D2_rep3_CRISPResso_on_PDCD1	Insertions	0.0	0.0	0.0	0.0	0.0	0.0	0.0	0.0	0.0	3.450655624568668e-05	3.450655624568668e-05	0.0	0.0	0.0	0.0	0.0	0.0	0.0	0.0	0.0
_scratch_st-cdeboer-1_asfar_VLPs_results_crispresso_aggregated_spacer_CGBE1_rep3_.staging_CRISPRessoPooled_on_CGBE1_D2_rep3_CRISPResso_on_PDCD1	Insertions_Left	0.0	0.0	0.0	0.0	0.0	0.0	0.0	0.0	0.0	3.450655624568668e-05	0.0	0.0	0.0	0.0	0.0	0.0	0.0	0.0	0.0	0.0
_scratch_st-cdeboer-1_asfar_VLPs_results_crispresso_aggregated_spacer_CGBE1_rep3_.staging_CRISPRessoPooled_on_CGBE1_D2_rep3_CRISPResso_on_PDCD1	Deletions	8.051529790660226e-05	4.6008741660915574e-05	4.6008741660915574e-05	6.901311249137337e-05	0.0001725327812284334	9.201748332183115e-05	0.00016103059581320451	0.0002530480791350357	0.00028755463538072235	0.00026455026455026457	0.00031055900621118014	6.901311249137337e-05	6.901311249137337e-05	6.901311249137337e-05	6.901311249137337e-05	6.901311249137337e-05	2.3004370830457787e-05	2.3004370830457787e-05	2.3004370830457787e-05	2.3004370830457787e-05
_scratch_st-cdeboer-1_asfar_VLPs_results_crispresso_aggregated_spacer_CGBE1_rep3_.staging_CRISPRessoPooled_on_CGBE1_D2_rep3_CRISPResso_on_PDCD1	Substitutions	0.00011502185415228893	0.00021854152288934897	0.0006096158270071314	0.0010927076144467448	0.00024154589371980676	0.00024154589371980676	0.008074534161490683	0.005831608005521049	0.0003565677478720957	0.00012652403956751784	0.0001840349666436623	0.0001840349666436623	0.00021854152288934897	0.00014952841039797562	5.7510927076144466e-05	8.051529790660226e-05	0.0001840349666436623	0.00032206119162640903	0.0001840349666436623	0.00020703933747412008
_scratch_st-cdeboer-1_asfar_VLPs_results_crispresso_aggregated_spacer_CGBE1_rep3_.staging_CRISPRessoPooled_on_CGBE1_D2_rep3_CRISPResso_on_PDCD1	All_modifications	0.0001955371520588912	0.00026455026455026457	0.000655624568668047	0.0011617207269381182	0.00041407867494824016	0.0003335633770416379	0.008235564757303887	0.006084656084656085	0.0006441223832528181	0.00042558086036346905	0.0005291005291005291	0.0002530480791350357	0.00028755463538072235	0.00021854152288934897	0.00012652403956751784	0.00014952841039797562	0.00020703933747412008	0.0003450655624568668	0.00020703933747412008	0.00023004370830457787
_scratch_st-cdeboer-1_asfar_VLPs_results_crispresso_aggregated_spacer_CGBE1_rep3_.staging_CRISPRessoPooled_on_CGBE1_D3_rep3_CRISPResso_on_PDCD1	Insertions	0.0	0.0	0.0	0.0	0.0	0.0	0.0	0.0	1.3330844908950329e-05	0.00011997760418055297	0.00010664675927160263	0.0	0.0	0.0	0.0	0.0	1.3330844908950329e-05	1.3330844908950329e-05	0.0	0.0
_scratch_st-cdeboer-1_asfar_VLPs_results_crispresso_aggregated_spacer_CGBE1_rep3_.staging_CRISPRessoPooled_on_CGBE1_D3_rep3_CRISPResso_on_PDCD1	Insertions_Left	0.0	0.0	0.0	0.0	0.0	0.0	0.0	0.0	1.3330844908950329e-05	0.00010664675927160263	0.0	0.0	0.0	0.0	0.0	0.0	1.3330844908950329e-05	0.0	0.0	0.0
_scratch_st-cdeboer-1_asfar_VLPs_results_crispresso_aggregated_spacer_CGBE1_rep3_.staging_CRISPRessoPooled_on_CGBE1_D3_rep3_CRISPResso_on_PDCD1	Deletions	0.0001333084490895033	0.00015997013890740395	0.00017330098381635427	0.00037326365745060923	0.0003199402778148079	0.0002666168981790066	0.0003199402778148079	0.00043991788199536087	0.00037326365745060923	0.0003599328125416589	0.00037326365745060923	0.00023995520836110593	0.00023995520836110593	0.00023995520836110593	0.00023995520836110593	0.00018663182872530462	0.0001333084490895033	0.0001333084490895033	0.00011997760418055297	0.00011997760418055297
_scratch_st-cdeboer-1_asfar_VLPs_results_crispresso_aggregated_spacer_CGBE1_rep3_.staging_CRISPRessoPooled_on_CGBE1_D3_rep3_CRISPResso_on_PDCD1	Substitutions	0.0003066094329058576	0.0001333084490895033	0.0011864451968965793	0.0016396939238008904	0.0004265870370864105	0.00011997760418055297	0.013557469272402485	0.01090463113552137	0.0002266243634521556	0.00014663929399845362	0.0001333084490895033	0.00011997760418055297	0.00029327858799690725	0.00025328605327005625	7.998506945370197e-05	5.3323379635801315e-05	0.00011997760418055297	0.00029327858799690725	0.00010664675927160263	9.331591436265231e-05
_scratch_st-cdeboer-1_asfar_VLPs_results_crispresso_aggregated_spacer_CGBE1_rep3_.staging_CRISPRessoPooled_on_CGBE1_D3_rep3_CRISPResso_on_PDCD1	All_modifications	0.00043991788199536087	0.00029327858799690725	0.0013597461807129336	0.0020129575812514997	0.0007465273149012185	0.00038659450235955953	0.013877409550217292	0.01134454901751673	0.0006132188658117152	0.0006265497107206655	0.0006132188658117152	0.0003599328125416589	0.0005332337963580132	0.0004932412616311622	0.0003199402778148079	0.00023995520836110593	0.0002666168981790066	0.00043991788199536087	0.0002266243634521556	0.00021329351854320526
_scratch_st-cdeboer-1_asfar_VLPs_results_crispresso_aggregated_spacer_CGBE1_rep3_.staging_CRISPRessoPooled_on_CGBE1_D4_rep3_CRISPResso_on_PDCD1	Insertions	0.0	0.0	0.0	0.0	0.0	0.0	0.0	2.810133340827022e-05	2.810133340827022e-05	0.0002669626673785671	0.0002669626673785671	0.0	0.0	1.405066670413511e-05	1.405066670413511e-05	0.0	4.215200011240534e-05	4.215200011240534e-05	0.0	0.0
_scratch_st-cdeboer-1_asfar_VLPs_results_crispresso_aggregated_spacer_CGBE1_rep3_.staging_CRISPRessoPooled_on_CGBE1_D4_rep3_CRISPResso_on_PDCD1	Insertions_Left	0.0	0.0	0.0	0.0	0.0	0.0	0.0	2.810133340827022e-05	0.0	0.0002669626673785671	0.0	0.0	0.0	1.405066670413511e-05	0.0	0.0	4.215200011240534e-05	0.0	0.0	0.0
_scratch_st-cdeboer-1_asfar_VLPs_results_crispresso_aggregated_spacer_CGBE1_rep3_.staging_CRISPRessoPooled_on_CGBE1_D4_rep3_CRISPResso_on_PDCD1	Deletions	0.00022481066726616177	0.00029506400078683733	0.0006041786682778097	0.0010256986694018632	0.00126456000337216	0.00063228000168608	0.0010256986694018632	0.001531522670750727	0.0012083573365556195	0.001124053336330809	0.0011521546697390792	0.0007165840019108906	0.0007165840019108906	0.0006884826685026205	0.0006884826685026205	0.0006463306683902151	0.00029506400078683733	0.00023886133397029688	0.00022481066726616177	0.00023886133397029688
_scratch_st-cdeboer-1_asfar_VLPs_results_crispresso_aggregated_spacer_CGBE1_rep3_.staging_CRISPRessoPooled_on_CGBE1_D4_rep3_CRISPResso_on_PDCD1	Substitutions	0.00032316533419510755	0.0002669626673785671	0.0035969706762585883	0.004383808011690154	0.0006182293349819449	0.00023886133397029688	0.037978952101277205	0.023239802728639476	0.00014050666704135112	0.00015455733374548623	8.430400022481067e-05	0.00015455733374548623	0.00014050666704135112	0.000126456000337216	0.00019670933385789154	0.00014050666704135112	0.00011240533363308088	0.000252912000674432	0.00014050666704135112	0.00018265866715375643
_scratch_st-cdeboer-1_asfar_VLPs_results_crispresso_aggregated_spacer_CGBE1_rep3_.staging_CRISPRessoPooled_on_CGBE1_D4_rep3_CRISPResso_on_PDCD1	All_modifications	0.0005479760014612693	0.0005620266681654045	0.004201149344536398	0.0054095066810920175	0.0018827893383541049	0.0008711413356563769	0.03900465077067907	0.02479942673279847	0.001376965337005241	0.0015455733374548622	0.001503421337342457	0.0008711413356563769	0.0008570906689522418	0.0008289893355439715	0.0008992426690646471	0.0007868373354315662	0.00044962133453232354	0.0005339253347571342	0.00036531733430751286	0.0004215200011240533
_scratch_st-cdeboer-1_asfar_VLPs_results_crispresso_aggregated_spacer_CGBE1_rep3_.staging_CRISPRessoPooled_on_CGBE1_D5_rep3_CRISPResso_on_PDCD1	Insertions	2.3904001529856096e-05	4.780800305971219e-05	2.3904001529856096e-05	0.0	0.0	0.0	0.0	0.0	0.0	0.00014342400917913658	0.00014342400917913658	0.0	0.0	0.0	0.0	0.0	9.561600611942439e-05	9.561600611942439e-05	0.0	0.0
_scratch_st-cdeboer-1_asfar_VLPs_results_crispresso_aggregated_spacer_CGBE1_rep3_.staging_CRISPRessoPooled_on_CGBE1_D5_rep3_CRISPResso_on_PDCD1	Insertions_Left	2.3904001529856096e-05	2.3904001529856096e-05	0.0	0.0	0.0	0.0	0.0	0.0	0.0	0.00014342400917913658	0.0	0.0	0.0	0.0	0.0	0.0	9.561600611942439e-05	0.0	0.0	0.0
_scratch_st-cdeboer-1_asfar_VLPs_results_crispresso_aggregated_spacer_CGBE1_rep3_.staging_CRISPRessoPooled_on_CGBE1_D5_rep3_CRISPResso_on_PDCD1	Deletions	7.171200458956829e-05	4.780800305971219e-05	0.00026294401682841706	0.00035856002294784144	0.0005497920351866903	0.0004302720275374098	0.0009083520581345318	0.001219104078022661	0.0010517760673136682	0.0010517760673136682	0.000956160061194244	0.0007888320504852512	0.0007888320504852512	0.000741024047425539	0.000741024047425539	0.000741024047425539	0.0005019840321269781	0.000239040015298561	0.000239040015298561	0.000239040015298561
_scratch_st-cdeboer-1_asfar_VLPs_results_crispresso_aggregated_spacer_CGBE1_rep3_.staging_CRISPRessoPooled_on_CGBE1_D5_rep3_CRISPResso_on_PDCD1	Substitutions	0.00019123201223884877	0.0001195200076492805	0.0026294401682841707	0.0025816321652244586	0.0007888320504852512	0.0002151360137687049	0.028876033848066165	0.015657121002055744	0.0005019840321269781	0.00016732801070899267	0.00014342400917913658	0.00026294401682841706	0.0005019840321269781	0.0001195200076492805	0.00014342400917913658	0.00016732801070899267	0.00019123201223884877	0.000239040015298561	4.780800305971219e-05	0.00016732801070899267
_scratch_st-cdeboer-1_asfar_VLPs_results_crispresso_aggregated_spacer_CGBE1_rep3_.staging_CRISPRessoPooled_on_CGBE1_D5_rep3_CRISPResso_on_PDCD1	All_modifications	0.00028684801835827316	0.0002151360137687049	0.002916288186642444	0.0029401921881723	0.0013386240856719414	0.0006454080413061147	0.029784385906200698	0.016876225080078404	0.0015537600994406464	0.0013625280872017977	0.001243008079552517	0.0010517760673136682	0.0012908160826122293	0.0008605440550748196	0.0008844480566046756	0.0009083520581345318	0.0007888320504852512	0.0005736960367165463	0.00028684801835827316	0.0004063680260075537
