Folder	Modification	C	A	C	C	T	A	C	C	T	A	A	G	A	A	C	C	A	T	C	C
_scratch_st-cdeboer-1_asfar_VLPs_results_crispresso_aggregated_spacer_CGBE1-NG_rep1_.staging_CRISPRessoPooled_on_CGBE1-NG_D0_rep1_CRISPResso_on_PDCD1	Insertions	0.0	0.0	0.0	0.0	0.0	0.0	0.0	0.0	0.0	0.0	0.0	0.0	0.0	0.0	0.0	0.0	0.0	1.0500561780055232e-05	1.0500561780055232e-05	0.0
_scratch_st-cdeboer-1_asfar_VLPs_results_crispresso_aggregated_spacer_CGBE1-NG_rep1_.staging_CRISPRessoPooled_on_CGBE1-NG_D0_rep1_CRISPResso_on_PDCD1	Insertions_Left	0.0	0.0	0.0	0.0	0.0	0.0	0.0	0.0	0.0	0.0	0.0	0.0	0.0	0.0	0.0	0.0	0.0	1.0500561780055232e-05	0.0	0.0
_scratch_st-cdeboer-1_asfar_VLPs_results_crispresso_aggregated_spacer_CGBE1-NG_rep1_.staging_CRISPRessoPooled_on_CGBE1-NG_D0_rep1_CRISPResso_on_PDCD1	Deletions	5.250280890027617e-05	2.1001123560110464e-05	2.1001123560110464e-05	2.1001123560110464e-05	2.1001123560110464e-05	3.15016853401657e-05	2.1001123560110464e-05	2.1001123560110464e-05	3.15016853401657e-05	2.1001123560110464e-05	0.00010500561780055234	2.1001123560110464e-05	2.1001123560110464e-05	2.1001123560110464e-05	2.1001123560110464e-05	2.1001123560110464e-05	2.1001123560110464e-05	2.1001123560110464e-05	2.1001123560110464e-05	2.1001123560110464e-05
_scratch_st-cdeboer-1_asfar_VLPs_results_crispresso_aggregated_spacer_CGBE1-NG_rep1_.staging_CRISPRessoPooled_on_CGBE1-NG_D0_rep1_CRISPResso_on_PDCD1	Substitutions	0.00017850955026093895	0.0001575084267008285	0.00014700786492077326	0.00011550617958060756	0.00022051179738115988	0.00017850955026093895	9.45050560204971e-05	0.0001260067413606628	0.00022051179738115988	0.00019951067382104943	0.0001575084267008285	0.00029401572984154653	0.0002520134827213256	0.0002520134827213256	7.350393246038663e-05	8.400449424044186e-05	0.00019951067382104943	0.00036751966230193315	0.0001260067413606628	0.00010500561780055234
_scratch_st-cdeboer-1_asfar_VLPs_results_crispresso_aggregated_spacer_CGBE1-NG_rep1_.staging_CRISPRessoPooled_on_CGBE1-NG_D0_rep1_CRISPResso_on_PDCD1	All_modifications	0.00023101235916121512	0.00017850955026093895	0.00016800898848088372	0.00013650730314071803	0.00024151292094127036	0.00021001123560110467	0.00011550617958060756	0.00014700786492077326	0.0002520134827213256	0.00022051179738115988	0.0002625140445013808	0.000315016853401657	0.00027301460628143605	0.00027301460628143605	9.45050560204971e-05	0.00010500561780055234	0.00022051179738115988	0.00039902134764209886	0.0001575084267008285	0.0001260067413606628
_scratch_st-cdeboer-1_asfar_VLPs_results_crispresso_aggregated_spacer_CGBE1-NG_rep1_.staging_CRISPRessoPooled_on_CGBE1-NG_D1_rep1_CRISPResso_on_PDCD1	Insertions	5.206597800733089e-05	5.206597800733089e-05	0.0	0.0	0.0	0.0	0.0	0.0	0.0	0.0	0.0	0.0	0.0	0.0	0.0	0.0	0.0	0.0	0.0	0.0
_scratch_st-cdeboer-1_asfar_VLPs_results_crispresso_aggregated_spacer_CGBE1-NG_rep1_.staging_CRISPRessoPooled_on_CGBE1-NG_D1_rep1_CRISPResso_on_PDCD1	Insertions_Left	5.206597800733089e-05	0.0	0.0	0.0	0.0	0.0	0.0	0.0	0.0	0.0	0.0	0.0	0.0	0.0	0.0	0.0	0.0	0.0	0.0	0.0
_scratch_st-cdeboer-1_asfar_VLPs_results_crispresso_aggregated_spacer_CGBE1-NG_rep1_.staging_CRISPRessoPooled_on_CGBE1-NG_D1_rep1_CRISPResso_on_PDCD1	Deletions	3.123958680439853e-05	1.0413195601466178e-05	1.0413195601466178e-05	1.0413195601466178e-05	1.0413195601466178e-05	1.0413195601466178e-05	1.0413195601466178e-05	1.0413195601466178e-05	1.0413195601466178e-05	1.0413195601466178e-05	4.165278240586471e-05	1.0413195601466178e-05	1.0413195601466178e-05	1.0413195601466178e-05	1.0413195601466178e-05	1.0413195601466178e-05	1.0413195601466178e-05	1.0413195601466178e-05	1.0413195601466178e-05	1.0413195601466178e-05
_scratch_st-cdeboer-1_asfar_VLPs_results_crispresso_aggregated_spacer_CGBE1-NG_rep1_.staging_CRISPRessoPooled_on_CGBE1-NG_D1_rep1_CRISPResso_on_PDCD1	Substitutions	0.0001353715428190603	0.00016661112962345885	0.00019785071642785737	0.00011454515161612796	0.00022909030323225592	0.00014578473842052648	0.00010413195601466179	9.37187604131956e-05	0.0002707430856381206	0.00021867710763078975	0.00015619793402199268	0.00026032989003665447	0.0002395034988337221	0.0002811562812395868	0.00017702432522492503	0.00010413195601466179	5.206597800733089e-05	0.0003228090636454515	0.00011454515161612796	0.00016661112962345885
_scratch_st-cdeboer-1_asfar_VLPs_results_crispresso_aggregated_spacer_CGBE1-NG_rep1_.staging_CRISPRessoPooled_on_CGBE1-NG_D1_rep1_CRISPResso_on_PDCD1	All_modifications	0.00021867710763078975	0.00022909030323225592	0.00020826391202932357	0.00012495834721759413	0.0002395034988337221	0.00015619793402199268	0.00011454515161612796	0.00010413195601466179	0.0002811562812395868	0.00022909030323225592	0.00019785071642785737	0.0002707430856381206	0.00024991669443518826	0.00029156947684105296	0.0001874375208263912	0.00011454515161612796	6.247917360879707e-05	0.0003332222592469177	0.00012495834721759413	0.00017702432522492503
_scratch_st-cdeboer-1_asfar_VLPs_results_crispresso_aggregated_spacer_CGBE1-NG_rep1_.staging_CRISPRessoPooled_on_CGBE1-NG_D2_rep1_CRISPResso_on_PDCD1	Insertions	0.0	0.0	0.0	0.0	0.0	0.0	0.0	0.0	0.0	0.0	0.0	0.0	0.0	0.0	0.0	0.0	0.0	0.0	0.0	0.0
_scratch_st-cdeboer-1_asfar_VLPs_results_crispresso_aggregated_spacer_CGBE1-NG_rep1_.staging_CRISPRessoPooled_on_CGBE1-NG_D2_rep1_CRISPResso_on_PDCD1	Insertions_Left	0.0	0.0	0.0	0.0	0.0	0.0	0.0	0.0	0.0	0.0	0.0	0.0	0.0	0.0	0.0	0.0	0.0	0.0	0.0	0.0
_scratch_st-cdeboer-1_asfar_VLPs_results_crispresso_aggregated_spacer_CGBE1-NG_rep1_.staging_CRISPRessoPooled_on_CGBE1-NG_D2_rep1_CRISPResso_on_PDCD1	Deletions	3.124023742580444e-05	1.0413412475268146e-05	1.0413412475268146e-05	1.0413412475268146e-05	2.082682495053629e-05	1.0413412475268146e-05	1.0413412475268146e-05	1.0413412475268146e-05	1.0413412475268146e-05	1.0413412475268146e-05	3.124023742580444e-05	1.0413412475268146e-05	1.0413412475268146e-05	1.0413412475268146e-05	1.0413412475268146e-05	1.0413412475268146e-05	1.0413412475268146e-05	1.0413412475268146e-05	1.0413412475268146e-05	1.0413412475268146e-05
_scratch_st-cdeboer-1_asfar_VLPs_results_crispresso_aggregated_spacer_CGBE1-NG_rep1_.staging_CRISPRessoPooled_on_CGBE1-NG_D2_rep1_CRISPResso_on_PDCD1	Substitutions	0.00010413412475268145	0.00016661459960429033	0.00014578777465375404	0.00014578777465375404	0.00021868166198063104	8.330729980214517e-05	9.372071227741331e-05	8.330729980214517e-05	0.0002499218994064355	0.00018744142455482662	0.00014578777465375404	0.0002290950744558992	0.00019785483703009475	0.0001145475372279496	0.00010413412475268145	9.372071227741331e-05	0.00018744142455482662	0.000426949911485994	0.00012496094970321776	0.0001145475372279496
_scratch_st-cdeboer-1_asfar_VLPs_results_crispresso_aggregated_spacer_CGBE1-NG_rep1_.staging_CRISPRessoPooled_on_CGBE1-NG_D2_rep1_CRISPResso_on_PDCD1	All_modifications	0.0001353743621784859	0.00017702801207955846	0.00015620118712902218	0.00015620118712902218	0.00023950848693116736	9.372071227741331e-05	0.00010413412475268145	9.372071227741331e-05	0.0002603353118817036	0.00019785483703009475	0.00017702801207955846	0.00023950848693116736	0.0002082682495053629	0.00012496094970321776	0.0001145475372279496	0.00010413412475268145	0.00019785483703009475	0.0004373633239612621	0.0001353743621784859	0.00012496094970321776
_scratch_st-cdeboer-1_asfar_VLPs_results_crispresso_aggregated_spacer_CGBE1-NG_rep1_.staging_CRISPRessoPooled_on_CGBE1-NG_D3_rep1_CRISPResso_on_PDCD1	Insertions	0.0	0.0	0.0	0.0	0.0	0.0	0.0	0.0	0.0	0.0	0.0	0.0	0.0	0.0	0.0	0.0	0.0	0.0	0.0	0.0
_scratch_st-cdeboer-1_asfar_VLPs_results_crispresso_aggregated_spacer_CGBE1-NG_rep1_.staging_CRISPRessoPooled_on_CGBE1-NG_D3_rep1_CRISPResso_on_PDCD1	Insertions_Left	0.0	0.0	0.0	0.0	0.0	0.0	0.0	0.0	0.0	0.0	0.0	0.0	0.0	0.0	0.0	0.0	0.0	0.0	0.0	0.0
_scratch_st-cdeboer-1_asfar_VLPs_results_crispresso_aggregated_spacer_CGBE1-NG_rep1_.staging_CRISPRessoPooled_on_CGBE1-NG_D3_rep1_CRISPResso_on_PDCD1	Deletions	0.00011397570038067883	4.5590280152271535e-05	2.2795140076135767e-05	2.2795140076135767e-05	2.2795140076135767e-05	2.2795140076135767e-05	2.2795140076135767e-05	2.2795140076135767e-05	2.2795140076135767e-05	2.2795140076135767e-05	6.83854202284073e-05	2.2795140076135767e-05	2.2795140076135767e-05	2.2795140076135767e-05	2.2795140076135767e-05	2.2795140076135767e-05	2.2795140076135767e-05	2.2795140076135767e-05	2.2795140076135767e-05	2.2795140076135767e-05
_scratch_st-cdeboer-1_asfar_VLPs_results_crispresso_aggregated_spacer_CGBE1-NG_rep1_.staging_CRISPRessoPooled_on_CGBE1-NG_D3_rep1_CRISPResso_on_PDCD1	Substitutions	0.00015956598053295037	0.0001367708404568146	0.00018236112060908614	0.0004103125213704438	0.0001367708404568146	0.00011397570038067883	0.00018236112060908614	0.00011397570038067883	0.00025074654083749343	0.00018236112060908614	0.00018236112060908614	0.00029633682098976496	0.00022795140076135767	0.00015956598053295037	4.5590280152271535e-05	9.118056030454307e-05	0.00018236112060908614	0.00034192710114203654	9.118056030454307e-05	0.00011397570038067883
_scratch_st-cdeboer-1_asfar_VLPs_results_crispresso_aggregated_spacer_CGBE1-NG_rep1_.staging_CRISPRessoPooled_on_CGBE1-NG_D3_rep1_CRISPResso_on_PDCD1	All_modifications	0.0002735416809136292	0.00018236112060908614	0.0002051562606852219	0.0004331076614465796	0.00015956598053295037	0.0001367708404568146	0.0002051562606852219	0.0001367708404568146	0.0002735416809136292	0.0002051562606852219	0.00025074654083749343	0.00031913196106590075	0.00025074654083749343	0.00018236112060908614	6.83854202284073e-05	0.00011397570038067883	0.0002051562606852219	0.0003647222412181723	0.00011397570038067883	0.0001367708404568146
_scratch_st-cdeboer-1_asfar_VLPs_results_crispresso_aggregated_spacer_CGBE1-NG_rep1_.staging_CRISPRessoPooled_on_CGBE1-NG_D4_rep1_CRISPResso_on_PDCD1	Insertions	1.3343474373857465e-05	1.3343474373857465e-05	0.0	0.0	0.0	0.0	0.0	0.0	0.0	0.0	0.0	0.0	0.0	0.0	0.0	0.0	0.0	0.0	0.0	0.0
_scratch_st-cdeboer-1_asfar_VLPs_results_crispresso_aggregated_spacer_CGBE1-NG_rep1_.staging_CRISPRessoPooled_on_CGBE1-NG_D4_rep1_CRISPResso_on_PDCD1	Insertions_Left	1.3343474373857465e-05	0.0	0.0	0.0	0.0	0.0	0.0	0.0	0.0	0.0	0.0	0.0	0.0	0.0	0.0	0.0	0.0	0.0	0.0	0.0
_scratch_st-cdeboer-1_asfar_VLPs_results_crispresso_aggregated_spacer_CGBE1-NG_rep1_.staging_CRISPRessoPooled_on_CGBE1-NG_D4_rep1_CRISPResso_on_PDCD1	Deletions	4.670216030850113e-05	6.671737186928733e-06	6.671737186928733e-06	6.671737186928733e-06	6.671737186928733e-06	6.671737186928733e-06	6.671737186928733e-06	6.671737186928733e-06	1.3343474373857465e-05	6.671737186928733e-06	4.0030423121572394e-05	6.671737186928733e-06	6.671737186928733e-06	6.671737186928733e-06	6.671737186928733e-06	6.671737186928733e-06	6.671737186928733e-06	1.3343474373857465e-05	6.671737186928733e-06	6.671737186928733e-06
_scratch_st-cdeboer-1_asfar_VLPs_results_crispresso_aggregated_spacer_CGBE1-NG_rep1_.staging_CRISPRessoPooled_on_CGBE1-NG_D4_rep1_CRISPResso_on_PDCD1	Substitutions	0.00020015211560786198	0.00020015211560786198	0.0002802129618510068	0.00010674779499085972	0.0002468542759163631	0.00013343474373857464	0.0004870368146457975	0.00022016732716864817	0.0002268390643555769	0.00012676300655164592	0.00016012169248628958	0.00025352601310329185	0.00024018253872943438	0.00022016732716864817	3.335868593464366e-05	0.00010007605780393099	0.00018013690404707576	0.00026019775029022057	8.006084624314479e-05	0.00010007605780393099
_scratch_st-cdeboer-1_asfar_VLPs_results_crispresso_aggregated_spacer_CGBE1-NG_rep1_.staging_CRISPRessoPooled_on_CGBE1-NG_D4_rep1_CRISPResso_on_PDCD1	All_modifications	0.00026019775029022057	0.00022016732716864817	0.0002868846990379355	0.00011341953217778846	0.00025352601310329185	0.0001401064809255034	0.0004937085518327263	0.0002268390643555769	0.00024018253872943438	0.00013343474373857464	0.00020015211560786198	0.00026019775029022057	0.0002468542759163631	0.0002268390643555769	4.0030423121572394e-05	0.00010674779499085972	0.0001868086412340045	0.000273541224664078	8.673258343007352e-05	0.00010674779499085972
_scratch_st-cdeboer-1_asfar_VLPs_results_crispresso_aggregated_spacer_CGBE1-NG_rep1_.staging_CRISPRessoPooled_on_CGBE1-NG_D5_rep1_CRISPResso_on_PDCD1	Insertions	0.00011585874501807397	0.00011585874501807397	0.0	0.0	0.0	0.0	0.0	0.0	0.0	0.0	0.0	0.0	0.0	0.0	0.0	0.0	0.0	0.0	0.0	0.0
_scratch_st-cdeboer-1_asfar_VLPs_results_crispresso_aggregated_spacer_CGBE1-NG_rep1_.staging_CRISPRessoPooled_on_CGBE1-NG_D5_rep1_CRISPResso_on_PDCD1	Insertions_Left	0.00011585874501807397	0.0	0.0	0.0	0.0	0.0	0.0	0.0	0.0	0.0	0.0	0.0	0.0	0.0	0.0	0.0	0.0	0.0	0.0	0.0
_scratch_st-cdeboer-1_asfar_VLPs_results_crispresso_aggregated_spacer_CGBE1-NG_rep1_.staging_CRISPRessoPooled_on_CGBE1-NG_D5_rep1_CRISPResso_on_PDCD1	Deletions	0.0	2.3171749003614792e-05	2.3171749003614792e-05	0.0	0.0	0.0	0.0	0.0	2.3171749003614792e-05	0.0	4.6343498007229584e-05	0.0	0.0	0.0	0.0	0.0	0.0	0.0	0.0	0.0
_scratch_st-cdeboer-1_asfar_VLPs_results_crispresso_aggregated_spacer_CGBE1-NG_rep1_.staging_CRISPRessoPooled_on_CGBE1-NG_D5_rep1_CRISPResso_on_PDCD1	Substitutions	0.00013903049402168877	0.00016220224302530354	0.00018537399202891834	0.00013903049402168877	0.0002548892390397627	0.00020854574103253314	0.0003244044860506071	9.268699601445917e-05	0.0003939197330614515	0.0002548892390397627	0.00023171749003614794	0.0003939197330614515	0.00027806098804337753	0.00023171749003614794	2.3171749003614792e-05	0.00013903049402168877	0.00013903049402168877	0.0003244044860506071	0.00018537399202891834	0.00013903049402168877
_scratch_st-cdeboer-1_asfar_VLPs_results_crispresso_aggregated_spacer_CGBE1-NG_rep1_.staging_CRISPRessoPooled_on_CGBE1-NG_D5_rep1_CRISPResso_on_PDCD1	All_modifications	0.0002548892390397627	0.0003012327370469923	0.00020854574103253314	0.00013903049402168877	0.0002548892390397627	0.00020854574103253314	0.0003244044860506071	9.268699601445917e-05	0.00041709148206506627	0.0002548892390397627	0.00027806098804337753	0.0003939197330614515	0.00027806098804337753	0.00023171749003614794	2.3171749003614792e-05	0.00013903049402168877	0.00013903049402168877	0.0003244044860506071	0.00018537399202891834	0.00013903049402168877
