Folder	Modification	G	G	A	G	G	C	T	A	T	C	C	A	G	C	G	T	G	A	G	T
_scratch_st-cdeboer-1_asfar_VLPs_results_crispresso_aggregated_spacer_CGBE1_rep3_.staging_CRISPRessoPooled_on_CGBE1_D0_rep3_CRISPResso_on_B2M	Insertions	0.0	0.0	0.0	0.0	0.0	0.0	0.0	0.0	0.0	0.0	0.0	0.0	0.0	0.0	0.0	0.0	0.0	0.0	0.0	0.0
_scratch_st-cdeboer-1_asfar_VLPs_results_crispresso_aggregated_spacer_CGBE1_rep3_.staging_CRISPRessoPooled_on_CGBE1_D0_rep3_CRISPResso_on_B2M	Insertions_Left	0.0	0.0	0.0	0.0	0.0	0.0	0.0	0.0	0.0	0.0	0.0	0.0	0.0	0.0	0.0	0.0	0.0	0.0	0.0	0.0
_scratch_st-cdeboer-1_asfar_VLPs_results_crispresso_aggregated_spacer_CGBE1_rep3_.staging_CRISPRessoPooled_on_CGBE1_D0_rep3_CRISPResso_on_B2M	Deletions	0.0	3.2775064730752846e-05	0.0	0.0	0.0	0.0	0.0	0.0	0.0	0.0	0.0	0.0	0.0	0.0	0.0	0.0	0.0	0.0	0.0	0.0
_scratch_st-cdeboer-1_asfar_VLPs_results_crispresso_aggregated_spacer_CGBE1_rep3_.staging_CRISPRessoPooled_on_CGBE1_D0_rep3_CRISPResso_on_B2M	Substitutions	0.0005571761004227984	0.00036052571203828125	0.0002294254531152699	0.0002949755825767756	0.00013110025892301138	0.00019665038838451705	0.0002294254531152699	3.2775064730752846e-05	0.0004588509062305398	0.0002294254531152699	0.00026220051784602277	0.00013110025892301138	0.00019665038838451705	0.00032775064730752846	0.00013110025892301138	0.0002294254531152699	0.00013110025892301138	0.00016387532365376423	0.00019665038838451705	0.00036052571203828125
_scratch_st-cdeboer-1_asfar_VLPs_results_crispresso_aggregated_spacer_CGBE1_rep3_.staging_CRISPRessoPooled_on_CGBE1_D0_rep3_CRISPResso_on_B2M	All_modifications	0.0005571761004227984	0.0003933007767690341	0.0002294254531152699	0.0002949755825767756	0.00013110025892301138	0.00019665038838451705	0.0002294254531152699	3.2775064730752846e-05	0.0004588509062305398	0.0002294254531152699	0.00026220051784602277	0.00013110025892301138	0.00019665038838451705	0.00032775064730752846	0.00013110025892301138	0.0002294254531152699	0.00013110025892301138	0.00016387532365376423	0.00019665038838451705	0.00036052571203828125
_scratch_st-cdeboer-1_asfar_VLPs_results_crispresso_aggregated_spacer_CGBE1_rep3_.staging_CRISPRessoPooled_on_CGBE1_D1_rep3_CRISPResso_on_B2M	Insertions	0.0	0.0	2.0412329046744232e-05	2.0412329046744232e-05	2.0412329046744232e-05	2.0412329046744232e-05	0.00016329863237395385	0.00016329863237395385	0.0	0.0005919575423555828	0.0005919575423555828	0.0	0.0	0.0	2.0412329046744232e-05	2.0412329046744232e-05	0.0	2.0412329046744232e-05	2.0412329046744232e-05	0.0
_scratch_st-cdeboer-1_asfar_VLPs_results_crispresso_aggregated_spacer_CGBE1_rep3_.staging_CRISPRessoPooled_on_CGBE1_D1_rep3_CRISPResso_on_B2M	Insertions_Left	0.0	0.0	2.0412329046744232e-05	0.0	2.0412329046744232e-05	0.0	0.00016329863237395385	0.0	0.0	0.0005919575423555828	0.0	0.0	0.0	0.0	2.0412329046744232e-05	0.0	0.0	2.0412329046744232e-05	0.0	0.0
_scratch_st-cdeboer-1_asfar_VLPs_results_crispresso_aggregated_spacer_CGBE1_rep3_.staging_CRISPRessoPooled_on_CGBE1_D1_rep3_CRISPResso_on_B2M	Deletions	0.00038783425188814043	0.0004286589099816289	0.0004286589099816289	0.00038783425188814043	0.0009389671361502347	0.0009389671361502347	0.0010206164523372118	0.0011022657685241886	0.0011839150847111656	0.0011839150847111656	0.0012043274137579097	0.0010002041232904674	0.0010002041232904674	0.0010002041232904674	0.0010410287813839559	0.0010614411104307002	0.0011226780975709329	0.0011226780975709329	0.0010410287813839559	0.00038783425188814043
_scratch_st-cdeboer-1_asfar_VLPs_results_crispresso_aggregated_spacer_CGBE1_rep3_.staging_CRISPRessoPooled_on_CGBE1_D1_rep3_CRISPResso_on_B2M	Substitutions	0.0003265972647479077	0.00036742192284139623	0.0004082465809348847	0.0005103082261686059	0.0003265972647479077	0.00010206164523372117	0.00014288630332720962	0.00028577260665441925	0.0003265972647479077	8.164931618697693e-05	0.0001224739742804654	0.00026536027760767504	0.0004286589099816289	0.00010206164523372117	0.00771586037966932	0.00010206164523372117	0.019228413962033068	0.00034700959379465197	0.0005715452133088385	0.00038783425188814043
_scratch_st-cdeboer-1_asfar_VLPs_results_crispresso_aggregated_spacer_CGBE1_rep3_.staging_CRISPRessoPooled_on_CGBE1_D1_rep3_CRISPResso_on_B2M	All_modifications	0.0007144315166360481	0.0007960808328230251	0.0008573178199632578	0.0009185548071034905	0.0012859767299448867	0.0010614411104307002	0.0013268013880383752	0.0015513370075525617	0.0015105123494590733	0.0018575219432537253	0.0019187589303939578	0.0012655644008981424	0.0014288630332720963	0.0011022657685241886	0.00877730149010002	0.0011839150847111656	0.020351092059604	0.001490100020412329	0.0016329863237395388	0.0007756685037762809
_scratch_st-cdeboer-1_asfar_VLPs_results_crispresso_aggregated_spacer_CGBE1_rep3_.staging_CRISPRessoPooled_on_CGBE1_D2_rep3_CRISPResso_on_B2M	Insertions	0.0	0.0	0.0	0.0	0.0	0.0	7.249949250355248e-05	0.0002899979700142099	0.0002609981730127889	0.00046399675202273585	0.00043499695502131485	1.4499898500710495e-05	0.0	0.0	0.0	0.0	4.3499695502131485e-05	4.3499695502131485e-05	0.0	0.0
_scratch_st-cdeboer-1_asfar_VLPs_results_crispresso_aggregated_spacer_CGBE1_rep3_.staging_CRISPRessoPooled_on_CGBE1_D2_rep3_CRISPResso_on_B2M	Insertions_Left	0.0	0.0	0.0	0.0	0.0	0.0	7.249949250355248e-05	0.00021749847751065742	4.3499695502131485e-05	0.00042049705652060437	1.4499898500710495e-05	0.0	0.0	0.0	0.0	0.0	4.3499695502131485e-05	0.0	0.0	0.0
_scratch_st-cdeboer-1_asfar_VLPs_results_crispresso_aggregated_spacer_CGBE1_rep3_.staging_CRISPRessoPooled_on_CGBE1_D2_rep3_CRISPResso_on_B2M	Deletions	0.0002899979700142099	0.0003044978685149204	0.0003044978685149204	0.0005074964475248673	0.0012469912710611026	0.0013629904590667864	0.0013339906620653656	0.00146448974857176	0.0018124873125888118	0.0016384885305802859	0.0018559870080909434	0.0019284865005944958	0.00204448568860018	0.0020009859930980485	0.0018124873125888118	0.001696488124583128	0.00146448974857176	0.0011309920830554186	0.0010439926920511556	0.0006959951280341038
_scratch_st-cdeboer-1_asfar_VLPs_results_crispresso_aggregated_spacer_CGBE1_rep3_.staging_CRISPRessoPooled_on_CGBE1_D2_rep3_CRISPResso_on_B2M	Substitutions	0.0005799959400284198	0.0007539947220369458	0.00043499695502131485	0.0006089957370298408	0.0002609981730127889	0.00023199837601136793	0.00021749847751065742	0.0003044978685149204	0.0005364962445262883	0.00011599918800568396	0.0002754980715134994	0.0002609981730127889	0.00024649827451207843	0.0003479975640170519	0.010570426007017951	0.0003334976655163414	0.032697271119102166	0.0006524954325319723	0.0004494968535220253	0.0002899979700142099
_scratch_st-cdeboer-1_asfar_VLPs_results_crispresso_aggregated_spacer_CGBE1_rep3_.staging_CRISPRessoPooled_on_CGBE1_D2_rep3_CRISPResso_on_B2M	All_modifications	0.0008699939100426297	0.0010584925905518662	0.0007394948235362352	0.001116492184554708	0.0015079894440738915	0.0015949888350781545	0.0016239886320795753	0.00205898558710089	0.002609981730127889	0.002218484470608706	0.0025664820346257577	0.002203984572107995	0.0022909839631122583	0.0023489835571151004	0.012382913319606764	0.002029985790099469	0.034205260563176056	0.0018269872110895223	0.001493489545573181	0.0009859930980483137
_scratch_st-cdeboer-1_asfar_VLPs_results_crispresso_aggregated_spacer_CGBE1_rep3_.staging_CRISPRessoPooled_on_CGBE1_D3_rep3_CRISPResso_on_B2M	Insertions	0.0	0.0	2.9450309964512378e-05	2.9450309964512378e-05	0.00048593011441445423	0.0005006552693967104	0.0003681288745564047	0.0006479068192192722	0.00039757918452091706	0.0008246086790063466	0.0007215325941305532	0.0	0.0	7.362577491128094e-05	0.00014725154982256187	0.00013252639484030569	0.00010307608487579332	0.00010307608487579332	5.8900619929024756e-05	0.0
_scratch_st-cdeboer-1_asfar_VLPs_results_crispresso_aggregated_spacer_CGBE1_rep3_.staging_CRISPRessoPooled_on_CGBE1_D3_rep3_CRISPResso_on_B2M	Insertions_Left	0.0	0.0	2.9450309964512378e-05	0.0	0.00048593011441445423	1.4725154982256189e-05	0.0003534037195741485	0.00029450309964512375	0.00010307608487579332	0.0007215325941305532	0.0	0.0	0.0	7.362577491128094e-05	7.362577491128094e-05	5.8900619929024756e-05	4.417546494676856e-05	5.8900619929024756e-05	0.0	0.0
_scratch_st-cdeboer-1_asfar_VLPs_results_crispresso_aggregated_spacer_CGBE1_rep3_.staging_CRISPRessoPooled_on_CGBE1_D3_rep3_CRISPResso_on_B2M	Deletions	0.0004270294944854295	0.00044175464946768567	0.0004270294944854295	0.00048593011441445423	0.001104386623669214	0.001251638173491776	0.0011632872435982388	0.0013547142583675692	0.002032071387551354	0.0020762468524981223	0.002252948712285197	0.0020615216975158664	0.001958445612640073	0.0018848198377287922	0.001796468907835255	0.0016933928229594616	0.001575591583101412	0.0011191117786514702	0.0008982344539176275	0.0007215325941305532
_scratch_st-cdeboer-1_asfar_VLPs_results_crispresso_aggregated_spacer_CGBE1_rep3_.staging_CRISPRessoPooled_on_CGBE1_D3_rep3_CRISPResso_on_B2M	Substitutions	0.0003534037195741485	0.0005301055793612227	0.00026505278968061137	0.0005595558893257351	0.0003386785645918923	0.00038285402953866087	0.00047120495943219805	0.00038285402953866087	0.00039757918452091706	0.00020615216975158665	0.00011780123985804951	0.00039757918452091706	0.0002503276346983552	0.00027977794466286756	0.01468097951730942	0.00045647980444994186	0.04489699754089912	0.0003681288745564047	0.00029450309964512375	0.00027977794466286756
_scratch_st-cdeboer-1_asfar_VLPs_results_crispresso_aggregated_spacer_CGBE1_rep3_.staging_CRISPRessoPooled_on_CGBE1_D3_rep3_CRISPResso_on_B2M	All_modifications	0.000780433214059578	0.0009718602288289085	0.0007215325941305532	0.0010749363137047018	0.0019289953026755606	0.0021351474724271473	0.0020026210775868415	0.0023854751071255027	0.002827229756593188	0.0031070077012560556	0.0030922825462737996	0.0024591008820367835	0.002208773247338428	0.0022382235573029405	0.016624699974967235	0.002282399022249709	0.04657566520887632	0.0015903167380836682	0.001251638173491776	0.0010013105387934207
_scratch_st-cdeboer-1_asfar_VLPs_results_crispresso_aggregated_spacer_CGBE1_rep3_.staging_CRISPRessoPooled_on_CGBE1_D4_rep3_CRISPResso_on_B2M	Insertions	0.0	0.0001583322338039319	0.00016712846901526147	0.00040462681972115933	0.0031050710295993313	0.0032282183225579453	0.0030874785591766723	0.0029731275014293884	0.0007300875225403527	0.008734661564850244	0.008409200862031051	0.0	0.0001583322338039319	0.0004134230549324889	0.0006685138760610459	0.0007388837577516823	0.0006157364647930686	0.000527774112679773	0.00023749835070589788	5.277741126797731e-05
_scratch_st-cdeboer-1_asfar_VLPs_results_crispresso_aggregated_spacer_CGBE1_rep3_.staging_CRISPRessoPooled_on_CGBE1_D4_rep3_CRISPResso_on_B2M	Insertions_Left	0.0	0.0001583322338039319	8.796235211329551e-06	0.0003958305845098298	0.0027092404450895016	0.0005189778774684435	0.002568500681708229	0.00040462681972115933	0.0003254607028191934	0.008409200862031051	0.0	0.0	0.0001583322338039319	0.000255090821128557	0.0004134230549324889	0.0003254607028191934	0.00029027576197387516	0.00023749835070589788	0.0	5.277741126797731e-05
_scratch_st-cdeboer-1_asfar_VLPs_results_crispresso_aggregated_spacer_CGBE1_rep3_.staging_CRISPRessoPooled_on_CGBE1_D4_rep3_CRISPResso_on_B2M	Deletions	0.003861547257773673	0.004565246074680037	0.0054448695958129924	0.006438844174693231	0.012605005057835246	0.01370453445925144	0.01722302854378326	0.019043849232528477	0.0221753089677618	0.022808637902977526	0.023952148480450366	0.02255354708184897	0.021709108501561332	0.021286889211417512	0.019087830408585124	0.01823459559308616	0.01745173065927783	0.013431851167700225	0.011892510005717553	0.006553195232440515
_scratch_st-cdeboer-1_asfar_VLPs_results_crispresso_aggregated_spacer_CGBE1_rep3_.staging_CRISPRessoPooled_on_CGBE1_D4_rep3_CRISPResso_on_B2M	Substitutions	0.0006333289352157276	0.0005541628183137617	0.0004925891718344549	0.0009763821084575802	0.0009499934028235915	0.0019527642169151604	0.00078286493380833	0.0024541496239609446	0.0027708140915688084	0.0009148084619782733	0.001020363284514228	0.0010819369309935348	0.003782381140871707	0.0006861063464837049	0.14846285789682015	0.0009236046971896029	0.4835114570963628	0.0011435105774728416	0.001662488454941285	0.0007916611690196596
_scratch_st-cdeboer-1_asfar_VLPs_results_crispresso_aggregated_spacer_CGBE1_rep3_.staging_CRISPRessoPooled_on_CGBE1_D4_rep3_CRISPResso_on_B2M	All_modifications	0.004494876192989401	0.00527774112679773	0.006104587236662708	0.007819853102871971	0.01666006949025817	0.018885516998724546	0.021093372036768265	0.024471126357918812	0.02567621058187096	0.032458107929806045	0.033381712626995644	0.023635484012842503	0.02564982187623697	0.022386418612833706	0.16821920218146633	0.019897084048027446	0.5015789242204337	0.01510313585785284	0.013792496811364735	0.007397633812728152
_scratch_st-cdeboer-1_asfar_VLPs_results_crispresso_aggregated_spacer_CGBE1_rep3_.staging_CRISPRessoPooled_on_CGBE1_D5_rep3_CRISPResso_on_B2M	Insertions	0.0	0.0001366120218579235	0.000273224043715847	0.0001366120218579235	0.0017759562841530056	0.001912568306010929	0.0025956284153005466	0.0025956284153005466	0.0006830601092896175	0.009426229508196722	0.008879781420765027	0.0	0.0	0.0004098360655737705	0.000546448087431694	0.000546448087431694	0.0006830601092896175	0.000273224043715847	0.0	0.0
_scratch_st-cdeboer-1_asfar_VLPs_results_crispresso_aggregated_spacer_CGBE1_rep3_.staging_CRISPRessoPooled_on_CGBE1_D5_rep3_CRISPResso_on_B2M	Insertions_Left	0.0	0.0001366120218579235	0.0001366120218579235	0.0	0.0017759562841530056	0.0001366120218579235	0.002459016393442623	0.0001366120218579235	0.000546448087431694	0.008879781420765027	0.0	0.0	0.0	0.0004098360655737705	0.0001366120218579235	0.0004098360655737705	0.000273224043715847	0.0	0.0	0.0
_scratch_st-cdeboer-1_asfar_VLPs_results_crispresso_aggregated_spacer_CGBE1_rep3_.staging_CRISPRessoPooled_on_CGBE1_D5_rep3_CRISPResso_on_B2M	Deletions	0.004918032786885246	0.005054644808743169	0.006284153005464481	0.007650273224043716	0.014207650273224045	0.014890710382513661	0.01762295081967213	0.018852459016393444	0.021721311475409837	0.02144808743169399	0.024043715846994537	0.02117486338797814	0.0203551912568306	0.01980874316939891	0.01912568306010929	0.01912568306010929	0.017896174863387977	0.014617486338797813	0.014344262295081968	0.008469945355191256
_scratch_st-cdeboer-1_asfar_VLPs_results_crispresso_aggregated_spacer_CGBE1_rep3_.staging_CRISPRessoPooled_on_CGBE1_D5_rep3_CRISPResso_on_B2M	Substitutions	0.000273224043715847	0.0012295081967213116	0.000819672131147541	0.0006830601092896175	0.0009562841530054645	0.0017759562841530056	0.0001366120218579235	0.003551912568306011	0.003005464480874317	0.001639344262295082	0.000819672131147541	0.0012295081967213116	0.001639344262295082	0.0012295081967213116	0.15655737704918032	0.0006830601092896175	0.49153005464480876	0.000273224043715847	0.0020491803278688526	0.0012295081967213116
_scratch_st-cdeboer-1_asfar_VLPs_results_crispresso_aggregated_spacer_CGBE1_rep3_.staging_CRISPRessoPooled_on_CGBE1_D5_rep3_CRISPResso_on_B2M	All_modifications	0.005191256830601093	0.006420765027322404	0.007377049180327869	0.008469945355191256	0.016939890710382512	0.018579234972677595	0.0203551912568306	0.025	0.02540983606557377	0.032513661202185795	0.033743169398907105	0.022404371584699455	0.021994535519125682	0.02144808743169399	0.1762295081967213	0.0203551912568306	0.5101092896174864	0.015163934426229509	0.01639344262295082	0.009699453551912568
