Folder	Modification	G	G	C	C	C	A	G	A	C	T	G	A	G	C	A	C	G	T	G	A
_scratch_st-cdeboer-1_asfar_VLPs_results_crispresso_aggregated_spacer_CGBE1-NG_rep3_.staging_CRISPRessoPooled_on_CGBE1-NG_D0_rep3_CRISPResso_on_HEK3	Insertions	0.0	0.0	0.0	0.0	0.0	0.0	0.0	0.0	0.0	0.0	0.0	0.0	0.0	0.0	0.0	0.0	0.0	0.0	0.0	0.0
_scratch_st-cdeboer-1_asfar_VLPs_results_crispresso_aggregated_spacer_CGBE1-NG_rep3_.staging_CRISPRessoPooled_on_CGBE1-NG_D0_rep3_CRISPResso_on_HEK3	Insertions_Left	0.0	0.0	0.0	0.0	0.0	0.0	0.0	0.0	0.0	0.0	0.0	0.0	0.0	0.0	0.0	0.0	0.0	0.0	0.0	0.0
_scratch_st-cdeboer-1_asfar_VLPs_results_crispresso_aggregated_spacer_CGBE1-NG_rep3_.staging_CRISPRessoPooled_on_CGBE1-NG_D0_rep3_CRISPResso_on_HEK3	Deletions	0.0	4.136846895296405e-05	0.0	0.0	0.00010342117238241013	0.0	0.0	0.0	0.0	0.0	0.0	0.0	0.0	0.0	0.0	0.0	0.0	0.0	0.0	0.0
_scratch_st-cdeboer-1_asfar_VLPs_results_crispresso_aggregated_spacer_CGBE1-NG_rep3_.staging_CRISPRessoPooled_on_CGBE1-NG_D0_rep3_CRISPResso_on_HEK3	Substitutions	0.00010342117238241013	0.0002482108137177843	2.0684234476482024e-05	8.27369379059281e-05	0.00012410540685889215	0.00026889504819426635	0.00018615811028833824	0.00022752657924130228	8.27369379059281e-05	0.00010342117238241013	0.00020684234476482026	0.0001654738758118562	0.0001654738758118562	0.0001654738758118562	0.00012410540685889215	0.00014478964133537417	0.0003309477516237124	0.0001654738758118562	8.27369379059281e-05	0.00022752657924130228
_scratch_st-cdeboer-1_asfar_VLPs_results_crispresso_aggregated_spacer_CGBE1-NG_rep3_.staging_CRISPRessoPooled_on_CGBE1-NG_D0_rep3_CRISPResso_on_HEK3	All_modifications	0.00010342117238241013	0.00028957928267074834	2.0684234476482024e-05	8.27369379059281e-05	0.00022752657924130228	0.00026889504819426635	0.00018615811028833824	0.00022752657924130228	8.27369379059281e-05	0.00010342117238241013	0.00020684234476482026	0.0001654738758118562	0.0001654738758118562	0.0001654738758118562	0.00012410540685889215	0.00014478964133537417	0.0003309477516237124	0.0001654738758118562	8.27369379059281e-05	0.00022752657924130228
_scratch_st-cdeboer-1_asfar_VLPs_results_crispresso_aggregated_spacer_CGBE1-NG_rep3_.staging_CRISPRessoPooled_on_CGBE1-NG_D1_rep3_CRISPResso_on_HEK3	Insertions	0.0	0.0	0.0	0.0	0.0	0.0	0.0	0.0	0.0	0.0	0.0	0.0	0.0	0.0	0.0	0.0	0.0	0.0	0.0	0.0
_scratch_st-cdeboer-1_asfar_VLPs_results_crispresso_aggregated_spacer_CGBE1-NG_rep3_.staging_CRISPRessoPooled_on_CGBE1-NG_D1_rep3_CRISPResso_on_HEK3	Insertions_Left	0.0	0.0	0.0	0.0	0.0	0.0	0.0	0.0	0.0	0.0	0.0	0.0	0.0	0.0	0.0	0.0	0.0	0.0	0.0	0.0
_scratch_st-cdeboer-1_asfar_VLPs_results_crispresso_aggregated_spacer_CGBE1-NG_rep3_.staging_CRISPRessoPooled_on_CGBE1-NG_D1_rep3_CRISPResso_on_HEK3	Deletions	0.0	0.0	0.0	0.0	0.0	0.0	0.0	0.0	0.0	0.0	0.0	0.0	0.0	6.45827951433738e-05	0.0	0.0	0.0	0.0	6.45827951433738e-05	0.0
_scratch_st-cdeboer-1_asfar_VLPs_results_crispresso_aggregated_spacer_CGBE1-NG_rep3_.staging_CRISPRessoPooled_on_CGBE1-NG_D1_rep3_CRISPResso_on_HEK3	Substitutions	0.0002583311805734952	0.0001291655902867476	0.0001291655902867476	0.0001291655902867476	0.0001291655902867476	6.45827951433738e-05	0.0001291655902867476	0.00019374838543012143	6.45827951433738e-05	0.0	0.0	0.0002583311805734952	0.0	6.45827951433738e-05	0.0	6.45827951433738e-05	0.0001291655902867476	0.0001291655902867476	6.45827951433738e-05	0.00019374838543012143
_scratch_st-cdeboer-1_asfar_VLPs_results_crispresso_aggregated_spacer_CGBE1-NG_rep3_.staging_CRISPRessoPooled_on_CGBE1-NG_D1_rep3_CRISPResso_on_HEK3	All_modifications	0.0002583311805734952	0.0001291655902867476	0.0001291655902867476	0.0001291655902867476	0.0001291655902867476	6.45827951433738e-05	0.0001291655902867476	0.00019374838543012143	6.45827951433738e-05	0.0	0.0	0.0002583311805734952	0.0	0.0001291655902867476	0.0	6.45827951433738e-05	0.0001291655902867476	0.0001291655902867476	0.0001291655902867476	0.00019374838543012143
_scratch_st-cdeboer-1_asfar_VLPs_results_crispresso_aggregated_spacer_CGBE1-NG_rep3_.staging_CRISPRessoPooled_on_CGBE1-NG_D2_rep3_CRISPResso_on_HEK3	Insertions	0.0	0.0	0.0	0.0	0.0	0.0	0.0	0.0	0.0	0.0	0.0	0.0	0.0	0.0	0.0	0.0	0.0	0.0	0.0	0.0
_scratch_st-cdeboer-1_asfar_VLPs_results_crispresso_aggregated_spacer_CGBE1-NG_rep3_.staging_CRISPRessoPooled_on_CGBE1-NG_D2_rep3_CRISPResso_on_HEK3	Insertions_Left	0.0	0.0	0.0	0.0	0.0	0.0	0.0	0.0	0.0	0.0	0.0	0.0	0.0	0.0	0.0	0.0	0.0	0.0	0.0	0.0
_scratch_st-cdeboer-1_asfar_VLPs_results_crispresso_aggregated_spacer_CGBE1-NG_rep3_.staging_CRISPRessoPooled_on_CGBE1-NG_D2_rep3_CRISPResso_on_HEK3	Deletions	0.0	7.67886967038452e-05	0.0	0.0	3.83943483519226e-05	0.0	0.0	0.0	0.0	0.0	4.799293543990325e-05	4.799293543990325e-05	4.799293543990325e-05	4.799293543990325e-05	4.799293543990325e-05	4.799293543990325e-05	0.0	0.0	0.0	0.0
_scratch_st-cdeboer-1_asfar_VLPs_results_crispresso_aggregated_spacer_CGBE1-NG_rep3_.staging_CRISPRessoPooled_on_CGBE1-NG_D2_rep3_CRISPResso_on_HEK3	Substitutions	0.0001343802192317291	0.00020157032884759364	8.638728379182584e-05	0.000191971741759613	0.00041273924478316793	0.00023036609011153558	0.00016317598049567103	0.0002111689159355743	9.59858708798065e-05	8.638728379182584e-05	0.00016317598049567103	0.00017277456758365168	7.67886967038452e-05	9.59858708798065e-05	9.59858708798065e-05	9.59858708798065e-05	0.00023036609011153558	0.0001535773934076904	0.000191971741759613	0.0001535773934076904
_scratch_st-cdeboer-1_asfar_VLPs_results_crispresso_aggregated_spacer_CGBE1-NG_rep3_.staging_CRISPRessoPooled_on_CGBE1-NG_D2_rep3_CRISPResso_on_HEK3	All_modifications	0.0001343802192317291	0.00027835902555143884	8.638728379182584e-05	0.000191971741759613	0.0004511335931350905	0.00023036609011153558	0.00016317598049567103	0.0002111689159355743	9.59858708798065e-05	8.638728379182584e-05	0.0002111689159355743	0.00022076750302355493	0.00012478163214374845	0.00014397880631970974	0.00014397880631970974	0.00014397880631970974	0.00023036609011153558	0.0001535773934076904	0.000191971741759613	0.0001535773934076904
_scratch_st-cdeboer-1_asfar_VLPs_results_crispresso_aggregated_spacer_CGBE1-NG_rep3_.staging_CRISPRessoPooled_on_CGBE1-NG_D3_rep3_CRISPResso_on_HEK3	Insertions	0.0	0.0	0.0	0.0	0.0	0.0	2.2733989587832767e-05	2.2733989587832767e-05	0.0	0.0	0.0	0.0	0.0	0.0	0.0	0.0	0.0	0.0	0.0	0.0
_scratch_st-cdeboer-1_asfar_VLPs_results_crispresso_aggregated_spacer_CGBE1-NG_rep3_.staging_CRISPRessoPooled_on_CGBE1-NG_D3_rep3_CRISPResso_on_HEK3	Insertions_Left	0.0	0.0	0.0	0.0	0.0	0.0	2.2733989587832767e-05	0.0	0.0	0.0	0.0	0.0	0.0	0.0	0.0	0.0	0.0	0.0	0.0	0.0
_scratch_st-cdeboer-1_asfar_VLPs_results_crispresso_aggregated_spacer_CGBE1-NG_rep3_.staging_CRISPRessoPooled_on_CGBE1-NG_D3_rep3_CRISPResso_on_HEK3	Deletions	0.0	6.82019687634983e-05	0.0	0.0	4.5467979175665534e-05	0.0	0.0	0.0	0.0	0.0	0.0	0.0	0.0	0.0	0.0	0.0	0.0	0.0	0.0	0.0
_scratch_st-cdeboer-1_asfar_VLPs_results_crispresso_aggregated_spacer_CGBE1-NG_rep3_.staging_CRISPRessoPooled_on_CGBE1-NG_D3_rep3_CRISPResso_on_HEK3	Substitutions	0.00011366994793916385	0.0002273398958783277	2.2733989587832767e-05	0.0002728078750539932	0.0006138177188714848	0.00018187191670266214	0.00011366994793916385	0.00015913792711482938	9.093595835133107e-05	0.0002273398958783277	0.0002273398958783277	0.00018187191670266214	0.00015913792711482938	6.82019687634983e-05	0.0001364039375269966	4.5467979175665534e-05	0.00038647782299315706	0.0002500738854661605	0.000295541864641826	0.00018187191670266214
_scratch_st-cdeboer-1_asfar_VLPs_results_crispresso_aggregated_spacer_CGBE1-NG_rep3_.staging_CRISPRessoPooled_on_CGBE1-NG_D3_rep3_CRISPResso_on_HEK3	All_modifications	0.00011366994793916385	0.000295541864641826	2.2733989587832767e-05	0.0002728078750539932	0.0006592856980471503	0.00018187191670266214	0.0001364039375269966	0.00018187191670266214	9.093595835133107e-05	0.0002273398958783277	0.0002273398958783277	0.00018187191670266214	0.00015913792711482938	6.82019687634983e-05	0.0001364039375269966	4.5467979175665534e-05	0.00038647782299315706	0.0002500738854661605	0.000295541864641826	0.00018187191670266214
_scratch_st-cdeboer-1_asfar_VLPs_results_crispresso_aggregated_spacer_CGBE1-NG_rep3_.staging_CRISPRessoPooled_on_CGBE1-NG_D4_rep3_CRISPResso_on_HEK3	Insertions	0.0	0.0	0.0	0.0	0.0	0.0	0.0	0.0	0.0	2.701352026689358e-05	2.701352026689358e-05	0.0	0.0	0.0	0.0	0.0	0.0	0.0	0.0	0.0
_scratch_st-cdeboer-1_asfar_VLPs_results_crispresso_aggregated_spacer_CGBE1-NG_rep3_.staging_CRISPRessoPooled_on_CGBE1-NG_D4_rep3_CRISPResso_on_HEK3	Insertions_Left	0.0	0.0	0.0	0.0	0.0	0.0	0.0	0.0	0.0	2.701352026689358e-05	0.0	0.0	0.0	0.0	0.0	0.0	0.0	0.0	0.0	0.0
_scratch_st-cdeboer-1_asfar_VLPs_results_crispresso_aggregated_spacer_CGBE1-NG_rep3_.staging_CRISPRessoPooled_on_CGBE1-NG_D4_rep3_CRISPResso_on_HEK3	Deletions	4.502253377815597e-06	3.6018027022524775e-05	9.004506755631194e-06	5.402704053378716e-05	0.00010355182768975873	5.402704053378716e-05	5.852929391160276e-05	5.852929391160276e-05	5.852929391160276e-05	5.852929391160276e-05	6.303154728941835e-05	4.9524787155971564e-05	4.9524787155971564e-05	4.9524787155971564e-05	4.502253377815597e-06	4.502253377815597e-06	4.502253377815597e-06	4.502253377815597e-06	4.502253377815597e-06	4.502253377815597e-06
_scratch_st-cdeboer-1_asfar_VLPs_results_crispresso_aggregated_spacer_CGBE1-NG_rep3_.staging_CRISPRessoPooled_on_CGBE1-NG_D4_rep3_CRISPResso_on_HEK3	Substitutions	0.00018909464186825506	0.0002926464695580138	9.454732093412753e-05	0.0004277140708924817	0.0012381196788992892	0.00011705858782320552	0.00019359689524607067	7.653830742286515e-05	0.0002746374560467514	0.0001350676013344679	0.00018909464186825506	0.00018909464186825506	9.904957431194313e-05	0.0001260630945788367	6.753380066723395e-05	9.454732093412753e-05	0.00023861942902422663	0.00014857436146791469	0.00021610816213514863	0.00020260140200170185
_scratch_st-cdeboer-1_asfar_VLPs_results_crispresso_aggregated_spacer_CGBE1-NG_rep3_.staging_CRISPRessoPooled_on_CGBE1-NG_D4_rep3_CRISPResso_on_HEK3	All_modifications	0.00019359689524607067	0.00032866449658053857	0.00010355182768975873	0.00048174111142626887	0.0013416715065890478	0.00017108562835699268	0.0002521261891576734	0.0001350676013344679	0.0003331667499583542	0.00022061041551296425	0.000279139709424567	0.00023861942902422663	0.00014857436146791469	0.00017558788173480827	7.203605404504955e-05	9.904957431194313e-05	0.00024312168240204221	0.0001530766148457303	0.00022061041551296425	0.00020710365537951746
_scratch_st-cdeboer-1_asfar_VLPs_results_crispresso_aggregated_spacer_CGBE1-NG_rep3_.staging_CRISPRessoPooled_on_CGBE1-NG_D5_rep3_CRISPResso_on_HEK3	Insertions	0.0	0.0	0.0	0.0	0.0	0.0	0.0	0.0	0.0	1.7742765387413283e-05	1.7742765387413283e-05	0.0	0.0	0.0	0.0	0.0	0.0	0.0	0.0	0.0
_scratch_st-cdeboer-1_asfar_VLPs_results_crispresso_aggregated_spacer_CGBE1-NG_rep3_.staging_CRISPRessoPooled_on_CGBE1-NG_D5_rep3_CRISPResso_on_HEK3	Insertions_Left	0.0	0.0	0.0	0.0	0.0	0.0	0.0	0.0	0.0	1.7742765387413283e-05	0.0	0.0	0.0	0.0	0.0	0.0	0.0	0.0	0.0	0.0
_scratch_st-cdeboer-1_asfar_VLPs_results_crispresso_aggregated_spacer_CGBE1-NG_rep3_.staging_CRISPRessoPooled_on_CGBE1-NG_D5_rep3_CRISPResso_on_HEK3	Deletions	0.0	1.7742765387413283e-05	0.0	0.0	0.00014194212309930627	0.0	0.0	0.0	0.0	0.0	3.5485530774826566e-05	3.5485530774826566e-05	3.5485530774826566e-05	7.097106154965313e-05	3.5485530774826566e-05	3.5485530774826566e-05	3.5485530774826566e-05	3.5485530774826566e-05	3.5485530774826566e-05	3.5485530774826566e-05
_scratch_st-cdeboer-1_asfar_VLPs_results_crispresso_aggregated_spacer_CGBE1-NG_rep3_.staging_CRISPRessoPooled_on_CGBE1-NG_D5_rep3_CRISPResso_on_HEK3	Substitutions	0.00014194212309930627	0.0003016270115860258	0.00021291318464895938	0.00046131190007274534	0.001259736342506343	0.00014194212309930627	5.3228296162239846e-05	8.87138269370664e-05	8.87138269370664e-05	0.00015968488848671955	0.00015968488848671955	0.0003016270115860258	8.87138269370664e-05	0.0001774276538741328	0.00014194212309930627	8.87138269370664e-05	0.00021291318464895938	0.0001774276538741328	0.00014194212309930627	0.00012419935771189298
_scratch_st-cdeboer-1_asfar_VLPs_results_crispresso_aggregated_spacer_CGBE1-NG_rep3_.staging_CRISPRessoPooled_on_CGBE1-NG_D5_rep3_CRISPResso_on_HEK3	All_modifications	0.00014194212309930627	0.0003193697769734391	0.00021291318464895938	0.00046131190007274534	0.0014016784656056493	0.00014194212309930627	5.3228296162239846e-05	8.87138269370664e-05	8.87138269370664e-05	0.0001774276538741328	0.00021291318464895938	0.00033711254236085234	0.00012419935771189298	0.00024839871542378596	0.0001774276538741328	0.00012419935771189298	0.00024839871542378596	0.00021291318464895938	0.0001774276538741328	0.00015968488848671955
