Folder	Modification	G	G	A	G	G	C	T	A	T	C	C	A	G	C	G	T	G	A	G	T
_scratch_st-cdeboer-1_asfar_VLPs_results_crispresso_aggregated_spacer_CGBE1-NG_rep2_.staging_CRISPRessoPooled_on_CGBE1-NG_D0_rep2_CRISPResso_on_B2M	Insertions	0.0	0.0	0.0	0.0	0.0	0.0	0.0	0.0	0.0	0.0	0.0	0.0	0.0	0.0	0.0	0.0	0.0	0.0	0.0	0.0
_scratch_st-cdeboer-1_asfar_VLPs_results_crispresso_aggregated_spacer_CGBE1-NG_rep2_.staging_CRISPRessoPooled_on_CGBE1-NG_D0_rep2_CRISPResso_on_B2M	Insertions_Left	0.0	0.0	0.0	0.0	0.0	0.0	0.0	0.0	0.0	0.0	0.0	0.0	0.0	0.0	0.0	0.0	0.0	0.0	0.0	0.0
_scratch_st-cdeboer-1_asfar_VLPs_results_crispresso_aggregated_spacer_CGBE1-NG_rep2_.staging_CRISPRessoPooled_on_CGBE1-NG_D0_rep2_CRISPResso_on_B2M	Deletions	2.5021894157387716e-05	5.004378831477543e-05	2.5021894157387716e-05	2.5021894157387716e-05	2.5021894157387716e-05	2.5021894157387716e-05	2.5021894157387716e-05	2.5021894157387716e-05	2.5021894157387716e-05	2.5021894157387716e-05	5.004378831477543e-05	2.5021894157387716e-05	2.5021894157387716e-05	2.5021894157387716e-05	2.5021894157387716e-05	2.5021894157387716e-05	2.5021894157387716e-05	2.5021894157387716e-05	2.5021894157387716e-05	2.5021894157387716e-05
_scratch_st-cdeboer-1_asfar_VLPs_results_crispresso_aggregated_spacer_CGBE1-NG_rep2_.staging_CRISPRessoPooled_on_CGBE1-NG_D0_rep2_CRISPResso_on_B2M	Substitutions	0.000350306518203428	0.0005755035656199174	0.0004503940948329789	0.0003252846240460403	0.000175153259101714	0.00010008757662955086	0.00022519704741648944	0.0001501313649443263	0.00022519704741648944	0.00012510947078693858	0.00012510947078693858	0.00022519704741648944	0.000175153259101714	0.0003753284123608157	0.00025021894157387716	0.00040035030651820345	0.000175153259101714	0.0003252846240460403	0.0001501313649443263	0.0003252846240460403
_scratch_st-cdeboer-1_asfar_VLPs_results_crispresso_aggregated_spacer_CGBE1-NG_rep2_.staging_CRISPRessoPooled_on_CGBE1-NG_D0_rep2_CRISPResso_on_B2M	All_modifications	0.0003753284123608157	0.0006255473539346928	0.00047541598899036657	0.000350306518203428	0.00020017515325910173	0.00012510947078693858	0.00025021894157387716	0.000175153259101714	0.00025021894157387716	0.0001501313649443263	0.000175153259101714	0.00025021894157387716	0.00020017515325910173	0.00040035030651820345	0.00027524083573126485	0.00042537220067559114	0.00020017515325910173	0.000350306518203428	0.000175153259101714	0.000350306518203428
_scratch_st-cdeboer-1_asfar_VLPs_results_crispresso_aggregated_spacer_CGBE1-NG_rep2_.staging_CRISPRessoPooled_on_CGBE1-NG_D1_rep2_CRISPResso_on_B2M	Insertions	0.0	0.0	0.0	0.0	0.0	0.0	0.0	0.0	0.0	0.0	0.0	0.0	0.0	0.0	0.0	0.0	0.0	0.0	0.0	0.0
_scratch_st-cdeboer-1_asfar_VLPs_results_crispresso_aggregated_spacer_CGBE1-NG_rep2_.staging_CRISPRessoPooled_on_CGBE1-NG_D1_rep2_CRISPResso_on_B2M	Insertions_Left	0.0	0.0	0.0	0.0	0.0	0.0	0.0	0.0	0.0	0.0	0.0	0.0	0.0	0.0	0.0	0.0	0.0	0.0	0.0	0.0
_scratch_st-cdeboer-1_asfar_VLPs_results_crispresso_aggregated_spacer_CGBE1-NG_rep2_.staging_CRISPRessoPooled_on_CGBE1-NG_D1_rep2_CRISPResso_on_B2M	Deletions	0.0	9.521769144707087e-05	0.0	0.0	0.0	0.0	0.0	0.0	4.7608845723535436e-05	4.7608845723535436e-05	4.7608845723535436e-05	0.0	0.0	0.0	0.0	0.0	0.0	0.0	0.0	0.0
_scratch_st-cdeboer-1_asfar_VLPs_results_crispresso_aggregated_spacer_CGBE1-NG_rep2_.staging_CRISPRessoPooled_on_CGBE1-NG_D1_rep2_CRISPResso_on_B2M	Substitutions	0.0003094574972029803	0.0005236973029588898	0.00028565307434121257	0.0002618486514794449	9.521769144707087e-05	0.00019043538289414174	0.0003094574972029803	0.00014282653717060629	0.0003808707657882835	0.00016663096003237401	0.00028565307434121257	0.00019043538289414174	0.00011902211430883859	0.0002618486514794449	0.0004284796115118189	0.0004522840343735866	0.0004998928800971221	0.0003094574972029803	0.0005951105715441929	0.0005713061486824251
_scratch_st-cdeboer-1_asfar_VLPs_results_crispresso_aggregated_spacer_CGBE1-NG_rep2_.staging_CRISPRessoPooled_on_CGBE1-NG_D1_rep2_CRISPResso_on_B2M	All_modifications	0.0003094574972029803	0.0006189149944059606	0.00028565307434121257	0.0002618486514794449	9.521769144707087e-05	0.00019043538289414174	0.0003094574972029803	0.00014282653717060629	0.0004284796115118189	0.00021423980575590944	0.00033326192006474803	0.00019043538289414174	0.00011902211430883859	0.0002618486514794449	0.0004284796115118189	0.0004522840343735866	0.0004998928800971221	0.0003094574972029803	0.0005951105715441929	0.0005713061486824251
_scratch_st-cdeboer-1_asfar_VLPs_results_crispresso_aggregated_spacer_CGBE1-NG_rep2_.staging_CRISPRessoPooled_on_CGBE1-NG_D2_rep2_CRISPResso_on_B2M	Insertions	0.0	0.0	0.0	0.0	0.0	0.0	0.0	0.0	0.0	0.0	0.0	0.0	0.0	0.0	0.0	0.0	0.0	0.0	0.0	0.0
_scratch_st-cdeboer-1_asfar_VLPs_results_crispresso_aggregated_spacer_CGBE1-NG_rep2_.staging_CRISPRessoPooled_on_CGBE1-NG_D2_rep2_CRISPResso_on_B2M	Insertions_Left	0.0	0.0	0.0	0.0	0.0	0.0	0.0	0.0	0.0	0.0	0.0	0.0	0.0	0.0	0.0	0.0	0.0	0.0	0.0	0.0
_scratch_st-cdeboer-1_asfar_VLPs_results_crispresso_aggregated_spacer_CGBE1-NG_rep2_.staging_CRISPRessoPooled_on_CGBE1-NG_D2_rep2_CRISPResso_on_B2M	Deletions	0.0	0.0	0.0	0.0	0.00020586015233651272	0.00020586015233651272	0.00020586015233651272	0.00020586015233651272	0.00041172030467302544	0.00041172030467302544	0.00041172030467302544	0.00041172030467302544	0.00041172030467302544	0.00041172030467302544	0.00041172030467302544	0.00041172030467302544	0.00041172030467302544	0.00041172030467302544	0.00020586015233651272	0.0
_scratch_st-cdeboer-1_asfar_VLPs_results_crispresso_aggregated_spacer_CGBE1-NG_rep2_.staging_CRISPRessoPooled_on_CGBE1-NG_D2_rep2_CRISPResso_on_B2M	Substitutions	0.0002744802031153503	0.0005489604062307006	0.00013724010155767515	0.0007548205585672133	0.0	0.0005489604062307006	0.00041172030467302544	0.00048034035545186304	0.00041172030467302544	0.0003431002538941879	0.00020586015233651272	0.00013724010155767515	6.862005077883757e-05	0.0003431002538941879	0.0012351609140190765	0.0003431002538941879	0.002744802031153503	0.0002744802031153503	0.00013724010155767515	0.0003431002538941879
_scratch_st-cdeboer-1_asfar_VLPs_results_crispresso_aggregated_spacer_CGBE1-NG_rep2_.staging_CRISPRessoPooled_on_CGBE1-NG_D2_rep2_CRISPResso_on_B2M	All_modifications	0.0002744802031153503	0.0005489604062307006	0.00013724010155767515	0.0007548205585672133	0.00020586015233651272	0.0007548205585672133	0.0006175804570095382	0.0006862005077883758	0.0008234406093460509	0.0007548205585672133	0.0006175804570095382	0.0005489604062307006	0.00048034035545186304	0.0007548205585672133	0.0016468812186921018	0.0007548205585672133	0.0031565223358265286	0.0006862005077883758	0.0003431002538941879	0.0003431002538941879
_scratch_st-cdeboer-1_asfar_VLPs_results_crispresso_aggregated_spacer_CGBE1-NG_rep2_.staging_CRISPRessoPooled_on_CGBE1-NG_D3_rep2_CRISPResso_on_B2M	Insertions	0.0	0.0	0.0	0.0	0.0	0.0	0.0	0.0	0.0	4.820090135685537e-05	4.820090135685537e-05	0.0	0.0	0.0	0.0	0.0	2.4100450678427685e-05	2.4100450678427685e-05	0.0	4.820090135685537e-05
_scratch_st-cdeboer-1_asfar_VLPs_results_crispresso_aggregated_spacer_CGBE1-NG_rep2_.staging_CRISPRessoPooled_on_CGBE1-NG_D3_rep2_CRISPResso_on_B2M	Insertions_Left	0.0	0.0	0.0	0.0	0.0	0.0	0.0	0.0	0.0	4.820090135685537e-05	0.0	0.0	0.0	0.0	0.0	0.0	2.4100450678427685e-05	0.0	0.0	4.820090135685537e-05
_scratch_st-cdeboer-1_asfar_VLPs_results_crispresso_aggregated_spacer_CGBE1-NG_rep2_.staging_CRISPRessoPooled_on_CGBE1-NG_D3_rep2_CRISPResso_on_B2M	Deletions	0.0001446027040705661	0.0001687031547489938	0.0001687031547489938	0.00026510495746270455	0.0004820090135685537	0.0004820090135685537	0.0004820090135685537	0.0006025112669606922	0.0006025112669606922	0.0006025112669606922	0.0005302099149254091	0.00045790856289012604	0.0004097076615332707	0.0004097076615332707	0.0004820090135685537	0.0004097076615332707	0.0004097076615332707	0.0004097076615332707	0.0004097076615332707	0.00019280360542742148
_scratch_st-cdeboer-1_asfar_VLPs_results_crispresso_aggregated_spacer_CGBE1-NG_rep2_.staging_CRISPRessoPooled_on_CGBE1-NG_D3_rep2_CRISPResso_on_B2M	Substitutions	0.00031330585881955995	0.00043380811221169837	0.00019280360542742148	0.00045790856289012604	9.640180271371074e-05	0.00019280360542742148	0.0002892054081411322	0.0001446027040705661	0.00031330585881955995	9.640180271371074e-05	9.640180271371074e-05	0.00019280360542742148	0.0001446027040705661	0.00019280360542742148	0.0021208396597016364	0.00024100450678427685	0.005133395994505097	0.0004097076615332707	0.00024100450678427685	0.0006748126189959752
_scratch_st-cdeboer-1_asfar_VLPs_results_crispresso_aggregated_spacer_CGBE1-NG_rep2_.staging_CRISPRessoPooled_on_CGBE1-NG_D3_rep2_CRISPResso_on_B2M	All_modifications	0.00045790856289012604	0.0006025112669606922	0.0003615067601764153	0.0007230135203528306	0.0005784108162822645	0.0006748126189959752	0.0007712144217096859	0.0007471139710312583	0.0009158171257802521	0.0007471139710312583	0.0006748126189959752	0.0006507121683175475	0.0005543103656038368	0.0006025112669606922	0.00260284867327019	0.0006507121683175475	0.005567204106716795	0.000843515773744969	0.0006507121683175475	0.0009158171257802521
_scratch_st-cdeboer-1_asfar_VLPs_results_crispresso_aggregated_spacer_CGBE1-NG_rep2_.staging_CRISPRessoPooled_on_CGBE1-NG_D4_rep2_CRISPResso_on_B2M	Insertions	0.0	0.0	0.0	0.0	0.00028521515918571074	0.00028521515918571074	0.00014260757959285537	0.00014260757959285537	0.0	3.565189489821384e-05	3.565189489821384e-05	0.0	0.0	0.0	0.0	0.0	3.565189489821384e-05	3.565189489821384e-05	0.0	0.0
_scratch_st-cdeboer-1_asfar_VLPs_results_crispresso_aggregated_spacer_CGBE1-NG_rep2_.staging_CRISPRessoPooled_on_CGBE1-NG_D4_rep2_CRISPResso_on_B2M	Insertions_Left	0.0	0.0	0.0	0.0	0.00028521515918571074	0.0	0.00014260757959285537	0.0	0.0	3.565189489821384e-05	0.0	0.0	0.0	0.0	0.0	0.0	3.565189489821384e-05	0.0	0.0	0.0
_scratch_st-cdeboer-1_asfar_VLPs_results_crispresso_aggregated_spacer_CGBE1-NG_rep2_.staging_CRISPRessoPooled_on_CGBE1-NG_D4_rep2_CRISPResso_on_B2M	Deletions	0.0002495632642874969	0.0003208670540839246	0.0003565189489821384	0.00028521515918571074	0.0011765125316410567	0.001354772006132126	0.0012121644265392707	0.001140860636742843	0.0010695568469464153	0.001105208741844629	0.0012478163214374844	0.001140860636742843	0.001140860636742843	0.001140860636742843	0.0012834682163356983	0.0012121644265392707	0.0010339049520482013	0.0009269492673535598	0.0009269492673535598	0.0005704303183714215
_scratch_st-cdeboer-1_asfar_VLPs_results_crispresso_aggregated_spacer_CGBE1-NG_rep2_.staging_CRISPRessoPooled_on_CGBE1-NG_D4_rep2_CRISPResso_on_B2M	Substitutions	0.000677386003066063	0.0006060822132696353	0.00014260757959285537	0.0003208670540839246	0.0006060822132696353	0.0	0.00010695568469464151	0.0004634746336767799	0.0002495632642874969	0.00021391136938928303	3.565189489821384e-05	0.0006417341081678492	0.0006417341081678492	0.0003921708438803522	0.006203429712289208	0.0002495632642874969	0.013155549217440906	0.0003921708438803522	0.0005347784234732076	0.0003565189489821384
_scratch_st-cdeboer-1_asfar_VLPs_results_crispresso_aggregated_spacer_CGBE1-NG_rep2_.staging_CRISPRessoPooled_on_CGBE1-NG_D4_rep2_CRISPResso_on_B2M	All_modifications	0.0009269492673535598	0.0009269492673535598	0.0004991265285749938	0.0006060822132696353	0.0020678099040964027	0.0016399871653178365	0.0014617276908267674	0.0017469428500124782	0.001319120111233912	0.001354772006132126	0.001319120111233912	0.001782594744910692	0.001782594744910692	0.0015330314806231951	0.007486897928624906	0.0014617276908267674	0.014225106064387321	0.001354772006132126	0.0014617276908267674	0.0009269492673535598
_scratch_st-cdeboer-1_asfar_VLPs_results_crispresso_aggregated_spacer_CGBE1-NG_rep2_.staging_CRISPRessoPooled_on_CGBE1-NG_D5_rep2_CRISPResso_on_B2M	Insertions	0.0	0.0	0.0	0.0	4.9884019654303743e-05	7.482602948145561e-05	0.00019953607861721497	0.0001745940687900631	2.4942009827151872e-05	0.0006983762751602524	0.0006734342653331005	0.0	0.0	0.0	9.976803930860749e-05	9.976803930860749e-05	0.0	0.0	0.0	0.0
_scratch_st-cdeboer-1_asfar_VLPs_results_crispresso_aggregated_spacer_CGBE1-NG_rep2_.staging_CRISPRessoPooled_on_CGBE1-NG_D5_rep2_CRISPResso_on_B2M	Insertions_Left	0.0	0.0	0.0	0.0	4.9884019654303743e-05	2.4942009827151872e-05	0.0001745940687900631	0.0	2.4942009827151872e-05	0.0006734342653331005	0.0	0.0	0.0	0.0	9.976803930860749e-05	0.0	0.0	0.0	0.0	0.0
_scratch_st-cdeboer-1_asfar_VLPs_results_crispresso_aggregated_spacer_CGBE1-NG_rep2_.staging_CRISPRessoPooled_on_CGBE1-NG_D5_rep2_CRISPResso_on_B2M	Deletions	0.0004988401965430374	0.0005487242161973412	0.0006484922555059486	0.0007233182849874043	0.0011722744618761379	0.0011722744618761379	0.0011473324520489862	0.0011722744618761379	0.0011722744618761379	0.0011473324520489862	0.0014466365699748085	0.0014216945601476566	0.001546404609283416	0.001371810540493353	0.0015713466191105679	0.0014216945601476566	0.0014216945601476566	0.0012471004913575936	0.0012471004913575936	0.0008729703439503155
_scratch_st-cdeboer-1_asfar_VLPs_results_crispresso_aggregated_spacer_CGBE1-NG_rep2_.staging_CRISPRessoPooled_on_CGBE1-NG_D5_rep2_CRISPResso_on_B2M	Substitutions	0.0004988401965430374	0.0004988401965430374	0.00022447808844436684	0.0005237822063701894	0.0001745940687900631	0.00029930411792582245	0.00029930411792582245	0.0002743621080986706	0.0004240141670615818	0.00022447808844436684	0.0001745940687900631	9.976803930860749e-05	0.00012471004913575936	0.0003491881375801262	0.007357892899009802	0.00029930411792582245	0.01840720325243808	0.0003491881375801262	0.0003491881375801262	0.0002494200982715187
_scratch_st-cdeboer-1_asfar_VLPs_results_crispresso_aggregated_spacer_CGBE1-NG_rep2_.staging_CRISPRessoPooled_on_CGBE1-NG_D5_rep2_CRISPResso_on_B2M	All_modifications	0.000997680393086075	0.0010475644127403787	0.0008729703439503155	0.0012471004913575936	0.001396752550320505	0.001546404609283416	0.0016461726485920236	0.0016212306387648717	0.0016212306387648717	0.0020701868156536053	0.0022946649040979723	0.0015214625994562643	0.0016711146584191753	0.0017209986780734792	0.009029007557428978	0.0018207667173820866	0.01982889781258574	0.0015962886289377198	0.0015962886289377198	0.0011223904422218343
