Folder	Modification	C	A	C	C	T	A	C	C	T	A	A	G	A	A	C	C	A	T	C	C
_scratch_st-cdeboer-1_asfar_VLPs_results_crispresso_aggregated_spacer_CGBE1-NG_rep2_.staging_CRISPRessoPooled_on_CGBE1-NG_D0_rep2_CRISPResso_on_PDCD1	Insertions	1.7650692789691997e-05	1.7650692789691997e-05	0.0	0.0	0.0	0.0	0.0	0.0	0.0	0.0	0.0	0.0	0.0	0.0	0.0	0.0	0.0	0.0	0.0	0.0
_scratch_st-cdeboer-1_asfar_VLPs_results_crispresso_aggregated_spacer_CGBE1-NG_rep2_.staging_CRISPRessoPooled_on_CGBE1-NG_D0_rep2_CRISPResso_on_PDCD1	Insertions_Left	1.7650692789691997e-05	0.0	0.0	0.0	0.0	0.0	0.0	0.0	0.0	0.0	0.0	0.0	0.0	0.0	0.0	0.0	0.0	0.0	0.0	0.0
_scratch_st-cdeboer-1_asfar_VLPs_results_crispresso_aggregated_spacer_CGBE1-NG_rep2_.staging_CRISPRessoPooled_on_CGBE1-NG_D0_rep2_CRISPResso_on_PDCD1	Deletions	3.530138557938399e-05	1.7650692789691997e-05	1.7650692789691997e-05	1.7650692789691997e-05	3.530138557938399e-05	1.7650692789691997e-05	1.7650692789691997e-05	1.7650692789691997e-05	1.7650692789691997e-05	1.7650692789691997e-05	8.825346394845998e-05	1.7650692789691997e-05	1.7650692789691997e-05	1.7650692789691997e-05	1.7650692789691997e-05	1.7650692789691997e-05	1.7650692789691997e-05	1.7650692789691997e-05	1.7650692789691997e-05	1.7650692789691997e-05
_scratch_st-cdeboer-1_asfar_VLPs_results_crispresso_aggregated_spacer_CGBE1-NG_rep2_.staging_CRISPRessoPooled_on_CGBE1-NG_D0_rep2_CRISPResso_on_PDCD1	Substitutions	0.00019415762068661195	0.00015885623510722796	0.00012355484952784396	0.00012355484952784396	0.00010590415673815198	7.060277115876799e-05	7.060277115876799e-05	0.00012355484952784396	0.0003353631630041479	0.00015885623510722796	0.00014120554231753597	0.00021180831347630396	0.00026476039184537993	0.00019415762068661195	1.7650692789691997e-05	0.00010590415673815198	0.00014120554231753597	0.0004765687053216839	0.00012355484952784396	0.00017650692789691997
_scratch_st-cdeboer-1_asfar_VLPs_results_crispresso_aggregated_spacer_CGBE1-NG_rep2_.staging_CRISPRessoPooled_on_CGBE1-NG_D0_rep2_CRISPResso_on_PDCD1	All_modifications	0.0002471096990556879	0.00019415762068661195	0.00014120554231753597	0.00014120554231753597	0.00014120554231753597	8.825346394845998e-05	8.825346394845998e-05	0.00014120554231753597	0.00035301385579383993	0.00017650692789691997	0.00022945900626599594	0.00022945900626599594	0.00028241108463507194	0.00021180831347630396	3.530138557938399e-05	0.00012355484952784396	0.00015885623510722796	0.0004942193981113758	0.00014120554231753597	0.00019415762068661195
_scratch_st-cdeboer-1_asfar_VLPs_results_crispresso_aggregated_spacer_CGBE1-NG_rep2_.staging_CRISPRessoPooled_on_CGBE1-NG_D1_rep2_CRISPResso_on_PDCD1	Insertions	5.1904910204505343e-05	5.1904910204505343e-05	0.0	0.0	0.0	0.0	0.0	0.0	0.0	0.0	0.0	0.0	0.0	0.0	0.0	0.0	0.0	0.0	0.0	0.0
_scratch_st-cdeboer-1_asfar_VLPs_results_crispresso_aggregated_spacer_CGBE1-NG_rep2_.staging_CRISPRessoPooled_on_CGBE1-NG_D1_rep2_CRISPResso_on_PDCD1	Insertions_Left	5.1904910204505343e-05	0.0	0.0	0.0	0.0	0.0	0.0	0.0	0.0	0.0	0.0	0.0	0.0	0.0	0.0	0.0	0.0	0.0	0.0	0.0
_scratch_st-cdeboer-1_asfar_VLPs_results_crispresso_aggregated_spacer_CGBE1-NG_rep2_.staging_CRISPRessoPooled_on_CGBE1-NG_D1_rep2_CRISPResso_on_PDCD1	Deletions	5.1904910204505343e-05	2.5952455102252672e-05	2.5952455102252672e-05	2.5952455102252672e-05	5.1904910204505343e-05	2.5952455102252672e-05	2.5952455102252672e-05	2.5952455102252672e-05	2.5952455102252672e-05	2.5952455102252672e-05	7.785736530675803e-05	2.5952455102252672e-05	2.5952455102252672e-05	2.5952455102252672e-05	2.5952455102252672e-05	2.5952455102252672e-05	2.5952455102252672e-05	2.5952455102252672e-05	2.5952455102252672e-05	2.5952455102252672e-05
_scratch_st-cdeboer-1_asfar_VLPs_results_crispresso_aggregated_spacer_CGBE1-NG_rep2_.staging_CRISPRessoPooled_on_CGBE1-NG_D1_rep2_CRISPResso_on_PDCD1	Substitutions	0.00012976227551126336	7.785736530675803e-05	0.00012976227551126336	0.00015571473061351605	0.0001816671857157687	2.5952455102252672e-05	0.00010380982040901069	0.0001816671857157687	0.00015571473061351605	0.00010380982040901069	0.00010380982040901069	0.00023357209592027406	0.0002595245510225267	0.00020761964081802137	5.1904910204505343e-05	0.00010380982040901069	0.00012976227551126336	0.0003114294612270321	7.785736530675803e-05	0.0001816671857157687
_scratch_st-cdeboer-1_asfar_VLPs_results_crispresso_aggregated_spacer_CGBE1-NG_rep2_.staging_CRISPRessoPooled_on_CGBE1-NG_D1_rep2_CRISPResso_on_PDCD1	All_modifications	0.00023357209592027406	0.00015571473061351605	0.00015571473061351605	0.0001816671857157687	0.00023357209592027406	5.1904910204505343e-05	0.00012976227551126336	0.00020761964081802137	0.0001816671857157687	0.00012976227551126336	0.0001816671857157687	0.0002595245510225267	0.0002854770061247794	0.00023357209592027406	7.785736530675803e-05	0.00012976227551126336	0.00015571473061351605	0.00033738191632928474	0.00010380982040901069	0.00020761964081802137
_scratch_st-cdeboer-1_asfar_VLPs_results_crispresso_aggregated_spacer_CGBE1-NG_rep2_.staging_CRISPRessoPooled_on_CGBE1-NG_D2_rep2_CRISPResso_on_PDCD1	Insertions	0.00018513947173537398	0.00018513947173537398	0.0	0.0	0.0	0.0	0.0	0.0	0.0	0.0	0.0	0.0	0.0	0.0	0.0	0.0	0.0	0.0	0.0	0.0
_scratch_st-cdeboer-1_asfar_VLPs_results_crispresso_aggregated_spacer_CGBE1-NG_rep2_.staging_CRISPRessoPooled_on_CGBE1-NG_D2_rep2_CRISPResso_on_PDCD1	Insertions_Left	0.00018513947173537398	0.0	0.0	0.0	0.0	0.0	0.0	0.0	0.0	0.0	0.0	0.0	0.0	0.0	0.0	0.0	0.0	0.0	0.0	0.0
_scratch_st-cdeboer-1_asfar_VLPs_results_crispresso_aggregated_spacer_CGBE1-NG_rep2_.staging_CRISPRessoPooled_on_CGBE1-NG_D2_rep2_CRISPResso_on_PDCD1	Deletions	0.0	0.0	0.0	0.0	0.0	0.0	0.0	0.0	0.0	0.0	4.1142104830083104e-05	0.0	0.0	4.1142104830083104e-05	0.0	0.0	0.0	0.0	0.0	0.0
_scratch_st-cdeboer-1_asfar_VLPs_results_crispresso_aggregated_spacer_CGBE1-NG_rep2_.staging_CRISPRessoPooled_on_CGBE1-NG_D2_rep2_CRISPResso_on_PDCD1	Substitutions	0.00018513947173537398	0.00012342631449024932	0.00012342631449024932	0.00016456841932033242	0.00018513947173537398	0.00024685262898049864	2.0571052415041552e-05	0.00014399736690529088	0.00022628157656545708	0.00018513947173537398	6.171315724512466e-05	0.00022628157656545708	0.00024685262898049864	0.00014399736690529088	6.171315724512466e-05	8.228420966016621e-05	0.00010285526207520777	0.00032913683864066484	0.00010285526207520777	0.00010285526207520777
_scratch_st-cdeboer-1_asfar_VLPs_results_crispresso_aggregated_spacer_CGBE1-NG_rep2_.staging_CRISPRessoPooled_on_CGBE1-NG_D2_rep2_CRISPResso_on_PDCD1	All_modifications	0.00037027894347074796	0.0003085657862256233	0.00012342631449024932	0.00016456841932033242	0.00018513947173537398	0.00024685262898049864	2.0571052415041552e-05	0.00014399736690529088	0.00022628157656545708	0.00018513947173537398	0.00010285526207520777	0.00022628157656545708	0.00024685262898049864	0.00018513947173537398	6.171315724512466e-05	8.228420966016621e-05	0.00010285526207520777	0.00032913683864066484	0.00010285526207520777	0.00010285526207520777
_scratch_st-cdeboer-1_asfar_VLPs_results_crispresso_aggregated_spacer_CGBE1-NG_rep2_.staging_CRISPRessoPooled_on_CGBE1-NG_D3_rep2_CRISPResso_on_PDCD1	Insertions	0.0	0.0	0.0	0.0	0.0	0.0	0.0	0.0	0.0	0.0	0.0	0.0	0.0	0.0	0.0	0.0	0.0	0.0	0.0	0.0
_scratch_st-cdeboer-1_asfar_VLPs_results_crispresso_aggregated_spacer_CGBE1-NG_rep2_.staging_CRISPRessoPooled_on_CGBE1-NG_D3_rep2_CRISPResso_on_PDCD1	Insertions_Left	0.0	0.0	0.0	0.0	0.0	0.0	0.0	0.0	0.0	0.0	0.0	0.0	0.0	0.0	0.0	0.0	0.0	0.0	0.0	0.0
_scratch_st-cdeboer-1_asfar_VLPs_results_crispresso_aggregated_spacer_CGBE1-NG_rep2_.staging_CRISPRessoPooled_on_CGBE1-NG_D3_rep2_CRISPResso_on_PDCD1	Deletions	2.2916595052307127e-05	0.0	0.0	0.0	0.0	0.0	0.0	1.1458297526153563e-05	1.1458297526153563e-05	0.0	4.5833190104614254e-05	0.0	0.0	0.0	0.0	0.0	0.0	0.0	0.0	0.0
_scratch_st-cdeboer-1_asfar_VLPs_results_crispresso_aggregated_spacer_CGBE1-NG_rep2_.staging_CRISPRessoPooled_on_CGBE1-NG_D3_rep2_CRISPResso_on_PDCD1	Substitutions	6.874978515692139e-05	0.00021770765299691772	0.00021770765299691772	0.00010312467773538208	0.0001604161653661499	6.874978515692139e-05	0.00012604127278768921	0.000263540843101532	0.00020624935547076416	0.00018333276041845702	5.729148763076782e-05	0.00021770765299691772	0.00027499914062768555	0.00018333276041845702	6.874978515692139e-05	0.00011458297526153564	9.166638020922851e-05	0.00035520722331076047	0.0001604161653661499	0.00011458297526153564
_scratch_st-cdeboer-1_asfar_VLPs_results_crispresso_aggregated_spacer_CGBE1-NG_rep2_.staging_CRISPRessoPooled_on_CGBE1-NG_D3_rep2_CRISPResso_on_PDCD1	All_modifications	9.166638020922851e-05	0.00021770765299691772	0.00021770765299691772	0.00010312467773538208	0.0001604161653661499	6.874978515692139e-05	0.00012604127278768921	0.00027499914062768555	0.00021770765299691772	0.00018333276041845702	0.00010312467773538208	0.00021770765299691772	0.00027499914062768555	0.00018333276041845702	6.874978515692139e-05	0.00011458297526153564	9.166638020922851e-05	0.00035520722331076047	0.0001604161653661499	0.00011458297526153564
_scratch_st-cdeboer-1_asfar_VLPs_results_crispresso_aggregated_spacer_CGBE1-NG_rep2_.staging_CRISPRessoPooled_on_CGBE1-NG_D4_rep2_CRISPResso_on_PDCD1	Insertions	0.0	0.0	0.0	0.0	0.0	0.0	0.0	0.0	0.0	0.0	0.0	0.0	0.0	0.0	0.0	0.0	0.0	0.0	0.0	0.0
_scratch_st-cdeboer-1_asfar_VLPs_results_crispresso_aggregated_spacer_CGBE1-NG_rep2_.staging_CRISPRessoPooled_on_CGBE1-NG_D4_rep2_CRISPResso_on_PDCD1	Insertions_Left	0.0	0.0	0.0	0.0	0.0	0.0	0.0	0.0	0.0	0.0	0.0	0.0	0.0	0.0	0.0	0.0	0.0	0.0	0.0	0.0
_scratch_st-cdeboer-1_asfar_VLPs_results_crispresso_aggregated_spacer_CGBE1-NG_rep2_.staging_CRISPRessoPooled_on_CGBE1-NG_D4_rep2_CRISPResso_on_PDCD1	Deletions	2.5054179663522365e-05	1.2527089831761183e-05	1.2527089831761183e-05	1.2527089831761183e-05	1.2527089831761183e-05	1.2527089831761183e-05	1.2527089831761183e-05	1.2527089831761183e-05	2.5054179663522365e-05	2.5054179663522365e-05	6.263544915880592e-05	2.5054179663522365e-05	2.5054179663522365e-05	2.5054179663522365e-05	2.5054179663522365e-05	2.5054179663522365e-05	1.2527089831761183e-05	1.2527089831761183e-05	1.2527089831761183e-05	1.2527089831761183e-05
_scratch_st-cdeboer-1_asfar_VLPs_results_crispresso_aggregated_spacer_CGBE1-NG_rep2_.staging_CRISPRessoPooled_on_CGBE1-NG_D4_rep2_CRISPResso_on_PDCD1	Substitutions	0.00013779798814937303	7.51625389905671e-05	0.0001503250779811342	0.00010021671865408946	0.00013779798814937303	8.768962882232828e-05	0.0003131772457940296	0.00017537925764465656	0.00013779798814937303	0.00012527089831761184	0.00018790634747641776	0.00012527089831761184	0.0001628521678128954	0.00017537925764465656	6.263544915880592e-05	7.51625389905671e-05	0.0001628521678128954	0.0003006501559622684	0.00012527089831761184	0.00011274380848585066
_scratch_st-cdeboer-1_asfar_VLPs_results_crispresso_aggregated_spacer_CGBE1-NG_rep2_.staging_CRISPRessoPooled_on_CGBE1-NG_D4_rep2_CRISPResso_on_PDCD1	All_modifications	0.0001628521678128954	8.768962882232828e-05	0.0001628521678128954	0.00011274380848585066	0.0001503250779811342	0.00010021671865408946	0.0003257043356257908	0.00018790634747641776	0.0001628521678128954	0.0001503250779811342	0.0002505417966352237	0.0001503250779811342	0.00018790634747641776	0.00020043343730817892	8.768962882232828e-05	0.00010021671865408946	0.00017537925764465656	0.0003131772457940296	0.00013779798814937303	0.00012527089831761184
_scratch_st-cdeboer-1_asfar_VLPs_results_crispresso_aggregated_spacer_CGBE1-NG_rep2_.staging_CRISPRessoPooled_on_CGBE1-NG_D5_rep2_CRISPResso_on_PDCD1	Insertions	0.0	0.0	0.0	0.0	0.0	0.0	0.0	0.0	0.0	0.0	0.0	0.0	0.0	0.0	0.0	0.0	0.0	0.0	0.0	0.0
_scratch_st-cdeboer-1_asfar_VLPs_results_crispresso_aggregated_spacer_CGBE1-NG_rep2_.staging_CRISPRessoPooled_on_CGBE1-NG_D5_rep2_CRISPResso_on_PDCD1	Insertions_Left	0.0	0.0	0.0	0.0	0.0	0.0	0.0	0.0	0.0	0.0	0.0	0.0	0.0	0.0	0.0	0.0	0.0	0.0	0.0	0.0
_scratch_st-cdeboer-1_asfar_VLPs_results_crispresso_aggregated_spacer_CGBE1-NG_rep2_.staging_CRISPRessoPooled_on_CGBE1-NG_D5_rep2_CRISPResso_on_PDCD1	Deletions	0.00014113253430606218	0.00013027618551328816	0.00013027618551328816	0.00013027618551328816	0.00013027618551328816	0.00013027618551328816	0.00013027618551328816	0.00013027618551328816	0.00013027618551328816	0.00013027618551328816	0.00019541427826993225	0.00013027618551328816	0.00013027618551328816	0.00013027618551328816	0.00013027618551328816	0.00013027618551328816	0.00010856348792774015	0.00010856348792774015	0.00010856348792774015	0.00011941983672051415
_scratch_st-cdeboer-1_asfar_VLPs_results_crispresso_aggregated_spacer_CGBE1-NG_rep2_.staging_CRISPRessoPooled_on_CGBE1-NG_D5_rep2_CRISPResso_on_PDCD1	Substitutions	0.00020627062706270627	0.00022798332464825429	0.00014113253430606218	0.00010856348792774015	0.00017370158068438424	8.685079034219212e-05	0.00033654681257599446	0.0002171269758554803	0.00017370158068438424	0.0002171269758554803	0.00013027618551328816	0.0002171269758554803	0.0002605523710265763	0.00018455792947715823	7.59944415494181e-05	0.00010856348792774015	0.0001519888830988362	0.00024969602223380235	8.685079034219212e-05	4.342539517109606e-05
_scratch_st-cdeboer-1_asfar_VLPs_results_crispresso_aggregated_spacer_CGBE1-NG_rep2_.staging_CRISPRessoPooled_on_CGBE1-NG_D5_rep2_CRISPResso_on_PDCD1	All_modifications	0.0003474031613687685	0.00035825951016154245	0.00027140871981935034	0.0002388396734410283	0.0003039777661976724	0.0002171269758554803	0.0004668229980892826	0.0003474031613687685	0.0003039777661976724	0.0003474031613687685	0.00032569046378322044	0.0003474031613687685	0.0003908285565398645	0.0003148341149904464	0.00020627062706270627	0.0002388396734410283	0.0002605523710265763	0.00035825951016154245	0.00019541427826993225	0.00016284523189161022
