Folder	Modification	G	G	A	G	G	C	T	A	T	C	C	A	G	C	G	T	G	A	G	T
_scratch_st-cdeboer-1_asfar_VLPs_results_crispresso_aggregated_spacer_CGBE1_rep1_.staging_CRISPRessoPooled_on_CGBE1_D0_rep1_CRISPResso_on_B2M	Insertions	0.0	0.0	0.0	0.0	0.0	0.0	0.0	0.0	0.0	0.0	0.0	0.0	0.0	0.0	0.0	0.0	0.0	0.0	0.0	0.0
_scratch_st-cdeboer-1_asfar_VLPs_results_crispresso_aggregated_spacer_CGBE1_rep1_.staging_CRISPRessoPooled_on_CGBE1_D0_rep1_CRISPResso_on_B2M	Insertions_Left	0.0	0.0	0.0	0.0	0.0	0.0	0.0	0.0	0.0	0.0	0.0	0.0	0.0	0.0	0.0	0.0	0.0	0.0	0.0	0.0
_scratch_st-cdeboer-1_asfar_VLPs_results_crispresso_aggregated_spacer_CGBE1_rep1_.staging_CRISPRessoPooled_on_CGBE1_D0_rep1_CRISPResso_on_B2M	Deletions	0.0	3.970932772108168e-05	0.0	0.0	0.0	0.0	0.0	0.0	2.382559663264901e-05	0.0	0.0	0.0	0.0	0.0	0.0	0.0	0.0	0.0	0.0	0.0
_scratch_st-cdeboer-1_asfar_VLPs_results_crispresso_aggregated_spacer_CGBE1_rep1_.staging_CRISPRessoPooled_on_CGBE1_D0_rep1_CRISPResso_on_B2M	Substitutions	0.0003732676805781678	0.0007624190922447683	0.0002461978318707064	0.0002382559663264901	0.00016677917642854306	0.00015883731088432672	0.0002779652940475718	0.00021443036969384107	0.0003017908906802208	0.00016677917642854306	0.00013501171425167773	0.0003017908906802208	0.00018266290751697573	0.0002859071595917881	0.00011118611761902871	0.0002859071595917881	0.0002461978318707064	0.00019060477306119208	0.00022237223523805742	0.0003732676805781678
_scratch_st-cdeboer-1_asfar_VLPs_results_crispresso_aggregated_spacer_CGBE1_rep1_.staging_CRISPRessoPooled_on_CGBE1_D0_rep1_CRISPResso_on_B2M	All_modifications	0.0003732676805781678	0.00080212841996585	0.0002461978318707064	0.0002382559663264901	0.00016677917642854306	0.00015883731088432672	0.0002779652940475718	0.00021443036969384107	0.0003256164873128698	0.00016677917642854306	0.00013501171425167773	0.0003017908906802208	0.00018266290751697573	0.0002859071595917881	0.00011118611761902871	0.0002859071595917881	0.0002461978318707064	0.00019060477306119208	0.00022237223523805742	0.0003732676805781678
_scratch_st-cdeboer-1_asfar_VLPs_results_crispresso_aggregated_spacer_CGBE1_rep1_.staging_CRISPRessoPooled_on_CGBE1_D1_rep1_CRISPResso_on_B2M	Insertions	0.0	0.0	0.0001235134276740657	0.0001235134276740657	0.0	0.0	7.057910152803755e-05	7.057910152803755e-05	0.0	0.00033525073225817835	0.00033525073225817835	0.0	0.0	5.293432614602816e-05	5.293432614602816e-05	0.0	0.0	0.00022938207996612203	0.00022938207996612203	0.0
_scratch_st-cdeboer-1_asfar_VLPs_results_crispresso_aggregated_spacer_CGBE1_rep1_.staging_CRISPRessoPooled_on_CGBE1_D1_rep1_CRISPResso_on_B2M	Insertions_Left	0.0	0.0	0.0001235134276740657	0.0	0.0	0.0	7.057910152803755e-05	0.0	0.0	0.00033525073225817835	0.0	0.0	0.0	5.293432614602816e-05	0.0	0.0	0.0	0.00022938207996612203	0.0	0.0
_scratch_st-cdeboer-1_asfar_VLPs_results_crispresso_aggregated_spacer_CGBE1_rep1_.staging_CRISPRessoPooled_on_CGBE1_D1_rep1_CRISPResso_on_B2M	Deletions	1.764477538200939e-05	8.822387691004694e-05	5.293432614602816e-05	3.528955076401878e-05	0.00021173730458411263	0.00021173730458411263	0.00033525073225817835	0.00033525073225817835	0.0004058298337862159	0.0004058298337862159	0.0007940148921904225	0.0007763701168084131	0.00044111938455023466	0.00019409252920210327	7.057910152803755e-05	0.00019409252920210327	0.00019409252920210327	0.00019409252920210327	0.00019409252920210327	0.0001411582030560751
_scratch_st-cdeboer-1_asfar_VLPs_results_crispresso_aggregated_spacer_CGBE1_rep1_.staging_CRISPRessoPooled_on_CGBE1_D1_rep1_CRISPResso_on_B2M	Substitutions	0.00044111938455023466	0.0006881462398983661	0.00044111938455023466	0.00021173730458411263	0.0002646716307301408	0.0001235134276740657	0.00029996118149415956	0.00031760595687616895	0.00031760595687616895	0.0001235134276740657	0.00022938207996612203	0.00038818505840420653	0.00033525073225817835	0.00015880297843808448	0.004499417722412393	0.0002646716307301408	0.015756784416134383	0.00035289550764018774	0.00037054028302219714	0.0004940537106962628
_scratch_st-cdeboer-1_asfar_VLPs_results_crispresso_aggregated_spacer_CGBE1_rep1_.staging_CRISPRessoPooled_on_CGBE1_D1_rep1_CRISPResso_on_B2M	All_modifications	0.00045876415993224406	0.0007763701168084131	0.0006175671383703285	0.00037054028302219714	0.00047640893531425345	0.00033525073225817835	0.0007057910152803755	0.0007234357906623849	0.0007234357906623849	0.0008645939937184599	0.0013586477044147229	0.0011645551752126196	0.0007763701168084131	0.0004058298337862159	0.004622931150086459	0.00045876415993224406	0.015950876945336485	0.0007763701168084131	0.0007940148921904225	0.0006352119137523379
_scratch_st-cdeboer-1_asfar_VLPs_results_crispresso_aggregated_spacer_CGBE1_rep1_.staging_CRISPRessoPooled_on_CGBE1_D2_rep1_CRISPResso_on_B2M	Insertions	0.0	0.0	0.0	0.0	5.274168878887502e-05	5.274168878887502e-05	0.00029886956980362513	0.0005977391396072503	0.0004922557620295002	0.0005274168878887502	0.00033403069566287515	0.0	0.0	0.0	0.0	0.0	1.7580562929625007e-05	1.7580562929625007e-05	0.0	0.0
_scratch_st-cdeboer-1_asfar_VLPs_results_crispresso_aggregated_spacer_CGBE1_rep1_.staging_CRISPRessoPooled_on_CGBE1_D2_rep1_CRISPResso_on_B2M	Insertions_Left	0.0	0.0	0.0	0.0	5.274168878887502e-05	0.0	0.00029886956980362513	0.00029886956980362513	0.00019338619222587506	0.00033403069566287515	0.0	0.0	0.0	0.0	0.0	0.0	1.7580562929625007e-05	0.0	0.0	0.0
_scratch_st-cdeboer-1_asfar_VLPs_results_crispresso_aggregated_spacer_CGBE1_rep1_.staging_CRISPRessoPooled_on_CGBE1_D2_rep1_CRISPResso_on_B2M	Deletions	0.0003691918215221251	0.00043951407324062516	0.00040435294738137514	0.0006153197025368753	0.0012306394050737505	0.0014416061602292504	0.0015295089748773756	0.0018635396705402507	0.002092086988625376	0.002109667551555001	0.002390956558429001	0.002267892617921626	0.002232731492062376	0.0022151509291327507	0.002162409240343876	0.0019866036110476257	0.0019690230481180008	0.0014416061602292504	0.0013712839085107506	0.0010899949016367504
_scratch_st-cdeboer-1_asfar_VLPs_results_crispresso_aggregated_spacer_CGBE1_rep1_.staging_CRISPRessoPooled_on_CGBE1_D2_rep1_CRISPResso_on_B2M	Substitutions	0.00029886956980362513	0.0007911253318331253	0.0003516112585925001	0.00042193351031100015	0.00040435294738137514	0.0002812890068740001	0.0003516112585925001	0.00022854731808512509	0.00040435294738137514	0.0002637084439443751	0.00010548337757775004	0.0003691918215221251	0.00045709463617025017	0.00021096675515550007	0.013079938819641005	0.0004922557620295002	0.04367011831718852	0.0004922557620295002	0.0005449974508183752	0.0005977391396072503
_scratch_st-cdeboer-1_asfar_VLPs_results_crispresso_aggregated_spacer_CGBE1_rep1_.staging_CRISPRessoPooled_on_CGBE1_D2_rep1_CRISPResso_on_B2M	All_modifications	0.0006680613913257503	0.0012306394050737505	0.0007559642059738752	0.0010372532128478753	0.0016877340412440006	0.0017756368558921258	0.002179989803273501	0.002689826128232626	0.002988695698036251	0.0029007928833881262	0.002830470631669626	0.002637084439443751	0.002689826128232626	0.002426117684288251	0.015242348059984881	0.002478859373077126	0.045656721928236145	0.0019514424851883757	0.0019162813593291256	0.0016877340412440006
_scratch_st-cdeboer-1_asfar_VLPs_results_crispresso_aggregated_spacer_CGBE1_rep1_.staging_CRISPRessoPooled_on_CGBE1_D3_rep1_CRISPResso_on_B2M	Insertions	0.0	0.0	0.00022864982279638732	0.0002667581265957852	0.00024770397469608626	0.00020959567089668838	0.0008764909873861514	0.001371898936778324	0.0006287870126900652	0.0022293357722647767	0.002095956708966884	0.0	0.0	0.0002667581265957852	0.0004954079493921725	0.0005144621012918715	0.00028581227849548414	0.00011432491139819366	0.00011432491139819366	0.0
_scratch_st-cdeboer-1_asfar_VLPs_results_crispresso_aggregated_spacer_CGBE1_rep1_.staging_CRISPRessoPooled_on_CGBE1_D3_rep1_CRISPResso_on_B2M	Insertions_Left	0.0	0.0	0.00022864982279638732	3.810830379939789e-05	0.00020959567089668838	0.0	0.0008764909873861514	0.0004954079493921725	0.0001333790632978926	0.002095956708966884	0.0	0.0	0.0	0.0002667581265957852	0.00022864982279638732	0.00028581227849548414	0.0	0.00011432491139819366	0.0	0.0
_scratch_st-cdeboer-1_asfar_VLPs_results_crispresso_aggregated_spacer_CGBE1_rep1_.staging_CRISPRessoPooled_on_CGBE1_D3_rep1_CRISPResso_on_B2M	Deletions	0.00041919134179337677	0.0006097328607903663	0.0007240577721885599	0.0007812202278876567	0.0017910902785717008	0.0018863610380701955	0.0022483899241644754	0.0029152852406539383	0.003353530734347014	0.0032773141267482186	0.003829884531839488	0.0035821805571434016	0.0035250181014443048	0.0032010975191494226	0.003467855645745208	0.003353530734347014	0.0032582599748485195	0.0027628520254563468	0.0026866354178575512	0.0019625776456689914
_scratch_st-cdeboer-1_asfar_VLPs_results_crispresso_aggregated_spacer_CGBE1_rep1_.staging_CRISPRessoPooled_on_CGBE1_D3_rep1_CRISPResso_on_B2M	Substitutions	0.0006287870126900652	0.0010098700506840442	0.00041919134179337677	0.00045729964559277465	0.0003239205822948821	0.0005906787088906673	0.00040013718989367783	0.0007812202278876567	0.0008002743797873557	0.0003810830379939789	0.0007240577721885599	0.0005525704050912694	0.0007812202278876567	0.0006287870126900652	0.0342784192675584	0.00030486643039518313	0.10376891124576045	0.0007050036202888609	0.0008193285316870547	0.00024770397469608626
_scratch_st-cdeboer-1_asfar_VLPs_results_crispresso_aggregated_spacer_CGBE1_rep1_.staging_CRISPRessoPooled_on_CGBE1_D3_rep1_CRISPResso_on_B2M	All_modifications	0.001047978354483442	0.0016196029114744102	0.001371898936778324	0.0015052780000762167	0.002362714835562669	0.0026866354178575512	0.0035250181014443048	0.005068404405319919	0.004782592126824435	0.0058877329370069734	0.0066498990129949314	0.004134750962234671	0.0043062383293319614	0.004096642658435273	0.03824168286269578	0.004172859266034069	0.10731298349910445	0.0035821805571434016	0.0036202888609427994	0.0022102816203650776
_scratch_st-cdeboer-1_asfar_VLPs_results_crispresso_aggregated_spacer_CGBE1_rep1_.staging_CRISPRessoPooled_on_CGBE1_D4_rep1_CRISPResso_on_B2M	Insertions	0.0	1.7047972996010776e-05	0.0001363837839680862	0.00047734324388830167	0.002506052030413584	0.0023185243274574654	0.0019093729755532067	0.002710627706365713	0.0016877493266050667	0.00900132974189369	0.008285314876061236	0.00020457567595212928	0.00034095945992021546	0.00034095945992021546	0.0005455351358723448	0.0006478229738484094	0.0006648709468444202	0.0007160148658324526	0.00047734324388830167	0.0001363837839680862
_scratch_st-cdeboer-1_asfar_VLPs_results_crispresso_aggregated_spacer_CGBE1_rep1_.staging_CRISPRessoPooled_on_CGBE1_D4_rep1_CRISPResso_on_B2M	Insertions_Left	0.0	1.7047972996010776e-05	0.00011933581097207542	0.0003580074329162263	0.0021480445974973576	0.00017047972996010773	0.001738893245593099	0.0009717344607726141	0.0007160148658324526	0.008285314876061236	0.0	0.00020457567595212928	0.0001363837839680862	0.00020457567595212928	0.00034095945992021546	0.00030686351392819394	0.0003580074329162263	0.0003580074329162263	0.00011933581097207542	1.7047972996010776e-05
_scratch_st-cdeboer-1_asfar_VLPs_results_crispresso_aggregated_spacer_CGBE1_rep1_.staging_CRISPRessoPooled_on_CGBE1_D4_rep1_CRISPResso_on_B2M	Deletions	0.004483616897950834	0.004960960141839135	0.0066146135224521806	0.007535204064236762	0.013263322990896382	0.013791810153772717	0.017405980428927	0.02071328719015309	0.025384431791060043	0.025213952061099935	0.027225612874629206	0.025162808142111904	0.02402059395137918	0.022810187868662415	0.020440519622216918	0.018497050700671692	0.017883323672815303	0.014593064884585222	0.012496164206075898	0.008183027038085171
_scratch_st-cdeboer-1_asfar_VLPs_results_crispresso_aggregated_spacer_CGBE1_rep1_.staging_CRISPRessoPooled_on_CGBE1_D4_rep1_CRISPResso_on_B2M	Substitutions	0.0006478229738484094	0.0011251662177367112	0.0004602952708922909	0.0006137270278563879	0.0011592621637287327	0.00264243581438167	0.0004261993249002694	0.003716458113130349	0.003102731085273961	0.0014831736506529373	0.0008012547308125064	0.0010228783797606464	0.002710627706365713	0.0009035425687885711	0.14454976303317535	0.0010228783797606464	0.48100855808244397	0.0010228783797606464	0.001738893245593099	0.0006307750008523986
_scratch_st-cdeboer-1_asfar_VLPs_results_crispresso_aggregated_spacer_CGBE1_rep1_.staging_CRISPRessoPooled_on_CGBE1_D4_rep1_CRISPResso_on_B2M	All_modifications	0.005131439871799243	0.0061031743325718575	0.007211292577312557	0.008626274335981452	0.0169286371850387	0.018752770295611853	0.019741552729380475	0.027140373009649152	0.03017491220293907	0.03569845545364656	0.03631218248150295	0.026390262197824678	0.02707218111766511	0.024054689897371202	0.1655358177912646	0.020167752054280747	0.4995567527021037	0.01633195813017832	0.014712400695557298	0.008950185822905656
_scratch_st-cdeboer-1_asfar_VLPs_results_crispresso_aggregated_spacer_CGBE1_rep1_.staging_CRISPRessoPooled_on_CGBE1_D5_rep1_CRISPResso_on_B2M	Insertions	1.9533793462690453e-05	0.00022789425706472196	0.0002539393150149759	4.5578851412944395e-05	0.002324521422060164	0.0025979945305378304	0.0021682510743586403	0.002904023961453314	0.0015692147415028	0.008171636931892174	0.007611668185961714	9.115770282588879e-05	0.0002213829925771585	0.0005729912749055867	0.0009441333506967053	0.0015627034770152363	0.001692928766766506	0.0007813517385076181	0.00014975908321396015	0.00011720276077614273
_scratch_st-cdeboer-1_asfar_VLPs_results_crispresso_aggregated_spacer_CGBE1_rep1_.staging_CRISPRessoPooled_on_CGBE1_D5_rep1_CRISPResso_on_B2M	Insertions_Left	1.9533793462690453e-05	0.0002083604636020315	4.5578851412944395e-05	0.0	0.002324521422060164	0.00027347310847766635	0.001894777965880974	0.0010092459955723403	0.0005599687459304596	0.007611668185961714	0.0	9.115770282588879e-05	0.0001302252897512697	0.000442765985154317	0.0005013673655423883	0.001061336111472848	0.000631592655293658	0.00014975908321396015	0.0	0.00011720276077614273
_scratch_st-cdeboer-1_asfar_VLPs_results_crispresso_aggregated_spacer_CGBE1_rep1_.staging_CRISPRessoPooled_on_CGBE1_D5_rep1_CRISPResso_on_B2M	Deletions	0.00500716239093632	0.00543690584711551	0.0063745279333246516	0.007331683812996484	0.012820679776012502	0.013895038416460477	0.015952597994530537	0.01739809871076963	0.02187784867821331	0.022164344315666103	0.024729782523766116	0.02340799583279073	0.022522463862482096	0.02128532360984503	0.018264096887615575	0.01599166558145592	0.01536007292616226	0.012364891261883058	0.011127751009245996	0.007572600599036333
_scratch_st-cdeboer-1_asfar_VLPs_results_crispresso_aggregated_spacer_CGBE1_rep1_.staging_CRISPRessoPooled_on_CGBE1_D5_rep1_CRISPResso_on_B2M	Substitutions	0.0006641489777314755	0.001022268524547467	0.0004362547206667535	0.0011394712853236098	0.0008073967964578721	0.0016473499153535616	0.0006055475973434041	0.003639796848547988	0.0033207448886573773	0.0010418023180101576	0.0008008855319703086	0.0007162390936319834	0.0016408386508659982	0.0007292616226071103	0.1540500065112645	0.0016408386508659982	0.49290923297304334	0.0013348092199505144	0.0026826409688761555	0.0006836827711941659
_scratch_st-cdeboer-1_asfar_VLPs_results_crispresso_aggregated_spacer_CGBE1_rep1_.staging_CRISPRessoPooled_on_CGBE1_D5_rep1_CRISPResso_on_B2M	All_modifications	0.005690845162130486	0.006687068628727699	0.007064721969006381	0.008516733949733037	0.015952597994530537	0.018140382862351867	0.018726396666232582	0.023941919520770932	0.026767808308373487	0.03137778356556843	0.033142336241698135	0.0242153926292486	0.02438468550592525	0.02258757650735773	0.17325823674957677	0.019195207709337154	0.5099622346659721	0.014481052220341191	0.013960151061336112	0.00837348613100664
