Folder	Modification	G	G	C	C	C	A	G	A	C	T	G	A	G	C	A	C	G	T	G	A
_scratch_st-cdeboer-1_asfar_VLPs_results_crispresso_aggregated_spacer_CGBE1_rep1_.staging_CRISPRessoPooled_on_CGBE1_D0_rep1_CRISPResso_on_HEK3	Insertions	0.0	0.0	0.0	0.0	0.0	0.0	0.0	0.0	0.0	0.0	0.0	0.0	0.0	0.0	0.0	0.0	0.0	0.0	0.0	0.0
_scratch_st-cdeboer-1_asfar_VLPs_results_crispresso_aggregated_spacer_CGBE1_rep1_.staging_CRISPRessoPooled_on_CGBE1_D0_rep1_CRISPResso_on_HEK3	Insertions_Left	0.0	0.0	0.0	0.0	0.0	0.0	0.0	0.0	0.0	0.0	0.0	0.0	0.0	0.0	0.0	0.0	0.0	0.0	0.0	0.0
_scratch_st-cdeboer-1_asfar_VLPs_results_crispresso_aggregated_spacer_CGBE1_rep1_.staging_CRISPRessoPooled_on_CGBE1_D0_rep1_CRISPResso_on_HEK3	Deletions	0.0	5.4343395918810965e-05	0.0	0.0	0.0	0.0	0.0	0.0	0.0	0.0	0.0	0.0	0.0	0.0	0.0	0.0	0.0	0.0	0.0	0.0
_scratch_st-cdeboer-1_asfar_VLPs_results_crispresso_aggregated_spacer_CGBE1_rep1_.staging_CRISPRessoPooled_on_CGBE1_D0_rep1_CRISPResso_on_HEK3	Substitutions	0.00024454528163464934	0.0001630301877564329	0.00010868679183762193	5.4343395918810965e-05	0.00024454528163464934	0.00021737358367524386	8.151509387821645e-05	0.0001358584897970274	2.7171697959405482e-05	0.0001630301877564329	0.0001630301877564329	0.00035323207347227127	0.0001358584897970274	0.0001630301877564329	0.00019020188571583838	0.0001630301877564329	0.0001358584897970274	0.00019020188571583838	0.0001358584897970274	0.0001630301877564329
_scratch_st-cdeboer-1_asfar_VLPs_results_crispresso_aggregated_spacer_CGBE1_rep1_.staging_CRISPRessoPooled_on_CGBE1_D0_rep1_CRISPResso_on_HEK3	All_modifications	0.00024454528163464934	0.00021737358367524386	0.00010868679183762193	5.4343395918810965e-05	0.00024454528163464934	0.00021737358367524386	8.151509387821645e-05	0.0001358584897970274	2.7171697959405482e-05	0.0001630301877564329	0.0001630301877564329	0.00035323207347227127	0.0001358584897970274	0.0001630301877564329	0.00019020188571583838	0.0001630301877564329	0.0001358584897970274	0.00019020188571583838	0.0001358584897970274	0.0001630301877564329
_scratch_st-cdeboer-1_asfar_VLPs_results_crispresso_aggregated_spacer_CGBE1_rep1_.staging_CRISPRessoPooled_on_CGBE1_D1_rep1_CRISPResso_on_HEK3	Insertions	0.0	0.0	0.0	0.0	0.0	0.0	0.0	0.0	0.0	0.0	0.0	0.0	0.0	0.0	0.0	0.0	0.0	0.0	0.0	0.0
_scratch_st-cdeboer-1_asfar_VLPs_results_crispresso_aggregated_spacer_CGBE1_rep1_.staging_CRISPRessoPooled_on_CGBE1_D1_rep1_CRISPResso_on_HEK3	Insertions_Left	0.0	0.0	0.0	0.0	0.0	0.0	0.0	0.0	0.0	0.0	0.0	0.0	0.0	0.0	0.0	0.0	0.0	0.0	0.0	0.0
_scratch_st-cdeboer-1_asfar_VLPs_results_crispresso_aggregated_spacer_CGBE1_rep1_.staging_CRISPRessoPooled_on_CGBE1_D1_rep1_CRISPResso_on_HEK3	Deletions	0.00013364517206815904	0.00013364517206815904	0.00013364517206815904	0.00013364517206815904	0.0004009355162044771	0.00013364517206815904	0.00013364517206815904	0.00013364517206815904	0.00013364517206815904	0.00013364517206815904	0.00020046775810223855	6.682258603407952e-05	6.682258603407952e-05	6.682258603407952e-05	6.682258603407952e-05	6.682258603407952e-05	0.0	0.0	0.0	0.0
_scratch_st-cdeboer-1_asfar_VLPs_results_crispresso_aggregated_spacer_CGBE1_rep1_.staging_CRISPRessoPooled_on_CGBE1_D1_rep1_CRISPResso_on_HEK3	Substitutions	0.0006682258603407952	0.0004677581022385566	0.00026729034413631807	0.0031406615436017373	0.007283661877714668	6.682258603407952e-05	0.0003341129301703976	6.682258603407952e-05	0.0003341129301703976	0.00013364517206815904	0.0003341129301703976	6.682258603407952e-05	0.00013364517206815904	6.682258603407952e-05	0.00020046775810223855	0.00020046775810223855	0.00013364517206815904	0.0	0.00013364517206815904	0.00020046775810223855
_scratch_st-cdeboer-1_asfar_VLPs_results_crispresso_aggregated_spacer_CGBE1_rep1_.staging_CRISPRessoPooled_on_CGBE1_D1_rep1_CRISPResso_on_HEK3	All_modifications	0.0008018710324089542	0.0006014032743067157	0.0004009355162044771	0.0032743067156698964	0.007684597393919144	0.00020046775810223855	0.0004677581022385566	0.00020046775810223855	0.0004677581022385566	0.00026729034413631807	0.0005345806882726361	0.00013364517206815904	0.00020046775810223855	0.00013364517206815904	0.00026729034413631807	0.00026729034413631807	0.00013364517206815904	0.0	0.00013364517206815904	0.00020046775810223855
_scratch_st-cdeboer-1_asfar_VLPs_results_crispresso_aggregated_spacer_CGBE1_rep1_.staging_CRISPRessoPooled_on_CGBE1_D2_rep1_CRISPResso_on_HEK3	Insertions	0.0	0.0	0.0	0.00010596962204168139	0.00035323207347227127	0.00031790886612504413	7.064641469445426e-05	0.0	3.532320734722713e-05	0.0007064641469445425	0.0006711409395973154	0.0	0.0	0.0	3.532320734722713e-05	3.532320734722713e-05	0.00017661603673613564	0.00017661603673613564	0.0	0.0
_scratch_st-cdeboer-1_asfar_VLPs_results_crispresso_aggregated_spacer_CGBE1_rep1_.staging_CRISPRessoPooled_on_CGBE1_D2_rep1_CRISPResso_on_HEK3	Insertions_Left	0.0	0.0	0.0	0.00010596962204168139	0.0002472624514305899	7.064641469445426e-05	0.0	0.0	3.532320734722713e-05	0.0006711409395973154	0.0	0.0	0.0	0.0	3.532320734722713e-05	0.0	0.00017661603673613564	0.0	0.0	0.0
_scratch_st-cdeboer-1_asfar_VLPs_results_crispresso_aggregated_spacer_CGBE1_rep1_.staging_CRISPRessoPooled_on_CGBE1_D2_rep1_CRISPResso_on_HEK3	Deletions	0.0006004945249028612	0.0022606852702225363	0.0006711409395973154	0.001377605086541858	0.0029671494171670787	0.001412928293889085	0.0015188979159307665	0.0018014835747085834	0.002190038855528082	0.002190038855528082	0.0022960084775697632	0.0022960084775697632	0.0020487460261391735	0.0015188979159307665	0.001095019427764041	0.0010243730130695867	0.0006711409395973154	0.0004945249028611798	0.0004945249028611798	0.00035323207347227127
_scratch_st-cdeboer-1_asfar_VLPs_results_crispresso_aggregated_spacer_CGBE1_rep1_.staging_CRISPRessoPooled_on_CGBE1_D2_rep1_CRISPResso_on_HEK3	Substitutions	0.0002472624514305899	0.0004945249028611798	0.0021547156481808547	0.023701872129989403	0.05263157894736842	0.00010596962204168139	0.00031790886612504413	0.00017661603673613564	0.003779583186153303	0.00014129282938890852	0.0002472624514305899	0.00021193924408336278	0.00014129282938890852	0.00021193924408336278	0.00017661603673613564	0.00014129282938890852	0.00028258565877781704	0.0002472624514305899	0.00017661603673613564	0.00021193924408336278
_scratch_st-cdeboer-1_asfar_VLPs_results_crispresso_aggregated_spacer_CGBE1_rep1_.staging_CRISPRessoPooled_on_CGBE1_D2_rep1_CRISPResso_on_HEK3	All_modifications	0.0008477569763334511	0.002755210173083716	0.00282585658777817	0.025185446838572944	0.05595196043800777	0.0018368067820558106	0.0019074531967502649	0.001978099611444719	0.006004945249028612	0.003037795831861533	0.0032144118685976685	0.002507947721653126	0.002190038855528082	0.0017308371600141294	0.0013069586718474037	0.0012009890498057224	0.0011303426351112682	0.0009184033910279053	0.0006711409395973154	0.0005651713175556341
_scratch_st-cdeboer-1_asfar_VLPs_results_crispresso_aggregated_spacer_CGBE1_rep1_.staging_CRISPRessoPooled_on_CGBE1_D3_rep1_CRISPResso_on_HEK3	Insertions	0.0	0.0	0.0	0.0	0.0	4.810930433945925e-05	7.216395650918888e-05	2.4054652169729625e-05	0.0	2.4054652169729625e-05	2.4054652169729625e-05	0.0	0.0	0.0	0.0	0.00016838256518810738	0.00016838256518810738	0.0	0.0	0.0
_scratch_st-cdeboer-1_asfar_VLPs_results_crispresso_aggregated_spacer_CGBE1_rep1_.staging_CRISPRessoPooled_on_CGBE1_D3_rep1_CRISPResso_on_HEK3	Insertions_Left	0.0	0.0	0.0	0.0	0.0	4.810930433945925e-05	2.4054652169729625e-05	0.0	0.0	2.4054652169729625e-05	0.0	0.0	0.0	0.0	0.0	0.00016838256518810738	0.0	0.0	0.0	0.0
_scratch_st-cdeboer-1_asfar_VLPs_results_crispresso_aggregated_spacer_CGBE1_rep1_.staging_CRISPRessoPooled_on_CGBE1_D3_rep1_CRISPResso_on_HEK3	Deletions	9.62186086789185e-05	0.000384874434715674	0.00012027326084864813	0.00012027326084864813	0.0002886558260367555	0.00014432791301837776	0.00016838256518810738	0.000192437217357837	0.000192437217357837	0.00014432791301837776	0.00016838256518810738	0.00021649186952756662	0.00016838256518810738	0.00012027326084864813	4.810930433945925e-05	4.810930433945925e-05	4.810930433945925e-05	4.810930433945925e-05	4.810930433945925e-05	4.810930433945925e-05
_scratch_st-cdeboer-1_asfar_VLPs_results_crispresso_aggregated_spacer_CGBE1_rep1_.staging_CRISPRessoPooled_on_CGBE1_D3_rep1_CRISPResso_on_HEK3	Substitutions	0.00024054652169729627	0.00031271047820648516	0.000192437217357837	0.0033195419994226883	0.008226691042047532	0.00012027326084864813	0.000192437217357837	0.00016838256518810738	0.0006013663042432406	0.000192437217357837	0.00026460117386702586	0.00024054652169729627	0.00016838256518810738	0.00012027326084864813	0.00014432791301837776	0.00014432791301837776	0.00031271047820648516	0.00016838256518810738	0.00016838256518810738	0.0002886558260367555
_scratch_st-cdeboer-1_asfar_VLPs_results_crispresso_aggregated_spacer_CGBE1_rep1_.staging_CRISPRessoPooled_on_CGBE1_D3_rep1_CRISPResso_on_HEK3	All_modifications	0.00033676513037621475	0.0006975849129221591	0.00031271047820648516	0.0034398152602713363	0.008515346868084287	0.00031271047820648516	0.00043298373905513324	0.000384874434715674	0.0007938035216010777	0.0003608197825459444	0.0004570383912248629	0.0004570383912248629	0.00033676513037621475	0.00024054652169729627	0.000192437217357837	0.0003608197825459444	0.0005292023477340517	0.00021649186952756662	0.00021649186952756662	0.00033676513037621475
_scratch_st-cdeboer-1_asfar_VLPs_results_crispresso_aggregated_spacer_CGBE1_rep1_.staging_CRISPRessoPooled_on_CGBE1_D4_rep1_CRISPResso_on_HEK3	Insertions	0.0	0.0	0.0	0.0	0.0	0.0	0.0	0.0	0.0	0.0014096613374591715	0.0014096613374591715	0.0	0.0	0.0	0.0	0.0	0.00017190991920233798	0.00017190991920233798	0.0	0.0
_scratch_st-cdeboer-1_asfar_VLPs_results_crispresso_aggregated_spacer_CGBE1_rep1_.staging_CRISPRessoPooled_on_CGBE1_D4_rep1_CRISPResso_on_HEK3	Insertions_Left	0.0	0.0	0.0	0.0	0.0	0.0	0.0	0.0	0.0	0.0014096613374591715	0.0	0.0	0.0	0.0	0.0	0.0	0.00017190991920233798	0.0	0.0	0.0
_scratch_st-cdeboer-1_asfar_VLPs_results_crispresso_aggregated_spacer_CGBE1_rep1_.staging_CRISPRessoPooled_on_CGBE1_D4_rep1_CRISPResso_on_HEK3	Deletions	0.0017190991920233798	0.00457280385078219	0.0020629190304280558	0.0037476362386109677	0.006188757091284167	0.004057074093175176	0.004057074093175176	0.004847859721505931	0.005122915592229672	0.003816400206291903	0.00443527591542032	0.004160220044696579	0.0031975244971634864	0.002613030771875537	0.002131682998108991	0.0020629190304280558	0.0017878631597043149	0.0009970775313735602	0.0008251676121712223	0.0007907856283307547
_scratch_st-cdeboer-1_asfar_VLPs_results_crispresso_aggregated_spacer_CGBE1_rep1_.staging_CRISPRessoPooled_on_CGBE1_D4_rep1_CRISPResso_on_HEK3	Substitutions	0.0004469657899260787	0.0006188757091284168	0.00271617672339694	0.05659274540140966	0.10943785456420836	0.00020629190304280557	0.0004469657899260787	0.00024067388688327315	0.00629190304280557	0.00013752793536187037	0.00020629190304280557	0.00034381983840467596	0.00020629190304280557	0.00010314595152140278	0.00027505587072374074	0.00010314595152140278	0.0003094378545642084	0.00020629190304280557	0.00013752793536187037	0.0003094378545642084
_scratch_st-cdeboer-1_asfar_VLPs_results_crispresso_aggregated_spacer_CGBE1_rep1_.staging_CRISPRessoPooled_on_CGBE1_D4_rep1_CRISPResso_on_HEK3	All_modifications	0.0021660649819494585	0.005191679559910607	0.004779095753824996	0.06034038164002063	0.11562661165549253	0.004263365996217982	0.004504039883101255	0.005088533608389204	0.011414818635035242	0.005363589479112945	0.006051229155922297	0.004504039883101255	0.0034038164002062918	0.00271617672339694	0.0024067388688327317	0.0021660649819494585	0.002269210933470861	0.0013752793536187038	0.0009626955475330926	0.001100223482894963
_scratch_st-cdeboer-1_asfar_VLPs_results_crispresso_aggregated_spacer_CGBE1_rep1_.staging_CRISPRessoPooled_on_CGBE1_D5_rep1_CRISPResso_on_HEK3	Insertions	0.0	0.0	0.0	0.0	0.00011778563015312132	0.00011778563015312132	3.926187671770711e-05	3.926187671770711e-05	0.0	0.0016097369454259915	0.0016097369454259915	0.0	0.0	0.0	0.00015704750687082843	0.00019630938358853554	0.00023557126030624264	0.00019630938358853554	0.0	0.0
_scratch_st-cdeboer-1_asfar_VLPs_results_crispresso_aggregated_spacer_CGBE1_rep1_.staging_CRISPRessoPooled_on_CGBE1_D5_rep1_CRISPResso_on_HEK3	Insertions_Left	0.0	0.0	0.0	0.0	0.00011778563015312132	0.0	3.926187671770711e-05	0.0	0.0	0.0016097369454259915	0.0	0.0	0.0	0.0	0.00015704750687082843	3.926187671770711e-05	0.00019630938358853554	0.0	0.0	0.0
_scratch_st-cdeboer-1_asfar_VLPs_results_crispresso_aggregated_spacer_CGBE1_rep1_.staging_CRISPRessoPooled_on_CGBE1_D5_rep1_CRISPResso_on_HEK3	Deletions	0.0014134275618374558	0.0032587357675696897	0.0014919513152728701	0.0024342363564978406	0.005692972124067531	0.003455045151158225	0.003769140164899882	0.004358068315665489	0.004789948959560267	0.004397330192383196	0.00420102080879466	0.0038476639183352966	0.003337259521005104	0.003023164507263447	0.002591283863368669	0.0024342363564978406	0.001452689438555163	0.0012563800549666275	0.0012171181782489203	0.0010600706713780918
_scratch_st-cdeboer-1_asfar_VLPs_results_crispresso_aggregated_spacer_CGBE1_rep1_.staging_CRISPRessoPooled_on_CGBE1_D5_rep1_CRISPResso_on_HEK3	Substitutions	0.00031409501374165687	0.00027483313702394974	0.005418138987043581	0.052453867294856696	0.12512760109933255	0.00023557126030624264	0.0	0.00039261876717707107	0.00800942285041225	0.00031409501374165687	7.852375343541422e-05	0.00039261876717707107	0.00011778563015312132	0.00019630938358853554	0.00015704750687082843	0.00015704750687082843	0.00031409501374165687	0.00023557126030624264	0.00011778563015312132	0.00027483313702394974
_scratch_st-cdeboer-1_asfar_VLPs_results_crispresso_aggregated_spacer_CGBE1_rep1_.staging_CRISPRessoPooled_on_CGBE1_D5_rep1_CRISPResso_on_HEK3	All_modifications	0.0017275225755791126	0.0035335689045936395	0.00691009030231645	0.05488810365135453	0.1309383588535532	0.0038084020416175894	0.0038084020416175894	0.004789948959560267	0.012799371809972517	0.006321162151550844	0.005889281507656066	0.004240282685512367	0.003455045151158225	0.003219473890851983	0.002905378877110326	0.0027875932469572044	0.0020023557126030624	0.0016882606988614056	0.0013349038084020416	0.0013349038084020416
