Folder	Modification	C	A	C	C	T	A	C	C	T	A	A	G	A	A	C	C	A	T	C	C
_scratch_st-cdeboer-1_asfar_VLPs_results_crispresso_aggregated_spacer_CGBE1_rep1_.staging_CRISPRessoPooled_on_CGBE1_D0_rep1_CRISPResso_on_PDCD1	Insertions	0.0	0.0	0.0	0.0	0.0	0.0	0.0	0.0	0.0	0.0	0.0	0.0	0.0	0.0	0.0	0.0	0.0	0.0	0.0	0.0
_scratch_st-cdeboer-1_asfar_VLPs_results_crispresso_aggregated_spacer_CGBE1_rep1_.staging_CRISPRessoPooled_on_CGBE1_D0_rep1_CRISPResso_on_PDCD1	Insertions_Left	0.0	0.0	0.0	0.0	0.0	0.0	0.0	0.0	0.0	0.0	0.0	0.0	0.0	0.0	0.0	0.0	0.0	0.0	0.0	0.0
_scratch_st-cdeboer-1_asfar_VLPs_results_crispresso_aggregated_spacer_CGBE1_rep1_.staging_CRISPRessoPooled_on_CGBE1_D0_rep1_CRISPResso_on_PDCD1	Deletions	8.504214901510561e-05	0.0	0.0	0.0	0.0	0.0	0.0	0.0	1.0630268626888201e-05	0.0	2.1260537253776403e-05	0.0	0.0	1.0630268626888201e-05	0.0	0.0	0.0	0.0	0.0	0.0
_scratch_st-cdeboer-1_asfar_VLPs_results_crispresso_aggregated_spacer_CGBE1_rep1_.staging_CRISPRessoPooled_on_CGBE1_D0_rep1_CRISPResso_on_PDCD1	Substitutions	0.00012756322352265842	0.00018071456665709942	0.00015945402940332302	8.504214901510561e-05	0.00026575671567220506	9.567241764199381e-05	0.00014882376077643482	0.00012756322352265842	0.00023386590979154043	0.00013819349214954662	0.00012756322352265842	0.00024449617841842866	0.00026575671567220506	0.00019134483528398762	8.504214901510561e-05	0.00020197510391087582	0.00017008429803021122	0.00038268967056797525	0.00014882376077643482	0.00011693295489577021
_scratch_st-cdeboer-1_asfar_VLPs_results_crispresso_aggregated_spacer_CGBE1_rep1_.staging_CRISPRessoPooled_on_CGBE1_D0_rep1_CRISPResso_on_PDCD1	All_modifications	0.00021260537253776403	0.00018071456665709942	0.00015945402940332302	8.504214901510561e-05	0.00026575671567220506	9.567241764199381e-05	0.00014882376077643482	0.00012756322352265842	0.00024449617841842866	0.00013819349214954662	0.00014882376077643482	0.00024449617841842866	0.00026575671567220506	0.00020197510391087582	8.504214901510561e-05	0.00020197510391087582	0.00017008429803021122	0.00038268967056797525	0.00014882376077643482	0.00011693295489577021
_scratch_st-cdeboer-1_asfar_VLPs_results_crispresso_aggregated_spacer_CGBE1_rep1_.staging_CRISPRessoPooled_on_CGBE1_D1_rep1_CRISPResso_on_PDCD1	Insertions	0.0	0.0	0.0	0.0	0.0	0.0	0.0	0.0	0.0	0.0	0.0	0.0	0.0	0.0	0.0	0.0	0.0	0.0	0.0	0.0
_scratch_st-cdeboer-1_asfar_VLPs_results_crispresso_aggregated_spacer_CGBE1_rep1_.staging_CRISPRessoPooled_on_CGBE1_D1_rep1_CRISPResso_on_PDCD1	Insertions_Left	0.0	0.0	0.0	0.0	0.0	0.0	0.0	0.0	0.0	0.0	0.0	0.0	0.0	0.0	0.0	0.0	0.0	0.0	0.0	0.0
_scratch_st-cdeboer-1_asfar_VLPs_results_crispresso_aggregated_spacer_CGBE1_rep1_.staging_CRISPRessoPooled_on_CGBE1_D1_rep1_CRISPResso_on_PDCD1	Deletions	2.4474412002251648e-05	2.4474412002251648e-05	1.2237206001125824e-05	2.4474412002251648e-05	1.2237206001125824e-05	1.2237206001125824e-05	1.2237206001125824e-05	1.2237206001125824e-05	2.4474412002251648e-05	1.2237206001125824e-05	2.4474412002251648e-05	1.2237206001125824e-05	1.2237206001125824e-05	1.2237206001125824e-05	1.2237206001125824e-05	1.2237206001125824e-05	1.2237206001125824e-05	1.2237206001125824e-05	1.2237206001125824e-05	2.4474412002251648e-05
_scratch_st-cdeboer-1_asfar_VLPs_results_crispresso_aggregated_spacer_CGBE1_rep1_.staging_CRISPRessoPooled_on_CGBE1_D1_rep1_CRISPResso_on_PDCD1	Substitutions	0.00012237206001125824	0.00014684647201350989	0.0005017254460461587	0.00028145573802589393	0.0002447441200225165	0.00017132088401576153	0.0011870089821092048	0.000624097506057417	0.00025698132602364226	0.0002692185320247681	0.00014684647201350989	0.00017132088401576153	0.00018355809001688734	0.00018355809001688734	0.0001101348540101324	0.00013460926601238405	0.000208032502019139	0.0005506742700506621	0.0001101348540101324	0.00012237206001125824
_scratch_st-cdeboer-1_asfar_VLPs_results_crispresso_aggregated_spacer_CGBE1_rep1_.staging_CRISPRessoPooled_on_CGBE1_D1_rep1_CRISPResso_on_PDCD1	All_modifications	0.00014684647201350989	0.00017132088401576153	0.0005139626520472845	0.00030593015002814555	0.00025698132602364226	0.00018355809001688734	0.0011992461881103306	0.0006363347120585428	0.00028145573802589393	0.00028145573802589393	0.00017132088401576153	0.00018355809001688734	0.00019579529601801318	0.00019579529601801318	0.00012237206001125824	0.00014684647201350989	0.0002202697080202648	0.0005629114760517879	0.00012237206001125824	0.00014684647201350989
_scratch_st-cdeboer-1_asfar_VLPs_results_crispresso_aggregated_spacer_CGBE1_rep1_.staging_CRISPRessoPooled_on_CGBE1_D2_rep1_CRISPResso_on_PDCD1	Insertions	8.371353229249508e-06	8.371353229249508e-06	0.0	0.0	0.0	0.0	0.0	0.0	0.0	0.0	0.0	0.0	0.0	1.6742706458499017e-05	1.6742706458499017e-05	0.0	0.0	0.0	0.0	0.0
_scratch_st-cdeboer-1_asfar_VLPs_results_crispresso_aggregated_spacer_CGBE1_rep1_.staging_CRISPRessoPooled_on_CGBE1_D2_rep1_CRISPResso_on_PDCD1	Insertions_Left	8.371353229249508e-06	0.0	0.0	0.0	0.0	0.0	0.0	0.0	0.0	0.0	0.0	0.0	0.0	1.6742706458499017e-05	0.0	0.0	0.0	0.0	0.0	0.0
_scratch_st-cdeboer-1_asfar_VLPs_results_crispresso_aggregated_spacer_CGBE1_rep1_.staging_CRISPRessoPooled_on_CGBE1_D2_rep1_CRISPResso_on_PDCD1	Deletions	9.208488552174459e-05	6.697082583399607e-05	6.697082583399607e-05	6.697082583399607e-05	0.00022602653718973672	0.00011719894520949311	0.00011719894520949311	0.00038508224854547735	0.0002009124775019882	0.0002009124775019882	0.00026788330333598427	0.00014231300489724163	0.00014231300489724163	0.00014231300489724163	0.00014231300489724163	0.00014231300489724163	2.5114059687748525e-05	1.6742706458499017e-05	1.6742706458499017e-05	1.6742706458499017e-05
_scratch_st-cdeboer-1_asfar_VLPs_results_crispresso_aggregated_spacer_CGBE1_rep1_.staging_CRISPRessoPooled_on_CGBE1_D2_rep1_CRISPResso_on_PDCD1	Substitutions	0.0001088275919802436	0.00015905571135574066	0.000460424427608723	0.0006780796115692101	0.0003181114227114813	0.00019254112427273868	0.007718387677368046	0.0047298145745259725	0.0003013687162529823	0.00015068435812649116	0.00015905571135574066	0.00018416977104348918	0.0003097400694822318	0.00018416977104348918	0.00011719894520949311	6.697082583399607e-05	0.00015905571135574066	0.00042693901469172493	0.00011719894520949311	0.00018416977104348918
_scratch_st-cdeboer-1_asfar_VLPs_results_crispresso_aggregated_spacer_CGBE1_rep1_.staging_CRISPRessoPooled_on_CGBE1_D2_rep1_CRISPResso_on_PDCD1	All_modifications	0.0002092838307312377	0.00023439789041898622	0.000527395253442719	0.0007450504374032062	0.0005441379599012181	0.0003097400694822318	0.00783558662257754	0.005114896823071449	0.0005022811937549704	0.00035159683562847936	0.00042693901469172493	0.00032648277594073084	0.00045205307437947345	0.00034322548239922984	0.0002762546565652338	0.0002092838307312377	0.00018416977104348918	0.0004436817211502239	0.00013394165166799214	0.0002009124775019882
_scratch_st-cdeboer-1_asfar_VLPs_results_crispresso_aggregated_spacer_CGBE1_rep1_.staging_CRISPRessoPooled_on_CGBE1_D3_rep1_CRISPResso_on_PDCD1	Insertions	0.0	0.0	0.0	0.0	0.0	0.0	0.0	0.0	5.434457722636147e-06	1.630337316790844e-05	1.0868915445272294e-05	0.0	0.0	0.0	0.0	0.0	0.0	0.0	0.0	0.0
_scratch_st-cdeboer-1_asfar_VLPs_results_crispresso_aggregated_spacer_CGBE1_rep1_.staging_CRISPRessoPooled_on_CGBE1_D3_rep1_CRISPResso_on_PDCD1	Insertions_Left	0.0	0.0	0.0	0.0	0.0	0.0	0.0	0.0	5.434457722636147e-06	1.0868915445272294e-05	0.0	0.0	0.0	0.0	0.0	0.0	0.0	0.0	0.0	0.0
_scratch_st-cdeboer-1_asfar_VLPs_results_crispresso_aggregated_spacer_CGBE1_rep1_.staging_CRISPRessoPooled_on_CGBE1_D3_rep1_CRISPResso_on_PDCD1	Deletions	7.608240811690605e-05	1.0868915445272294e-05	1.630337316790844e-05	1.630337316790844e-05	2.173783089054459e-05	1.630337316790844e-05	3.260674633581688e-05	3.804120405845303e-05	4.347566178108918e-05	3.260674633581688e-05	9.238578128481449e-05	2.7172288613180735e-05	2.7172288613180735e-05	3.260674633581688e-05	2.7172288613180735e-05	2.7172288613180735e-05	2.7172288613180735e-05	1.0868915445272294e-05	1.0868915445272294e-05	1.0868915445272294e-05
_scratch_st-cdeboer-1_asfar_VLPs_results_crispresso_aggregated_spacer_CGBE1_rep1_.staging_CRISPRessoPooled_on_CGBE1_D3_rep1_CRISPResso_on_PDCD1	Substitutions	0.0001739026471243567	0.00022281276662808203	0.00033150192108080494	0.00020650939346017358	0.00023911613979599045	0.0001249925276206314	0.0010108091364103232	0.0007119139616653353	0.00021737830890544588	0.00018477156256962898	0.00011955806989799522	0.00021737830890544588	0.0002662884284091712	0.00022281276662808203	0.00010325469673008679	0.00013586144306590366	0.00020107493573753743	0.00036410866741662184	0.00011412361217535908	0.0001249925276206314
_scratch_st-cdeboer-1_asfar_VLPs_results_crispresso_aggregated_spacer_CGBE1_rep1_.staging_CRISPRessoPooled_on_CGBE1_D3_rep1_CRISPResso_on_PDCD1	All_modifications	0.0002499850552412628	0.0002336816820733543	0.0003478052942487134	0.00022281276662808203	0.000260853970686535	0.0001412959007885398	0.00104341588274614	0.0007499551657237883	0.0002662884284091712	0.0002336816820733543	0.00022281276662808203	0.0002445505975186266	0.0002934607170223519	0.0002554195129638989	0.0001304269853432675	0.0001630337316790844	0.00022824722435071815	0.00037497758286189414	0.0001249925276206314	0.00013586144306590366
_scratch_st-cdeboer-1_asfar_VLPs_results_crispresso_aggregated_spacer_CGBE1_rep1_.staging_CRISPRessoPooled_on_CGBE1_D4_rep1_CRISPResso_on_PDCD1	Insertions	0.0	0.0	0.0	0.0	0.0	0.0	0.0	2.3839607123274607e-05	2.3839607123274607e-05	0.00042911292821894295	0.00042911292821894295	0.0	0.0	0.0	0.0	0.0	0.0	0.0	0.0	0.0
_scratch_st-cdeboer-1_asfar_VLPs_results_crispresso_aggregated_spacer_CGBE1_rep1_.staging_CRISPRessoPooled_on_CGBE1_D4_rep1_CRISPResso_on_PDCD1	Insertions_Left	0.0	0.0	0.0	0.0	0.0	0.0	0.0	2.3839607123274607e-05	0.0	0.00042911292821894295	0.0	0.0	0.0	0.0	0.0	0.0	0.0	0.0	0.0	0.0
_scratch_st-cdeboer-1_asfar_VLPs_results_crispresso_aggregated_spacer_CGBE1_rep1_.staging_CRISPRessoPooled_on_CGBE1_D4_rep1_CRISPResso_on_PDCD1	Deletions	0.0005244713567120414	0.0004767921424654922	0.0007628674279447874	0.000786707035068062	0.0008582258564378859	0.0007390278208215128	0.001215819963287005	0.0016687724986292226	0.0012634991775335542	0.0015495744630128496	0.0013826972131499272	0.0007628674279447874	0.0007628674279447874	0.00042911292821894295	0.00042911292821894295	0.00045295253534221756	0.0002622356783560207	9.535842849309843e-05	9.535842849309843e-05	9.535842849309843e-05
_scratch_st-cdeboer-1_asfar_VLPs_results_crispresso_aggregated_spacer_CGBE1_rep1_.staging_CRISPRessoPooled_on_CGBE1_D4_rep1_CRISPResso_on_PDCD1	Substitutions	9.535842849309843e-05	0.00016687724986292227	0.003647459889861015	0.004529525353422176	0.0003814337139723937	7.151882136982383e-05	0.03711826829093857	0.02612820940710897	0.00030991489260256993	0.00011919803561637304	4.7679214246549215e-05	0.00033375449972584454	0.0002860752854792953	0.00021455646410947147	4.7679214246549215e-05	7.151882136982383e-05	0.0002383960712327461	0.0002383960712327461	9.535842849309843e-05	0.00016687724986292227
_scratch_st-cdeboer-1_asfar_VLPs_results_crispresso_aggregated_spacer_CGBE1_rep1_.staging_CRISPRessoPooled_on_CGBE1_D4_rep1_CRISPResso_on_PDCD1	All_modifications	0.0006198297852051399	0.0006436693923284145	0.004410327317805803	0.005316232388490238	0.0012396595704102797	0.0008105466421913367	0.03833408825422557	0.027820821512861468	0.0015972536772593988	0.0020978854268481656	0.0018594893556154195	0.001096621927670632	0.0010489427134240828	0.0006436693923284145	0.0004767921424654922	0.0005244713567120414	0.0005006317495887668	0.00033375449972584454	0.00019071685698619686	0.0002622356783560207
_scratch_st-cdeboer-1_asfar_VLPs_results_crispresso_aggregated_spacer_CGBE1_rep1_.staging_CRISPRessoPooled_on_CGBE1_D5_rep1_CRISPResso_on_PDCD1	Insertions	1.0529640939243972e-05	3.1588922817731915e-05	2.1059281878487944e-05	0.0	0.0	0.0	0.0	0.0	0.0	0.00010529640939243972	0.00010529640939243972	0.0	0.0	0.0	4.211856375697589e-05	4.211856375697589e-05	0.0	0.0	0.0	0.0
_scratch_st-cdeboer-1_asfar_VLPs_results_crispresso_aggregated_spacer_CGBE1_rep1_.staging_CRISPRessoPooled_on_CGBE1_D5_rep1_CRISPResso_on_PDCD1	Insertions_Left	1.0529640939243972e-05	2.1059281878487944e-05	0.0	0.0	0.0	0.0	0.0	0.0	0.0	0.00010529640939243972	0.0	0.0	0.0	0.0	4.211856375697589e-05	0.0	0.0	0.0	0.0	0.0
_scratch_st-cdeboer-1_asfar_VLPs_results_crispresso_aggregated_spacer_CGBE1_rep1_.staging_CRISPRessoPooled_on_CGBE1_D5_rep1_CRISPResso_on_PDCD1	Deletions	0.00021059281878487945	0.00015794461408865957	0.0003369485100558071	0.0005159524060229546	0.0006423080972938823	0.0005370116879014425	0.0006001895335369064	0.0008213119932610298	0.0007054859429293461	0.0006949563019901021	0.000747604506686322	0.0006844266610508582	0.0006212488154153943	0.0004843634832052227	0.00047383384226597875	0.00047383384226597875	0.000368537432873539	0.00023165210066336737	0.00023165210066336737	0.00021059281878487945
_scratch_st-cdeboer-1_asfar_VLPs_results_crispresso_aggregated_spacer_CGBE1_rep1_.staging_CRISPRessoPooled_on_CGBE1_D5_rep1_CRISPResso_on_PDCD1	Substitutions	0.00021059281878487945	0.00013688533221017165	0.0019690428556386227	0.0028535326945351163	0.0004106559966305149	0.0001790038959671475	0.026545224807834052	0.018437401284616194	0.000379067073812783	0.00016847425502790355	7.37074865747078e-05	0.0002737706644203433	0.00024218174160261136	0.00024218174160261136	0.00011582605033168368	0.00011582605033168368	0.00021059281878487945	0.0003369485100558071	0.00016847425502790355	0.00011582605033168368
_scratch_st-cdeboer-1_asfar_VLPs_results_crispresso_aggregated_spacer_CGBE1_rep1_.staging_CRISPRessoPooled_on_CGBE1_D5_rep1_CRISPResso_on_PDCD1	All_modifications	0.00043171527850900286	0.00032641886911656315	0.002327050647572918	0.003369485100558071	0.001052964093924397	0.00071601558386859	0.02714541434137096	0.019258713277877225	0.001084553016742129	0.0009687269664104454	0.0009266084026534695	0.0009581973254712015	0.0008634305570180057	0.000726545224807834	0.0006317784563546383	0.0006317784563546383	0.0005791302516584185	0.0005686006107191745	0.0004001263556912709	0.00032641886911656315
