Folder	Modification	G	G	C	C	C	A	G	A	C	T	G	A	G	C	A	C	G	T	G	A
_scratch_st-cdeboer-1_asfar_VLPs_results_crispresso_aggregated_spacer_CGBE1-NG_rep2_.staging_CRISPRessoPooled_on_CGBE1-NG_D0_rep2_CRISPResso_on_HEK3	Insertions	0.0	0.0	0.0	0.0	0.0	0.0	0.0	0.0	0.0	0.0	0.0	0.0	0.0	0.0	0.0	0.0	0.0	0.0	0.0	0.0
_scratch_st-cdeboer-1_asfar_VLPs_results_crispresso_aggregated_spacer_CGBE1-NG_rep2_.staging_CRISPRessoPooled_on_CGBE1-NG_D0_rep2_CRISPResso_on_HEK3	Insertions_Left	0.0	0.0	0.0	0.0	0.0	0.0	0.0	0.0	0.0	0.0	0.0	0.0	0.0	0.0	0.0	0.0	0.0	0.0	0.0	0.0
_scratch_st-cdeboer-1_asfar_VLPs_results_crispresso_aggregated_spacer_CGBE1-NG_rep2_.staging_CRISPRessoPooled_on_CGBE1-NG_D0_rep2_CRISPResso_on_HEK3	Deletions	0.0	0.0	0.0	0.0	0.0	0.0	0.0	0.0	0.0	0.0	4.9319392385085815e-05	0.0	0.0	0.0	0.0	0.0	0.0	0.0	0.0	0.0
_scratch_st-cdeboer-1_asfar_VLPs_results_crispresso_aggregated_spacer_CGBE1-NG_rep2_.staging_CRISPRessoPooled_on_CGBE1-NG_D0_rep2_CRISPResso_on_HEK3	Substitutions	0.0002959163543105149	0.00019727756954034326	0.0002465969619254291	4.9319392385085815e-05	4.9319392385085815e-05	0.0	0.00014795817715525746	0.00019727756954034326	4.9319392385085815e-05	0.00019727756954034326	0.00019727756954034326	0.00014795817715525746	0.0	4.9319392385085815e-05	9.863878477017163e-05	4.9319392385085815e-05	0.0002959163543105149	0.0002959163543105149	0.0002959163543105149	0.0002959163543105149
_scratch_st-cdeboer-1_asfar_VLPs_results_crispresso_aggregated_spacer_CGBE1-NG_rep2_.staging_CRISPRessoPooled_on_CGBE1-NG_D0_rep2_CRISPResso_on_HEK3	All_modifications	0.0002959163543105149	0.00019727756954034326	0.0002465969619254291	4.9319392385085815e-05	4.9319392385085815e-05	0.0	0.00014795817715525746	0.00019727756954034326	4.9319392385085815e-05	0.00019727756954034326	0.0002465969619254291	0.00014795817715525746	0.0	4.9319392385085815e-05	9.863878477017163e-05	4.9319392385085815e-05	0.0002959163543105149	0.0002959163543105149	0.0002959163543105149	0.0002959163543105149
_scratch_st-cdeboer-1_asfar_VLPs_results_crispresso_aggregated_spacer_CGBE1-NG_rep2_.staging_CRISPRessoPooled_on_CGBE1-NG_D1_rep2_CRISPResso_on_HEK3	Insertions	0.0	3.717886753169498e-05	3.717886753169498e-05	0.0	0.0	0.0	0.0	0.0	0.0	0.0	0.0	0.0	0.0	0.0	0.0	0.0	0.0	0.0	0.0	0.0
_scratch_st-cdeboer-1_asfar_VLPs_results_crispresso_aggregated_spacer_CGBE1-NG_rep2_.staging_CRISPRessoPooled_on_CGBE1-NG_D1_rep2_CRISPResso_on_HEK3	Insertions_Left	0.0	3.717886753169498e-05	0.0	0.0	0.0	0.0	0.0	0.0	0.0	0.0	0.0	0.0	0.0	0.0	0.0	0.0	0.0	0.0	0.0	0.0
_scratch_st-cdeboer-1_asfar_VLPs_results_crispresso_aggregated_spacer_CGBE1-NG_rep2_.staging_CRISPRessoPooled_on_CGBE1-NG_D1_rep2_CRISPResso_on_HEK3	Deletions	0.0	7.435773506338996e-05	0.0	0.0	3.717886753169498e-05	0.0	0.0	0.0	0.0	0.0	0.0	0.0	0.0	0.0	0.0	0.0	0.0	0.0	0.0	0.0
_scratch_st-cdeboer-1_asfar_VLPs_results_crispresso_aggregated_spacer_CGBE1-NG_rep2_.staging_CRISPRessoPooled_on_CGBE1-NG_D1_rep2_CRISPResso_on_HEK3	Substitutions	0.0002230732051901699	0.0004089675428486448	7.435773506338996e-05	0.0002230732051901699	3.717886753169498e-05	0.00014871547012677993	0.00018589433765847492	0.00014871547012677993	7.435773506338996e-05	0.00026025207272186487	0.00014871547012677993	0.00037178867531694983	0.0002230732051901699	0.00029743094025355986	0.00014871547012677993	7.435773506338996e-05	0.00029743094025355986	0.00014871547012677993	0.00014871547012677993	0.00014871547012677993
_scratch_st-cdeboer-1_asfar_VLPs_results_crispresso_aggregated_spacer_CGBE1-NG_rep2_.staging_CRISPRessoPooled_on_CGBE1-NG_D1_rep2_CRISPResso_on_HEK3	All_modifications	0.0002230732051901699	0.0005205041454437297	0.00011153660259508495	0.0002230732051901699	7.435773506338996e-05	0.00014871547012677993	0.00018589433765847492	0.00014871547012677993	7.435773506338996e-05	0.00026025207272186487	0.00014871547012677993	0.00037178867531694983	0.0002230732051901699	0.00029743094025355986	0.00014871547012677993	7.435773506338996e-05	0.00029743094025355986	0.00014871547012677993	0.00014871547012677993	0.00014871547012677993
_scratch_st-cdeboer-1_asfar_VLPs_results_crispresso_aggregated_spacer_CGBE1-NG_rep2_.staging_CRISPRessoPooled_on_CGBE1-NG_D2_rep2_CRISPResso_on_HEK3	Insertions	0.0	0.0	0.0	0.0	0.0	0.0	0.0	0.0	0.0	0.0	0.0	0.0	0.0	0.0	0.0	0.0	0.0	0.0	0.0	0.0
_scratch_st-cdeboer-1_asfar_VLPs_results_crispresso_aggregated_spacer_CGBE1-NG_rep2_.staging_CRISPRessoPooled_on_CGBE1-NG_D2_rep2_CRISPResso_on_HEK3	Insertions_Left	0.0	0.0	0.0	0.0	0.0	0.0	0.0	0.0	0.0	0.0	0.0	0.0	0.0	0.0	0.0	0.0	0.0	0.0	0.0	0.0
_scratch_st-cdeboer-1_asfar_VLPs_results_crispresso_aggregated_spacer_CGBE1-NG_rep2_.staging_CRISPRessoPooled_on_CGBE1-NG_D2_rep2_CRISPResso_on_HEK3	Deletions	0.00010580890911014708	0.0004232356364405883	0.0	0.0	0.00010580890911014708	0.0	0.0	0.0	0.0	0.0	0.0	0.0	0.0	0.0	0.0	0.0	0.0	0.0	0.0	0.0
_scratch_st-cdeboer-1_asfar_VLPs_results_crispresso_aggregated_spacer_CGBE1-NG_rep2_.staging_CRISPRessoPooled_on_CGBE1-NG_D2_rep2_CRISPResso_on_HEK3	Substitutions	0.0	0.00021161781822029416	0.0	0.00021161781822029416	0.001375515818431912	0.0	0.00010580890911014708	0.0	0.0	0.00010580890911014708	0.0004232356364405883	0.0003174267273304412	0.00010580890911014708	0.0	0.00010580890911014708	0.00010580890911014708	0.00010580890911014708	0.00021161781822029416	0.0003174267273304412	0.00021161781822029416
_scratch_st-cdeboer-1_asfar_VLPs_results_crispresso_aggregated_spacer_CGBE1-NG_rep2_.staging_CRISPRessoPooled_on_CGBE1-NG_D2_rep2_CRISPResso_on_HEK3	All_modifications	0.00010580890911014708	0.0006348534546608824	0.0	0.00021161781822029416	0.001481324727542059	0.0	0.00010580890911014708	0.0	0.0	0.00010580890911014708	0.0004232356364405883	0.0003174267273304412	0.00010580890911014708	0.0	0.00010580890911014708	0.00010580890911014708	0.00010580890911014708	0.00021161781822029416	0.0003174267273304412	0.00021161781822029416
_scratch_st-cdeboer-1_asfar_VLPs_results_crispresso_aggregated_spacer_CGBE1-NG_rep2_.staging_CRISPRessoPooled_on_CGBE1-NG_D3_rep2_CRISPResso_on_HEK3	Insertions	0.0	0.0	0.0	0.0	0.0	0.0	0.0	0.0	0.0	0.0	0.0	0.0	0.0	0.0	0.0	0.0	0.0	0.0	0.0	0.0
_scratch_st-cdeboer-1_asfar_VLPs_results_crispresso_aggregated_spacer_CGBE1-NG_rep2_.staging_CRISPRessoPooled_on_CGBE1-NG_D3_rep2_CRISPResso_on_HEK3	Insertions_Left	0.0	0.0	0.0	0.0	0.0	0.0	0.0	0.0	0.0	0.0	0.0	0.0	0.0	0.0	0.0	0.0	0.0	0.0	0.0	0.0
_scratch_st-cdeboer-1_asfar_VLPs_results_crispresso_aggregated_spacer_CGBE1-NG_rep2_.staging_CRISPRessoPooled_on_CGBE1-NG_D3_rep2_CRISPResso_on_HEK3	Deletions	0.0	9.564496588662884e-05	0.0	0.0	6.376331059108588e-05	0.0	0.0	0.0	0.0	0.0	0.0	0.0	0.0	0.0	0.0	0.0	0.0	0.0	0.0	0.0
_scratch_st-cdeboer-1_asfar_VLPs_results_crispresso_aggregated_spacer_CGBE1-NG_rep2_.staging_CRISPRessoPooled_on_CGBE1-NG_D3_rep2_CRISPResso_on_HEK3	Substitutions	9.564496588662884e-05	0.0003506982082509724	6.376331059108588e-05	0.00019128993177325768	0.00031881655295542947	3.188165529554294e-05	0.00015940827647771473	0.00019128993177325768	9.564496588662884e-05	3.188165529554294e-05	6.376331059108588e-05	0.00022317158706880062	6.376331059108588e-05	0.00025505324236434353	0.00015940827647771473	0.00012752662118217177	0.00015940827647771473	0.00031881655295542947	0.00015940827647771473	0.00012752662118217177
_scratch_st-cdeboer-1_asfar_VLPs_results_crispresso_aggregated_spacer_CGBE1-NG_rep2_.staging_CRISPRessoPooled_on_CGBE1-NG_D3_rep2_CRISPResso_on_HEK3	All_modifications	9.564496588662884e-05	0.00044634317413760124	6.376331059108588e-05	0.00019128993177325768	0.00038257986354651535	3.188165529554294e-05	0.00015940827647771473	0.00019128993177325768	9.564496588662884e-05	3.188165529554294e-05	6.376331059108588e-05	0.00022317158706880062	6.376331059108588e-05	0.00025505324236434353	0.00015940827647771473	0.00012752662118217177	0.00015940827647771473	0.00031881655295542947	0.00015940827647771473	0.00012752662118217177
_scratch_st-cdeboer-1_asfar_VLPs_results_crispresso_aggregated_spacer_CGBE1-NG_rep2_.staging_CRISPRessoPooled_on_CGBE1-NG_D4_rep2_CRISPResso_on_HEK3	Insertions	0.0	0.0	0.0	0.0	0.0	0.0	0.0	0.0	0.0	0.0	0.0	0.0	0.0	0.0	0.0	0.0	0.0	0.0	0.0	0.0
_scratch_st-cdeboer-1_asfar_VLPs_results_crispresso_aggregated_spacer_CGBE1-NG_rep2_.staging_CRISPRessoPooled_on_CGBE1-NG_D4_rep2_CRISPResso_on_HEK3	Insertions_Left	0.0	0.0	0.0	0.0	0.0	0.0	0.0	0.0	0.0	0.0	0.0	0.0	0.0	0.0	0.0	0.0	0.0	0.0	0.0	0.0
_scratch_st-cdeboer-1_asfar_VLPs_results_crispresso_aggregated_spacer_CGBE1-NG_rep2_.staging_CRISPRessoPooled_on_CGBE1-NG_D4_rep2_CRISPResso_on_HEK3	Deletions	0.0	0.0	0.0	7.063144511936714e-05	0.00014126289023873428	0.00014126289023873428	0.00021189433535810144	0.00014126289023873428	0.00014126289023873428	0.00014126289023873428	0.00014126289023873428	0.00014126289023873428	0.00014126289023873428	0.00014126289023873428	7.063144511936714e-05	0.0	0.0	0.0	0.0	0.0
_scratch_st-cdeboer-1_asfar_VLPs_results_crispresso_aggregated_spacer_CGBE1-NG_rep2_.staging_CRISPRessoPooled_on_CGBE1-NG_D4_rep2_CRISPResso_on_HEK3	Substitutions	0.00021189433535810144	0.00021189433535810144	0.00014126289023873428	0.00028252578047746857	0.0011301031219098743	0.00014126289023873428	7.063144511936714e-05	0.0	0.00028252578047746857	0.00021189433535810144	0.0003531572255968357	0.0	7.063144511936714e-05	7.063144511936714e-05	7.063144511936714e-05	0.00014126289023873428	0.00028252578047746857	0.00014126289023873428	0.00021189433535810144	0.00014126289023873428
_scratch_st-cdeboer-1_asfar_VLPs_results_crispresso_aggregated_spacer_CGBE1-NG_rep2_.staging_CRISPRessoPooled_on_CGBE1-NG_D4_rep2_CRISPResso_on_HEK3	All_modifications	0.00021189433535810144	0.00021189433535810144	0.00014126289023873428	0.0003531572255968357	0.0012713660121486086	0.00028252578047746857	0.00028252578047746857	0.00014126289023873428	0.0004237886707162029	0.0003531572255968357	0.00049442011583557	0.00014126289023873428	0.00021189433535810144	0.00021189433535810144	0.00014126289023873428	0.00014126289023873428	0.00028252578047746857	0.00014126289023873428	0.00021189433535810144	0.00014126289023873428
_scratch_st-cdeboer-1_asfar_VLPs_results_crispresso_aggregated_spacer_CGBE1-NG_rep2_.staging_CRISPRessoPooled_on_CGBE1-NG_D5_rep2_CRISPResso_on_HEK3	Insertions	0.0	0.0	0.0	0.0	0.0	0.0	0.0	0.0	0.0	0.00010999890001099989	0.00010999890001099989	0.0	0.0	0.0	0.0	0.0	3.666630000366663e-05	3.666630000366663e-05	0.0	0.0
_scratch_st-cdeboer-1_asfar_VLPs_results_crispresso_aggregated_spacer_CGBE1-NG_rep2_.staging_CRISPRessoPooled_on_CGBE1-NG_D5_rep2_CRISPResso_on_HEK3	Insertions_Left	0.0	0.0	0.0	0.0	0.0	0.0	0.0	0.0	0.0	0.00010999890001099989	0.0	0.0	0.0	0.0	0.0	0.0	3.666630000366663e-05	0.0	0.0	0.0
_scratch_st-cdeboer-1_asfar_VLPs_results_crispresso_aggregated_spacer_CGBE1-NG_rep2_.staging_CRISPRessoPooled_on_CGBE1-NG_D5_rep2_CRISPResso_on_HEK3	Deletions	0.0	7.333260000733326e-05	0.0	3.666630000366663e-05	0.00010999890001099989	3.666630000366663e-05	3.666630000366663e-05	3.666630000366663e-05	0.0001466652000146665	0.0001466652000146665	0.0001466652000146665	0.0001466652000146665	3.666630000366663e-05	3.666630000366663e-05	3.666630000366663e-05	3.666630000366663e-05	3.666630000366663e-05	3.666630000366663e-05	3.666630000366663e-05	3.666630000366663e-05
_scratch_st-cdeboer-1_asfar_VLPs_results_crispresso_aggregated_spacer_CGBE1-NG_rep2_.staging_CRISPRessoPooled_on_CGBE1-NG_D5_rep2_CRISPResso_on_HEK3	Substitutions	0.00010999890001099989	0.000293330400029333	0.0001466652000146665	0.0005133282000513328	0.0010633227001063323	0.00021999780002199978	0.00018333150001833315	0.0001466652000146665	0.0001466652000146665	7.333260000733326e-05	3.666630000366663e-05	0.00021999780002199978	7.333260000733326e-05	0.000293330400029333	7.333260000733326e-05	0.0001466652000146665	0.00018333150001833315	0.00010999890001099989	0.00018333150001833315	0.0002566641000256664
_scratch_st-cdeboer-1_asfar_VLPs_results_crispresso_aggregated_spacer_CGBE1-NG_rep2_.staging_CRISPRessoPooled_on_CGBE1-NG_D5_rep2_CRISPResso_on_HEK3	All_modifications	0.00010999890001099989	0.0003666630000366663	0.0001466652000146665	0.0005499945000549994	0.001173321600117332	0.0002566641000256664	0.00021999780002199978	0.00018333150001833315	0.000293330400029333	0.00032999670003299966	0.000293330400029333	0.0003666630000366663	0.00010999890001099989	0.00032999670003299966	0.00010999890001099989	0.00018333150001833315	0.0002566641000256664	0.00018333150001833315	0.00021999780002199978	0.000293330400029333
