Folder	Modification	G	G	C	C	C	A	G	A	C	T	G	A	G	C	A	C	G	T	G	A
_scratch_st-cdeboer-1_asfar_VLPs_results_crispresso_aggregated_spacer_CGBE1-NG_rep1_.staging_CRISPRessoPooled_on_CGBE1-NG_D0_rep1_CRISPResso_on_HEK3	Insertions	0.0	0.0	0.0	0.0	0.0	0.0	0.0	0.0	0.0	0.0	0.0	0.0	0.0	0.0	0.0	0.0	0.0	0.0	0.0	0.0
_scratch_st-cdeboer-1_asfar_VLPs_results_crispresso_aggregated_spacer_CGBE1-NG_rep1_.staging_CRISPRessoPooled_on_CGBE1-NG_D0_rep1_CRISPResso_on_HEK3	Insertions_Left	0.0	0.0	0.0	0.0	0.0	0.0	0.0	0.0	0.0	0.0	0.0	0.0	0.0	0.0	0.0	0.0	0.0	0.0	0.0	0.0
_scratch_st-cdeboer-1_asfar_VLPs_results_crispresso_aggregated_spacer_CGBE1-NG_rep1_.staging_CRISPRessoPooled_on_CGBE1-NG_D0_rep1_CRISPResso_on_HEK3	Deletions	0.0	3.3829499323410016e-05	0.0	0.0	1.6914749661705008e-05	0.0	0.0	0.0	0.0	0.0	0.0	0.0	0.0	0.0	0.0	0.0	0.0	0.0	0.0	0.0
_scratch_st-cdeboer-1_asfar_VLPs_results_crispresso_aggregated_spacer_CGBE1-NG_rep1_.staging_CRISPRessoPooled_on_CGBE1-NG_D0_rep1_CRISPResso_on_HEK3	Substitutions	0.00020297699594046007	0.00015223274695534507	5.074424898511502e-05	5.074424898511502e-05	6.765899864682003e-05	0.00013531799729364006	0.00021989174560216508	0.00013531799729364006	6.765899864682003e-05	0.00016914749661705008	0.00013531799729364006	0.0002537212449255751	0.00015223274695534507	5.074424898511502e-05	0.00011840324763193504	6.765899864682003e-05	0.00021989174560216508	0.0002537212449255751	0.00020297699594046007	0.00018606224627875506
_scratch_st-cdeboer-1_asfar_VLPs_results_crispresso_aggregated_spacer_CGBE1-NG_rep1_.staging_CRISPRessoPooled_on_CGBE1-NG_D0_rep1_CRISPResso_on_HEK3	All_modifications	0.00020297699594046007	0.00018606224627875506	5.074424898511502e-05	5.074424898511502e-05	8.457374830852504e-05	0.00013531799729364006	0.00021989174560216508	0.00013531799729364006	6.765899864682003e-05	0.00016914749661705008	0.00013531799729364006	0.0002537212449255751	0.00015223274695534507	5.074424898511502e-05	0.00011840324763193504	6.765899864682003e-05	0.00021989174560216508	0.0002537212449255751	0.00020297699594046007	0.00018606224627875506
_scratch_st-cdeboer-1_asfar_VLPs_results_crispresso_aggregated_spacer_CGBE1-NG_rep1_.staging_CRISPRessoPooled_on_CGBE1-NG_D1_rep1_CRISPResso_on_HEK3	Insertions	0.0	0.0	0.0	0.0	0.0	0.0	0.0	0.0	0.0	0.0	0.0	0.0	0.0	0.0	0.0	0.0	0.0	0.0	0.0	0.0
_scratch_st-cdeboer-1_asfar_VLPs_results_crispresso_aggregated_spacer_CGBE1-NG_rep1_.staging_CRISPRessoPooled_on_CGBE1-NG_D1_rep1_CRISPResso_on_HEK3	Insertions_Left	0.0	0.0	0.0	0.0	0.0	0.0	0.0	0.0	0.0	0.0	0.0	0.0	0.0	0.0	0.0	0.0	0.0	0.0	0.0	0.0
_scratch_st-cdeboer-1_asfar_VLPs_results_crispresso_aggregated_spacer_CGBE1-NG_rep1_.staging_CRISPRessoPooled_on_CGBE1-NG_D1_rep1_CRISPResso_on_HEK3	Deletions	0.0	5.4207887247594525e-05	0.0	0.0	0.0	0.0	0.0	0.0	0.0	0.0	2.7103943623797262e-05	0.0	0.0	0.0	0.0	0.0	0.0	0.0	0.0	0.0
_scratch_st-cdeboer-1_asfar_VLPs_results_crispresso_aggregated_spacer_CGBE1-NG_rep1_.staging_CRISPRessoPooled_on_CGBE1-NG_D1_rep1_CRISPResso_on_HEK3	Substitutions	0.00010841577449518905	0.00016262366174278357	5.4207887247594525e-05	5.4207887247594525e-05	0.00016262366174278357	0.0001355197181189863	0.00010841577449518905	0.0002168315489903781	8.131183087139178e-05	5.4207887247594525e-05	0.0001355197181189863	0.00018972760536658083	8.131183087139178e-05	0.00016262366174278357	0.00018972760536658083	0.0001355197181189863	0.00029814337986176987	0.0003523512671093644	0.0001355197181189863	0.00029814337986176987
_scratch_st-cdeboer-1_asfar_VLPs_results_crispresso_aggregated_spacer_CGBE1-NG_rep1_.staging_CRISPRessoPooled_on_CGBE1-NG_D1_rep1_CRISPResso_on_HEK3	All_modifications	0.00010841577449518905	0.0002168315489903781	5.4207887247594525e-05	5.4207887247594525e-05	0.00016262366174278357	0.0001355197181189863	0.00010841577449518905	0.0002168315489903781	8.131183087139178e-05	5.4207887247594525e-05	0.00016262366174278357	0.00018972760536658083	8.131183087139178e-05	0.00016262366174278357	0.00018972760536658083	0.0001355197181189863	0.00029814337986176987	0.0003523512671093644	0.0001355197181189863	0.00029814337986176987
_scratch_st-cdeboer-1_asfar_VLPs_results_crispresso_aggregated_spacer_CGBE1-NG_rep1_.staging_CRISPRessoPooled_on_CGBE1-NG_D2_rep1_CRISPResso_on_HEK3	Insertions	0.0	0.0	0.0	0.0	0.0	0.0	0.0	0.0	0.0	0.0	0.0	0.0	0.0	0.0	0.0	0.0	0.0	0.0	0.0	0.0
_scratch_st-cdeboer-1_asfar_VLPs_results_crispresso_aggregated_spacer_CGBE1-NG_rep1_.staging_CRISPRessoPooled_on_CGBE1-NG_D2_rep1_CRISPResso_on_HEK3	Insertions_Left	0.0	0.0	0.0	0.0	0.0	0.0	0.0	0.0	0.0	0.0	0.0	0.0	0.0	0.0	0.0	0.0	0.0	0.0	0.0	0.0
_scratch_st-cdeboer-1_asfar_VLPs_results_crispresso_aggregated_spacer_CGBE1-NG_rep1_.staging_CRISPRessoPooled_on_CGBE1-NG_D2_rep1_CRISPResso_on_HEK3	Deletions	0.0	0.0	0.0	0.0	0.00024458847988259754	0.0	0.0	0.0	0.0	0.0	0.00012229423994129877	0.0	0.0	0.0	0.0	0.0	0.0	0.0	0.0	0.0
_scratch_st-cdeboer-1_asfar_VLPs_results_crispresso_aggregated_spacer_CGBE1-NG_rep1_.staging_CRISPRessoPooled_on_CGBE1-NG_D2_rep1_CRISPResso_on_HEK3	Substitutions	0.0003057355998532469	0.00018344135991194815	6.114711997064938e-05	0.0003057355998532469	0.0004891769597651951	0.00018344135991194815	0.00018344135991194815	0.00024458847988259754	0.00018344135991194815	0.00018344135991194815	0.00012229423994129877	0.00024458847988259754	0.00018344135991194815	0.00012229423994129877	0.0003057355998532469	0.00012229423994129877	0.0003057355998532469	0.00024458847988259754	0.0003057355998532469	0.00018344135991194815
_scratch_st-cdeboer-1_asfar_VLPs_results_crispresso_aggregated_spacer_CGBE1-NG_rep1_.staging_CRISPRessoPooled_on_CGBE1-NG_D2_rep1_CRISPResso_on_HEK3	All_modifications	0.0003057355998532469	0.00018344135991194815	6.114711997064938e-05	0.0003057355998532469	0.0007337654396477926	0.00018344135991194815	0.00018344135991194815	0.00024458847988259754	0.00018344135991194815	0.00018344135991194815	0.00024458847988259754	0.00024458847988259754	0.00018344135991194815	0.00012229423994129877	0.0003057355998532469	0.00012229423994129877	0.0003057355998532469	0.00024458847988259754	0.0003057355998532469	0.00018344135991194815
_scratch_st-cdeboer-1_asfar_VLPs_results_crispresso_aggregated_spacer_CGBE1-NG_rep1_.staging_CRISPRessoPooled_on_CGBE1-NG_D3_rep1_CRISPResso_on_HEK3	Insertions	0.0	0.0	0.0	0.0	0.0	0.0	0.0	0.0	0.0	0.0	0.0	0.0	0.0	0.0	0.0	0.0	0.0	0.0	0.0	0.0
_scratch_st-cdeboer-1_asfar_VLPs_results_crispresso_aggregated_spacer_CGBE1-NG_rep1_.staging_CRISPRessoPooled_on_CGBE1-NG_D3_rep1_CRISPResso_on_HEK3	Insertions_Left	0.0	0.0	0.0	0.0	0.0	0.0	0.0	0.0	0.0	0.0	0.0	0.0	0.0	0.0	0.0	0.0	0.0	0.0	0.0	0.0
_scratch_st-cdeboer-1_asfar_VLPs_results_crispresso_aggregated_spacer_CGBE1-NG_rep1_.staging_CRISPRessoPooled_on_CGBE1-NG_D3_rep1_CRISPResso_on_HEK3	Deletions	0.0	7.606298014756218e-05	0.0	0.0	4.563778808853731e-05	0.0	0.0	0.0	0.0	0.0	0.0	0.0	0.0	0.0	0.0	0.0	0.0	0.0	1.5212596029512437e-05	0.0
_scratch_st-cdeboer-1_asfar_VLPs_results_crispresso_aggregated_spacer_CGBE1-NG_rep1_.staging_CRISPRessoPooled_on_CGBE1-NG_D3_rep1_CRISPResso_on_HEK3	Substitutions	0.00019776374838366168	0.00019776374838366168	0.00015212596029512437	0.0001217007682360995	0.0002586141325017114	0.00021297634441317412	0.0001673385563246368	0.00022818894044268655	9.127557617707462e-05	0.00018255115235414924	0.00019776374838366168	0.0001673385563246368	0.00010648817220658706	0.0001217007682360995	0.00013691336426561193	0.00018255115235414924	0.00015212596029512437	0.000243401536472199	0.0001217007682360995	0.00021297634441317412
_scratch_st-cdeboer-1_asfar_VLPs_results_crispresso_aggregated_spacer_CGBE1-NG_rep1_.staging_CRISPRessoPooled_on_CGBE1-NG_D3_rep1_CRISPResso_on_HEK3	All_modifications	0.00019776374838366168	0.00027382672853122386	0.00015212596029512437	0.0001217007682360995	0.00030425192059024874	0.00021297634441317412	0.0001673385563246368	0.00022818894044268655	9.127557617707462e-05	0.00018255115235414924	0.00019776374838366168	0.0001673385563246368	0.00010648817220658706	0.0001217007682360995	0.00013691336426561193	0.00018255115235414924	0.00015212596029512437	0.000243401536472199	0.00013691336426561193	0.00021297634441317412
_scratch_st-cdeboer-1_asfar_VLPs_results_crispresso_aggregated_spacer_CGBE1-NG_rep1_.staging_CRISPRessoPooled_on_CGBE1-NG_D4_rep1_CRISPResso_on_HEK3	Insertions	0.0	0.0	0.0	0.0	2.2284619155858625e-05	2.2284619155858625e-05	0.0	0.0	0.0	2.2284619155858625e-05	2.2284619155858625e-05	0.0	0.0	0.0	0.0	0.0	0.0	0.0	0.0	0.0
_scratch_st-cdeboer-1_asfar_VLPs_results_crispresso_aggregated_spacer_CGBE1-NG_rep1_.staging_CRISPRessoPooled_on_CGBE1-NG_D4_rep1_CRISPResso_on_HEK3	Insertions_Left	0.0	0.0	0.0	0.0	2.2284619155858625e-05	0.0	0.0	0.0	0.0	2.2284619155858625e-05	0.0	0.0	0.0	0.0	0.0	0.0	0.0	0.0	0.0	0.0
_scratch_st-cdeboer-1_asfar_VLPs_results_crispresso_aggregated_spacer_CGBE1-NG_rep1_.staging_CRISPRessoPooled_on_CGBE1-NG_D4_rep1_CRISPResso_on_HEK3	Deletions	0.0	6.685385746757588e-05	6.685385746757588e-05	6.685385746757588e-05	0.00013370771493515177	8.91384766234345e-05	8.91384766234345e-05	6.685385746757588e-05	6.685385746757588e-05	6.685385746757588e-05	6.685385746757588e-05	0.0	0.0	2.2284619155858625e-05	0.0	0.0	0.0	0.0	0.0	0.0
_scratch_st-cdeboer-1_asfar_VLPs_results_crispresso_aggregated_spacer_CGBE1-NG_rep1_.staging_CRISPRessoPooled_on_CGBE1-NG_D4_rep1_CRISPResso_on_HEK3	Substitutions	0.00020056157240272763	8.91384766234345e-05	6.685385746757588e-05	0.0012479386727280832	0.001181084815260507	6.685385746757588e-05	0.00037883852564959665	0.00020056157240272763	0.00037883852564959665	0.00011142309577929313	0.0003342692873378794	0.00020056157240272763	6.685385746757588e-05	0.000178276953246869	6.685385746757588e-05	0.00026741542987030354	0.00040112314480545525	0.00022284619155858625	0.0001559923340910104	0.00028970004902616214
_scratch_st-cdeboer-1_asfar_VLPs_results_crispresso_aggregated_spacer_CGBE1-NG_rep1_.staging_CRISPRessoPooled_on_CGBE1-NG_D4_rep1_CRISPResso_on_HEK3	All_modifications	0.00020056157240272763	0.0001559923340910104	0.00013370771493515177	0.001314792530195659	0.0013370771493515176	0.000178276953246869	0.00046797700227303116	0.00026741542987030354	0.0004456923831171725	0.00020056157240272763	0.0004234077639613139	0.00020056157240272763	6.685385746757588e-05	0.00020056157240272763	6.685385746757588e-05	0.00026741542987030354	0.00040112314480545525	0.00022284619155858625	0.0001559923340910104	0.00028970004902616214
_scratch_st-cdeboer-1_asfar_VLPs_results_crispresso_aggregated_spacer_CGBE1-NG_rep1_.staging_CRISPRessoPooled_on_CGBE1-NG_D5_rep1_CRISPResso_on_HEK3	Insertions	0.0	0.0	0.0	0.0	0.0	0.0	0.0	0.0	0.0	0.0	0.0	0.0	0.0	0.0	0.0	0.0	0.0	0.0	0.0	0.0
_scratch_st-cdeboer-1_asfar_VLPs_results_crispresso_aggregated_spacer_CGBE1-NG_rep1_.staging_CRISPRessoPooled_on_CGBE1-NG_D5_rep1_CRISPResso_on_HEK3	Insertions_Left	0.0	0.0	0.0	0.0	0.0	0.0	0.0	0.0	0.0	0.0	0.0	0.0	0.0	0.0	0.0	0.0	0.0	0.0	0.0	0.0
_scratch_st-cdeboer-1_asfar_VLPs_results_crispresso_aggregated_spacer_CGBE1-NG_rep1_.staging_CRISPRessoPooled_on_CGBE1-NG_D5_rep1_CRISPResso_on_HEK3	Deletions	0.0	0.00012543274296322312	0.0	0.0	0.0001003461943705785	0.0	0.0	0.0	0.0	0.0	2.5086548592644625e-05	0.0	0.0	0.0	0.0	0.0	0.0	0.0	0.0	0.0
_scratch_st-cdeboer-1_asfar_VLPs_results_crispresso_aggregated_spacer_CGBE1-NG_rep1_.staging_CRISPRessoPooled_on_CGBE1-NG_D5_rep1_CRISPResso_on_HEK3	Substitutions	0.00017560584014851237	0.00027595203451909086	0.00012543274296322312	0.0006271637148161156	0.001003461943705785	0.0001003461943705785	0.00027595203451909086	0.00027595203451909086	0.000200692388741157	0.00012543274296322312	0.00012543274296322312	0.0003261251317043801	0.00015051929155586775	0.00017560584014851237	0.00015051929155586775	0.0002257789373338016	0.00017560584014851237	0.00035121168029702475	5.017309718528925e-05	0.00027595203451909086
_scratch_st-cdeboer-1_asfar_VLPs_results_crispresso_aggregated_spacer_CGBE1-NG_rep1_.staging_CRISPRessoPooled_on_CGBE1-NG_D5_rep1_CRISPResso_on_HEK3	All_modifications	0.00017560584014851237	0.000401384777482314	0.00012543274296322312	0.0006271637148161156	0.0011038081380763635	0.0001003461943705785	0.00027595203451909086	0.00027595203451909086	0.000200692388741157	0.00012543274296322312	0.00015051929155586775	0.0003261251317043801	0.00015051929155586775	0.00017560584014851237	0.00015051929155586775	0.0002257789373338016	0.00017560584014851237	0.00035121168029702475	5.017309718528925e-05	0.00027595203451909086
