Folder	Modification	G	G	C	C	C	A	G	A	C	T	G	A	G	C	A	C	G	T	G	A
_scratch_st-cdeboer-1_asfar_VLPs_results_crispresso_aggregated_spacer_CGBE1_rep3_.staging_CRISPRessoPooled_on_CGBE1_D0_rep3_CRISPResso_on_HEK3	Insertions	0.0	0.0	0.0	0.0	0.0	0.0	0.0	0.0	0.0	0.0	0.0	0.0	0.0	0.0	0.0	0.0	0.0	0.0	0.0	0.0
_scratch_st-cdeboer-1_asfar_VLPs_results_crispresso_aggregated_spacer_CGBE1_rep3_.staging_CRISPRessoPooled_on_CGBE1_D0_rep3_CRISPResso_on_HEK3	Insertions_Left	0.0	0.0	0.0	0.0	0.0	0.0	0.0	0.0	0.0	0.0	0.0	0.0	0.0	0.0	0.0	0.0	0.0	0.0	0.0	0.0
_scratch_st-cdeboer-1_asfar_VLPs_results_crispresso_aggregated_spacer_CGBE1_rep3_.staging_CRISPRessoPooled_on_CGBE1_D0_rep3_CRISPResso_on_HEK3	Deletions	0.0	3.442577802258331e-05	0.0	0.0	3.442577802258331e-05	0.0	0.0	0.0	0.0	0.0	0.0	0.0	0.0	0.0	0.0	0.0	0.0	0.0	0.0	0.0
_scratch_st-cdeboer-1_asfar_VLPs_results_crispresso_aggregated_spacer_CGBE1_rep3_.staging_CRISPRessoPooled_on_CGBE1_D0_rep3_CRISPResso_on_HEK3	Substitutions	3.442577802258331e-05	6.885155604516663e-05	0.00010327733406774992	3.442577802258331e-05	0.00010327733406774992	0.00010327733406774992	0.00024098044615808318	6.885155604516663e-05	3.442577802258331e-05	0.00024098044615808318	0.0003098320022032498	0.00020655466813549985	6.885155604516663e-05	0.00010327733406774992	0.00017212889011291655	3.442577802258331e-05	0.0005163866703387496	0.00013770311209033325	0.00010327733406774992	0.00017212889011291655
_scratch_st-cdeboer-1_asfar_VLPs_results_crispresso_aggregated_spacer_CGBE1_rep3_.staging_CRISPRessoPooled_on_CGBE1_D0_rep3_CRISPResso_on_HEK3	All_modifications	3.442577802258331e-05	0.00010327733406774992	0.00010327733406774992	3.442577802258331e-05	0.00013770311209033325	0.00010327733406774992	0.00024098044615808318	6.885155604516663e-05	3.442577802258331e-05	0.00024098044615808318	0.0003098320022032498	0.00020655466813549985	6.885155604516663e-05	0.00010327733406774992	0.00017212889011291655	3.442577802258331e-05	0.0005163866703387496	0.00013770311209033325	0.00010327733406774992	0.00017212889011291655
_scratch_st-cdeboer-1_asfar_VLPs_results_crispresso_aggregated_spacer_CGBE1_rep3_.staging_CRISPRessoPooled_on_CGBE1_D1_rep3_CRISPResso_on_HEK3	Insertions	0.0	0.0	0.0	0.0	0.0	0.0	0.0	0.0	0.0	0.0008013093736147578	0.0008013093736147578	0.0	0.0	0.0	0.0	0.0	0.0	0.0	0.0	0.0
_scratch_st-cdeboer-1_asfar_VLPs_results_crispresso_aggregated_spacer_CGBE1_rep3_.staging_CRISPRessoPooled_on_CGBE1_D1_rep3_CRISPResso_on_HEK3	Insertions_Left	0.0	0.0	0.0	0.0	0.0	0.0	0.0	0.0	0.0	0.0008013093736147578	0.0	0.0	0.0	0.0	0.0	0.0	0.0	0.0	0.0	0.0
_scratch_st-cdeboer-1_asfar_VLPs_results_crispresso_aggregated_spacer_CGBE1_rep3_.staging_CRISPRessoPooled_on_CGBE1_D1_rep3_CRISPResso_on_HEK3	Deletions	0.0006819654243529853	0.001210488628226549	0.0006819654243529853	0.000784260238005933	0.0015173730691853923	0.0011763903570088997	0.0011763903570088997	0.002557370341323695	0.0026255668837589933	0.002744910833020766	0.00301769700276196	0.0023527807140177994	0.002557370341323695	0.0013639308487059707	0.0008183585092235824	0.0008183585092235824	0.0004773757970470897	0.000511474068264739	0.000511474068264739	0.000511474068264739
_scratch_st-cdeboer-1_asfar_VLPs_results_crispresso_aggregated_spacer_CGBE1_rep3_.staging_CRISPRessoPooled_on_CGBE1_D1_rep3_CRISPResso_on_HEK3	Substitutions	0.0003409827121764927	0.00017049135608824634	0.001568520476011866	0.023510758004569168	0.055750673440856546	8.524567804412317e-05	0.00023868789852354486	0.0003580318477853173	0.0032393357656766803	0.00018754049169707095	0.0004091792546117912	0.0003068844409588434	0.00013639308487059705	0.0001022948136529478	5.11474068264739e-05	0.00018754049169707095	0.00018754049169707095	0.00022163876291472022	0.0001022948136529478	0.0004603266614382651
_scratch_st-cdeboer-1_asfar_VLPs_results_crispresso_aggregated_spacer_CGBE1_rep3_.staging_CRISPRessoPooled_on_CGBE1_D1_rep3_CRISPResso_on_HEK3	All_modifications	0.001022948136529478	0.0013809799843147953	0.0022504859003648517	0.0242950182425751	0.05726804651004194	0.0012616360350530228	0.0014150782555324445	0.002915402189109012	0.005864902649435674	0.0037337606983325945	0.004228185630988509	0.0026596651549766425	0.002693763426194292	0.0014662256623589184	0.0008695059160500562	0.0010058990009206533	0.0006649162887441606	0.0007331128311794592	0.0006137688819176868	0.0009718007297030041
_scratch_st-cdeboer-1_asfar_VLPs_results_crispresso_aggregated_spacer_CGBE1_rep3_.staging_CRISPRessoPooled_on_CGBE1_D2_rep3_CRISPResso_on_HEK3	Insertions	0.0	0.0	0.0	0.0	5.288934491257391e-05	0.00015866803473772175	0.00010577868982514783	3.702254143880174e-05	9.520082084263304e-05	0.0009414303394438157	0.0008832520600399843	0.0	0.0	0.0	0.0	0.0	7.933401736886088e-05	7.933401736886088e-05	0.0	0.0
_scratch_st-cdeboer-1_asfar_VLPs_results_crispresso_aggregated_spacer_CGBE1_rep3_.staging_CRISPRessoPooled_on_CGBE1_D2_rep3_CRISPResso_on_HEK3	Insertions_Left	0.0	0.0	0.0	0.0	5.288934491257391e-05	0.00010577868982514783	0.0	3.702254143880174e-05	5.817827940383131e-05	0.0008832520600399843	0.0	0.0	0.0	0.0	0.0	0.0	7.933401736886088e-05	0.0	0.0	0.0
_scratch_st-cdeboer-1_asfar_VLPs_results_crispresso_aggregated_spacer_CGBE1_rep3_.staging_CRISPRessoPooled_on_CGBE1_D2_rep3_CRISPResso_on_HEK3	Deletions	0.0007087172218284905	0.0020573955170991253	0.0008409405841099252	0.0016025471508509896	0.004268170134444715	0.0018722828099051166	0.0018987274823614034	0.0021155737965029564	0.0027343791319800713	0.0025704221627510923	0.002242508224293134	0.0021684631414155306	0.0017083258406761373	0.0015232131334821286	0.0011159651776553095	0.0011159651776553095	0.000946719273935073	0.0007404508287760348	0.0005764938595470557	0.0004495594317568783
_scratch_st-cdeboer-1_asfar_VLPs_results_crispresso_aggregated_spacer_CGBE1_rep3_.staging_CRISPRessoPooled_on_CGBE1_D2_rep3_CRISPResso_on_HEK3	Substitutions	0.000460137300739393	0.0006875614838634609	0.00255455535927732	0.02844388969398225	0.07080296603446269	0.00012164549329892	0.00015866803473772175	0.0002591577900716122	0.005045643504659551	0.00019569057617652348	0.0001851127071940087	0.0002380020521065826	0.00024329098659784	0.00014280123126394958	0.00014280123126394958	0.00023271311761532523	0.00033849180744047305	0.00011106762431640521	0.00022213524863281043	0.00029089139701915653
_scratch_st-cdeboer-1_asfar_VLPs_results_crispresso_aggregated_spacer_CGBE1_rep3_.staging_CRISPRessoPooled_on_CGBE1_D2_rep3_CRISPResso_on_HEK3	All_modifications	0.0011688545225678835	0.002744957000962586	0.003395495943387245	0.03004643684483324	0.07512402551381998	0.0021525963379417585	0.002163174206924273	0.0024117541280133706	0.007875223457482256	0.003707543078371431	0.0033108729915271268	0.002406465193522113	0.0019516168272739774	0.0016660143647460783	0.001258766408919259	0.0013486782952706348	0.001364545098744407	0.0009308524704613009	0.0007986291081798661	0.0007404508287760348
_scratch_st-cdeboer-1_asfar_VLPs_results_crispresso_aggregated_spacer_CGBE1_rep3_.staging_CRISPRessoPooled_on_CGBE1_D3_rep3_CRISPResso_on_HEK3	Insertions	0.0	2.5342332677248497e-05	2.5342332677248497e-05	3.3789776902998e-05	0.000152053996063491	0.000135159107611992	0.0001098167749347435	9.292188648324449e-05	0.0	0.000642005761156962	0.000642005761156962	0.0	0.0	0.0	0.0	3.3789776902998e-05	0.00016894888451499	0.000135159107611992	0.0	0.0
_scratch_st-cdeboer-1_asfar_VLPs_results_crispresso_aggregated_spacer_CGBE1_rep3_.staging_CRISPRessoPooled_on_CGBE1_D3_rep3_CRISPResso_on_HEK3	Insertions_Left	0.0	2.5342332677248497e-05	0.0	3.3789776902998e-05	0.000118264219160493	1.6894888451499e-05	9.292188648324449e-05	0.0	0.0	0.000642005761156962	0.0	0.0	0.0	0.0	0.0	3.3789776902998e-05	0.000135159107611992	0.0	0.0	0.0
_scratch_st-cdeboer-1_asfar_VLPs_results_crispresso_aggregated_spacer_CGBE1_rep3_.staging_CRISPRessoPooled_on_CGBE1_D3_rep3_CRISPResso_on_HEK3	Deletions	0.0005575313188994669	0.0026609449311110925	0.000794059757220453	0.0012924589665396734	0.0035225842421375414	0.0014107231857001664	0.0015796720702151565	0.0015627771817636575	0.001875332618116389	0.0017317260662786473	0.0018837800623421384	0.0017908581758588938	0.0015965669586666554	0.0015965669586666554	0.001284011522313924	0.0012248794127336774	0.000827849534123451	0.0004983992093192204	0.00037168754593297796	0.00037168754593297796
_scratch_st-cdeboer-1_asfar_VLPs_results_crispresso_aggregated_spacer_CGBE1_rep3_.staging_CRISPRessoPooled_on_CGBE1_D3_rep3_CRISPResso_on_HEK3	Substitutions	0.000253423326772485	0.0005997685400282145	0.0024751011581446033	0.028924049028966285	0.06802726834996072	0.00017739632874073948	0.00018584377296648898	0.00020273866141798798	0.004299749110906495	0.000270318215223984	0.000304107992126982	0.000321002880578481	0.00016894888451499	0.0001267116633862425	9.292188648324449e-05	7.60269980317455e-05	0.0002449758825467355	0.000135159107611992	0.00017739632874073948	0.00027876565944973347
_scratch_st-cdeboer-1_asfar_VLPs_results_crispresso_aggregated_spacer_CGBE1_rep3_.staging_CRISPRessoPooled_on_CGBE1_D3_rep3_CRISPResso_on_HEK3	All_modifications	0.0008109546456719519	0.0032860558038165554	0.003294503248042305	0.03025029777240896	0.07170190658816175	0.0017232786220528979	0.001875332618116389	0.0018584377296648898	0.006175081729022884	0.0026440500426595935	0.0028298938156260823	0.0021118610564373748	0.0017655158431816454	0.0017232786220528979	0.0013769334087971683	0.001334696187668421	0.0012417743011851764	0.0007687174245432044	0.0005490838746737175	0.0006504532053827114
_scratch_st-cdeboer-1_asfar_VLPs_results_crispresso_aggregated_spacer_CGBE1_rep3_.staging_CRISPRessoPooled_on_CGBE1_D4_rep3_CRISPResso_on_HEK3	Insertions	0.0	0.00012923696712033298	0.00012923696712033298	0.0	4.456447142080448e-06	4.456447142080448e-06	0.0	9.804183712576985e-05	9.804183712576985e-05	0.0016355161011435244	0.0016355161011435244	0.0	0.0	0.0	0.0	7.130315427328717e-05	0.00029412551137730954	0.0002228223571040224	0.0	0.0
_scratch_st-cdeboer-1_asfar_VLPs_results_crispresso_aggregated_spacer_CGBE1_rep3_.staging_CRISPRessoPooled_on_CGBE1_D4_rep3_CRISPResso_on_HEK3	Insertions_Left	0.0	0.00012923696712033298	0.0	0.0	4.456447142080448e-06	0.0	0.0	9.804183712576985e-05	0.0	0.0016355161011435244	0.0	0.0	0.0	0.0	0.0	7.130315427328717e-05	0.0002228223571040224	0.0	0.0	0.0
_scratch_st-cdeboer-1_asfar_VLPs_results_crispresso_aggregated_spacer_CGBE1_rep3_.staging_CRISPRessoPooled_on_CGBE1_D4_rep3_CRISPResso_on_HEK3	Deletions	0.001323564801197893	0.003025927609472624	0.0014305195326078238	0.0021435510753406955	0.006644562688841948	0.002816474593794843	0.0029635373494834977	0.003222011283724164	0.0036008092908010017	0.003391356275123221	0.0035072239008173125	0.0032576628608608073	0.0028833213009260496	0.002540174870985855	0.0016800805725643289	0.0014394324268919847	0.0008690071927056873	0.0009224845584106527	0.0009269410055527331	0.0008288991684269633
_scratch_st-cdeboer-1_asfar_VLPs_results_crispresso_aggregated_spacer_CGBE1_rep3_.staging_CRISPRessoPooled_on_CGBE1_D4_rep3_CRISPResso_on_HEK3	Substitutions	0.0004055366899293208	0.0011007424440938707	0.0038726525664679093	0.04776420046881824	0.11840780056507749	0.00016934499139905702	0.00019162722710945926	0.00027629972280898777	0.007116946085902475	0.00020945301567778106	0.00016488854425697656	0.00019162722710945926	0.00020054012139362015	8.467249569952851e-05	9.35853899836894e-05	0.00021390946281986148	0.0003164077470877118	0.00018271433282529835	0.00023173525138818328	0.0001871707799673788
_scratch_st-cdeboer-1_asfar_VLPs_results_crispresso_aggregated_spacer_CGBE1_rep3_.staging_CRISPRessoPooled_on_CGBE1_D4_rep3_CRISPResso_on_HEK3	All_modifications	0.0017291014911272138	0.004255907020686828	0.005432409066196066	0.04990775154415893	0.12505681970106153	0.0029902760323359803	0.003155164576592957	0.0035963528436589215	0.010815797213829246	0.005236325391944526	0.005307628546217813	0.0034492900879702667	0.00308386142231967	0.002624847366685384	0.0017736659625480183	0.0017246450439851334	0.0014795404511707088	0.0013280212483399733	0.0011586762569409164	0.001016069948394342
_scratch_st-cdeboer-1_asfar_VLPs_results_crispresso_aggregated_spacer_CGBE1_rep3_.staging_CRISPRessoPooled_on_CGBE1_D5_rep3_CRISPResso_on_HEK3	Insertions	0.0	0.0	0.0	0.0	0.0	0.0	0.0	7.965905922651054e-05	7.965905922651054e-05	0.0010156530051380094	0.0010156530051380094	0.0	0.0	0.0	0.0	0.0	0.0001792328832596487	0.0001792328832596487	0.0	0.0
_scratch_st-cdeboer-1_asfar_VLPs_results_crispresso_aggregated_spacer_CGBE1_rep3_.staging_CRISPRessoPooled_on_CGBE1_D5_rep3_CRISPResso_on_HEK3	Insertions_Left	0.0	0.0	0.0	0.0	0.0	0.0	0.0	7.965905922651054e-05	0.0	0.0010156530051380094	0.0	0.0	0.0	0.0	0.0	0.0	0.0001792328832596487	0.0	0.0	0.0
_scratch_st-cdeboer-1_asfar_VLPs_results_crispresso_aggregated_spacer_CGBE1_rep3_.staging_CRISPRessoPooled_on_CGBE1_D5_rep3_CRISPResso_on_HEK3	Deletions	0.0005177838849723185	0.0019118174214362528	0.0006970167682319671	0.0010753972995578922	0.003963038196518899	0.0013940335364639343	0.001633010714143466	0.0024096865416019437	0.0027880670729278686	0.0026287489544748474	0.0024893456008284543	0.002290197952762178	0.0020910503046959014	0.0016728402437567213	0.001573266419723583	0.0014736925956904449	0.0010156530051380094	0.0007368462978452224	0.0005576134145855738	0.00037838053132592504
_scratch_st-cdeboer-1_asfar_VLPs_results_crispresso_aggregated_spacer_CGBE1_rep3_.staging_CRISPRessoPooled_on_CGBE1_D5_rep3_CRISPResso_on_HEK3	Substitutions	0.0004978691201656908	0.0004779543553590632	0.0028876408969610067	0.034472457880272436	0.08236746724021189	0.00019914764806627634	0.0002389771776795316	0.00015931811845302108	0.0060740032660214285	9.957382403313817e-05	0.00013940335364639344	0.0002788067072927869	0.0001194885888397658	0.00021906241287290398	0.0001194885888397658	0.0001792328832596487	0.00015931811845302108	0.0002389771776795316	5.97442944198829e-05	0.0002788067072927869
_scratch_st-cdeboer-1_asfar_VLPs_results_crispresso_aggregated_spacer_CGBE1_rep3_.staging_CRISPRessoPooled_on_CGBE1_D5_rep3_CRISPResso_on_HEK3	All_modifications	0.0010156530051380094	0.002389771776795316	0.0035846576651929743	0.03554785517983033	0.08633050543673079	0.0015931811845302107	0.0018719878918229975	0.0026486637192814754	0.008941729398175807	0.003743975783645995	0.003644401959612857	0.002569004660054965	0.0022105388935356675	0.0018919026566296252	0.0016927550085633488	0.0016529254789500935	0.001354204006850679	0.0011550563587844028	0.0006173577090054567	0.0006571872386187119
