Folder	Modification	G	G	C	C	C	A	G	A	C	T	G	A	G	C	A	C	G	T	G	A
_scratch_st-cdeboer-1_asfar_VLPs_results_crispresso_aggregated_spacer_miniCGBE1-SpRY_rep3_.staging_CRISPRessoPooled_on_miniCGBE1-SpRY_D0_rep3_CRISPResso_on_HEK3	Insertions	0.0	0.0	0.0	0.0	0.0	0.0	0.0	0.0	0.0	0.0	0.0	0.0	0.0	0.0	0.0	0.0	0.0	0.0	0.0	0.0
_scratch_st-cdeboer-1_asfar_VLPs_results_crispresso_aggregated_spacer_miniCGBE1-SpRY_rep3_.staging_CRISPRessoPooled_on_miniCGBE1-SpRY_D0_rep3_CRISPResso_on_HEK3	Insertions_Left	0.0	0.0	0.0	0.0	0.0	0.0	0.0	0.0	0.0	0.0	0.0	0.0	0.0	0.0	0.0	0.0	0.0	0.0	0.0	0.0
_scratch_st-cdeboer-1_asfar_VLPs_results_crispresso_aggregated_spacer_miniCGBE1-SpRY_rep3_.staging_CRISPRessoPooled_on_miniCGBE1-SpRY_D0_rep3_CRISPResso_on_HEK3	Deletions	0.0	5.918910920390648e-05	0.0	0.0	8.878366380585972e-05	0.0	0.0	0.0	0.0	0.0	0.0	0.0	0.0	2.959455460195324e-05	0.0	0.0	0.0	0.0	0.0	0.0
_scratch_st-cdeboer-1_asfar_VLPs_results_crispresso_aggregated_spacer_miniCGBE1-SpRY_rep3_.staging_CRISPRessoPooled_on_miniCGBE1-SpRY_D0_rep3_CRISPResso_on_HEK3	Substitutions	0.00023675643681562593	0.0001479727730097662	5.918910920390648e-05	5.918910920390648e-05	0.00017756732761171944	0.00017756732761171944	0.00026635099141757916	8.878366380585972e-05	0.0	0.0002071618822136727	0.00017756732761171944	0.0002071618822136727	0.0	0.0001479727730097662	0.0	0.0002071618822136727	0.0002071618822136727	2.959455460195324e-05	0.00011837821840781296	0.0002071618822136727
_scratch_st-cdeboer-1_asfar_VLPs_results_crispresso_aggregated_spacer_miniCGBE1-SpRY_rep3_.staging_CRISPRessoPooled_on_miniCGBE1-SpRY_D0_rep3_CRISPResso_on_HEK3	All_modifications	0.00023675643681562593	0.0002071618822136727	5.918910920390648e-05	5.918910920390648e-05	0.00026635099141757916	0.00017756732761171944	0.00026635099141757916	8.878366380585972e-05	0.0	0.0002071618822136727	0.00017756732761171944	0.0002071618822136727	0.0	0.00017756732761171944	0.0	0.0002071618822136727	0.0002071618822136727	2.959455460195324e-05	0.00011837821840781296	0.0002071618822136727
_scratch_st-cdeboer-1_asfar_VLPs_results_crispresso_aggregated_spacer_miniCGBE1-SpRY_rep3_.staging_CRISPRessoPooled_on_miniCGBE1-SpRY_D1_rep3_CRISPResso_on_HEK3	Insertions	0.0	0.0	0.0	0.0	0.0	0.0	0.0	0.0	0.0	0.0	0.0	0.0	0.0	0.0	0.0	0.0	0.0	0.0	0.0	0.0
_scratch_st-cdeboer-1_asfar_VLPs_results_crispresso_aggregated_spacer_miniCGBE1-SpRY_rep3_.staging_CRISPRessoPooled_on_miniCGBE1-SpRY_D1_rep3_CRISPResso_on_HEK3	Insertions_Left	0.0	0.0	0.0	0.0	0.0	0.0	0.0	0.0	0.0	0.0	0.0	0.0	0.0	0.0	0.0	0.0	0.0	0.0	0.0	0.0
_scratch_st-cdeboer-1_asfar_VLPs_results_crispresso_aggregated_spacer_miniCGBE1-SpRY_rep3_.staging_CRISPRessoPooled_on_miniCGBE1-SpRY_D1_rep3_CRISPResso_on_HEK3	Deletions	0.0	5.173930289912561e-05	0.0	0.0	1.7246434299708535e-05	0.0	0.0	0.0	0.0	0.0	0.0	0.0	0.0	0.0	0.0	0.0	0.0	0.0	0.0	0.0
_scratch_st-cdeboer-1_asfar_VLPs_results_crispresso_aggregated_spacer_miniCGBE1-SpRY_rep3_.staging_CRISPRessoPooled_on_miniCGBE1-SpRY_D1_rep3_CRISPResso_on_HEK3	Substitutions	8.623217149854267e-05	0.00018971077729679388	3.449286859941707e-05	6.898573719883414e-05	8.623217149854267e-05	0.00012072504009795975	0.0002414500801959195	0.000258696514495628	1.7246434299708535e-05	0.00013797147439766828	8.623217149854267e-05	0.00017246434299708535	0.00013797147439766828	0.00018971077729679388	8.623217149854267e-05	6.898573719883414e-05	0.000258696514495628	0.00012072504009795975	0.00013797147439766828	6.898573719883414e-05
_scratch_st-cdeboer-1_asfar_VLPs_results_crispresso_aggregated_spacer_miniCGBE1-SpRY_rep3_.staging_CRISPRessoPooled_on_miniCGBE1-SpRY_D1_rep3_CRISPResso_on_HEK3	All_modifications	8.623217149854267e-05	0.0002414500801959195	3.449286859941707e-05	6.898573719883414e-05	0.00010347860579825122	0.00012072504009795975	0.0002414500801959195	0.000258696514495628	1.7246434299708535e-05	0.00013797147439766828	8.623217149854267e-05	0.00017246434299708535	0.00013797147439766828	0.00018971077729679388	8.623217149854267e-05	6.898573719883414e-05	0.000258696514495628	0.00012072504009795975	0.00013797147439766828	6.898573719883414e-05
_scratch_st-cdeboer-1_asfar_VLPs_results_crispresso_aggregated_spacer_miniCGBE1-SpRY_rep3_.staging_CRISPRessoPooled_on_miniCGBE1-SpRY_D2_rep3_CRISPResso_on_HEK3	Insertions	0.0	0.0	0.0	0.0	0.0	0.0	0.0	0.0	0.0	0.0	0.0	0.0	0.0	0.0	0.0	0.0	0.0	0.0	0.0	0.0
_scratch_st-cdeboer-1_asfar_VLPs_results_crispresso_aggregated_spacer_miniCGBE1-SpRY_rep3_.staging_CRISPRessoPooled_on_miniCGBE1-SpRY_D2_rep3_CRISPResso_on_HEK3	Insertions_Left	0.0	0.0	0.0	0.0	0.0	0.0	0.0	0.0	0.0	0.0	0.0	0.0	0.0	0.0	0.0	0.0	0.0	0.0	0.0	0.0
_scratch_st-cdeboer-1_asfar_VLPs_results_crispresso_aggregated_spacer_miniCGBE1-SpRY_rep3_.staging_CRISPRessoPooled_on_miniCGBE1-SpRY_D2_rep3_CRISPResso_on_HEK3	Deletions	0.0	0.0	0.0	0.0	0.0	0.0	0.0	0.0	0.0	0.0	3.049431281066081e-05	0.0	0.0	0.0	0.0	0.0	0.0	0.0	0.0	0.0
_scratch_st-cdeboer-1_asfar_VLPs_results_crispresso_aggregated_spacer_miniCGBE1-SpRY_rep3_.staging_CRISPRessoPooled_on_miniCGBE1-SpRY_D2_rep3_CRISPResso_on_HEK3	Substitutions	6.098862562132162e-05	0.0002744488152959473	0.0	0.00012197725124264324	0.00021346018967462568	0.0004574146921599122	0.00015247156405330406	0.00036593175372792974	9.148293843198243e-05	9.148293843198243e-05	0.00018296587686396487	0.00024395450248528648	0.0	9.148293843198243e-05	0.00012197725124264324	3.049431281066081e-05	0.00018296587686396487	9.148293843198243e-05	9.148293843198243e-05	0.00018296587686396487
_scratch_st-cdeboer-1_asfar_VLPs_results_crispresso_aggregated_spacer_miniCGBE1-SpRY_rep3_.staging_CRISPRessoPooled_on_miniCGBE1-SpRY_D2_rep3_CRISPResso_on_HEK3	All_modifications	6.098862562132162e-05	0.0002744488152959473	0.0	0.00012197725124264324	0.00021346018967462568	0.0004574146921599122	0.00015247156405330406	0.00036593175372792974	9.148293843198243e-05	9.148293843198243e-05	0.00021346018967462568	0.00024395450248528648	0.0	9.148293843198243e-05	0.00012197725124264324	3.049431281066081e-05	0.00018296587686396487	9.148293843198243e-05	9.148293843198243e-05	0.00018296587686396487
_scratch_st-cdeboer-1_asfar_VLPs_results_crispresso_aggregated_spacer_miniCGBE1-SpRY_rep3_.staging_CRISPRessoPooled_on_miniCGBE1-SpRY_D3_rep3_CRISPResso_on_HEK3	Insertions	0.0	0.0	0.0	0.0	0.0	0.0	0.0	0.0	0.0	0.0	0.0	0.0	0.0	0.0	0.0	0.0	0.0	0.0	0.0	0.0
_scratch_st-cdeboer-1_asfar_VLPs_results_crispresso_aggregated_spacer_miniCGBE1-SpRY_rep3_.staging_CRISPRessoPooled_on_miniCGBE1-SpRY_D3_rep3_CRISPResso_on_HEK3	Insertions_Left	0.0	0.0	0.0	0.0	0.0	0.0	0.0	0.0	0.0	0.0	0.0	0.0	0.0	0.0	0.0	0.0	0.0	0.0	0.0	0.0
_scratch_st-cdeboer-1_asfar_VLPs_results_crispresso_aggregated_spacer_miniCGBE1-SpRY_rep3_.staging_CRISPRessoPooled_on_miniCGBE1-SpRY_D3_rep3_CRISPResso_on_HEK3	Deletions	0.0	0.0	0.0	0.0	0.0	0.0	4.3687199650502406e-05	4.3687199650502406e-05	0.0	0.0	0.0	0.0	0.0	0.0	0.0	0.0	0.0	0.0	0.0	0.0
_scratch_st-cdeboer-1_asfar_VLPs_results_crispresso_aggregated_spacer_miniCGBE1-SpRY_rep3_.staging_CRISPRessoPooled_on_miniCGBE1-SpRY_D3_rep3_CRISPResso_on_HEK3	Substitutions	0.00017474879860200962	0.0002621231979030144	8.737439930100481e-05	0.0001310615989515072	0.0001310615989515072	8.737439930100481e-05	0.00021843599825251202	0.0001310615989515072	0.0	0.0001310615989515072	0.0001310615989515072	0.0003058103975535168	8.737439930100481e-05	0.0	8.737439930100481e-05	4.3687199650502406e-05	0.0	0.00017474879860200962	0.0002621231979030144	0.00017474879860200962
_scratch_st-cdeboer-1_asfar_VLPs_results_crispresso_aggregated_spacer_miniCGBE1-SpRY_rep3_.staging_CRISPRessoPooled_on_miniCGBE1-SpRY_D3_rep3_CRISPResso_on_HEK3	All_modifications	0.00017474879860200962	0.0002621231979030144	8.737439930100481e-05	0.0001310615989515072	0.0001310615989515072	8.737439930100481e-05	0.0002621231979030144	0.00017474879860200962	0.0	0.0001310615989515072	0.0001310615989515072	0.0003058103975535168	8.737439930100481e-05	0.0	8.737439930100481e-05	4.3687199650502406e-05	0.0	0.00017474879860200962	0.0002621231979030144	0.00017474879860200962
_scratch_st-cdeboer-1_asfar_VLPs_results_crispresso_aggregated_spacer_miniCGBE1-SpRY_rep3_.staging_CRISPRessoPooled_on_miniCGBE1-SpRY_D4_rep3_CRISPResso_on_HEK3	Insertions	0.0	0.0	0.0	0.0	0.0	0.0	0.0	0.0	0.0	1.3621194578764558e-05	1.3621194578764558e-05	0.0	0.0	0.0	0.0	0.0	0.0	0.0	0.0	0.0
_scratch_st-cdeboer-1_asfar_VLPs_results_crispresso_aggregated_spacer_miniCGBE1-SpRY_rep3_.staging_CRISPRessoPooled_on_miniCGBE1-SpRY_D4_rep3_CRISPResso_on_HEK3	Insertions_Left	0.0	0.0	0.0	0.0	0.0	0.0	0.0	0.0	0.0	1.3621194578764558e-05	0.0	0.0	0.0	0.0	0.0	0.0	0.0	0.0	0.0	0.0
_scratch_st-cdeboer-1_asfar_VLPs_results_crispresso_aggregated_spacer_miniCGBE1-SpRY_rep3_.staging_CRISPRessoPooled_on_miniCGBE1-SpRY_D4_rep3_CRISPResso_on_HEK3	Deletions	6.810597289382279e-06	0.00014302254307702785	6.810597289382279e-06	6.810597289382279e-06	4.7674181025675954e-05	6.810597289382279e-06	6.810597289382279e-06	6.810597289382279e-06	1.3621194578764558e-05	1.3621194578764558e-05	1.3621194578764558e-05	1.3621194578764558e-05	6.810597289382279e-06	6.810597289382279e-06	6.810597289382279e-06	6.810597289382279e-06	6.810597289382279e-06	6.810597289382279e-06	6.810597289382279e-06	6.810597289382279e-06
_scratch_st-cdeboer-1_asfar_VLPs_results_crispresso_aggregated_spacer_miniCGBE1-SpRY_rep3_.staging_CRISPRessoPooled_on_miniCGBE1-SpRY_D4_rep3_CRISPResso_on_HEK3	Substitutions	0.0001362119457876456	0.00021112851597085064	6.129537560444051e-05	0.0005993325614656405	0.0014370360280596608	0.00014302254307702785	0.0001362119457876456	0.0001634543349451747	0.00011578015391949873	0.0001294013484982633	0.0001294013484982633	0.00021112851597085064	8.853776476196962e-05	0.00011578015391949873	8.172716747258735e-05	8.172716747258735e-05	0.00014302254307702785	0.00019069672410270381	0.00017026493223455696	0.00014302254307702785
_scratch_st-cdeboer-1_asfar_VLPs_results_crispresso_aggregated_spacer_miniCGBE1-SpRY_rep3_.staging_CRISPRessoPooled_on_miniCGBE1-SpRY_D4_rep3_CRISPResso_on_HEK3	All_modifications	0.00014302254307702785	0.0003541510590478785	6.81059728938228e-05	0.0006061431587550229	0.0014847102090853367	0.00014983314036641013	0.00014302254307702785	0.00017026493223455696	0.0001294013484982633	0.00015664373765579242	0.00015664373765579242	0.0002247497105496152	9.534836205135191e-05	0.00012259075120888102	8.853776476196962e-05	8.853776476196962e-05	0.00014983314036641013	0.0001975073213920861	0.00017707552952393924	0.00014983314036641013
_scratch_st-cdeboer-1_asfar_VLPs_results_crispresso_aggregated_spacer_miniCGBE1-SpRY_rep3_.staging_CRISPRessoPooled_on_miniCGBE1-SpRY_D5_rep3_CRISPResso_on_HEK3	Insertions	0.0	0.0	0.0	0.0	0.0	0.0	0.0	0.0	0.0	0.0	0.0	0.0	0.0	0.0	0.0	0.0	0.0	0.0	0.0	0.0
_scratch_st-cdeboer-1_asfar_VLPs_results_crispresso_aggregated_spacer_miniCGBE1-SpRY_rep3_.staging_CRISPRessoPooled_on_miniCGBE1-SpRY_D5_rep3_CRISPResso_on_HEK3	Insertions_Left	0.0	0.0	0.0	0.0	0.0	0.0	0.0	0.0	0.0	0.0	0.0	0.0	0.0	0.0	0.0	0.0	0.0	0.0	0.0	0.0
_scratch_st-cdeboer-1_asfar_VLPs_results_crispresso_aggregated_spacer_miniCGBE1-SpRY_rep3_.staging_CRISPRessoPooled_on_miniCGBE1-SpRY_D5_rep3_CRISPResso_on_HEK3	Deletions	0.0	3.322590291391168e-05	0.0	0.0	0.0	0.0	0.0	0.0	0.0	0.0	0.0	0.0	0.0	0.0	0.0	0.0	0.0	0.0	0.0	0.0
_scratch_st-cdeboer-1_asfar_VLPs_results_crispresso_aggregated_spacer_miniCGBE1-SpRY_rep3_.staging_CRISPRessoPooled_on_miniCGBE1-SpRY_D5_rep3_CRISPResso_on_HEK3	Substitutions	9.967770874173506e-05	9.967770874173506e-05	0.0002990331262252052	0.000730969864106057	0.001362262019470379	0.00013290361165564673	0.00016612951456955843	9.967770874173506e-05	3.322590291391168e-05	0.00019935541748347012	0.00013290361165564673	0.00016612951456955843	6.645180582782336e-05	0.00013290361165564673	3.322590291391168e-05	3.322590291391168e-05	0.00039871083496694024	0.00013290361165564673	0.00016612951456955843	0.00016612951456955843
_scratch_st-cdeboer-1_asfar_VLPs_results_crispresso_aggregated_spacer_miniCGBE1-SpRY_rep3_.staging_CRISPRessoPooled_on_miniCGBE1-SpRY_D5_rep3_CRISPResso_on_HEK3	All_modifications	9.967770874173506e-05	0.00013290361165564673	0.0002990331262252052	0.000730969864106057	0.001362262019470379	0.00013290361165564673	0.00016612951456955843	9.967770874173506e-05	3.322590291391168e-05	0.00019935541748347012	0.00013290361165564673	0.00016612951456955843	6.645180582782336e-05	0.00013290361165564673	3.322590291391168e-05	3.322590291391168e-05	0.00039871083496694024	0.00013290361165564673	0.00016612951456955843	0.00016612951456955843
