Folder	Modification	G	G	A	G	G	C	T	A	T	C	C	A	G	C	G	T	G	A	G	T
_scratch_st-cdeboer-1_asfar_VLPs_results_crispresso_aggregated_spacer_miniCGBE1-SpRY_rep2_.staging_CRISPRessoPooled_on_miniCGBE1-SpRY_D0_rep2_CRISPResso_on_B2M	Insertions	0.0	0.0	0.0	0.0	0.0	0.0	0.0	0.0	0.0	0.0	0.0	0.0	0.0	0.0	0.0	0.0	0.0	0.0	0.0	0.0
_scratch_st-cdeboer-1_asfar_VLPs_results_crispresso_aggregated_spacer_miniCGBE1-SpRY_rep2_.staging_CRISPRessoPooled_on_miniCGBE1-SpRY_D0_rep2_CRISPResso_on_B2M	Insertions_Left	0.0	0.0	0.0	0.0	0.0	0.0	0.0	0.0	0.0	0.0	0.0	0.0	0.0	0.0	0.0	0.0	0.0	0.0	0.0	0.0
_scratch_st-cdeboer-1_asfar_VLPs_results_crispresso_aggregated_spacer_miniCGBE1-SpRY_rep2_.staging_CRISPRessoPooled_on_miniCGBE1-SpRY_D0_rep2_CRISPResso_on_B2M	Deletions	4.059924485404571e-05	8.119848970809142e-05	4.059924485404571e-05	4.059924485404571e-05	4.059924485404571e-05	4.059924485404571e-05	4.059924485404571e-05	4.059924485404571e-05	4.059924485404571e-05	4.059924485404571e-05	8.119848970809142e-05	4.059924485404571e-05	4.059924485404571e-05	4.059924485404571e-05	4.059924485404571e-05	4.059924485404571e-05	4.059924485404571e-05	4.059924485404571e-05	4.059924485404571e-05	4.059924485404571e-05
_scratch_st-cdeboer-1_asfar_VLPs_results_crispresso_aggregated_spacer_miniCGBE1-SpRY_rep2_.staging_CRISPRessoPooled_on_miniCGBE1-SpRY_D0_rep2_CRISPResso_on_B2M	Substitutions	0.0003247939588323657	0.0003247939588323657	0.0002435954691242743	0.0002435954691242743	0.00020299622427022857	8.119848970809142e-05	0.00020299622427022857	0.00020299622427022857	0.0002435954691242743	8.119848970809142e-05	8.119848970809142e-05	0.00016239697941618285	8.119848970809142e-05	0.0	0.00020299622427022857	0.0002435954691242743	0.0004465916933945029	0.0002435954691242743	0.00028419471397832	0.00056838942795664
_scratch_st-cdeboer-1_asfar_VLPs_results_crispresso_aggregated_spacer_miniCGBE1-SpRY_rep2_.staging_CRISPRessoPooled_on_miniCGBE1-SpRY_D0_rep2_CRISPResso_on_B2M	All_modifications	0.0003653932036864114	0.00040599244854045715	0.00028419471397832	0.00028419471397832	0.0002435954691242743	0.00012179773456213715	0.0002435954691242743	0.0002435954691242743	0.00028419471397832	0.00012179773456213715	0.00016239697941618285	0.00020299622427022857	0.00012179773456213715	4.059924485404571e-05	0.0002435954691242743	0.00028419471397832	0.0004871909382485486	0.00028419471397832	0.0003247939588323657	0.0006089886728106857
_scratch_st-cdeboer-1_asfar_VLPs_results_crispresso_aggregated_spacer_miniCGBE1-SpRY_rep2_.staging_CRISPRessoPooled_on_miniCGBE1-SpRY_D1_rep2_CRISPResso_on_B2M	Insertions	0.0	0.0	0.0	0.0	0.0	0.0	0.0	0.0	0.0	0.0	0.0	0.0	0.0	0.0	0.0	0.0	0.0	0.0	0.0	0.0
_scratch_st-cdeboer-1_asfar_VLPs_results_crispresso_aggregated_spacer_miniCGBE1-SpRY_rep2_.staging_CRISPRessoPooled_on_miniCGBE1-SpRY_D1_rep2_CRISPResso_on_B2M	Insertions_Left	0.0	0.0	0.0	0.0	0.0	0.0	0.0	0.0	0.0	0.0	0.0	0.0	0.0	0.0	0.0	0.0	0.0	0.0	0.0	0.0
_scratch_st-cdeboer-1_asfar_VLPs_results_crispresso_aggregated_spacer_miniCGBE1-SpRY_rep2_.staging_CRISPRessoPooled_on_miniCGBE1-SpRY_D1_rep2_CRISPResso_on_B2M	Deletions	0.0	0.0	0.0	0.0	0.0	0.0	0.0	0.0	0.0	0.0	0.0	0.0	0.0	0.0	0.0	0.0	0.0	0.0	0.0	0.0
_scratch_st-cdeboer-1_asfar_VLPs_results_crispresso_aggregated_spacer_miniCGBE1-SpRY_rep2_.staging_CRISPRessoPooled_on_miniCGBE1-SpRY_D1_rep2_CRISPResso_on_B2M	Substitutions	0.0003289473684210526	0.001206140350877193	0.0003289473684210526	0.0005482456140350877	0.0	0.0	0.0004385964912280702	0.00010964912280701755	0.0002192982456140351	0.00010964912280701755	0.00010964912280701755	0.0006578947368421052	0.0002192982456140351	0.00010964912280701755	0.00010964912280701755	0.0003289473684210526	0.0004385964912280702	0.0003289473684210526	0.0	0.0006578947368421052
_scratch_st-cdeboer-1_asfar_VLPs_results_crispresso_aggregated_spacer_miniCGBE1-SpRY_rep2_.staging_CRISPRessoPooled_on_miniCGBE1-SpRY_D1_rep2_CRISPResso_on_B2M	All_modifications	0.0003289473684210526	0.001206140350877193	0.0003289473684210526	0.0005482456140350877	0.0	0.0	0.0004385964912280702	0.00010964912280701755	0.0002192982456140351	0.00010964912280701755	0.00010964912280701755	0.0006578947368421052	0.0002192982456140351	0.00010964912280701755	0.00010964912280701755	0.0003289473684210526	0.0004385964912280702	0.0003289473684210526	0.0	0.0006578947368421052
_scratch_st-cdeboer-1_asfar_VLPs_results_crispresso_aggregated_spacer_miniCGBE1-SpRY_rep2_.staging_CRISPRessoPooled_on_miniCGBE1-SpRY_D2_rep2_CRISPResso_on_B2M	Insertions	0.0	0.0	0.0	0.0	0.0	0.0	0.0	0.0	0.0	0.00020910294835157177	0.00020910294835157177	0.0	0.0	0.0	0.0	0.0	0.0	0.0	0.0	0.0
_scratch_st-cdeboer-1_asfar_VLPs_results_crispresso_aggregated_spacer_miniCGBE1-SpRY_rep2_.staging_CRISPRessoPooled_on_miniCGBE1-SpRY_D2_rep2_CRISPResso_on_B2M	Insertions_Left	0.0	0.0	0.0	0.0	0.0	0.0	0.0	0.0	0.0	0.00020910294835157177	0.0	0.0	0.0	0.0	0.0	0.0	0.0	0.0	0.0	0.0
_scratch_st-cdeboer-1_asfar_VLPs_results_crispresso_aggregated_spacer_miniCGBE1-SpRY_rep2_.staging_CRISPRessoPooled_on_miniCGBE1-SpRY_D2_rep2_CRISPResso_on_B2M	Deletions	0.0	0.0	0.0	0.0	0.0	0.0	0.0	0.0	0.0001394019655677145	0.0001394019655677145	0.0001394019655677145	0.0001394019655677145	0.0001394019655677145	0.0001394019655677145	0.0	0.0	0.0	0.0	0.0	0.0
_scratch_st-cdeboer-1_asfar_VLPs_results_crispresso_aggregated_spacer_miniCGBE1-SpRY_rep2_.staging_CRISPRessoPooled_on_miniCGBE1-SpRY_D2_rep2_CRISPResso_on_B2M	Substitutions	0.000557607862270858	0.00034850491391928625	0.000278803931135429	0.00041820589670314354	0.000278803931135429	0.0	0.0001394019655677145	0.0004879068794870008	0.00041820589670314354	0.0001394019655677145	6.970098278385725e-05	0.00034850491391928625	6.970098278385725e-05	0.00034850491391928625	0.0013243186728932879	0.0001394019655677145	0.002509235380218861	0.0001394019655677145	0.0	6.970098278385725e-05
_scratch_st-cdeboer-1_asfar_VLPs_results_crispresso_aggregated_spacer_miniCGBE1-SpRY_rep2_.staging_CRISPRessoPooled_on_miniCGBE1-SpRY_D2_rep2_CRISPResso_on_B2M	All_modifications	0.000557607862270858	0.00034850491391928625	0.000278803931135429	0.00041820589670314354	0.000278803931135429	0.0	0.0001394019655677145	0.0004879068794870008	0.000557607862270858	0.0004879068794870008	0.00041820589670314354	0.0004879068794870008	0.00020910294835157177	0.0004879068794870008	0.0013243186728932879	0.0001394019655677145	0.002509235380218861	0.0001394019655677145	0.0	6.970098278385725e-05
_scratch_st-cdeboer-1_asfar_VLPs_results_crispresso_aggregated_spacer_miniCGBE1-SpRY_rep2_.staging_CRISPRessoPooled_on_miniCGBE1-SpRY_D3_rep2_CRISPResso_on_B2M	Insertions	0.0	0.0	0.0	0.0	0.00025086758372705605	0.00025086758372705605	0.0	0.0	0.0	0.00033449011163607474	0.00033449011163607474	0.0	0.0	8.362252790901868e-05	8.362252790901868e-05	0.0	0.0	0.0	0.0	0.0
_scratch_st-cdeboer-1_asfar_VLPs_results_crispresso_aggregated_spacer_miniCGBE1-SpRY_rep2_.staging_CRISPRessoPooled_on_miniCGBE1-SpRY_D3_rep2_CRISPResso_on_B2M	Insertions_Left	0.0	0.0	0.0	0.0	0.00025086758372705605	0.0	0.0	0.0	0.0	0.00033449011163607474	0.0	0.0	0.0	8.362252790901868e-05	0.0	0.0	0.0	0.0	0.0	0.0
_scratch_st-cdeboer-1_asfar_VLPs_results_crispresso_aggregated_spacer_miniCGBE1-SpRY_rep2_.staging_CRISPRessoPooled_on_miniCGBE1-SpRY_D3_rep2_CRISPResso_on_B2M	Deletions	0.0	4.181126395450934e-05	0.0	0.0	0.0	0.0	0.0	0.0	4.181126395450934e-05	0.0	4.181126395450934e-05	0.0	0.0	0.0	0.0	0.0	0.0	0.0	0.0	0.0
_scratch_st-cdeboer-1_asfar_VLPs_results_crispresso_aggregated_spacer_miniCGBE1-SpRY_rep2_.staging_CRISPRessoPooled_on_miniCGBE1-SpRY_D3_rep2_CRISPResso_on_B2M	Substitutions	0.0005435464314086215	0.0007107914872266589	0.00025086758372705605	0.00033449011163607474	8.362252790901868e-05	0.0002090563197725467	0.00033449011163607474	0.0002090563197725467	0.00016724505581803737	8.362252790901868e-05	0.00033449011163607474	0.0002926788476815654	0.00012543379186352803	0.0002090563197725467	0.0029267884768156543	0.00012543379186352803	0.004055692603587406	0.00016724505581803737	0.0003763013755905841	0.0005017351674541121
_scratch_st-cdeboer-1_asfar_VLPs_results_crispresso_aggregated_spacer_miniCGBE1-SpRY_rep2_.staging_CRISPRessoPooled_on_miniCGBE1-SpRY_D3_rep2_CRISPResso_on_B2M	All_modifications	0.0005435464314086215	0.0007526027511811682	0.00025086758372705605	0.00033449011163607474	0.00033449011163607474	0.0004599239034996028	0.00033449011163607474	0.0002090563197725467	0.0002090563197725467	0.0004181126395450934	0.0007107914872266589	0.0002926788476815654	0.00012543379186352803	0.0002926788476815654	0.0030104110047246726	0.00012543379186352803	0.004055692603587406	0.00016724505581803737	0.0003763013755905841	0.0005017351674541121
_scratch_st-cdeboer-1_asfar_VLPs_results_crispresso_aggregated_spacer_miniCGBE1-SpRY_rep2_.staging_CRISPRessoPooled_on_miniCGBE1-SpRY_D4_rep2_CRISPResso_on_B2M	Insertions	0.0	0.0	0.0	0.0	0.00010705491917353603	0.00010705491917353603	0.00021410983834707205	0.0004282196766941441	0.00021410983834707205	0.0014987688684295042	0.0014987688684295042	0.0	0.0	0.00010705491917353603	0.0006423295150412161	0.0005352745958676801	0.0	0.0	0.0	0.0
_scratch_st-cdeboer-1_asfar_VLPs_results_crispresso_aggregated_spacer_miniCGBE1-SpRY_rep2_.staging_CRISPRessoPooled_on_miniCGBE1-SpRY_D4_rep2_CRISPResso_on_B2M	Insertions_Left	0.0	0.0	0.0	0.0	0.00010705491917353603	0.0	0.00021410983834707205	0.00021410983834707205	0.0	0.0014987688684295042	0.0	0.0	0.0	0.00010705491917353603	0.0005352745958676801	0.0	0.0	0.0	0.0	0.0
_scratch_st-cdeboer-1_asfar_VLPs_results_crispresso_aggregated_spacer_miniCGBE1-SpRY_rep2_.staging_CRISPRessoPooled_on_miniCGBE1-SpRY_D4_rep2_CRISPResso_on_B2M	Deletions	0.0	0.0	0.0	0.0	0.0006423295150412161	0.0006423295150412161	0.0008564393533882882	0.0008564393533882882	0.0010705491917353603	0.0010705491917353603	0.0008564393533882882	0.0008564393533882882	0.0006423295150412161	0.0005352745958676801	0.0005352745958676801	0.0005352745958676801	0.0005352745958676801	0.0004282196766941441	0.0005352745958676801	0.00021410983834707205
_scratch_st-cdeboer-1_asfar_VLPs_results_crispresso_aggregated_spacer_miniCGBE1-SpRY_rep2_.staging_CRISPRessoPooled_on_miniCGBE1-SpRY_D4_rep2_CRISPResso_on_B2M	Substitutions	0.0006423295150412161	0.0005352745958676801	0.00021410983834707205	0.0004282196766941441	0.00021410983834707205	0.0004282196766941441	0.00021410983834707205	0.00032116475752060807	0.00032116475752060807	0.0004282196766941441	0.00021410983834707205	0.0005352745958676801	0.0005352745958676801	0.00010705491917353603	0.010170217321485922	0.00010705491917353603	0.018627555936195268	0.0004282196766941441	0.00021410983834707205	0.0
_scratch_st-cdeboer-1_asfar_VLPs_results_crispresso_aggregated_spacer_miniCGBE1-SpRY_rep2_.staging_CRISPRessoPooled_on_miniCGBE1-SpRY_D4_rep2_CRISPResso_on_B2M	All_modifications	0.0006423295150412161	0.0005352745958676801	0.00021410983834707205	0.0004282196766941441	0.0009634942725618242	0.0011776041109088963	0.0012846590300824323	0.0016058237876030404	0.0016058237876030404	0.0029975377368590085	0.0025693180601648645	0.0013917139492559683	0.0011776041109088963	0.0007493844342147521	0.011347821432394819	0.0011776041109088963	0.019162830532062948	0.0008564393533882882	0.0007493844342147521	0.00021410983834707205
_scratch_st-cdeboer-1_asfar_VLPs_results_crispresso_aggregated_spacer_miniCGBE1-SpRY_rep2_.staging_CRISPRessoPooled_on_miniCGBE1-SpRY_D5_rep2_CRISPResso_on_B2M	Insertions	0.0	0.0	8.224901712424536e-05	8.224901712424536e-05	3.289960684969815e-05	3.289960684969815e-05	0.00011514862397394351	0.00019739764109818887	8.224901712424536e-05	0.0008060403678176046	0.0008060403678176046	0.0	4.934941027454722e-05	0.0001809478376733398	0.00014804823082364166	8.224901712424536e-05	0.00011514862397394351	4.934941027454722e-05	0.0	0.0
_scratch_st-cdeboer-1_asfar_VLPs_results_crispresso_aggregated_spacer_miniCGBE1-SpRY_rep2_.staging_CRISPRessoPooled_on_miniCGBE1-SpRY_D5_rep2_CRISPResso_on_B2M	Insertions_Left	0.0	0.0	8.224901712424536e-05	0.0	3.289960684969815e-05	0.0	0.00011514862397394351	8.224901712424536e-05	0.0	0.0008060403678176046	0.0	0.0	4.934941027454722e-05	0.0001315984273987926	1.6449803424849074e-05	6.57992136993963e-05	4.934941027454722e-05	0.0	0.0	0.0
_scratch_st-cdeboer-1_asfar_VLPs_results_crispresso_aggregated_spacer_miniCGBE1-SpRY_rep2_.staging_CRISPRessoPooled_on_miniCGBE1-SpRY_D5_rep2_CRISPResso_on_B2M	Deletions	0.0003454458719218305	0.00039479528219637773	0.0003618956753466796	0.00039479528219637773	0.0004934941027454722	0.0004770442993206231	0.0004770442993206231	0.0006086427267194157	0.0007237913506933592	0.0007895905643927555	0.0008389399746673027	0.0007237913506933592	0.0005428435130200194	0.0006250925301442648	0.0006250925301442648	0.0005921929232945666	0.0005428435130200194	0.0005428435130200194	0.0004276948890460759	0.0003618956753466796
_scratch_st-cdeboer-1_asfar_VLPs_results_crispresso_aggregated_spacer_miniCGBE1-SpRY_rep2_.staging_CRISPRessoPooled_on_miniCGBE1-SpRY_D5_rep2_CRISPResso_on_B2M	Substitutions	0.0002960964616472833	0.0004934941027454722	0.0004276948890460759	0.00019739764109818887	8.224901712424536e-05	0.00016449803424849072	0.00039479528219637773	0.0005592933164448685	0.0005428435130200194	0.0002631968547975852	0.00023029724794788702	0.0004276948890460759	0.00016449803424849072	0.00021384744452303795	0.007550459772005725	0.00016449803424849072	0.010001480482308237	0.00023029724794788702	0.00023029724794788702	0.00032899606849698144
_scratch_st-cdeboer-1_asfar_VLPs_results_crispresso_aggregated_spacer_miniCGBE1-SpRY_rep2_.staging_CRISPRessoPooled_on_miniCGBE1-SpRY_D5_rep2_CRISPResso_on_B2M	All_modifications	0.0006415423335691139	0.00088828938494185	0.0008718395815170009	0.000674441940418812	0.0006086427267194157	0.000674441940418812	0.0009869882054909444	0.0013653336842624731	0.001348883880837624	0.0018588277870079453	0.0018752775904327943	0.001151486239739435	0.0007566909575430574	0.0010198878123406426	0.008323600532973631	0.0008389399746673027	0.0106594726193022	0.0008224901712424536	0.0006579921369939629	0.000690891743843661
