Folder	Modification	C	A	C	C	T	A	C	C	T	A	A	G	A	A	C	C	A	T	C	C
_scratch_st-cdeboer-1_asfar_VLPs_results_crispresso_aggregated_spacer_miniCGBE1-SpRY_rep2_.staging_CRISPRessoPooled_on_miniCGBE1-SpRY_D0_rep2_CRISPResso_on_PDCD1	Insertions	0.0	0.0	0.0	0.0	0.0	0.0	0.0	0.0	0.0	0.0	0.0	0.0	0.0	0.0	0.0	0.0	0.0	0.0	0.0	0.0
_scratch_st-cdeboer-1_asfar_VLPs_results_crispresso_aggregated_spacer_miniCGBE1-SpRY_rep2_.staging_CRISPRessoPooled_on_miniCGBE1-SpRY_D0_rep2_CRISPResso_on_PDCD1	Insertions_Left	0.0	0.0	0.0	0.0	0.0	0.0	0.0	0.0	0.0	0.0	0.0	0.0	0.0	0.0	0.0	0.0	0.0	0.0	0.0	0.0
_scratch_st-cdeboer-1_asfar_VLPs_results_crispresso_aggregated_spacer_miniCGBE1-SpRY_rep2_.staging_CRISPRessoPooled_on_miniCGBE1-SpRY_D0_rep2_CRISPResso_on_PDCD1	Deletions	3.852302713947262e-05	0.0	0.0	0.0	0.0	0.0	0.0	0.0	0.0	0.0	1.926151356973631e-05	0.0	0.0	0.0	0.0	1.926151356973631e-05	0.0	0.0	0.0	0.0
_scratch_st-cdeboer-1_asfar_VLPs_results_crispresso_aggregated_spacer_miniCGBE1-SpRY_rep2_.staging_CRISPRessoPooled_on_miniCGBE1-SpRY_D0_rep2_CRISPResso_on_PDCD1	Substitutions	0.0001926151356973631	0.0002311381628368357	0.0002118766492670994	0.00011556908141841786	0.00025039967640657203	0.00025039967640657203	9.630756784868155e-05	0.00011556908141841786	0.00015409210855789047	9.630756784868155e-05	0.00013483059498815416	0.00015409210855789047	0.00015409210855789047	0.0002696611899763083	3.852302713947262e-05	0.00013483059498815416	3.852302713947262e-05	0.00036596875782498987	0.00011556908141841786	9.630756784868155e-05
_scratch_st-cdeboer-1_asfar_VLPs_results_crispresso_aggregated_spacer_miniCGBE1-SpRY_rep2_.staging_CRISPRessoPooled_on_miniCGBE1-SpRY_D0_rep2_CRISPResso_on_PDCD1	All_modifications	0.0002311381628368357	0.0002311381628368357	0.0002118766492670994	0.00011556908141841786	0.00025039967640657203	0.00025039967640657203	9.630756784868155e-05	0.00011556908141841786	0.00015409210855789047	9.630756784868155e-05	0.00015409210855789047	0.00015409210855789047	0.00015409210855789047	0.0002696611899763083	3.852302713947262e-05	0.00015409210855789047	3.852302713947262e-05	0.00036596875782498987	0.00011556908141841786	9.630756784868155e-05
_scratch_st-cdeboer-1_asfar_VLPs_results_crispresso_aggregated_spacer_miniCGBE1-SpRY_rep2_.staging_CRISPRessoPooled_on_miniCGBE1-SpRY_D1_rep2_CRISPResso_on_PDCD1	Insertions	0.0	0.0	0.0	0.0	0.0	0.0	0.0	0.0	0.0	0.0	0.0	0.0	0.0	0.0	0.0	0.0	0.0	0.0	0.0	0.0
_scratch_st-cdeboer-1_asfar_VLPs_results_crispresso_aggregated_spacer_miniCGBE1-SpRY_rep2_.staging_CRISPRessoPooled_on_miniCGBE1-SpRY_D1_rep2_CRISPResso_on_PDCD1	Insertions_Left	0.0	0.0	0.0	0.0	0.0	0.0	0.0	0.0	0.0	0.0	0.0	0.0	0.0	0.0	0.0	0.0	0.0	0.0	0.0	0.0
_scratch_st-cdeboer-1_asfar_VLPs_results_crispresso_aggregated_spacer_miniCGBE1-SpRY_rep2_.staging_CRISPRessoPooled_on_miniCGBE1-SpRY_D1_rep2_CRISPResso_on_PDCD1	Deletions	6.0175713082200024e-05	0.0	0.0	0.0	0.0	0.0	0.0	0.0	0.0	0.0	3.0087856541100012e-05	0.0	0.0	0.0	0.0	0.0	0.0	0.0	0.0	0.0
_scratch_st-cdeboer-1_asfar_VLPs_results_crispresso_aggregated_spacer_miniCGBE1-SpRY_rep2_.staging_CRISPRessoPooled_on_miniCGBE1-SpRY_D1_rep2_CRISPResso_on_PDCD1	Substitutions	0.00012035142616440005	0.0002407028523288001	3.0087856541100012e-05	9.026356962330004e-05	0.00018052713924660008	0.00015043928270550006	9.026356962330004e-05	9.026356962330004e-05	0.0002707907088699001	0.0002707907088699001	0.00015043928270550006	0.0003008785654110001	0.00018052713924660008	0.00018052713924660008	9.026356962330004e-05	0.00018052713924660008	0.00021061499578770007	0.0002707907088699001	0.0	3.0087856541100012e-05
_scratch_st-cdeboer-1_asfar_VLPs_results_crispresso_aggregated_spacer_miniCGBE1-SpRY_rep2_.staging_CRISPRessoPooled_on_miniCGBE1-SpRY_D1_rep2_CRISPResso_on_PDCD1	All_modifications	0.00018052713924660008	0.0002407028523288001	3.0087856541100012e-05	9.026356962330004e-05	0.00018052713924660008	0.00015043928270550006	9.026356962330004e-05	9.026356962330004e-05	0.0002707907088699001	0.0002707907088699001	0.00018052713924660008	0.0003008785654110001	0.00018052713924660008	0.00018052713924660008	9.026356962330004e-05	0.00018052713924660008	0.00021061499578770007	0.0002707907088699001	0.0	3.0087856541100012e-05
_scratch_st-cdeboer-1_asfar_VLPs_results_crispresso_aggregated_spacer_miniCGBE1-SpRY_rep2_.staging_CRISPRessoPooled_on_miniCGBE1-SpRY_D2_rep2_CRISPResso_on_PDCD1	Insertions	0.0	0.0	0.0	0.0	0.0	0.0	0.0	0.0	0.0	0.0	0.0	0.0	0.0	0.0	0.0	0.0	0.0	0.0	0.0	0.0
_scratch_st-cdeboer-1_asfar_VLPs_results_crispresso_aggregated_spacer_miniCGBE1-SpRY_rep2_.staging_CRISPRessoPooled_on_miniCGBE1-SpRY_D2_rep2_CRISPResso_on_PDCD1	Insertions_Left	0.0	0.0	0.0	0.0	0.0	0.0	0.0	0.0	0.0	0.0	0.0	0.0	0.0	0.0	0.0	0.0	0.0	0.0	0.0	0.0
_scratch_st-cdeboer-1_asfar_VLPs_results_crispresso_aggregated_spacer_miniCGBE1-SpRY_rep2_.staging_CRISPRessoPooled_on_miniCGBE1-SpRY_D2_rep2_CRISPResso_on_PDCD1	Deletions	2.4916529625753725e-05	0.0	0.0	0.0	0.0	0.0	0.0	0.0	4.983305925150745e-05	0.0	4.983305925150745e-05	0.0	0.0	0.0	0.0	0.0	0.0	0.0	0.0	0.0
_scratch_st-cdeboer-1_asfar_VLPs_results_crispresso_aggregated_spacer_miniCGBE1-SpRY_rep2_.staging_CRISPRessoPooled_on_miniCGBE1-SpRY_D2_rep2_CRISPResso_on_PDCD1	Substitutions	0.00012458264812876863	0.00012458264812876863	0.00012458264812876863	9.96661185030149e-05	0.00017441570738027608	0.0001993322370060298	0.00014949917775452235	0.00017441570738027608	0.00012458264812876863	7.474958887726118e-05	0.00014949917775452235	0.00014949917775452235	0.00024916529625753725	0.000274081825883291	2.4916529625753725e-05	0.000274081825883291	0.0003239148851347984	0.0003239148851347984	4.983305925150745e-05	7.474958887726118e-05
_scratch_st-cdeboer-1_asfar_VLPs_results_crispresso_aggregated_spacer_miniCGBE1-SpRY_rep2_.staging_CRISPRessoPooled_on_miniCGBE1-SpRY_D2_rep2_CRISPResso_on_PDCD1	All_modifications	0.00014949917775452235	0.00012458264812876863	0.00012458264812876863	9.96661185030149e-05	0.00017441570738027608	0.0001993322370060298	0.00014949917775452235	0.00017441570738027608	0.00017441570738027608	7.474958887726118e-05	0.0001993322370060298	0.00014949917775452235	0.00024916529625753725	0.000274081825883291	2.4916529625753725e-05	0.000274081825883291	0.0003239148851347984	0.0003239148851347984	4.983305925150745e-05	7.474958887726118e-05
_scratch_st-cdeboer-1_asfar_VLPs_results_crispresso_aggregated_spacer_miniCGBE1-SpRY_rep2_.staging_CRISPRessoPooled_on_miniCGBE1-SpRY_D3_rep2_CRISPResso_on_PDCD1	Insertions	2.375917698210934e-05	2.375917698210934e-05	0.0	0.0	0.0	0.0	0.0	0.0	0.0	0.0	0.0	0.0	0.0	0.0	0.0	0.0	0.0	0.0	0.0	0.0
_scratch_st-cdeboer-1_asfar_VLPs_results_crispresso_aggregated_spacer_miniCGBE1-SpRY_rep2_.staging_CRISPRessoPooled_on_miniCGBE1-SpRY_D3_rep2_CRISPResso_on_PDCD1	Insertions_Left	2.375917698210934e-05	0.0	0.0	0.0	0.0	0.0	0.0	0.0	0.0	0.0	0.0	0.0	0.0	0.0	0.0	0.0	0.0	0.0	0.0	0.0
_scratch_st-cdeboer-1_asfar_VLPs_results_crispresso_aggregated_spacer_miniCGBE1-SpRY_rep2_.staging_CRISPRessoPooled_on_miniCGBE1-SpRY_D3_rep2_CRISPResso_on_PDCD1	Deletions	7.127753094632802e-05	0.0	0.0	0.0	0.0	0.0	0.0	0.0	0.0	0.0	4.751835396421868e-05	0.0	0.0	0.0	0.0	4.751835396421868e-05	0.0	0.0	0.0	0.0
_scratch_st-cdeboer-1_asfar_VLPs_results_crispresso_aggregated_spacer_miniCGBE1-SpRY_rep2_.staging_CRISPRessoPooled_on_miniCGBE1-SpRY_D3_rep2_CRISPResso_on_PDCD1	Substitutions	7.127753094632802e-05	4.751835396421868e-05	7.127753094632802e-05	0.0001187958849105467	7.127753094632802e-05	0.0002613509468032027	7.127753094632802e-05	0.0001187958849105467	0.00014255506189265603	0.0001187958849105467	0.00016631423887476538	0.0001187958849105467	9.503670792843736e-05	0.0001187958849105467	7.127753094632802e-05	4.751835396421868e-05	0.00014255506189265603	0.00014255506189265603	7.127753094632802e-05	9.503670792843736e-05
_scratch_st-cdeboer-1_asfar_VLPs_results_crispresso_aggregated_spacer_miniCGBE1-SpRY_rep2_.staging_CRISPRessoPooled_on_miniCGBE1-SpRY_D3_rep2_CRISPResso_on_PDCD1	All_modifications	0.00016631423887476538	7.127753094632802e-05	7.127753094632802e-05	0.0001187958849105467	7.127753094632802e-05	0.0002613509468032027	7.127753094632802e-05	0.0001187958849105467	0.00014255506189265603	0.0001187958849105467	0.00021383259283898405	0.0001187958849105467	9.503670792843736e-05	0.0001187958849105467	7.127753094632802e-05	9.503670792843736e-05	0.00014255506189265603	0.00014255506189265603	7.127753094632802e-05	9.503670792843736e-05
_scratch_st-cdeboer-1_asfar_VLPs_results_crispresso_aggregated_spacer_miniCGBE1-SpRY_rep2_.staging_CRISPRessoPooled_on_miniCGBE1-SpRY_D4_rep2_CRISPResso_on_PDCD1	Insertions	0.0	0.0	0.0	0.0	0.0	0.0	0.0	0.0	0.0	0.0	0.0	0.0	0.0	0.0	0.0	0.0	0.0	0.0	0.0	0.0
_scratch_st-cdeboer-1_asfar_VLPs_results_crispresso_aggregated_spacer_miniCGBE1-SpRY_rep2_.staging_CRISPRessoPooled_on_miniCGBE1-SpRY_D4_rep2_CRISPResso_on_PDCD1	Insertions_Left	0.0	0.0	0.0	0.0	0.0	0.0	0.0	0.0	0.0	0.0	0.0	0.0	0.0	0.0	0.0	0.0	0.0	0.0	0.0	0.0
_scratch_st-cdeboer-1_asfar_VLPs_results_crispresso_aggregated_spacer_miniCGBE1-SpRY_rep2_.staging_CRISPRessoPooled_on_miniCGBE1-SpRY_D4_rep2_CRISPResso_on_PDCD1	Deletions	5.166957308015243e-05	0.0	0.0	0.0	0.0	0.0	0.0	0.0	0.0	0.0	6.458696635019054e-05	0.0	0.0	0.0	0.0	0.0	0.0	0.0	0.0	1.2917393270038107e-05
_scratch_st-cdeboer-1_asfar_VLPs_results_crispresso_aggregated_spacer_miniCGBE1-SpRY_rep2_.staging_CRISPRessoPooled_on_miniCGBE1-SpRY_D4_rep2_CRISPResso_on_PDCD1	Substitutions	7.750435962022864e-05	0.00024543047213072404	5.166957308015243e-05	0.00014209132597041917	0.00014209132597041917	0.00016792611251049538	0.00033585222502099076	0.00034876961829102886	0.00015500871924045728	9.042175289026674e-05	0.00014209132597041917	0.00024543047213072404	0.00029710004521087645	0.00012917393270038107	5.166957308015243e-05	7.750435962022864e-05	0.00019376089905057158	0.0004004391913711813	0.00010333914616030486	0.00012917393270038107
_scratch_st-cdeboer-1_asfar_VLPs_results_crispresso_aggregated_spacer_miniCGBE1-SpRY_rep2_.staging_CRISPRessoPooled_on_miniCGBE1-SpRY_D4_rep2_CRISPResso_on_PDCD1	All_modifications	0.00012917393270038107	0.00024543047213072404	5.166957308015243e-05	0.00014209132597041917	0.00014209132597041917	0.00016792611251049538	0.00033585222502099076	0.00034876961829102886	0.00015500871924045728	9.042175289026674e-05	0.0002066782923206097	0.00024543047213072404	0.00029710004521087645	0.00012917393270038107	5.166957308015243e-05	7.750435962022864e-05	0.00019376089905057158	0.0004004391913711813	0.00010333914616030486	0.00014209132597041917
_scratch_st-cdeboer-1_asfar_VLPs_results_crispresso_aggregated_spacer_miniCGBE1-SpRY_rep2_.staging_CRISPRessoPooled_on_miniCGBE1-SpRY_D5_rep2_CRISPResso_on_PDCD1	Insertions	1.6970725498515063e-05	1.6970725498515063e-05	0.0	0.0	0.0	0.0	0.0	0.0	0.0	0.0	0.0	0.0	0.0	0.0	0.0	0.0	0.0	0.0	0.0	0.0
_scratch_st-cdeboer-1_asfar_VLPs_results_crispresso_aggregated_spacer_miniCGBE1-SpRY_rep2_.staging_CRISPRessoPooled_on_miniCGBE1-SpRY_D5_rep2_CRISPResso_on_PDCD1	Insertions_Left	1.6970725498515063e-05	0.0	0.0	0.0	0.0	0.0	0.0	0.0	0.0	0.0	0.0	0.0	0.0	0.0	0.0	0.0	0.0	0.0	0.0	0.0
_scratch_st-cdeboer-1_asfar_VLPs_results_crispresso_aggregated_spacer_miniCGBE1-SpRY_rep2_.staging_CRISPRessoPooled_on_miniCGBE1-SpRY_D5_rep2_CRISPResso_on_PDCD1	Deletions	8.485362749257531e-06	1.6970725498515063e-05	0.0	0.0	0.0	0.0	0.0	0.0	8.485362749257531e-06	0.0	5.9397539244802715e-05	0.0	0.0	0.0	0.0	0.0	0.0	8.485362749257531e-06	0.0	0.0
_scratch_st-cdeboer-1_asfar_VLPs_results_crispresso_aggregated_spacer_miniCGBE1-SpRY_rep2_.staging_CRISPRessoPooled_on_miniCGBE1-SpRY_D5_rep2_CRISPResso_on_PDCD1	Substitutions	0.0001103097157403479	0.0001357658039881205	0.00011879507848960543	0.00018667798048366567	0.00020364870598218074	0.00016122189223589307	0.0004666949512091642	0.00023759015697921086	0.000271531607976241	0.00016122189223589307	0.0001357658039881205	0.0002460755197284684	0.000271531607976241	0.00015273652948663555	0.0001103097157403479	0.0001357658039881205	0.00017819261773440815	0.0003648705982180738	5.9397539244802715e-05	4.2426813746287656e-05
_scratch_st-cdeboer-1_asfar_VLPs_results_crispresso_aggregated_spacer_miniCGBE1-SpRY_rep2_.staging_CRISPRessoPooled_on_miniCGBE1-SpRY_D5_rep2_CRISPResso_on_PDCD1	All_modifications	0.0001357658039881205	0.00016970725498515062	0.00011879507848960543	0.00018667798048366567	0.00020364870598218074	0.00016122189223589307	0.0004666949512091642	0.00023759015697921086	0.00028001697072549853	0.00016122189223589307	0.00019516334323292322	0.0002460755197284684	0.000271531607976241	0.00015273652948663555	0.0001103097157403479	0.0001357658039881205	0.00017819261773440815	0.00037335596096733134	5.9397539244802715e-05	4.2426813746287656e-05
