Folder	Modification	G	G	A	G	G	C	T	A	T	C	C	A	G	C	G	T	G	A	G	T
_scratch_st-cdeboer-1_asfar_VLPs_results_crispresso_aggregated_spacer_miniCGBE1-SpRY_rep3_.staging_CRISPRessoPooled_on_miniCGBE1-SpRY_D0_rep3_CRISPResso_on_B2M	Insertions	0.0	0.0	0.0	0.0	0.0	0.0	0.0	0.0	0.0	0.0	0.0	0.0	0.0	0.0	0.0	0.0	0.0	0.0	0.0	0.0
_scratch_st-cdeboer-1_asfar_VLPs_results_crispresso_aggregated_spacer_miniCGBE1-SpRY_rep3_.staging_CRISPRessoPooled_on_miniCGBE1-SpRY_D0_rep3_CRISPResso_on_B2M	Insertions_Left	0.0	0.0	0.0	0.0	0.0	0.0	0.0	0.0	0.0	0.0	0.0	0.0	0.0	0.0	0.0	0.0	0.0	0.0	0.0	0.0
_scratch_st-cdeboer-1_asfar_VLPs_results_crispresso_aggregated_spacer_miniCGBE1-SpRY_rep3_.staging_CRISPRessoPooled_on_miniCGBE1-SpRY_D0_rep3_CRISPResso_on_B2M	Deletions	0.0	0.0	0.0	0.0	0.0	0.0	0.0	0.0	0.0	0.0	0.0	0.0	0.0	0.0	0.0	0.0	0.0	0.0	0.0	0.0
_scratch_st-cdeboer-1_asfar_VLPs_results_crispresso_aggregated_spacer_miniCGBE1-SpRY_rep3_.staging_CRISPRessoPooled_on_miniCGBE1-SpRY_D0_rep3_CRISPResso_on_B2M	Substitutions	0.0	0.0	0.0003599712023038157	0.0007199424046076314	0.0	0.0	0.0007199424046076314	0.0	0.0003599712023038157	0.0007199424046076314	0.0	0.0007199424046076314	0.0	0.0003599712023038157	0.0007199424046076314	0.0003599712023038157	0.0	0.0	0.0	0.0003599712023038157
_scratch_st-cdeboer-1_asfar_VLPs_results_crispresso_aggregated_spacer_miniCGBE1-SpRY_rep3_.staging_CRISPRessoPooled_on_miniCGBE1-SpRY_D0_rep3_CRISPResso_on_B2M	All_modifications	0.0	0.0	0.0003599712023038157	0.0007199424046076314	0.0	0.0	0.0007199424046076314	0.0	0.0003599712023038157	0.0007199424046076314	0.0	0.0007199424046076314	0.0	0.0003599712023038157	0.0007199424046076314	0.0003599712023038157	0.0	0.0	0.0	0.0003599712023038157
_scratch_st-cdeboer-1_asfar_VLPs_results_crispresso_aggregated_spacer_miniCGBE1-SpRY_rep3_.staging_CRISPRessoPooled_on_miniCGBE1-SpRY_D1_rep3_CRISPResso_on_B2M	Insertions	0.0	0.0	0.0	0.0	0.0	0.0	0.0	0.0	0.0	0.0	0.0	0.0	0.0	0.0	0.0	0.0	0.0	0.0	0.0	0.0
_scratch_st-cdeboer-1_asfar_VLPs_results_crispresso_aggregated_spacer_miniCGBE1-SpRY_rep3_.staging_CRISPRessoPooled_on_miniCGBE1-SpRY_D1_rep3_CRISPResso_on_B2M	Insertions_Left	0.0	0.0	0.0	0.0	0.0	0.0	0.0	0.0	0.0	0.0	0.0	0.0	0.0	0.0	0.0	0.0	0.0	0.0	0.0	0.0
_scratch_st-cdeboer-1_asfar_VLPs_results_crispresso_aggregated_spacer_miniCGBE1-SpRY_rep3_.staging_CRISPRessoPooled_on_miniCGBE1-SpRY_D1_rep3_CRISPResso_on_B2M	Deletions	0.0	3.729534181180771e-05	3.729534181180771e-05	0.0	0.0	0.0	0.0	0.0	0.0	0.0	0.0	0.0	0.0	0.0	0.0	0.0	0.0	0.0	0.0	0.0
_scratch_st-cdeboer-1_asfar_VLPs_results_crispresso_aggregated_spacer_miniCGBE1-SpRY_rep3_.staging_CRISPRessoPooled_on_miniCGBE1-SpRY_D1_rep3_CRISPResso_on_B2M	Substitutions	0.0005221347853653079	0.0005594301271771156	0.00014918136724723083	0.0007086114944243463	0.00041024875992988475	0.00014918136724723083	0.0005221347853653079	0.00018647670905903852	0.000634020810800731	7.459068362361541e-05	0.00022377205087084623	0.00014918136724723083	0.00018647670905903852	0.00029836273449446166	0.0005967254689889233	0.00029836273449446166	0.0004848394435535002	0.00026106739268265394	0.00037295341811807703	0.0005594301271771156
_scratch_st-cdeboer-1_asfar_VLPs_results_crispresso_aggregated_spacer_miniCGBE1-SpRY_rep3_.staging_CRISPRessoPooled_on_miniCGBE1-SpRY_D1_rep3_CRISPResso_on_B2M	All_modifications	0.0005221347853653079	0.0005967254689889233	0.00018647670905903852	0.0007086114944243463	0.00041024875992988475	0.00014918136724723083	0.0005221347853653079	0.00018647670905903852	0.000634020810800731	7.459068362361541e-05	0.00022377205087084623	0.00014918136724723083	0.00018647670905903852	0.00029836273449446166	0.0005967254689889233	0.00029836273449446166	0.0004848394435535002	0.00026106739268265394	0.00037295341811807703	0.0005594301271771156
_scratch_st-cdeboer-1_asfar_VLPs_results_crispresso_aggregated_spacer_miniCGBE1-SpRY_rep3_.staging_CRISPRessoPooled_on_miniCGBE1-SpRY_D2_rep3_CRISPResso_on_B2M	Insertions	0.0	0.0	0.0	0.0	0.0	0.0	0.0	0.0	0.0	0.0	0.0	0.0	0.0	0.0	0.0	0.0001916557862079705	0.0001916557862079705	0.0	0.0	0.0
_scratch_st-cdeboer-1_asfar_VLPs_results_crispresso_aggregated_spacer_miniCGBE1-SpRY_rep3_.staging_CRISPRessoPooled_on_miniCGBE1-SpRY_D2_rep3_CRISPResso_on_B2M	Insertions_Left	0.0	0.0	0.0	0.0	0.0	0.0	0.0	0.0	0.0	0.0	0.0	0.0	0.0	0.0	0.0	0.0001916557862079705	0.0	0.0	0.0	0.0
_scratch_st-cdeboer-1_asfar_VLPs_results_crispresso_aggregated_spacer_miniCGBE1-SpRY_rep3_.staging_CRISPRessoPooled_on_miniCGBE1-SpRY_D2_rep3_CRISPResso_on_B2M	Deletions	0.0	2.395697327599631e-05	2.395697327599631e-05	0.0	8.384940646598709e-05	8.384940646598709e-05	8.384940646598709e-05	8.384940646598709e-05	0.00011978486637998155	0.00011978486637998155	0.0001317633530179797	0.00011978486637998155	0.00011978486637998155	0.00016769881293197418	0.00016769881293197418	0.00011978486637998155	0.00011978486637998155	0.00011978486637998155	0.00011978486637998155	3.593545991399447e-05
_scratch_st-cdeboer-1_asfar_VLPs_results_crispresso_aggregated_spacer_miniCGBE1-SpRY_rep3_.staging_CRISPRessoPooled_on_miniCGBE1-SpRY_D2_rep3_CRISPResso_on_B2M	Substitutions	0.00031144065258795206	0.00044320400560593173	0.00028748367931195575	0.0004911179521579243	0.0002395697327599631	8.384940646598709e-05	0.0003593545991399447	0.00020363427284596865	0.0004551824922439299	0.00022759124612196495	0.00022759124612196495	0.0002635267060359594	0.00020363427284596865	0.00028748367931195575	0.0021321706215636717	0.0002994621659499539	0.0019524933219936993	0.00027550519267395757	0.00015572032629397603	0.0002156127594839668
_scratch_st-cdeboer-1_asfar_VLPs_results_crispresso_aggregated_spacer_miniCGBE1-SpRY_rep3_.staging_CRISPRessoPooled_on_miniCGBE1-SpRY_D2_rep3_CRISPResso_on_B2M	All_modifications	0.00031144065258795206	0.00046716097888192804	0.00031144065258795206	0.0004911179521579243	0.0003234191392259502	0.00016769881293197418	0.00044320400560593173	0.00028748367931195575	0.0005749673586239115	0.0003473761125019465	0.0003593545991399447	0.000383311572415941	0.0003234191392259502	0.0004551824922439299	0.002299869434495646	0.0006109028185379059	0.002263933974581651	0.0003952900590539391	0.00027550519267395757	0.00025154821939796126
_scratch_st-cdeboer-1_asfar_VLPs_results_crispresso_aggregated_spacer_miniCGBE1-SpRY_rep3_.staging_CRISPRessoPooled_on_miniCGBE1-SpRY_D3_rep3_CRISPResso_on_B2M	Insertions	0.0	0.0	0.0	0.0	0.0	0.0	0.0	0.0	0.0	0.00023314552166310473	0.00023314552166310473	0.0	0.0	0.0	0.0	0.0	0.0	0.0	0.0	0.0
_scratch_st-cdeboer-1_asfar_VLPs_results_crispresso_aggregated_spacer_miniCGBE1-SpRY_rep3_.staging_CRISPRessoPooled_on_miniCGBE1-SpRY_D3_rep3_CRISPResso_on_B2M	Insertions_Left	0.0	0.0	0.0	0.0	0.0	0.0	0.0	0.0	0.0	0.00023314552166310473	0.0	0.0	0.0	0.0	0.0	0.0	0.0	0.0	0.0	0.0
_scratch_st-cdeboer-1_asfar_VLPs_results_crispresso_aggregated_spacer_miniCGBE1-SpRY_rep3_.staging_CRISPRessoPooled_on_miniCGBE1-SpRY_D3_rep3_CRISPResso_on_B2M	Deletions	0.0	0.0	0.0	0.0	0.00015543034777540314	0.00015543034777540314	0.00015543034777540314	0.00015543034777540314	0.00015543034777540314	0.00015543034777540314	0.00023314552166310473	0.00023314552166310473	0.00023314552166310473	0.00015543034777540314	0.00015543034777540314	0.00015543034777540314	0.0002720031086069555	0.00015543034777540314	0.00015543034777540314	0.0
_scratch_st-cdeboer-1_asfar_VLPs_results_crispresso_aggregated_spacer_miniCGBE1-SpRY_rep3_.staging_CRISPRessoPooled_on_miniCGBE1-SpRY_D3_rep3_CRISPResso_on_B2M	Substitutions	0.0002720031086069555	0.000544006217213911	0.00023314552166310473	0.000544006217213911	0.0003885758694385079	0.00011657276083155236	0.0002720031086069555	7.771517388770157e-05	0.0004274334563823587	3.8857586943850786e-05	0.0002720031086069555	0.00034971828249465706	3.8857586943850786e-05	0.00023314552166310473	0.0028754614338449584	0.00023314552166310473	0.003536040411890422	0.00019428793471925395	7.771517388770157e-05	0.0006217213911016126
_scratch_st-cdeboer-1_asfar_VLPs_results_crispresso_aggregated_spacer_miniCGBE1-SpRY_rep3_.staging_CRISPRessoPooled_on_miniCGBE1-SpRY_D3_rep3_CRISPResso_on_B2M	All_modifications	0.0002720031086069555	0.000544006217213911	0.00023314552166310473	0.000544006217213911	0.000544006217213911	0.0002720031086069555	0.0004274334563823587	0.00023314552166310473	0.0005828638041577618	0.0004274334563823587	0.000738294151933165	0.0005828638041577618	0.0002720031086069555	0.0003885758694385079	0.0030308917816203613	0.0003885758694385079	0.003808043520497377	0.00034971828249465706	0.00023314552166310473	0.0006217213911016126
_scratch_st-cdeboer-1_asfar_VLPs_results_crispresso_aggregated_spacer_miniCGBE1-SpRY_rep3_.staging_CRISPRessoPooled_on_miniCGBE1-SpRY_D4_rep3_CRISPResso_on_B2M	Insertions	0.0	0.0	0.0	0.0	0.00015438769838819244	0.00015438769838819244	3.0877539677638484e-05	0.00040140801580930034	0.0003705304761316618	0.0010189588093620701	0.0010189588093620701	0.0	0.0	0.0004940406348422157	0.0004940406348422157	0.0	0.0	0.0	0.0	0.0
_scratch_st-cdeboer-1_asfar_VLPs_results_crispresso_aggregated_spacer_miniCGBE1-SpRY_rep3_.staging_CRISPRessoPooled_on_miniCGBE1-SpRY_D4_rep3_CRISPResso_on_B2M	Insertions_Left	0.0	0.0	0.0	0.0	0.00015438769838819244	0.0	3.0877539677638484e-05	0.0003705304761316618	0.0	0.0010189588093620701	0.0	0.0	0.0	0.0004940406348422157	0.0	0.0	0.0	0.0	0.0	0.0
_scratch_st-cdeboer-1_asfar_VLPs_results_crispresso_aggregated_spacer_miniCGBE1-SpRY_rep3_.staging_CRISPRessoPooled_on_miniCGBE1-SpRY_D4_rep3_CRISPResso_on_B2M	Deletions	3.0877539677638484e-05	9.263261903291545e-05	3.0877539677638484e-05	3.0877539677638484e-05	0.00030877539677638487	0.00030877539677638487	0.00033965293645402334	0.00033965293645402334	0.00033965293645402334	0.0001852652380658309	0.00033965293645402334	0.00033965293645402334	0.00033965293645402334	0.00033965293645402334	0.00015438769838819244	0.00015438769838819244	0.00015438769838819244	3.0877539677638484e-05	0.0003705304761316618	3.0877539677638484e-05
_scratch_st-cdeboer-1_asfar_VLPs_results_crispresso_aggregated_spacer_miniCGBE1-SpRY_rep3_.staging_CRISPRessoPooled_on_miniCGBE1-SpRY_D4_rep3_CRISPResso_on_B2M	Substitutions	0.0005249181745198543	0.00027789785709874635	0.0004322855554869388	0.00040140801580930034	0.00015438769838819244	0.00015438769838819244	0.0002470203174211079	0.0005866732538751312	0.0005866732538751312	0.0007101834125856852	0.0006484283332304082	0.0002161427777434694	0.00033965293645402334	0.00015438769838819244	0.012011362934601371	0.0008336935712962391	0.020286543568208484	0.0002470203174211079	0.0001852652380658309	0.00030877539677638487
_scratch_st-cdeboer-1_asfar_VLPs_results_crispresso_aggregated_spacer_miniCGBE1-SpRY_rep3_.staging_CRISPRessoPooled_on_miniCGBE1-SpRY_D4_rep3_CRISPResso_on_B2M	All_modifications	0.0005557957141974927	0.0003705304761316618	0.0004631630951645773	0.0004322855554869388	0.0006175507935527697	0.0006175507935527697	0.0006175507935527697	0.001327734206138455	0.0012968566664608163	0.0019144074600135862	0.0020070400790465014	0.0005557957141974927	0.0006793058729080467	0.0009880812696844315	0.01265979126783178	0.0009880812696844315	0.020440931266596678	0.00027789785709874635	0.0005557957141974927	0.00033965293645402334
_scratch_st-cdeboer-1_asfar_VLPs_results_crispresso_aggregated_spacer_miniCGBE1-SpRY_rep3_.staging_CRISPRessoPooled_on_miniCGBE1-SpRY_D5_rep3_CRISPResso_on_B2M	Insertions	0.0	0.0	0.0	0.0	2.2294555669505506e-05	2.2294555669505506e-05	0.00015606188968653853	0.00015606188968653853	0.0	0.0003567128907120881	0.0003567128907120881	0.0	0.0	2.2294555669505506e-05	2.2294555669505506e-05	4.458911133901101e-05	0.00011147277834752754	6.688366700851652e-05	0.0	0.0
_scratch_st-cdeboer-1_asfar_VLPs_results_crispresso_aggregated_spacer_miniCGBE1-SpRY_rep3_.staging_CRISPRessoPooled_on_miniCGBE1-SpRY_D5_rep3_CRISPResso_on_B2M	Insertions_Left	0.0	0.0	0.0	0.0	2.2294555669505506e-05	0.0	0.00015606188968653853	0.0	0.0	0.0003567128907120881	0.0	0.0	0.0	2.2294555669505506e-05	0.0	4.458911133901101e-05	6.688366700851652e-05	0.0	0.0	0.0
_scratch_st-cdeboer-1_asfar_VLPs_results_crispresso_aggregated_spacer_miniCGBE1-SpRY_rep3_.staging_CRISPRessoPooled_on_miniCGBE1-SpRY_D5_rep3_CRISPResso_on_B2M	Deletions	2.2294555669505506e-05	6.688366700851652e-05	8.917822267802202e-05	2.2294555669505506e-05	0.0002898292237035716	0.0002898292237035716	0.0002898292237035716	0.0003567128907120881	0.0005127747803986267	0.0005127747803986267	0.0005127747803986267	0.00046818566905961563	0.0004013020020510991	0.0004235965577206046	0.0005573638917376377	0.00044589111339011014	0.00044589111339011014	0.0003567128907120881	0.0003344183350425826	0.00015606188968653853
_scratch_st-cdeboer-1_asfar_VLPs_results_crispresso_aggregated_spacer_miniCGBE1-SpRY_rep3_.staging_CRISPRessoPooled_on_miniCGBE1-SpRY_D5_rep3_CRISPResso_on_B2M	Substitutions	0.0004904802247291211	0.0005796584474071432	0.0003567128907120881	0.0005796584474071432	0.0003344183350425826	0.00024524011236456056	0.00015606188968653853	0.0003567128907120881	0.0003567128907120881	0.00011147277834752754	0.00022294555669505507	0.00031212377937307707	0.0002675346680340661	0.0002898292237035716	0.0067552503678601685	0.0002675346680340661	0.0101217282739555	0.0002675346680340661	0.0004013020020510991	0.0005573638917376377
_scratch_st-cdeboer-1_asfar_VLPs_results_crispresso_aggregated_spacer_miniCGBE1-SpRY_rep3_.staging_CRISPRessoPooled_on_miniCGBE1-SpRY_D5_rep3_CRISPResso_on_B2M	All_modifications	0.0005127747803986267	0.0006465421144156597	0.00044589111339011014	0.0006019530030766487	0.0006465421144156597	0.0005573638917376377	0.0006019530030766487	0.0008694876711107148	0.0008694876711107148	0.0009809604494582422	0.0010924332278057698	0.0007803094484326928	0.0006688366700851652	0.0007357203370936817	0.007334908815267311	0.0007580148927631873	0.010679092165693137	0.0006911312257546707	0.0007357203370936817	0.0007134257814241762
