Folder	Modification	G	G	C	C	C	A	G	A	C	T	G	A	G	C	A	C	G	T	G	A
_scratch_st-cdeboer-1_asfar_VLPs_results_crispresso_aggregated_spacer_miniCGBE1-SpRY_rep1_.staging_CRISPRessoPooled_on_miniCGBE1-SpRY_D0_rep1_CRISPResso_on_HEK3	Insertions	0.0	0.0	0.0	0.0	0.0	0.0	0.0	0.0	0.0	0.0	0.0	0.0	0.0	0.0	0.0	0.0	0.0	0.0	0.0	0.0
_scratch_st-cdeboer-1_asfar_VLPs_results_crispresso_aggregated_spacer_miniCGBE1-SpRY_rep1_.staging_CRISPRessoPooled_on_miniCGBE1-SpRY_D0_rep1_CRISPResso_on_HEK3	Insertions_Left	0.0	0.0	0.0	0.0	0.0	0.0	0.0	0.0	0.0	0.0	0.0	0.0	0.0	0.0	0.0	0.0	0.0	0.0	0.0	0.0
_scratch_st-cdeboer-1_asfar_VLPs_results_crispresso_aggregated_spacer_miniCGBE1-SpRY_rep1_.staging_CRISPRessoPooled_on_miniCGBE1-SpRY_D0_rep1_CRISPResso_on_HEK3	Deletions	0.0	9.766101860442404e-05	0.0	0.0	0.0	0.0	0.0	0.0	0.0	0.0	0.0	0.0	0.0	0.0	0.0	0.0	0.0	0.0	0.0	0.0
_scratch_st-cdeboer-1_asfar_VLPs_results_crispresso_aggregated_spacer_miniCGBE1-SpRY_rep1_.staging_CRISPRessoPooled_on_miniCGBE1-SpRY_D0_rep1_CRISPResso_on_HEK3	Substitutions	0.00014649152790663608	0.00029298305581327216	0.00034181356511548414	0.00014649152790663608	0.00014649152790663608	0.0004394745837199082	9.766101860442404e-05	0.00014649152790663608	0.00014649152790663608	0.00014649152790663608	0.0002441525465110601	0.0002441525465110601	4.883050930221202e-05	9.766101860442404e-05	9.766101860442404e-05	9.766101860442404e-05	0.0002441525465110601	0.00014649152790663608	9.766101860442404e-05	0.0001953220372088481
_scratch_st-cdeboer-1_asfar_VLPs_results_crispresso_aggregated_spacer_miniCGBE1-SpRY_rep1_.staging_CRISPRessoPooled_on_miniCGBE1-SpRY_D0_rep1_CRISPResso_on_HEK3	All_modifications	0.00014649152790663608	0.0003906440744176962	0.00034181356511548414	0.00014649152790663608	0.00014649152790663608	0.0004394745837199082	9.766101860442404e-05	0.00014649152790663608	0.00014649152790663608	0.00014649152790663608	0.0002441525465110601	0.0002441525465110601	4.883050930221202e-05	9.766101860442404e-05	9.766101860442404e-05	9.766101860442404e-05	0.0002441525465110601	0.00014649152790663608	9.766101860442404e-05	0.0001953220372088481
_scratch_st-cdeboer-1_asfar_VLPs_results_crispresso_aggregated_spacer_miniCGBE1-SpRY_rep1_.staging_CRISPRessoPooled_on_miniCGBE1-SpRY_D1_rep1_CRISPResso_on_HEK3	Insertions	0.0	0.0	0.0	0.0	0.0	0.0	0.0	0.0	0.0	0.0	0.0	0.0	0.0	0.0	0.0	0.0	0.0	0.0	0.0	0.0
_scratch_st-cdeboer-1_asfar_VLPs_results_crispresso_aggregated_spacer_miniCGBE1-SpRY_rep1_.staging_CRISPRessoPooled_on_miniCGBE1-SpRY_D1_rep1_CRISPResso_on_HEK3	Insertions_Left	0.0	0.0	0.0	0.0	0.0	0.0	0.0	0.0	0.0	0.0	0.0	0.0	0.0	0.0	0.0	0.0	0.0	0.0	0.0	0.0
_scratch_st-cdeboer-1_asfar_VLPs_results_crispresso_aggregated_spacer_miniCGBE1-SpRY_rep1_.staging_CRISPRessoPooled_on_miniCGBE1-SpRY_D1_rep1_CRISPResso_on_HEK3	Deletions	0.0	0.0	0.0	0.0	5.774005427565102e-05	0.0	0.0	0.0	0.0	0.0	0.0	0.0	0.0	0.0	0.0	0.0	0.0	0.0	0.0	0.0
_scratch_st-cdeboer-1_asfar_VLPs_results_crispresso_aggregated_spacer_miniCGBE1-SpRY_rep1_.staging_CRISPRessoPooled_on_miniCGBE1-SpRY_D1_rep1_CRISPResso_on_HEK3	Substitutions	0.00028870027137825507	0.00028870027137825507	0.00011548010855130203	5.774005427565102e-05	5.774005427565102e-05	0.00011548010855130203	0.00023096021710260407	0.00011548010855130203	5.774005427565102e-05	0.00017322016282695306	0.00023096021710260407	0.00034644032565390613	5.774005427565102e-05	0.00011548010855130203	0.00011548010855130203	0.00023096021710260407	0.00028870027137825507	0.00028870027137825507	5.774005427565102e-05	0.00011548010855130203
_scratch_st-cdeboer-1_asfar_VLPs_results_crispresso_aggregated_spacer_miniCGBE1-SpRY_rep1_.staging_CRISPRessoPooled_on_miniCGBE1-SpRY_D1_rep1_CRISPResso_on_HEK3	All_modifications	0.00028870027137825507	0.00028870027137825507	0.00011548010855130203	5.774005427565102e-05	0.00011548010855130203	0.00011548010855130203	0.00023096021710260407	0.00011548010855130203	5.774005427565102e-05	0.00017322016282695306	0.00023096021710260407	0.00034644032565390613	5.774005427565102e-05	0.00011548010855130203	0.00011548010855130203	0.00023096021710260407	0.00028870027137825507	0.00028870027137825507	5.774005427565102e-05	0.00011548010855130203
_scratch_st-cdeboer-1_asfar_VLPs_results_crispresso_aggregated_spacer_miniCGBE1-SpRY_rep1_.staging_CRISPRessoPooled_on_miniCGBE1-SpRY_D2_rep1_CRISPResso_on_HEK3	Insertions	0.0	0.0	0.0	0.0	0.0	0.0	0.0	0.0	0.0	0.0	0.0	0.0	0.0	0.0	0.0	0.0	0.0	0.0	0.0	0.0
_scratch_st-cdeboer-1_asfar_VLPs_results_crispresso_aggregated_spacer_miniCGBE1-SpRY_rep1_.staging_CRISPRessoPooled_on_miniCGBE1-SpRY_D2_rep1_CRISPResso_on_HEK3	Insertions_Left	0.0	0.0	0.0	0.0	0.0	0.0	0.0	0.0	0.0	0.0	0.0	0.0	0.0	0.0	0.0	0.0	0.0	0.0	0.0	0.0
_scratch_st-cdeboer-1_asfar_VLPs_results_crispresso_aggregated_spacer_miniCGBE1-SpRY_rep1_.staging_CRISPRessoPooled_on_miniCGBE1-SpRY_D2_rep1_CRISPResso_on_HEK3	Deletions	0.0	4.9215020424233474e-05	0.0	0.0	0.0	0.0	0.0	0.0	0.0	0.0	0.0	0.0	0.0	0.0	0.0	0.0	0.0	0.0	0.0	0.0
_scratch_st-cdeboer-1_asfar_VLPs_results_crispresso_aggregated_spacer_miniCGBE1-SpRY_rep1_.staging_CRISPRessoPooled_on_miniCGBE1-SpRY_D2_rep1_CRISPResso_on_HEK3	Substitutions	9.843004084846695e-05	9.843004084846695e-05	0.0	0.0006397952655150352	0.0001968600816969339	9.843004084846695e-05	0.00014764506127270044	0.0002952901225454009	4.9215020424233474e-05	0.0	0.00014764506127270044	0.0001968600816969339	0.00014764506127270044	4.9215020424233474e-05	9.843004084846695e-05	9.843004084846695e-05	0.0002460751021211674	4.9215020424233474e-05	0.0002952901225454009	0.0002460751021211674
_scratch_st-cdeboer-1_asfar_VLPs_results_crispresso_aggregated_spacer_miniCGBE1-SpRY_rep1_.staging_CRISPRessoPooled_on_miniCGBE1-SpRY_D2_rep1_CRISPResso_on_HEK3	All_modifications	9.843004084846695e-05	0.00014764506127270044	0.0	0.0006397952655150352	0.0001968600816969339	9.843004084846695e-05	0.00014764506127270044	0.0002952901225454009	4.9215020424233474e-05	0.0	0.00014764506127270044	0.0001968600816969339	0.00014764506127270044	4.9215020424233474e-05	9.843004084846695e-05	9.843004084846695e-05	0.0002460751021211674	4.9215020424233474e-05	0.0002952901225454009	0.0002460751021211674
_scratch_st-cdeboer-1_asfar_VLPs_results_crispresso_aggregated_spacer_miniCGBE1-SpRY_rep1_.staging_CRISPRessoPooled_on_miniCGBE1-SpRY_D3_rep1_CRISPResso_on_HEK3	Insertions	0.0	0.0	0.0	0.0	0.0	0.0	0.0	0.0	0.0	0.0	0.0	0.0	0.0	0.0	0.0	0.0	0.0	0.0	0.0	0.0
_scratch_st-cdeboer-1_asfar_VLPs_results_crispresso_aggregated_spacer_miniCGBE1-SpRY_rep1_.staging_CRISPRessoPooled_on_miniCGBE1-SpRY_D3_rep1_CRISPResso_on_HEK3	Insertions_Left	0.0	0.0	0.0	0.0	0.0	0.0	0.0	0.0	0.0	0.0	0.0	0.0	0.0	0.0	0.0	0.0	0.0	0.0	0.0	0.0
_scratch_st-cdeboer-1_asfar_VLPs_results_crispresso_aggregated_spacer_miniCGBE1-SpRY_rep1_.staging_CRISPRessoPooled_on_miniCGBE1-SpRY_D3_rep1_CRISPResso_on_HEK3	Deletions	0.0	0.0	0.0	0.0	6.580246101204185e-05	0.0	0.0	0.0	0.0	0.0	0.0	0.0	0.0	0.0	0.0	0.0	0.0	0.0	0.0	0.0
_scratch_st-cdeboer-1_asfar_VLPs_results_crispresso_aggregated_spacer_miniCGBE1-SpRY_rep1_.staging_CRISPRessoPooled_on_miniCGBE1-SpRY_D3_rep1_CRISPResso_on_HEK3	Substitutions	0.0	0.0003948147660722511	6.580246101204185e-05	0.0002632098440481674	0.0005922221491083767	0.0001316049220240837	0.0001316049220240837	0.00032901230506020924	0.0	0.0001316049220240837	0.00032901230506020924	0.00019740738303612555	0.00019740738303612555	0.0001316049220240837	0.0001316049220240837	0.0002632098440481674	0.0002632098440481674	6.580246101204185e-05	6.580246101204185e-05	6.580246101204185e-05
_scratch_st-cdeboer-1_asfar_VLPs_results_crispresso_aggregated_spacer_miniCGBE1-SpRY_rep1_.staging_CRISPRessoPooled_on_miniCGBE1-SpRY_D3_rep1_CRISPResso_on_HEK3	All_modifications	0.0	0.0003948147660722511	6.580246101204185e-05	0.0002632098440481674	0.0006580246101204185	0.0001316049220240837	0.0001316049220240837	0.00032901230506020924	0.0	0.0001316049220240837	0.00032901230506020924	0.00019740738303612555	0.00019740738303612555	0.0001316049220240837	0.0001316049220240837	0.0002632098440481674	0.0002632098440481674	6.580246101204185e-05	6.580246101204185e-05	6.580246101204185e-05
_scratch_st-cdeboer-1_asfar_VLPs_results_crispresso_aggregated_spacer_miniCGBE1-SpRY_rep1_.staging_CRISPRessoPooled_on_miniCGBE1-SpRY_D4_rep1_CRISPResso_on_HEK3	Insertions	0.0	0.0	0.0	0.0	0.0	0.0	0.0	0.0	0.0	0.0	0.0	0.0	0.0	0.0	0.0	0.0	0.0	0.0	0.0	0.0
_scratch_st-cdeboer-1_asfar_VLPs_results_crispresso_aggregated_spacer_miniCGBE1-SpRY_rep1_.staging_CRISPRessoPooled_on_miniCGBE1-SpRY_D4_rep1_CRISPResso_on_HEK3	Insertions_Left	0.0	0.0	0.0	0.0	0.0	0.0	0.0	0.0	0.0	0.0	0.0	0.0	0.0	0.0	0.0	0.0	0.0	0.0	0.0	0.0
_scratch_st-cdeboer-1_asfar_VLPs_results_crispresso_aggregated_spacer_miniCGBE1-SpRY_rep1_.staging_CRISPRessoPooled_on_miniCGBE1-SpRY_D4_rep1_CRISPResso_on_HEK3	Deletions	5.94000594000594e-05	5.94000594000594e-05	5.94000594000594e-05	5.94000594000594e-05	5.94000594000594e-05	5.94000594000594e-05	5.94000594000594e-05	5.94000594000594e-05	5.94000594000594e-05	5.94000594000594e-05	5.94000594000594e-05	5.94000594000594e-05	5.94000594000594e-05	5.94000594000594e-05	5.94000594000594e-05	5.94000594000594e-05	5.94000594000594e-05	0.0001188001188001188	0.0001188001188001188	5.94000594000594e-05
_scratch_st-cdeboer-1_asfar_VLPs_results_crispresso_aggregated_spacer_miniCGBE1-SpRY_rep1_.staging_CRISPRessoPooled_on_miniCGBE1-SpRY_D4_rep1_CRISPResso_on_HEK3	Substitutions	5.94000594000594e-05	0.0004752004752004752	0.0001188001188001188	0.0004158004158004158	0.0009504009504009504	0.000297000297000297	0.000297000297000297	0.0001188001188001188	5.94000594000594e-05	0.0001782001782001782	0.0001782001782001782	5.94000594000594e-05	0.0001782001782001782	5.94000594000594e-05	0.0002376002376002376	0.0	0.0001782001782001782	0.0001782001782001782	0.0002376002376002376	0.0002376002376002376
_scratch_st-cdeboer-1_asfar_VLPs_results_crispresso_aggregated_spacer_miniCGBE1-SpRY_rep1_.staging_CRISPRessoPooled_on_miniCGBE1-SpRY_D4_rep1_CRISPResso_on_HEK3	All_modifications	0.0001188001188001188	0.0005346005346005346	0.0001782001782001782	0.0004752004752004752	0.0010098010098010099	0.0003564003564003564	0.0003564003564003564	0.0001782001782001782	0.0001188001188001188	0.0002376002376002376	0.0002376002376002376	0.0001188001188001188	0.0002376002376002376	0.0001188001188001188	0.000297000297000297	5.94000594000594e-05	0.0002376002376002376	0.000297000297000297	0.0003564003564003564	0.000297000297000297
_scratch_st-cdeboer-1_asfar_VLPs_results_crispresso_aggregated_spacer_miniCGBE1-SpRY_rep1_.staging_CRISPRessoPooled_on_miniCGBE1-SpRY_D5_rep1_CRISPResso_on_HEK3	Insertions	0.0	0.0	0.0	0.0	0.0	0.0	0.0	0.0	0.0	0.0	0.0	0.0	0.0	0.0	0.0	0.0	0.0	0.0	0.0	0.0
_scratch_st-cdeboer-1_asfar_VLPs_results_crispresso_aggregated_spacer_miniCGBE1-SpRY_rep1_.staging_CRISPRessoPooled_on_miniCGBE1-SpRY_D5_rep1_CRISPResso_on_HEK3	Insertions_Left	0.0	0.0	0.0	0.0	0.0	0.0	0.0	0.0	0.0	0.0	0.0	0.0	0.0	0.0	0.0	0.0	0.0	0.0	0.0	0.0
_scratch_st-cdeboer-1_asfar_VLPs_results_crispresso_aggregated_spacer_miniCGBE1-SpRY_rep1_.staging_CRISPRessoPooled_on_miniCGBE1-SpRY_D5_rep1_CRISPResso_on_HEK3	Deletions	0.0	5.1731719303691056e-05	0.0	0.0	5.1731719303691056e-05	2.5865859651845528e-05	0.0	0.0	0.0	0.0	0.0	0.0	0.0	0.0	0.0	0.0	0.0	0.0	0.0	0.0
_scratch_st-cdeboer-1_asfar_VLPs_results_crispresso_aggregated_spacer_miniCGBE1-SpRY_rep1_.staging_CRISPRessoPooled_on_miniCGBE1-SpRY_D5_rep1_CRISPResso_on_HEK3	Substitutions	0.00020692687721476422	0.0003621220351258374	5.1731719303691056e-05	0.0006207806316442927	0.0013450247018959676	0.00031039031582214634	0.00015519515791107317	0.00038798789477768295	0.00010346343860738211	0.00020692687721476422	0.00012932929825922764	0.0003362561754739919	0.00010346343860738211	5.1731719303691056e-05	0.00012932929825922764	0.00010346343860738211	0.00012932929825922764	0.00023279273686660975	0.00015519515791107317	0.00028452445617030084
_scratch_st-cdeboer-1_asfar_VLPs_results_crispresso_aggregated_spacer_miniCGBE1-SpRY_rep1_.staging_CRISPRessoPooled_on_miniCGBE1-SpRY_D5_rep1_CRISPResso_on_HEK3	All_modifications	0.00020692687721476422	0.00041385375442952845	5.1731719303691056e-05	0.0006207806316442927	0.0013967564211996586	0.0003362561754739919	0.00015519515791107317	0.00038798789477768295	0.00010346343860738211	0.00020692687721476422	0.00012932929825922764	0.0003362561754739919	0.00010346343860738211	5.1731719303691056e-05	0.00012932929825922764	0.00010346343860738211	0.00012932929825922764	0.00023279273686660975	0.00015519515791107317	0.00028452445617030084
