Folder	Modification	C	A	C	C	T	A	C	C	T	A	A	G	A	A	C	C	A	T	C	C
_scratch_st-cdeboer-1_asfar_VLPs_results_crispresso_aggregated_spacer_miniCGBE1-SpRY_rep1_.staging_CRISPRessoPooled_on_miniCGBE1-SpRY_D0_rep1_CRISPResso_on_PDCD1	Insertions	3.3070605743261865e-05	3.3070605743261865e-05	0.0	0.0	0.0	0.0	0.0	0.0	0.0	0.0	0.0	0.0	0.0	0.0	0.0	0.0	0.0	0.0	0.0	0.0
_scratch_st-cdeboer-1_asfar_VLPs_results_crispresso_aggregated_spacer_miniCGBE1-SpRY_rep1_.staging_CRISPRessoPooled_on_miniCGBE1-SpRY_D0_rep1_CRISPResso_on_PDCD1	Insertions_Left	3.3070605743261865e-05	0.0	0.0	0.0	0.0	0.0	0.0	0.0	0.0	0.0	0.0	0.0	0.0	0.0	0.0	0.0	0.0	0.0	0.0	0.0
_scratch_st-cdeboer-1_asfar_VLPs_results_crispresso_aggregated_spacer_miniCGBE1-SpRY_rep1_.staging_CRISPRessoPooled_on_miniCGBE1-SpRY_D0_rep1_CRISPResso_on_PDCD1	Deletions	1.1023535247753955e-05	1.1023535247753955e-05	0.0	0.0	0.0	0.0	0.0	0.0	0.0	0.0	3.3070605743261865e-05	0.0	0.0	0.0	0.0	1.1023535247753955e-05	0.0	0.0	0.0	0.0
_scratch_st-cdeboer-1_asfar_VLPs_results_crispresso_aggregated_spacer_miniCGBE1-SpRY_rep1_.staging_CRISPRessoPooled_on_miniCGBE1-SpRY_D0_rep1_CRISPResso_on_PDCD1	Substitutions	0.00015432949346855536	0.00019842363445957118	8.818828198203164e-05	0.00015432949346855536	0.00018740009921181723	0.0001433059582208014	0.00017637656396406328	5.5117676238769775e-05	0.0002645648459460949	0.000242517775450587	0.0001433059582208014	0.00018740009921181723	0.00017637656396406328	0.00020944716970732513	7.716474673427768e-05	0.00011023535247753955	0.00016535302871630933	0.0003196825221848647	0.0001212588877252935	0.00015432949346855536
_scratch_st-cdeboer-1_asfar_VLPs_results_crispresso_aggregated_spacer_miniCGBE1-SpRY_rep1_.staging_CRISPRessoPooled_on_miniCGBE1-SpRY_D0_rep1_CRISPResso_on_PDCD1	All_modifications	0.00019842363445957118	0.000242517775450587	8.818828198203164e-05	0.00015432949346855536	0.00018740009921181723	0.0001433059582208014	0.00017637656396406328	5.5117676238769775e-05	0.0002645648459460949	0.000242517775450587	0.00017637656396406328	0.00018740009921181723	0.00017637656396406328	0.00020944716970732513	7.716474673427768e-05	0.0001212588877252935	0.00016535302871630933	0.0003196825221848647	0.0001212588877252935	0.00015432949346855536
_scratch_st-cdeboer-1_asfar_VLPs_results_crispresso_aggregated_spacer_miniCGBE1-SpRY_rep1_.staging_CRISPRessoPooled_on_miniCGBE1-SpRY_D1_rep1_CRISPResso_on_PDCD1	Insertions	0.0	0.0	0.0	0.0	0.0	0.0	0.0	0.0	0.0	0.0	0.0	0.0	0.0	0.0	0.0	0.0	0.0	0.0	0.0	0.0
_scratch_st-cdeboer-1_asfar_VLPs_results_crispresso_aggregated_spacer_miniCGBE1-SpRY_rep1_.staging_CRISPRessoPooled_on_miniCGBE1-SpRY_D1_rep1_CRISPResso_on_PDCD1	Insertions_Left	0.0	0.0	0.0	0.0	0.0	0.0	0.0	0.0	0.0	0.0	0.0	0.0	0.0	0.0	0.0	0.0	0.0	0.0	0.0	0.0
_scratch_st-cdeboer-1_asfar_VLPs_results_crispresso_aggregated_spacer_miniCGBE1-SpRY_rep1_.staging_CRISPRessoPooled_on_miniCGBE1-SpRY_D1_rep1_CRISPResso_on_PDCD1	Deletions	2.1580560231343606e-05	4.316112046268721e-05	2.1580560231343606e-05	2.1580560231343606e-05	2.1580560231343606e-05	2.1580560231343606e-05	2.1580560231343606e-05	2.1580560231343606e-05	2.1580560231343606e-05	2.1580560231343606e-05	0.00010790280115671803	2.1580560231343606e-05	2.1580560231343606e-05	2.1580560231343606e-05	2.1580560231343606e-05	2.1580560231343606e-05	2.1580560231343606e-05	2.1580560231343606e-05	2.1580560231343606e-05	2.1580560231343606e-05
_scratch_st-cdeboer-1_asfar_VLPs_results_crispresso_aggregated_spacer_miniCGBE1-SpRY_rep1_.staging_CRISPRessoPooled_on_miniCGBE1-SpRY_D1_rep1_CRISPResso_on_PDCD1	Substitutions	6.474168069403081e-05	0.00021580560231343606	0.00010790280115671803	0.00010790280115671803	0.00023738616254477966	0.00021580560231343606	0.00012948336138806163	8.632224092537442e-05	0.00021580560231343606	0.00019422504208209244	0.00015106392161940525	0.0003021278432388105	0.0003452889637014977	6.474168069403081e-05	6.474168069403081e-05	4.316112046268721e-05	0.00015106392161940525	0.0002805472830074669	0.00010790280115671803	0.00019422504208209244
_scratch_st-cdeboer-1_asfar_VLPs_results_crispresso_aggregated_spacer_miniCGBE1-SpRY_rep1_.staging_CRISPRessoPooled_on_miniCGBE1-SpRY_D1_rep1_CRISPResso_on_PDCD1	All_modifications	8.632224092537442e-05	0.00025896672277612325	0.00012948336138806163	0.00012948336138806163	0.00025896672277612325	0.00023738616254477966	0.00015106392161940525	0.00010790280115671803	0.00023738616254477966	0.00021580560231343606	0.00025896672277612325	0.00032370840347015407	0.0003668695239328413	8.632224092537442e-05	8.632224092537442e-05	6.474168069403081e-05	0.00017264448185074885	0.0003021278432388105	0.00012948336138806163	0.00021580560231343606
_scratch_st-cdeboer-1_asfar_VLPs_results_crispresso_aggregated_spacer_miniCGBE1-SpRY_rep1_.staging_CRISPRessoPooled_on_miniCGBE1-SpRY_D2_rep1_CRISPResso_on_PDCD1	Insertions	0.0	0.0	0.0	0.0	0.0	0.0	0.0	0.0	0.0	0.0	0.0	0.0	0.0	0.0	0.0	0.0	0.0	9.336457934588776e-06	9.336457934588776e-06	0.0
_scratch_st-cdeboer-1_asfar_VLPs_results_crispresso_aggregated_spacer_miniCGBE1-SpRY_rep1_.staging_CRISPRessoPooled_on_miniCGBE1-SpRY_D2_rep1_CRISPResso_on_PDCD1	Insertions_Left	0.0	0.0	0.0	0.0	0.0	0.0	0.0	0.0	0.0	0.0	0.0	0.0	0.0	0.0	0.0	0.0	0.0	9.336457934588776e-06	0.0	0.0
_scratch_st-cdeboer-1_asfar_VLPs_results_crispresso_aggregated_spacer_miniCGBE1-SpRY_rep1_.staging_CRISPRessoPooled_on_miniCGBE1-SpRY_D2_rep1_CRISPResso_on_PDCD1	Deletions	1.8672915869177553e-05	9.336457934588776e-06	9.336457934588776e-06	9.336457934588776e-06	1.8672915869177553e-05	9.336457934588776e-06	1.8672915869177553e-05	3.7345831738355106e-05	1.8672915869177553e-05	1.8672915869177553e-05	6.535520554212144e-05	9.336457934588776e-06	9.336457934588776e-06	9.336457934588776e-06	9.336457934588776e-06	9.336457934588776e-06	9.336457934588776e-06	9.336457934588776e-06	9.336457934588776e-06	9.336457934588776e-06
_scratch_st-cdeboer-1_asfar_VLPs_results_crispresso_aggregated_spacer_miniCGBE1-SpRY_rep1_.staging_CRISPRessoPooled_on_miniCGBE1-SpRY_D2_rep1_CRISPResso_on_PDCD1	Substitutions	0.00010270103728047654	0.0001960656166263643	0.00014004686901883165	0.00010270103728047654	0.00014938332695342042	0.0002334114483647194	0.00014004686901883165	0.0001960656166263643	0.00028943019597225207	0.00017739270075718675	0.00022407499043013062	0.0002334114483647194	0.0003174395697760184	0.0001960656166263643	8.402812141129899e-05	0.0001587197848880092	0.00017739270075718675	0.0003547854015143735	0.00012137395314965408	0.00012137395314965408
_scratch_st-cdeboer-1_asfar_VLPs_results_crispresso_aggregated_spacer_miniCGBE1-SpRY_rep1_.staging_CRISPRessoPooled_on_miniCGBE1-SpRY_D2_rep1_CRISPResso_on_PDCD1	All_modifications	0.00012137395314965408	0.00020540207456095307	0.00014938332695342042	0.00011203749521506531	0.00016805624282259797	0.00024274790629930817	0.0001587197848880092	0.0002334114483647194	0.0003081031118414296	0.0001960656166263643	0.00028943019597225207	0.00024274790629930817	0.00032677602771060717	0.00020540207456095307	9.336457934588776e-05	0.00016805624282259797	0.00018672915869177552	0.00037345831738355104	0.00014004686901883165	0.00013071041108424287
_scratch_st-cdeboer-1_asfar_VLPs_results_crispresso_aggregated_spacer_miniCGBE1-SpRY_rep1_.staging_CRISPRessoPooled_on_miniCGBE1-SpRY_D3_rep1_CRISPResso_on_PDCD1	Insertions	0.0	0.0	0.0	0.0	0.0	0.0	0.0	0.0	0.0	0.0	0.0	0.0	0.0	0.0	0.0	0.0	0.0	0.0	0.0	0.0
_scratch_st-cdeboer-1_asfar_VLPs_results_crispresso_aggregated_spacer_miniCGBE1-SpRY_rep1_.staging_CRISPRessoPooled_on_miniCGBE1-SpRY_D3_rep1_CRISPResso_on_PDCD1	Insertions_Left	0.0	0.0	0.0	0.0	0.0	0.0	0.0	0.0	0.0	0.0	0.0	0.0	0.0	0.0	0.0	0.0	0.0	0.0	0.0	0.0
_scratch_st-cdeboer-1_asfar_VLPs_results_crispresso_aggregated_spacer_miniCGBE1-SpRY_rep1_.staging_CRISPRessoPooled_on_miniCGBE1-SpRY_D3_rep1_CRISPResso_on_PDCD1	Deletions	4.5329888261825434e-05	0.0	0.0	0.0	0.0	0.0	0.0	0.0	6.799483239273815e-05	0.0	2.2664944130912717e-05	0.0	0.0	2.2664944130912717e-05	0.0	0.0	0.0	0.0	0.0	0.0
_scratch_st-cdeboer-1_asfar_VLPs_results_crispresso_aggregated_spacer_miniCGBE1-SpRY_rep1_.staging_CRISPRessoPooled_on_miniCGBE1-SpRY_D3_rep1_CRISPResso_on_PDCD1	Substitutions	0.0001359896647854763	0.0002719793295709526	6.799483239273815e-05	0.00022664944130912717	0.00020398449717821447	0.0034904013961605585	0.0002719793295709526	0.00011332472065456359	0.0001359896647854763	0.0011559121506765485	0.00011332472065456359	0.00018131955304730174	0.00031730921783277807	0.00022664944130912717	2.2664944130912717e-05	9.065977652365087e-05	0.0002493143854400399	0.0003853040502255162	9.065977652365087e-05	0.00011332472065456359
_scratch_st-cdeboer-1_asfar_VLPs_results_crispresso_aggregated_spacer_miniCGBE1-SpRY_rep1_.staging_CRISPRessoPooled_on_miniCGBE1-SpRY_D3_rep1_CRISPResso_on_PDCD1	All_modifications	0.00018131955304730174	0.0002719793295709526	6.799483239273815e-05	0.00022664944130912717	0.00020398449717821447	0.0034904013961605585	0.0002719793295709526	0.00011332472065456359	0.00020398449717821447	0.0011559121506765485	0.0001359896647854763	0.00018131955304730174	0.00031730921783277807	0.0002493143854400399	2.2664944130912717e-05	9.065977652365087e-05	0.0002493143854400399	0.0003853040502255162	9.065977652365087e-05	0.00011332472065456359
_scratch_st-cdeboer-1_asfar_VLPs_results_crispresso_aggregated_spacer_miniCGBE1-SpRY_rep1_.staging_CRISPRessoPooled_on_miniCGBE1-SpRY_D4_rep1_CRISPResso_on_PDCD1	Insertions	0.0	0.0	0.0	0.0	0.0	0.0	0.0	0.0	0.0	0.0	0.0	0.0	0.0	0.0	0.0	0.0	0.0	0.0	0.0	0.0
_scratch_st-cdeboer-1_asfar_VLPs_results_crispresso_aggregated_spacer_miniCGBE1-SpRY_rep1_.staging_CRISPRessoPooled_on_miniCGBE1-SpRY_D4_rep1_CRISPResso_on_PDCD1	Insertions_Left	0.0	0.0	0.0	0.0	0.0	0.0	0.0	0.0	0.0	0.0	0.0	0.0	0.0	0.0	0.0	0.0	0.0	0.0	0.0	0.0
_scratch_st-cdeboer-1_asfar_VLPs_results_crispresso_aggregated_spacer_miniCGBE1-SpRY_rep1_.staging_CRISPRessoPooled_on_miniCGBE1-SpRY_D4_rep1_CRISPResso_on_PDCD1	Deletions	3.609456776755098e-05	0.0	0.0	0.0	1.2031522589183662e-05	0.0	0.0	0.0	0.0	0.0	9.62521807134693e-05	0.0	0.0	0.0	0.0	1.2031522589183662e-05	0.0	0.0	0.0	0.0
_scratch_st-cdeboer-1_asfar_VLPs_results_crispresso_aggregated_spacer_miniCGBE1-SpRY_rep1_.staging_CRISPRessoPooled_on_miniCGBE1-SpRY_D4_rep1_CRISPResso_on_PDCD1	Substitutions	0.00013234674848102028	0.00026469349696204057	0.00010828370330265295	0.00040907176803224447	0.0002767250195512242	0.00012031522589183661	0.0005173554713348974	0.0003368826324971425	0.0002165674066053059	0.00016844131624857124	0.00014437827107020393	0.0002767250195512242	0.00028875654214040785	0.0001925043614269386	7.218913553510196e-05	6.0157612945918305e-05	0.0002165674066053059	0.0003368826324971425	9.62521807134693e-05	0.00018047283883775492
_scratch_st-cdeboer-1_asfar_VLPs_results_crispresso_aggregated_spacer_miniCGBE1-SpRY_rep1_.staging_CRISPRessoPooled_on_miniCGBE1-SpRY_D4_rep1_CRISPResso_on_PDCD1	All_modifications	0.00016844131624857124	0.00026469349696204057	0.00010828370330265295	0.00040907176803224447	0.00028875654214040785	0.00012031522589183661	0.0005173554713348974	0.0003368826324971425	0.0002165674066053059	0.00016844131624857124	0.00024063045178367322	0.0002767250195512242	0.00028875654214040785	0.0001925043614269386	7.218913553510196e-05	7.218913553510196e-05	0.0002165674066053059	0.0003368826324971425	9.62521807134693e-05	0.00018047283883775492
_scratch_st-cdeboer-1_asfar_VLPs_results_crispresso_aggregated_spacer_miniCGBE1-SpRY_rep1_.staging_CRISPRessoPooled_on_miniCGBE1-SpRY_D5_rep1_CRISPResso_on_PDCD1	Insertions	0.0	0.0	0.0	0.0	0.0	0.0	0.0	0.0	0.0	0.0	0.0	0.0	0.0	0.0	0.0	0.0	0.0	0.0	0.0	0.0
_scratch_st-cdeboer-1_asfar_VLPs_results_crispresso_aggregated_spacer_miniCGBE1-SpRY_rep1_.staging_CRISPRessoPooled_on_miniCGBE1-SpRY_D5_rep1_CRISPResso_on_PDCD1	Insertions_Left	0.0	0.0	0.0	0.0	0.0	0.0	0.0	0.0	0.0	0.0	0.0	0.0	0.0	0.0	0.0	0.0	0.0	0.0	0.0	0.0
_scratch_st-cdeboer-1_asfar_VLPs_results_crispresso_aggregated_spacer_miniCGBE1-SpRY_rep1_.staging_CRISPRessoPooled_on_miniCGBE1-SpRY_D5_rep1_CRISPResso_on_PDCD1	Deletions	0.0	0.0	0.0	0.0	0.0	0.0	0.0	0.0	0.0	0.0	8.8883621711306e-05	0.0	0.0	0.0	0.0	0.0	0.0	0.0	0.0	0.0
_scratch_st-cdeboer-1_asfar_VLPs_results_crispresso_aggregated_spacer_miniCGBE1-SpRY_rep1_.staging_CRISPRessoPooled_on_miniCGBE1-SpRY_D5_rep1_CRISPResso_on_PDCD1	Substitutions	0.00020739511732638066	0.000177767243422612	0.00014813936951884333	0.00011851149561507466	0.00020739511732638066	0.00023702299123014932	0.00032590661294145534	0.00029627873903768665	0.00023702299123014932	0.00023702299123014932	0.00011851149561507466	0.00032590661294145534	0.000355534486845224	0.00014813936951884333	8.8883621711306e-05	5.925574780753733e-05	0.00020739511732638066	0.00038516236074899267	0.00011851149561507466	2.9627873903768665e-05
_scratch_st-cdeboer-1_asfar_VLPs_results_crispresso_aggregated_spacer_miniCGBE1-SpRY_rep1_.staging_CRISPRessoPooled_on_miniCGBE1-SpRY_D5_rep1_CRISPResso_on_PDCD1	All_modifications	0.00020739511732638066	0.000177767243422612	0.00014813936951884333	0.00011851149561507466	0.00020739511732638066	0.00023702299123014932	0.00032590661294145534	0.00029627873903768665	0.00023702299123014932	0.00023702299123014932	0.00020739511732638066	0.00032590661294145534	0.000355534486845224	0.00014813936951884333	8.8883621711306e-05	5.925574780753733e-05	0.00020739511732638066	0.00038516236074899267	0.00011851149561507466	2.9627873903768665e-05
