Folder	Modification	C	A	C	C	T	A	C	C	T	A	A	G	A	A	C	C	A	T	C	C
_scratch_st-cdeboer-1_asfar_VLPs_results_crispresso_aggregated_spacer_miniCGBE1-SpRY_rep3_.staging_CRISPRessoPooled_on_miniCGBE1-SpRY_D0_rep3_CRISPResso_on_PDCD1	Insertions	2.943254061690605e-05	2.943254061690605e-05	0.0	0.0	0.0	0.0	0.0	0.0	0.0	0.0	0.0	0.0	0.0	0.0	0.0	0.0	0.0	0.0	0.0	0.0
_scratch_st-cdeboer-1_asfar_VLPs_results_crispresso_aggregated_spacer_miniCGBE1-SpRY_rep3_.staging_CRISPRessoPooled_on_miniCGBE1-SpRY_D0_rep3_CRISPResso_on_PDCD1	Insertions_Left	2.943254061690605e-05	0.0	0.0	0.0	0.0	0.0	0.0	0.0	0.0	0.0	0.0	0.0	0.0	0.0	0.0	0.0	0.0	0.0	0.0	0.0
_scratch_st-cdeboer-1_asfar_VLPs_results_crispresso_aggregated_spacer_miniCGBE1-SpRY_rep3_.staging_CRISPRessoPooled_on_miniCGBE1-SpRY_D0_rep3_CRISPResso_on_PDCD1	Deletions	8.829762185071815e-05	2.943254061690605e-05	2.943254061690605e-05	2.943254061690605e-05	2.943254061690605e-05	2.943254061690605e-05	2.943254061690605e-05	2.943254061690605e-05	2.943254061690605e-05	2.943254061690605e-05	0.0001177301624676242	2.943254061690605e-05	2.943254061690605e-05	5.88650812338121e-05	2.943254061690605e-05	2.943254061690605e-05	2.943254061690605e-05	2.943254061690605e-05	2.943254061690605e-05	2.943254061690605e-05
_scratch_st-cdeboer-1_asfar_VLPs_results_crispresso_aggregated_spacer_miniCGBE1-SpRY_rep3_.staging_CRISPRessoPooled_on_miniCGBE1-SpRY_D0_rep3_CRISPResso_on_PDCD1	Substitutions	0.00026489286555215444	0.0001765952437014363	0.0	0.00020602778431834235	0.00029432540616906053	0.0001177301624676242	5.88650812338121e-05	0.0001765952437014363	0.00020602778431834235	0.0002354603249352484	0.0003826230280197787	0.0001177301624676242	0.00026489286555215444	0.00020602778431834235	2.943254061690605e-05	0.0001177301624676242	0.0001765952437014363	0.0003531904874028726	2.943254061690605e-05	2.943254061690605e-05
_scratch_st-cdeboer-1_asfar_VLPs_results_crispresso_aggregated_spacer_miniCGBE1-SpRY_rep3_.staging_CRISPRessoPooled_on_miniCGBE1-SpRY_D0_rep3_CRISPResso_on_PDCD1	All_modifications	0.0003826230280197787	0.0002354603249352484	2.943254061690605e-05	0.0002354603249352484	0.00032375794678596656	0.00014716270308453026	8.829762185071815e-05	0.00020602778431834235	0.0002354603249352484	0.00026489286555215444	0.0005003531904874029	0.00014716270308453026	0.00029432540616906053	0.00026489286555215444	5.88650812338121e-05	0.00014716270308453026	0.00020602778431834235	0.0003826230280197787	5.88650812338121e-05	5.88650812338121e-05
_scratch_st-cdeboer-1_asfar_VLPs_results_crispresso_aggregated_spacer_miniCGBE1-SpRY_rep3_.staging_CRISPRessoPooled_on_miniCGBE1-SpRY_D1_rep3_CRISPResso_on_PDCD1	Insertions	0.0	0.0	0.0	0.0	0.0	0.0	0.0	0.0	0.0	0.0	0.0	0.0	0.0	0.0	0.0	0.0	0.0	0.0	0.0	0.0
_scratch_st-cdeboer-1_asfar_VLPs_results_crispresso_aggregated_spacer_miniCGBE1-SpRY_rep3_.staging_CRISPRessoPooled_on_miniCGBE1-SpRY_D1_rep3_CRISPResso_on_PDCD1	Insertions_Left	0.0	0.0	0.0	0.0	0.0	0.0	0.0	0.0	0.0	0.0	0.0	0.0	0.0	0.0	0.0	0.0	0.0	0.0	0.0	0.0
_scratch_st-cdeboer-1_asfar_VLPs_results_crispresso_aggregated_spacer_miniCGBE1-SpRY_rep3_.staging_CRISPRessoPooled_on_miniCGBE1-SpRY_D1_rep3_CRISPResso_on_PDCD1	Deletions	1.881290565327815e-05	0.0	0.0	0.0	0.0	0.0	0.0	0.0	0.0	0.0	0.0	0.0	0.0	0.0	0.0	0.0	0.0	0.0	0.0	0.0
_scratch_st-cdeboer-1_asfar_VLPs_results_crispresso_aggregated_spacer_miniCGBE1-SpRY_rep3_.staging_CRISPRessoPooled_on_miniCGBE1-SpRY_D1_rep3_CRISPResso_on_PDCD1	Substitutions	0.0001128774339196689	0.0001505032452262252	9.406452826639074e-05	0.0001505032452262252	0.00013169033957294705	0.00016931615087950334	3.76258113065563e-05	7.52516226131126e-05	0.0001505032452262252	0.00024456777349261594	0.0001128774339196689	0.00018812905653278148	0.0002633806791458941	0.0001128774339196689	9.406452826639074e-05	0.0001128774339196689	0.00024456777349261594	0.0003386323017590067	9.406452826639074e-05	7.52516226131126e-05
_scratch_st-cdeboer-1_asfar_VLPs_results_crispresso_aggregated_spacer_miniCGBE1-SpRY_rep3_.staging_CRISPRessoPooled_on_miniCGBE1-SpRY_D1_rep3_CRISPResso_on_PDCD1	All_modifications	0.00013169033957294705	0.0001505032452262252	9.406452826639074e-05	0.0001505032452262252	0.00013169033957294705	0.00016931615087950334	3.76258113065563e-05	7.52516226131126e-05	0.0001505032452262252	0.00024456777349261594	0.0001128774339196689	0.00018812905653278148	0.0002633806791458941	0.0001128774339196689	9.406452826639074e-05	0.0001128774339196689	0.00024456777349261594	0.0003386323017590067	9.406452826639074e-05	7.52516226131126e-05
_scratch_st-cdeboer-1_asfar_VLPs_results_crispresso_aggregated_spacer_miniCGBE1-SpRY_rep3_.staging_CRISPRessoPooled_on_miniCGBE1-SpRY_D2_rep3_CRISPResso_on_PDCD1	Insertions	0.0	0.0	0.0	0.0	0.0	0.0	0.0	0.0	0.0	0.0	0.0	0.0	0.0	0.0	0.0	0.0	0.0	0.0	0.0	0.0
_scratch_st-cdeboer-1_asfar_VLPs_results_crispresso_aggregated_spacer_miniCGBE1-SpRY_rep3_.staging_CRISPRessoPooled_on_miniCGBE1-SpRY_D2_rep3_CRISPResso_on_PDCD1	Insertions_Left	0.0	0.0	0.0	0.0	0.0	0.0	0.0	0.0	0.0	0.0	0.0	0.0	0.0	0.0	0.0	0.0	0.0	0.0	0.0	0.0
_scratch_st-cdeboer-1_asfar_VLPs_results_crispresso_aggregated_spacer_miniCGBE1-SpRY_rep3_.staging_CRISPRessoPooled_on_miniCGBE1-SpRY_D2_rep3_CRISPResso_on_PDCD1	Deletions	2.5447882736156353e-05	0.0	0.0	0.0	0.0	0.0	0.0	0.0	0.0	0.0	5.0895765472312706e-05	0.0	0.0	0.0	0.0	0.0	0.0	0.0	0.0	0.0
_scratch_st-cdeboer-1_asfar_VLPs_results_crispresso_aggregated_spacer_miniCGBE1-SpRY_rep3_.staging_CRISPRessoPooled_on_miniCGBE1-SpRY_D2_rep3_CRISPResso_on_PDCD1	Substitutions	0.0001526872964169381	0.00020358306188925082	0.0001526872964169381	2.5447882736156353e-05	0.00017813517915309446	5.0895765472312706e-05	2.5447882736156353e-05	0.0003053745928338762	0.00022903094462540716	0.00010179153094462541	0.00017813517915309446	0.00017813517915309446	0.00033082247557003256	0.00020358306188925082	5.0895765472312706e-05	5.0895765472312706e-05	0.0003817182410423453	0.0002799267100977199	0.00010179153094462541	5.0895765472312706e-05
_scratch_st-cdeboer-1_asfar_VLPs_results_crispresso_aggregated_spacer_miniCGBE1-SpRY_rep3_.staging_CRISPRessoPooled_on_miniCGBE1-SpRY_D2_rep3_CRISPResso_on_PDCD1	All_modifications	0.00017813517915309446	0.00020358306188925082	0.0001526872964169381	2.5447882736156353e-05	0.00017813517915309446	5.0895765472312706e-05	2.5447882736156353e-05	0.0003053745928338762	0.00022903094462540716	0.00010179153094462541	0.00022903094462540716	0.00017813517915309446	0.00033082247557003256	0.00020358306188925082	5.0895765472312706e-05	5.0895765472312706e-05	0.0003817182410423453	0.0002799267100977199	0.00010179153094462541	5.0895765472312706e-05
_scratch_st-cdeboer-1_asfar_VLPs_results_crispresso_aggregated_spacer_miniCGBE1-SpRY_rep3_.staging_CRISPRessoPooled_on_miniCGBE1-SpRY_D3_rep3_CRISPResso_on_PDCD1	Insertions	0.0	0.0	0.0	0.0	0.0	0.0	0.0	0.0	0.0	0.0	0.0	0.0	0.0	0.0	0.0	0.0	0.0	0.0	0.0	0.0
_scratch_st-cdeboer-1_asfar_VLPs_results_crispresso_aggregated_spacer_miniCGBE1-SpRY_rep3_.staging_CRISPRessoPooled_on_miniCGBE1-SpRY_D3_rep3_CRISPResso_on_PDCD1	Insertions_Left	0.0	0.0	0.0	0.0	0.0	0.0	0.0	0.0	0.0	0.0	0.0	0.0	0.0	0.0	0.0	0.0	0.0	0.0	0.0	0.0
_scratch_st-cdeboer-1_asfar_VLPs_results_crispresso_aggregated_spacer_miniCGBE1-SpRY_rep3_.staging_CRISPRessoPooled_on_miniCGBE1-SpRY_D3_rep3_CRISPResso_on_PDCD1	Deletions	1.0107850767691266e-05	0.0	0.0	0.0	0.0	1.0107850767691266e-05	0.0	1.0107850767691266e-05	0.0	0.0	5.053925383845633e-05	0.0	0.0	0.0	0.0	0.0	0.0	0.0	0.0	0.0
_scratch_st-cdeboer-1_asfar_VLPs_results_crispresso_aggregated_spacer_miniCGBE1-SpRY_rep3_.staging_CRISPRessoPooled_on_miniCGBE1-SpRY_D3_rep3_CRISPResso_on_PDCD1	Substitutions	0.00010107850767691266	0.00018194131381844277	0.00013140205997998645	9.097065690922139e-05	0.00024258841842459037	0.00016172561228306026	0.00013140205997998645	0.0002628041199599729	0.00019204916458613405	0.00017183346305075153	9.097065690922139e-05	0.0002122648661215166	0.0002729119707276642	0.00017183346305075153	9.097065690922139e-05	0.00012129420921229519	0.000151617761515369	0.0002324805676568991	7.075495537383886e-05	6.0647104606147594e-05
_scratch_st-cdeboer-1_asfar_VLPs_results_crispresso_aggregated_spacer_miniCGBE1-SpRY_rep3_.staging_CRISPRessoPooled_on_miniCGBE1-SpRY_D3_rep3_CRISPResso_on_PDCD1	All_modifications	0.00011118635844460393	0.00018194131381844277	0.00013140205997998645	9.097065690922139e-05	0.00024258841842459037	0.00017183346305075153	0.00013140205997998645	0.0002729119707276642	0.00019204916458613405	0.00017183346305075153	0.00014150991074767772	0.0002122648661215166	0.0002729119707276642	0.00017183346305075153	9.097065690922139e-05	0.00012129420921229519	0.000151617761515369	0.0002324805676568991	7.075495537383886e-05	6.0647104606147594e-05
_scratch_st-cdeboer-1_asfar_VLPs_results_crispresso_aggregated_spacer_miniCGBE1-SpRY_rep3_.staging_CRISPRessoPooled_on_miniCGBE1-SpRY_D4_rep3_CRISPResso_on_PDCD1	Insertions	0.0	0.0	0.0	0.0	0.0	0.0	0.0	0.0	0.0	0.0	0.0	0.0	0.0	0.0	0.0	0.0	0.0	0.0	0.0	0.0
_scratch_st-cdeboer-1_asfar_VLPs_results_crispresso_aggregated_spacer_miniCGBE1-SpRY_rep3_.staging_CRISPRessoPooled_on_miniCGBE1-SpRY_D4_rep3_CRISPResso_on_PDCD1	Insertions_Left	0.0	0.0	0.0	0.0	0.0	0.0	0.0	0.0	0.0	0.0	0.0	0.0	0.0	0.0	0.0	0.0	0.0	0.0	0.0	0.0
_scratch_st-cdeboer-1_asfar_VLPs_results_crispresso_aggregated_spacer_miniCGBE1-SpRY_rep3_.staging_CRISPRessoPooled_on_miniCGBE1-SpRY_D4_rep3_CRISPResso_on_PDCD1	Deletions	0.00011529238147943184	5.764619073971592e-05	5.764619073971592e-05	6.91754288876591e-05	8.070466703560228e-05	8.070466703560228e-05	8.070466703560228e-05	8.070466703560228e-05	8.070466703560228e-05	8.070466703560228e-05	0.00010376314333148866	5.764619073971592e-05	5.764619073971592e-05	5.764619073971592e-05	5.764619073971592e-05	5.764619073971592e-05	5.764619073971592e-05	5.764619073971592e-05	5.764619073971592e-05	5.764619073971592e-05
_scratch_st-cdeboer-1_asfar_VLPs_results_crispresso_aggregated_spacer_miniCGBE1-SpRY_rep3_.staging_CRISPRessoPooled_on_miniCGBE1-SpRY_D4_rep3_CRISPResso_on_PDCD1	Substitutions	9.223390518354546e-05	0.00012682161962737501	0.00011529238147943184	0.00011529238147943184	0.00018446781036709093	0.0001383508577753182	0.0004611695259177274	0.0003574063825862387	0.0001959970485150341	0.00014988009592326138	0.00012682161962737501	0.0002190555248109205	0.00025364323925475003	0.00014988009592326138	3.458771444382955e-05	9.223390518354546e-05	0.00014988009592326138	0.0002190555248109205	8.070466703560228e-05	0.00011529238147943184
_scratch_st-cdeboer-1_asfar_VLPs_results_crispresso_aggregated_spacer_miniCGBE1-SpRY_rep3_.staging_CRISPRessoPooled_on_miniCGBE1-SpRY_D4_rep3_CRISPResso_on_PDCD1	All_modifications	0.00020752628666297732	0.00018446781036709093	0.00017293857221914775	0.00018446781036709093	0.0002651724774026932	0.0002190555248109205	0.0005418741929533297	0.000438111049621841	0.0002767017155506364	0.0002305847629588637	0.0002305847629588637	0.0002767017155506364	0.00031128942999446594	0.00020752628666297732	9.223390518354546e-05	0.00014988009592326138	0.00020752628666297732	0.0002767017155506364	0.0001383508577753182	0.00017293857221914775
_scratch_st-cdeboer-1_asfar_VLPs_results_crispresso_aggregated_spacer_miniCGBE1-SpRY_rep3_.staging_CRISPRessoPooled_on_miniCGBE1-SpRY_D5_rep3_CRISPResso_on_PDCD1	Insertions	0.00010913966759175527	0.00010913966759175527	0.0	0.0	0.0	0.0	0.0	0.0	0.0	0.0	0.0	0.0	0.0	0.0	0.0	0.0	0.0	0.0	0.0	0.0
_scratch_st-cdeboer-1_asfar_VLPs_results_crispresso_aggregated_spacer_miniCGBE1-SpRY_rep3_.staging_CRISPRessoPooled_on_miniCGBE1-SpRY_D5_rep3_CRISPResso_on_PDCD1	Insertions_Left	0.00010913966759175527	0.0	0.0	0.0	0.0	0.0	0.0	0.0	0.0	0.0	0.0	0.0	0.0	0.0	0.0	0.0	0.0	0.0	0.0	0.0
_scratch_st-cdeboer-1_asfar_VLPs_results_crispresso_aggregated_spacer_miniCGBE1-SpRY_rep3_.staging_CRISPRessoPooled_on_miniCGBE1-SpRY_D5_rep3_CRISPResso_on_PDCD1	Deletions	1.559138108453647e-05	0.0	0.0	0.0	0.0	0.0	0.0	0.0	6.236552433814588e-05	6.236552433814588e-05	3.118276216907294e-05	0.0	0.0	0.0	0.0	0.0	0.0	1.559138108453647e-05	0.0	0.0
_scratch_st-cdeboer-1_asfar_VLPs_results_crispresso_aggregated_spacer_miniCGBE1-SpRY_rep3_.staging_CRISPRessoPooled_on_miniCGBE1-SpRY_D5_rep3_CRISPResso_on_PDCD1	Substitutions	0.00015591381084536468	0.00017150519192990116	0.00015591381084536468	0.00012473104867629175	0.00012473104867629175	0.00012473104867629175	0.0004053759081979482	0.0007172035298886776	0.0001403224297608282	0.00018709657301443762	7.795690542268234e-05	0.00018709657301443762	0.00026505347843711996	0.0002026879540989741	9.354828650721881e-05	0.00012473104867629175	0.00015591381084536468	0.0002494620973525835	0.00015591381084536468	0.00012473104867629175
_scratch_st-cdeboer-1_asfar_VLPs_results_crispresso_aggregated_spacer_miniCGBE1-SpRY_rep3_.staging_CRISPRessoPooled_on_miniCGBE1-SpRY_D5_rep3_CRISPResso_on_PDCD1	All_modifications	0.0002806448595216564	0.0002806448595216564	0.00015591381084536468	0.00012473104867629175	0.00012473104867629175	0.00012473104867629175	0.0004053759081979482	0.0007172035298886776	0.0002026879540989741	0.0002494620973525835	0.00010913966759175527	0.00018709657301443762	0.00026505347843711996	0.0002026879540989741	9.354828650721881e-05	0.00012473104867629175	0.00015591381084536468	0.00026505347843711996	0.00015591381084536468	0.00012473104867629175
