Folder	Modification	G	G	C	C	C	A	G	A	C	T	G	A	G	C	A	C	G	T	G	A
_scratch_st-cdeboer-1_asfar_VLPs_results_crispresso_aggregated_spacer_miniCGBE1-SpRY_rep2_.staging_CRISPRessoPooled_on_miniCGBE1-SpRY_D0_rep2_CRISPResso_on_HEK3	Insertions	0.0	0.0	0.0	0.0	0.0	0.0	0.0	0.0	0.0	0.0	0.0	0.0	0.0	0.0	0.0	0.0	0.0	0.0	0.0	0.0
_scratch_st-cdeboer-1_asfar_VLPs_results_crispresso_aggregated_spacer_miniCGBE1-SpRY_rep2_.staging_CRISPRessoPooled_on_miniCGBE1-SpRY_D0_rep2_CRISPResso_on_HEK3	Insertions_Left	0.0	0.0	0.0	0.0	0.0	0.0	0.0	0.0	0.0	0.0	0.0	0.0	0.0	0.0	0.0	0.0	0.0	0.0	0.0	0.0
_scratch_st-cdeboer-1_asfar_VLPs_results_crispresso_aggregated_spacer_miniCGBE1-SpRY_rep2_.staging_CRISPRessoPooled_on_miniCGBE1-SpRY_D0_rep2_CRISPResso_on_HEK3	Deletions	0.0	0.00019638648860958367	0.0	0.0	0.00019638648860958367	0.0	0.0	0.0	0.0	0.0	0.0	0.0	0.0	0.0	0.0	0.0	0.0	0.0	0.0	0.0
_scratch_st-cdeboer-1_asfar_VLPs_results_crispresso_aggregated_spacer_miniCGBE1-SpRY_rep2_.staging_CRISPRessoPooled_on_miniCGBE1-SpRY_D0_rep2_CRISPResso_on_HEK3	Substitutions	0.0	9.819324430479184e-05	9.819324430479184e-05	9.819324430479184e-05	0.0002945797329143755	0.0002945797329143755	0.0002945797329143755	0.0	0.00039277297721916735	0.0	0.0002945797329143755	9.819324430479184e-05	0.00039277297721916735	9.819324430479184e-05	9.819324430479184e-05	0.00019638648860958367	0.00039277297721916735	9.819324430479184e-05	0.00019638648860958367	0.00019638648860958367
_scratch_st-cdeboer-1_asfar_VLPs_results_crispresso_aggregated_spacer_miniCGBE1-SpRY_rep2_.staging_CRISPRessoPooled_on_miniCGBE1-SpRY_D0_rep2_CRISPResso_on_HEK3	All_modifications	0.0	0.0002945797329143755	9.819324430479184e-05	9.819324430479184e-05	0.0004909662215239591	0.0002945797329143755	0.0002945797329143755	0.0	0.00039277297721916735	0.0	0.0002945797329143755	9.819324430479184e-05	0.00039277297721916735	9.819324430479184e-05	9.819324430479184e-05	0.00019638648860958367	0.00039277297721916735	9.819324430479184e-05	0.00019638648860958367	0.00019638648860958367
_scratch_st-cdeboer-1_asfar_VLPs_results_crispresso_aggregated_spacer_miniCGBE1-SpRY_rep2_.staging_CRISPRessoPooled_on_miniCGBE1-SpRY_D1_rep2_CRISPResso_on_HEK3	Insertions	0.0	0.0	0.0	0.0	0.0	0.0	0.0	0.0	0.0	0.0	0.0	0.0	0.0	0.0	0.0	0.0	0.0	0.0	0.0	0.0
_scratch_st-cdeboer-1_asfar_VLPs_results_crispresso_aggregated_spacer_miniCGBE1-SpRY_rep2_.staging_CRISPRessoPooled_on_miniCGBE1-SpRY_D1_rep2_CRISPResso_on_HEK3	Insertions_Left	0.0	0.0	0.0	0.0	0.0	0.0	0.0	0.0	0.0	0.0	0.0	0.0	0.0	0.0	0.0	0.0	0.0	0.0	0.0	0.0
_scratch_st-cdeboer-1_asfar_VLPs_results_crispresso_aggregated_spacer_miniCGBE1-SpRY_rep2_.staging_CRISPRessoPooled_on_miniCGBE1-SpRY_D1_rep2_CRISPResso_on_HEK3	Deletions	0.0	0.0	0.0	0.0	0.00012498437695288088	0.0	0.0	0.0	0.0	0.0	0.0	0.0	0.0	0.0	0.0	0.0	0.0	0.0	0.0	0.0
_scratch_st-cdeboer-1_asfar_VLPs_results_crispresso_aggregated_spacer_miniCGBE1-SpRY_rep2_.staging_CRISPRessoPooled_on_miniCGBE1-SpRY_D1_rep2_CRISPResso_on_HEK3	Substitutions	0.00024996875390576176	0.0	0.0	0.0	0.0	0.0	0.00024996875390576176	0.00024996875390576176	0.0	0.00012498437695288088	0.00024996875390576176	0.00024996875390576176	0.00024996875390576176	0.00012498437695288088	0.00024996875390576176	0.0	0.00012498437695288088	0.0	0.0	0.0
_scratch_st-cdeboer-1_asfar_VLPs_results_crispresso_aggregated_spacer_miniCGBE1-SpRY_rep2_.staging_CRISPRessoPooled_on_miniCGBE1-SpRY_D1_rep2_CRISPResso_on_HEK3	All_modifications	0.00024996875390576176	0.0	0.0	0.0	0.00012498437695288088	0.0	0.00024996875390576176	0.00024996875390576176	0.0	0.00012498437695288088	0.00024996875390576176	0.00024996875390576176	0.00024996875390576176	0.00012498437695288088	0.00024996875390576176	0.0	0.00012498437695288088	0.0	0.0	0.0
_scratch_st-cdeboer-1_asfar_VLPs_results_crispresso_aggregated_spacer_miniCGBE1-SpRY_rep2_.staging_CRISPRessoPooled_on_miniCGBE1-SpRY_D2_rep2_CRISPResso_on_HEK3	Insertions	0.0	0.0	0.0	0.0	0.0	0.0	0.0	0.0	0.0	0.0	0.0	0.0	0.0	0.0	0.0	0.0	0.0	0.0	0.0	0.0
_scratch_st-cdeboer-1_asfar_VLPs_results_crispresso_aggregated_spacer_miniCGBE1-SpRY_rep2_.staging_CRISPRessoPooled_on_miniCGBE1-SpRY_D2_rep2_CRISPResso_on_HEK3	Insertions_Left	0.0	0.0	0.0	0.0	0.0	0.0	0.0	0.0	0.0	0.0	0.0	0.0	0.0	0.0	0.0	0.0	0.0	0.0	0.0	0.0
_scratch_st-cdeboer-1_asfar_VLPs_results_crispresso_aggregated_spacer_miniCGBE1-SpRY_rep2_.staging_CRISPRessoPooled_on_miniCGBE1-SpRY_D2_rep2_CRISPResso_on_HEK3	Deletions	0.0	7.23222680263253e-05	0.0	0.0	0.0	0.0	0.0	0.0	0.0	0.0	0.0	0.0	0.0	0.0	0.0	0.0	0.0	0.0	0.0	0.0
_scratch_st-cdeboer-1_asfar_VLPs_results_crispresso_aggregated_spacer_miniCGBE1-SpRY_rep2_.staging_CRISPRessoPooled_on_miniCGBE1-SpRY_D2_rep2_CRISPResso_on_HEK3	Substitutions	0.0001446445360526506	0.0001446445360526506	7.23222680263253e-05	0.0	0.00036161134013162655	7.23222680263253e-05	7.23222680263253e-05	0.0001446445360526506	0.0	0.0001446445360526506	7.23222680263253e-05	0.0001446445360526506	7.23222680263253e-05	0.0001446445360526506	0.00021696680407897592	0.0001446445360526506	7.23222680263253e-05	0.0001446445360526506	0.00021696680407897592	0.0001446445360526506
_scratch_st-cdeboer-1_asfar_VLPs_results_crispresso_aggregated_spacer_miniCGBE1-SpRY_rep2_.staging_CRISPRessoPooled_on_miniCGBE1-SpRY_D2_rep2_CRISPResso_on_HEK3	All_modifications	0.0001446445360526506	0.00021696680407897592	7.23222680263253e-05	0.0	0.00036161134013162655	7.23222680263253e-05	7.23222680263253e-05	0.0001446445360526506	0.0	0.0001446445360526506	7.23222680263253e-05	0.0001446445360526506	7.23222680263253e-05	0.0001446445360526506	0.00021696680407897592	0.0001446445360526506	7.23222680263253e-05	0.0001446445360526506	0.00021696680407897592	0.0001446445360526506
_scratch_st-cdeboer-1_asfar_VLPs_results_crispresso_aggregated_spacer_miniCGBE1-SpRY_rep2_.staging_CRISPRessoPooled_on_miniCGBE1-SpRY_D3_rep2_CRISPResso_on_HEK3	Insertions	0.0	0.0	0.0	0.0	0.0	0.0	0.0	0.0	0.0	4.275879762261085e-05	4.275879762261085e-05	0.0	0.0	0.0	0.0	0.0	0.0	0.0	0.0	0.0
_scratch_st-cdeboer-1_asfar_VLPs_results_crispresso_aggregated_spacer_miniCGBE1-SpRY_rep2_.staging_CRISPRessoPooled_on_miniCGBE1-SpRY_D3_rep2_CRISPResso_on_HEK3	Insertions_Left	0.0	0.0	0.0	0.0	0.0	0.0	0.0	0.0	0.0	4.275879762261085e-05	0.0	0.0	0.0	0.0	0.0	0.0	0.0	0.0	0.0	0.0
_scratch_st-cdeboer-1_asfar_VLPs_results_crispresso_aggregated_spacer_miniCGBE1-SpRY_rep2_.staging_CRISPRessoPooled_on_miniCGBE1-SpRY_D3_rep2_CRISPResso_on_HEK3	Deletions	0.0	0.00012827639286783256	4.275879762261085e-05	4.275879762261085e-05	4.275879762261085e-05	4.275879762261085e-05	4.275879762261085e-05	4.275879762261085e-05	4.275879762261085e-05	4.275879762261085e-05	4.275879762261085e-05	4.275879762261085e-05	4.275879762261085e-05	4.275879762261085e-05	4.275879762261085e-05	4.275879762261085e-05	4.275879762261085e-05	4.275879762261085e-05	4.275879762261085e-05	0.0
_scratch_st-cdeboer-1_asfar_VLPs_results_crispresso_aggregated_spacer_miniCGBE1-SpRY_rep2_.staging_CRISPRessoPooled_on_miniCGBE1-SpRY_D3_rep2_CRISPResso_on_HEK3	Substitutions	0.0001710351904904434	0.00012827639286783256	0.0	0.0007696583572069953	0.001710351904904434	4.275879762261085e-05	0.0002565527857356651	0.00021379398811305426	4.275879762261085e-05	4.275879762261085e-05	0.00038482917860349766	0.0002565527857356651	0.00012827639286783256	0.0	4.275879762261085e-05	0.00012827639286783256	0.0001710351904904434	8.55175952452217e-05	0.0	0.000299311583358276
_scratch_st-cdeboer-1_asfar_VLPs_results_crispresso_aggregated_spacer_miniCGBE1-SpRY_rep2_.staging_CRISPRessoPooled_on_miniCGBE1-SpRY_D3_rep2_CRISPResso_on_HEK3	All_modifications	0.0001710351904904434	0.0002565527857356651	4.275879762261085e-05	0.0008124171548296062	0.001753110702527045	8.55175952452217e-05	0.000299311583358276	0.0002565527857356651	8.55175952452217e-05	0.00012827639286783256	0.0004703467738487194	0.000299311583358276	0.0001710351904904434	4.275879762261085e-05	8.55175952452217e-05	0.0001710351904904434	0.00021379398811305426	0.00012827639286783256	4.275879762261085e-05	0.000299311583358276
_scratch_st-cdeboer-1_asfar_VLPs_results_crispresso_aggregated_spacer_miniCGBE1-SpRY_rep2_.staging_CRISPRessoPooled_on_miniCGBE1-SpRY_D4_rep2_CRISPResso_on_HEK3	Insertions	0.0	0.0	0.0	0.0	6.49434991557345e-05	6.49434991557345e-05	0.0	0.0	0.0	0.0	0.0	0.0	0.0	0.0	0.0	0.0	0.0	0.0	0.0	0.0
_scratch_st-cdeboer-1_asfar_VLPs_results_crispresso_aggregated_spacer_miniCGBE1-SpRY_rep2_.staging_CRISPRessoPooled_on_miniCGBE1-SpRY_D4_rep2_CRISPResso_on_HEK3	Insertions_Left	0.0	0.0	0.0	0.0	6.49434991557345e-05	0.0	0.0	0.0	0.0	0.0	0.0	0.0	0.0	0.0	0.0	0.0	0.0	0.0	0.0	0.0
_scratch_st-cdeboer-1_asfar_VLPs_results_crispresso_aggregated_spacer_miniCGBE1-SpRY_rep2_.staging_CRISPRessoPooled_on_miniCGBE1-SpRY_D4_rep2_CRISPResso_on_HEK3	Deletions	0.0	0.0	0.0	0.0	0.0006494349915573451	6.49434991557345e-05	0.000129886998311469	0.000129886998311469	0.00019483049746720353	0.000129886998311469	0.000129886998311469	0.000129886998311469	6.49434991557345e-05	6.49434991557345e-05	6.49434991557345e-05	6.49434991557345e-05	0.0	0.0	0.0	0.0
_scratch_st-cdeboer-1_asfar_VLPs_results_crispresso_aggregated_spacer_miniCGBE1-SpRY_rep2_.staging_CRISPRessoPooled_on_miniCGBE1-SpRY_D4_rep2_CRISPResso_on_HEK3	Substitutions	0.0	0.000259773996622938	0.00032471749577867254	0.0009741524873360176	0.00201324847382777	0.0004546044940901416	0.00038966099493440706	0.000129886998311469	0.000259773996622938	0.00019483049746720353	0.00019483049746720353	0.000259773996622938	0.000129886998311469	6.49434991557345e-05	0.000129886998311469	6.49434991557345e-05	0.000259773996622938	0.00038966099493440706	6.49434991557345e-05	0.00019483049746720353
_scratch_st-cdeboer-1_asfar_VLPs_results_crispresso_aggregated_spacer_miniCGBE1-SpRY_rep2_.staging_CRISPRessoPooled_on_miniCGBE1-SpRY_D4_rep2_CRISPResso_on_HEK3	All_modifications	0.0	0.000259773996622938	0.00032471749577867254	0.0009741524873360176	0.0027276269645408495	0.0005844914924016106	0.000519547993245876	0.000259773996622938	0.0004546044940901416	0.00032471749577867254	0.00032471749577867254	0.00038966099493440706	0.00019483049746720353	0.000129886998311469	0.00019483049746720353	0.000129886998311469	0.000259773996622938	0.00038966099493440706	6.49434991557345e-05	0.00019483049746720353
_scratch_st-cdeboer-1_asfar_VLPs_results_crispresso_aggregated_spacer_miniCGBE1-SpRY_rep2_.staging_CRISPRessoPooled_on_miniCGBE1-SpRY_D5_rep2_CRISPResso_on_HEK3	Insertions	0.0	0.0	0.0	0.0	0.0	0.0	0.0	0.0	0.0	3.092911047878263e-05	3.092911047878263e-05	0.0	0.0	0.0	0.0	0.0	0.0	0.0	0.0	0.0
_scratch_st-cdeboer-1_asfar_VLPs_results_crispresso_aggregated_spacer_miniCGBE1-SpRY_rep2_.staging_CRISPRessoPooled_on_miniCGBE1-SpRY_D5_rep2_CRISPResso_on_HEK3	Insertions_Left	0.0	0.0	0.0	0.0	0.0	0.0	0.0	0.0	0.0	3.092911047878263e-05	0.0	0.0	0.0	0.0	0.0	0.0	0.0	0.0	0.0	0.0
_scratch_st-cdeboer-1_asfar_VLPs_results_crispresso_aggregated_spacer_miniCGBE1-SpRY_rep2_.staging_CRISPRessoPooled_on_miniCGBE1-SpRY_D5_rep2_CRISPResso_on_HEK3	Deletions	0.0	3.092911047878263e-05	0.0	0.0	0.0	0.0	0.0	0.0	0.0	0.0	0.0	0.0	3.092911047878263e-05	3.092911047878263e-05	0.0	0.0	0.0	0.0	0.0	0.0
_scratch_st-cdeboer-1_asfar_VLPs_results_crispresso_aggregated_spacer_miniCGBE1-SpRY_rep2_.staging_CRISPRessoPooled_on_miniCGBE1-SpRY_D5_rep2_CRISPResso_on_HEK3	Substitutions	0.00015464555239391316	0.0001855746628726958	6.185822095756526e-05	0.00043300754670295684	0.00117530619819374	9.27873314363479e-05	9.27873314363479e-05	0.00021650377335147842	6.185822095756526e-05	3.092911047878263e-05	0.0001855746628726958	0.00012371644191513053	6.185822095756526e-05	3.092911047878263e-05	3.092911047878263e-05	9.27873314363479e-05	0.00027836199430904366	0.00015464555239391316	0.00015464555239391316	0.00012371644191513053
_scratch_st-cdeboer-1_asfar_VLPs_results_crispresso_aggregated_spacer_miniCGBE1-SpRY_rep2_.staging_CRISPRessoPooled_on_miniCGBE1-SpRY_D5_rep2_CRISPResso_on_HEK3	All_modifications	0.00015464555239391316	0.00021650377335147842	6.185822095756526e-05	0.00043300754670295684	0.00117530619819374	9.27873314363479e-05	9.27873314363479e-05	0.00021650377335147842	6.185822095756526e-05	6.185822095756526e-05	0.00021650377335147842	0.00012371644191513053	9.27873314363479e-05	6.185822095756526e-05	3.092911047878263e-05	9.27873314363479e-05	0.00027836199430904366	0.00015464555239391316	0.00015464555239391316	0.00012371644191513053
