Folder	Modification	G	G	A	G	G	C	T	A	T	C	C	A	G	C	G	T	G	A	G	T
_scratch_st-cdeboer-1_asfar_VLPs_results_crispresso_aggregated_spacer_miniCGBE1-SpRY_rep1_.staging_CRISPRessoPooled_on_miniCGBE1-SpRY_D0_rep1_CRISPResso_on_B2M	Insertions	0.0	0.0	0.0	0.0	0.0	0.0	0.0	0.0	0.0	0.0	0.0	0.0	0.0	0.0	0.0	0.0	0.0	0.0	0.0	0.0
_scratch_st-cdeboer-1_asfar_VLPs_results_crispresso_aggregated_spacer_miniCGBE1-SpRY_rep1_.staging_CRISPRessoPooled_on_miniCGBE1-SpRY_D0_rep1_CRISPResso_on_B2M	Insertions_Left	0.0	0.0	0.0	0.0	0.0	0.0	0.0	0.0	0.0	0.0	0.0	0.0	0.0	0.0	0.0	0.0	0.0	0.0	0.0	0.0
_scratch_st-cdeboer-1_asfar_VLPs_results_crispresso_aggregated_spacer_miniCGBE1-SpRY_rep1_.staging_CRISPRessoPooled_on_miniCGBE1-SpRY_D0_rep1_CRISPResso_on_B2M	Deletions	0.0	7.02284179293151e-05	0.0	0.0	0.0	0.0	0.0	0.0	0.0	0.0	0.0	0.0	0.0	0.0	0.0	0.0	0.0	0.0	0.0	0.0
_scratch_st-cdeboer-1_asfar_VLPs_results_crispresso_aggregated_spacer_miniCGBE1-SpRY_rep1_.staging_CRISPRessoPooled_on_miniCGBE1-SpRY_D0_rep1_CRISPResso_on_B2M	Substitutions	0.0002809136717172604	0.0003335849851642467	0.00017557104482328773	0.0002633565672349316	0.00010534262689397264	0.00010534262689397264	0.00021068525378794528	0.00021068525378794528	0.00021068525378794528	8.778552241164387e-05	0.00012289973137630142	0.00024579946275260283	0.00015801394034095897	0.00022824235827027407	0.00012289973137630142	0.00015801394034095897	0.00024579946275260283	0.00017557104482328773	0.0002633565672349316	0.0003335849851642467
_scratch_st-cdeboer-1_asfar_VLPs_results_crispresso_aggregated_spacer_miniCGBE1-SpRY_rep1_.staging_CRISPRessoPooled_on_miniCGBE1-SpRY_D0_rep1_CRISPResso_on_B2M	All_modifications	0.0002809136717172604	0.00040381340309356183	0.00017557104482328773	0.0002633565672349316	0.00010534262689397264	0.00010534262689397264	0.00021068525378794528	0.00021068525378794528	0.00021068525378794528	8.778552241164387e-05	0.00012289973137630142	0.00024579946275260283	0.00015801394034095897	0.00022824235827027407	0.00012289973137630142	0.00015801394034095897	0.00024579946275260283	0.00017557104482328773	0.0002633565672349316	0.0003335849851642467
_scratch_st-cdeboer-1_asfar_VLPs_results_crispresso_aggregated_spacer_miniCGBE1-SpRY_rep1_.staging_CRISPRessoPooled_on_miniCGBE1-SpRY_D1_rep1_CRISPResso_on_B2M	Insertions	0.0	0.0	0.0	0.0	0.0	0.0	0.0	0.0	0.0	0.0	0.0	0.0	0.0	0.0	0.0	0.0	0.0	0.0	0.0	0.0
_scratch_st-cdeboer-1_asfar_VLPs_results_crispresso_aggregated_spacer_miniCGBE1-SpRY_rep1_.staging_CRISPRessoPooled_on_miniCGBE1-SpRY_D1_rep1_CRISPResso_on_B2M	Insertions_Left	0.0	0.0	0.0	0.0	0.0	0.0	0.0	0.0	0.0	0.0	0.0	0.0	0.0	0.0	0.0	0.0	0.0	0.0	0.0	0.0
_scratch_st-cdeboer-1_asfar_VLPs_results_crispresso_aggregated_spacer_miniCGBE1-SpRY_rep1_.staging_CRISPRessoPooled_on_miniCGBE1-SpRY_D1_rep1_CRISPResso_on_B2M	Deletions	0.0	9.372071227741331e-05	9.37207122774133e-06	0.0	0.0	0.0	0.0	0.0	0.0	0.0	0.0	0.0	0.0	0.0	0.0	0.0	0.0	0.0	0.0	0.0
_scratch_st-cdeboer-1_asfar_VLPs_results_crispresso_aggregated_spacer_miniCGBE1-SpRY_rep1_.staging_CRISPRessoPooled_on_miniCGBE1-SpRY_D1_rep1_CRISPResso_on_B2M	Substitutions	0.0003092783505154639	0.0007497656982193065	0.00037488284910965324	0.0003280224929709466	0.00016869728209934395	0.00018744142455482662	0.00031865042174320527	0.00014995313964386129	0.0004123711340206186	0.00019681349578256794	0.0002061855670103093	0.00038425492033739456	0.0002061855670103093	0.0003280224929709466	0.0005716963448922211	0.00019681349578256794	0.0006373008434864105	0.0003280224929709466	0.00031865042174320527	0.0003280224929709466
_scratch_st-cdeboer-1_asfar_VLPs_results_crispresso_aggregated_spacer_miniCGBE1-SpRY_rep1_.staging_CRISPRessoPooled_on_miniCGBE1-SpRY_D1_rep1_CRISPResso_on_B2M	All_modifications	0.0003092783505154639	0.0008434864104967198	0.00038425492033739456	0.0003280224929709466	0.00016869728209934395	0.00018744142455482662	0.00031865042174320527	0.00014995313964386129	0.0004123711340206186	0.00019681349578256794	0.0002061855670103093	0.00038425492033739456	0.0002061855670103093	0.0003280224929709466	0.0005716963448922211	0.00019681349578256794	0.0006373008434864105	0.0003280224929709466	0.00031865042174320527	0.0003280224929709466
_scratch_st-cdeboer-1_asfar_VLPs_results_crispresso_aggregated_spacer_miniCGBE1-SpRY_rep1_.staging_CRISPRessoPooled_on_miniCGBE1-SpRY_D2_rep1_CRISPResso_on_B2M	Insertions	0.0	0.0	0.0	0.0	0.0	0.0	0.0	0.0	0.0	3.4557832532743545e-05	3.4557832532743545e-05	0.0	0.0	0.0	0.0	0.0	0.0	0.0	0.0	0.0
_scratch_st-cdeboer-1_asfar_VLPs_results_crispresso_aggregated_spacer_miniCGBE1-SpRY_rep1_.staging_CRISPRessoPooled_on_miniCGBE1-SpRY_D2_rep1_CRISPResso_on_B2M	Insertions_Left	0.0	0.0	0.0	0.0	0.0	0.0	0.0	0.0	0.0	3.4557832532743545e-05	0.0	0.0	0.0	0.0	0.0	0.0	0.0	0.0	0.0	0.0
_scratch_st-cdeboer-1_asfar_VLPs_results_crispresso_aggregated_spacer_miniCGBE1-SpRY_rep1_.staging_CRISPRessoPooled_on_miniCGBE1-SpRY_D2_rep1_CRISPResso_on_B2M	Deletions	0.00010367349759823064	0.00013823133013097418	0.00010367349759823064	0.00010367349759823064	0.00010367349759823064	0.00010367349759823064	0.00010367349759823064	0.00017278916266371774	0.00017278916266371774	0.00017278916266371774	0.0001900680789300895	0.00017278916266371774	0.00017278916266371774	0.00017278916266371774	0.00017278916266371774	0.00010367349759823064	0.00010367349759823064	0.00010367349759823064	0.00010367349759823064	0.00010367349759823064
_scratch_st-cdeboer-1_asfar_VLPs_results_crispresso_aggregated_spacer_miniCGBE1-SpRY_rep1_.staging_CRISPRessoPooled_on_miniCGBE1-SpRY_D2_rep1_CRISPResso_on_B2M	Substitutions	0.0003455783253274355	0.00046653073919203787	0.00015551024639734595	0.0002591837439955766	0.00012095241386460241	0.00012095241386460241	0.00027646266026194836	0.00015551024639734595	0.0003110204927946919	8.639458133185887e-05	0.00012095241386460241	0.0002591837439955766	0.00017278916266371774	0.00027646266026194836	0.0016242181290389466	0.00024190482772920482	0.0013304765525106266	0.0001900680789300895	0.00027646266026194836	0.0003974150741265508
_scratch_st-cdeboer-1_asfar_VLPs_results_crispresso_aggregated_spacer_miniCGBE1-SpRY_rep1_.staging_CRISPRessoPooled_on_miniCGBE1-SpRY_D2_rep1_CRISPResso_on_B2M	All_modifications	0.0004492518229256661	0.0006047620693230121	0.0002591837439955766	0.00036285724159380726	0.00022462591146283305	0.00022462591146283305	0.000380136157860179	0.00032829940906106366	0.00048380965545840964	0.0002937415765283201	0.0003455783253274355	0.00043197290665929433	0.0003455783253274355	0.0004492518229256661	0.0017970072917026644	0.0003455783253274355	0.001434150050108857	0.0002937415765283201	0.000380136157860179	0.0005010885717247815
_scratch_st-cdeboer-1_asfar_VLPs_results_crispresso_aggregated_spacer_miniCGBE1-SpRY_rep1_.staging_CRISPRessoPooled_on_miniCGBE1-SpRY_D3_rep1_CRISPResso_on_B2M	Insertions	0.0	0.0	0.0	0.0	0.0	0.0	0.00010327111248805928	0.00010327111248805928	0.0	0.000567991118684326	0.000567991118684326	0.0	0.0	0.0	0.0	0.0	0.0	0.0	0.0	0.0
_scratch_st-cdeboer-1_asfar_VLPs_results_crispresso_aggregated_spacer_miniCGBE1-SpRY_rep1_.staging_CRISPRessoPooled_on_miniCGBE1-SpRY_D3_rep1_CRISPResso_on_B2M	Insertions_Left	0.0	0.0	0.0	0.0	0.0	0.0	0.00010327111248805928	0.0	0.0	0.000567991118684326	0.0	0.0	0.0	0.0	0.0	0.0	0.0	0.0	0.0	0.0
_scratch_st-cdeboer-1_asfar_VLPs_results_crispresso_aggregated_spacer_miniCGBE1-SpRY_rep1_.staging_CRISPRessoPooled_on_miniCGBE1-SpRY_D3_rep1_CRISPResso_on_B2M	Deletions	7.745333436604446e-05	0.0001290888906100741	7.745333436604446e-05	7.745333436604446e-05	0.0008003511217824594	0.0008003511217824594	0.0008003511217824594	0.0008003511217824594	0.0008003511217824594	0.0008003511217824594	0.000851986678026489	0.0008003511217824594	0.0008003511217824594	0.0008003511217824594	0.0008003511217824594	0.0008003511217824594	0.0008261688999044742	0.0008003511217824594	0.0008003511217824594	7.745333436604446e-05
_scratch_st-cdeboer-1_asfar_VLPs_results_crispresso_aggregated_spacer_miniCGBE1-SpRY_rep1_.staging_CRISPRessoPooled_on_miniCGBE1-SpRY_D3_rep1_CRISPResso_on_B2M	Substitutions	0.0003614488937082075	0.0006712622311723853	0.00020654222497611856	0.000283995559342163	0.00018072444685410374	7.745333436604446e-05	0.0003614488937082075	0.00023236000309813338	0.0003872666718302223	0.00023236000309813338	0.0001290888906100741	0.000283995559342163	0.00010327111248805928	7.745333436604446e-05	0.0033821289339839413	0.00020654222497611856	0.003562853380838045	0.00015490666873208892	0.0003872666718302223	0.0003872666718302223
_scratch_st-cdeboer-1_asfar_VLPs_results_crispresso_aggregated_spacer_miniCGBE1-SpRY_rep1_.staging_CRISPRessoPooled_on_miniCGBE1-SpRY_D3_rep1_CRISPResso_on_B2M	All_modifications	0.00043890222807425194	0.0008003511217824594	0.000283995559342163	0.0003614488937082075	0.000981075568636563	0.0008778044561485039	0.0012650711279787261	0.001135982237368652	0.0011876177936126816	0.0016007022435649187	0.0015490666873208892	0.0010843466811246223	0.0009036222342705186	0.0008778044561485039	0.004182480055766401	0.001006893346758578	0.004389022280742519	0.0009552577905145483	0.0011876177936126816	0.00046472000619626676
_scratch_st-cdeboer-1_asfar_VLPs_results_crispresso_aggregated_spacer_miniCGBE1-SpRY_rep1_.staging_CRISPRessoPooled_on_miniCGBE1-SpRY_D4_rep1_CRISPResso_on_B2M	Insertions	0.0	0.0	0.0	0.0	0.00023548408800376774	0.00023548408800376774	0.00010092175200161475	0.00030276525600484426	0.0002018435040032295	0.0006559913880104959	0.0006559913880104959	0.0	0.0	1.6820292000269123e-05	1.6820292000269123e-05	6.728116800107649e-05	6.728116800107649e-05	0.0	0.0	0.0
_scratch_st-cdeboer-1_asfar_VLPs_results_crispresso_aggregated_spacer_miniCGBE1-SpRY_rep1_.staging_CRISPRessoPooled_on_miniCGBE1-SpRY_D4_rep1_CRISPResso_on_B2M	Insertions_Left	0.0	0.0	0.0	0.0	0.00023548408800376774	0.0	0.00010092175200161475	0.0002018435040032295	0.0	0.0006559913880104959	0.0	0.0	0.0	1.6820292000269123e-05	0.0	6.728116800107649e-05	0.0	0.0	0.0	0.0
_scratch_st-cdeboer-1_asfar_VLPs_results_crispresso_aggregated_spacer_miniCGBE1-SpRY_rep1_.staging_CRISPRessoPooled_on_miniCGBE1-SpRY_D4_rep1_CRISPResso_on_B2M	Deletions	0.00016820292000269124	0.00018502321200296036	0.00021866379600349862	0.00021866379600349862	0.00035322613200565163	0.00035322613200565163	0.000403687008006459	0.0005046087600080738	0.0005046087600080738	0.0005046087600080738	0.0008410146000134562	0.0007569131400121106	0.0007569131400121106	0.0005887102200094193	0.0006896319720110341	0.0006391710960102267	0.0006391710960102267	0.0005046087600080738	0.0005046087600080738	0.0005046087600080738
_scratch_st-cdeboer-1_asfar_VLPs_results_crispresso_aggregated_spacer_miniCGBE1-SpRY_rep1_.staging_CRISPRessoPooled_on_miniCGBE1-SpRY_D4_rep1_CRISPResso_on_B2M	Substitutions	0.0002859449640045751	0.0004877884680078046	0.0002018435040032295	0.00047096817600753547	5.0460876000807376e-05	0.0008914754760142636	0.0004205073000067281	0.00011774204400188387	0.0005214290520083428	0.00018502321200296036	0.00011774204400188387	0.00015138262800242213	0.00035322613200565163	0.00016820292000269124	0.011992868196191886	0.00026912467200430597	0.01708941667227343	0.0006391710960102267	0.00031958554800511334	0.0003700464240059207
_scratch_st-cdeboer-1_asfar_VLPs_results_crispresso_aggregated_spacer_miniCGBE1-SpRY_rep1_.staging_CRISPRessoPooled_on_miniCGBE1-SpRY_D4_rep1_CRISPResso_on_B2M	All_modifications	0.0004541478840072664	0.000672811680010765	0.0004205073000067281	0.0006896319720110341	0.0006391710960102267	0.0014801856960236829	0.0009251160600148019	0.0009251160600148019	0.0012278813160196461	0.00134562336002153	0.001614748032025836	0.0009082957680145328	0.0011101392720177623	0.0007737334320123797	0.01269932046020319	0.0009755769360156092	0.017795868936284733	0.0011437798560183004	0.0008241943080131871	0.0008746551840139945
_scratch_st-cdeboer-1_asfar_VLPs_results_crispresso_aggregated_spacer_miniCGBE1-SpRY_rep1_.staging_CRISPRessoPooled_on_miniCGBE1-SpRY_D5_rep1_CRISPResso_on_B2M	Insertions	0.0	0.0	0.0	0.0	7.811802517632354e-05	7.811802517632354e-05	0.00013391661458798322	0.00013391661458798322	5.5798589411659674e-05	0.0005356664583519329	0.0004798678689402732	0.0	1.1159717882331935e-05	8.927774305865548e-05	7.811802517632354e-05	0.00018971520399964288	0.00018971520399964288	0.0	0.0	0.0
_scratch_st-cdeboer-1_asfar_VLPs_results_crispresso_aggregated_spacer_miniCGBE1-SpRY_rep1_.staging_CRISPRessoPooled_on_miniCGBE1-SpRY_D5_rep1_CRISPResso_on_B2M	Insertions_Left	0.0	0.0	0.0	0.0	7.811802517632354e-05	0.0	0.00013391661458798322	0.0	5.5798589411659674e-05	0.0004798678689402732	0.0	0.0	1.1159717882331935e-05	7.811802517632354e-05	0.0	0.00018971520399964288	0.0	0.0	0.0	0.0
_scratch_st-cdeboer-1_asfar_VLPs_results_crispresso_aggregated_spacer_miniCGBE1-SpRY_rep1_.staging_CRISPRessoPooled_on_miniCGBE1-SpRY_D5_rep1_CRISPResso_on_B2M	Deletions	0.00043522899741094546	0.0004463887152932774	0.0004463887152932774	0.0005245067404696009	0.0008592982769395589	0.0009597357378805463	0.0009039371484688867	0.0007811802517632354	0.0008704579948218909	0.0008592982769395589	0.0011271315061155253	0.0010155343272922062	0.0010155343272922062	0.0007588608159985715	0.0009485760199982145	0.0009485760199982145	0.0009485760199982145	0.0005803053298812606	0.0005468261762342649	0.00033479153646995806
_scratch_st-cdeboer-1_asfar_VLPs_results_crispresso_aggregated_spacer_miniCGBE1-SpRY_rep1_.staging_CRISPRessoPooled_on_miniCGBE1-SpRY_D5_rep1_CRISPResso_on_B2M	Substitutions	0.00021203463976430677	0.0007923399696455674	0.00033479153646995806	0.00021203463976430677	0.00015623605035264707	0.00021203463976430677	0.0003571109722346219	0.0003905901258816177	0.0006584233550575841	0.00013391661458798322	0.0002231943576466387	0.00032363181858762613	0.00013391661458798322	0.00026783322917596643	0.006773948754575485	0.00023435407552897062	0.010925363806802963	0.0003013123828229622	0.0003571109722346219	0.00034595125435229
_scratch_st-cdeboer-1_asfar_VLPs_results_crispresso_aggregated_spacer_miniCGBE1-SpRY_rep1_.staging_CRISPRessoPooled_on_miniCGBE1-SpRY_D5_rep1_CRISPResso_on_B2M	All_modifications	0.0006472636371752523	0.0012387286849388447	0.0007811802517632354	0.0007365413802339077	0.0010936523524685297	0.0012498884028211766	0.0013949647352914918	0.0013056869922328364	0.0015846799392911348	0.001528881349879475	0.0018301937327024373	0.0013391661458798322	0.0011606106597625212	0.0011159717882331934	0.007800642799750022	0.001372645299526828	0.012063655030800821	0.0008816177127042228	0.0009039371484688867	0.000680742790822248
