Folder	Modification	G	G	A	G	G	C	T	A	T	C	C	A	G	C	G	T	G	A	G	T
_scratch_st-cdeboer-1_asfar_VLPs_results_crispresso_aggregated_spacer_SPACE-DeltaUGI_rep1_.staging_CRISPRessoPooled_on_SPACE-DeltaUGI_D1_rep1_CRISPResso_on_B2M	Insertions	0.0	0.0	0.0	0.0	0.0	0.0	0.0	0.0	0.0	0.0	0.0	0.0	0.0	0.0	0.0	0.0	0.0	0.0	0.0	0.0
_scratch_st-cdeboer-1_asfar_VLPs_results_crispresso_aggregated_spacer_SPACE-DeltaUGI_rep1_.staging_CRISPRessoPooled_on_SPACE-DeltaUGI_D1_rep1_CRISPResso_on_B2M	Insertions_Left	0.0	0.0	0.0	0.0	0.0	0.0	0.0	0.0	0.0	0.0	0.0	0.0	0.0	0.0	0.0	0.0	0.0	0.0	0.0	0.0
_scratch_st-cdeboer-1_asfar_VLPs_results_crispresso_aggregated_spacer_SPACE-DeltaUGI_rep1_.staging_CRISPRessoPooled_on_SPACE-DeltaUGI_D1_rep1_CRISPResso_on_B2M	Deletions	1.287730503760173e-05	2.575461007520346e-05	2.575461007520346e-05	1.287730503760173e-05	1.287730503760173e-05	1.287730503760173e-05	1.287730503760173e-05	1.287730503760173e-05	1.287730503760173e-05	1.287730503760173e-05	2.575461007520346e-05	1.287730503760173e-05	1.287730503760173e-05	1.287730503760173e-05	1.287730503760173e-05	1.287730503760173e-05	1.287730503760173e-05	1.287730503760173e-05	1.287730503760173e-05	1.287730503760173e-05
_scratch_st-cdeboer-1_asfar_VLPs_results_crispresso_aggregated_spacer_SPACE-DeltaUGI_rep1_.staging_CRISPRessoPooled_on_SPACE-DeltaUGI_D1_rep1_CRISPResso_on_B2M	Substitutions	0.0003863191511280519	0.0006953744720304935	0.00028330071082723806	0.0002961780158648398	0.00012877305037601732	6.438652518800866e-05	0.0003863191511280519	0.00020603688060162769	0.0004249510662408571	0.00020603688060162769	0.0001674049654888225	0.0002704234057896363	0.0002446687957144329	0.00021891418563922942	0.00023179149067683116	0.0006181106418048831	0.00032193262594004327	0.0003605645410528485	0.0004635829813536623	0.00028330071082723806
_scratch_st-cdeboer-1_asfar_VLPs_results_crispresso_aggregated_spacer_SPACE-DeltaUGI_rep1_.staging_CRISPRessoPooled_on_SPACE-DeltaUGI_D1_rep1_CRISPResso_on_B2M	All_modifications	0.00039919645616565364	0.000721129082105697	0.00030905532090244153	0.00030905532090244153	0.00014165035541361903	7.726383022561038e-05	0.00039919645616565364	0.00021891418563922942	0.00043782837127845885	0.00021891418563922942	0.00019315957556402595	0.00028330071082723806	0.00025754610075203464	0.00023179149067683116	0.0002446687957144329	0.0006309879468424848	0.000334809930977645	0.0003734418460904502	0.00047646028639126406	0.0002961780158648398
_scratch_st-cdeboer-1_asfar_VLPs_results_crispresso_aggregated_spacer_SPACE-DeltaUGI_rep1_.staging_CRISPRessoPooled_on_SPACE-DeltaUGI_D2_rep1_CRISPResso_on_B2M	Insertions	0.0	0.0	0.0	0.0	0.0	0.0	0.0	0.0	0.0	0.0	0.0	0.0	0.0	0.0	0.0	0.0	0.0	0.0	0.0	0.0
_scratch_st-cdeboer-1_asfar_VLPs_results_crispresso_aggregated_spacer_SPACE-DeltaUGI_rep1_.staging_CRISPRessoPooled_on_SPACE-DeltaUGI_D2_rep1_CRISPResso_on_B2M	Insertions_Left	0.0	0.0	0.0	0.0	0.0	0.0	0.0	0.0	0.0	0.0	0.0	0.0	0.0	0.0	0.0	0.0	0.0	0.0	0.0	0.0
_scratch_st-cdeboer-1_asfar_VLPs_results_crispresso_aggregated_spacer_SPACE-DeltaUGI_rep1_.staging_CRISPRessoPooled_on_SPACE-DeltaUGI_D2_rep1_CRISPResso_on_B2M	Deletions	8.608222574202878e-06	6.886578059362302e-05	1.7216445148405756e-05	0.0	0.0	8.608222574202878e-06	0.0	0.0	0.0	0.0	1.7216445148405756e-05	0.0	0.0	0.0	0.0	0.0	8.608222574202878e-06	0.0	0.0	0.0
_scratch_st-cdeboer-1_asfar_VLPs_results_crispresso_aggregated_spacer_SPACE-DeltaUGI_rep1_.staging_CRISPRessoPooled_on_SPACE-DeltaUGI_D2_rep1_CRISPResso_on_B2M	Substitutions	0.00038737001583912954	0.0005337097996005785	0.00034432890296811513	0.00018077267405826046	0.00012912333861304318	0.00010329867089043454	0.00034432890296811513	0.00017216445148405756	0.00041319468356173817	0.0001635562289098547	0.00018077267405826046	0.0002754631223744921	0.0001205151160388403	0.00026685489980028925	6.025755801942015e-05	0.0008608222574202879	0.00021520556435507198	0.0004390193512843468	0.00025824667722608636	0.00037015357069072375
_scratch_st-cdeboer-1_asfar_VLPs_results_crispresso_aggregated_spacer_SPACE-DeltaUGI_rep1_.staging_CRISPRessoPooled_on_SPACE-DeltaUGI_D2_rep1_CRISPResso_on_B2M	All_modifications	0.00039597823841333243	0.0006025755801942015	0.0003615453481165209	0.00018077267405826046	0.00012912333861304318	0.00011190689346463742	0.00034432890296811513	0.00017216445148405756	0.00041319468356173817	0.0001635562289098547	0.00019798911920666622	0.0002754631223744921	0.0001205151160388403	0.00026685489980028925	6.025755801942015e-05	0.0008608222574202879	0.00022381378692927484	0.0004390193512843468	0.00025824667722608636	0.00037015357069072375
_scratch_st-cdeboer-1_asfar_VLPs_results_crispresso_aggregated_spacer_SPACE-DeltaUGI_rep1_.staging_CRISPRessoPooled_on_SPACE-DeltaUGI_D3_rep1_CRISPResso_on_B2M	Insertions	0.0	0.0	0.0	0.0	0.0	0.0	0.0	0.0	0.0	0.0	0.0	0.0	0.0	0.0	0.0	0.0	0.0	0.0	0.0	0.0
_scratch_st-cdeboer-1_asfar_VLPs_results_crispresso_aggregated_spacer_SPACE-DeltaUGI_rep1_.staging_CRISPRessoPooled_on_SPACE-DeltaUGI_D3_rep1_CRISPResso_on_B2M	Insertions_Left	0.0	0.0	0.0	0.0	0.0	0.0	0.0	0.0	0.0	0.0	0.0	0.0	0.0	0.0	0.0	0.0	0.0	0.0	0.0	0.0
_scratch_st-cdeboer-1_asfar_VLPs_results_crispresso_aggregated_spacer_SPACE-DeltaUGI_rep1_.staging_CRISPRessoPooled_on_SPACE-DeltaUGI_D3_rep1_CRISPResso_on_B2M	Deletions	5.3711049897565356e-05	8.440307841045985e-05	6.138405702578898e-05	5.3711049897565356e-05	5.3711049897565356e-05	5.3711049897565356e-05	5.3711049897565356e-05	5.3711049897565356e-05	5.3711049897565356e-05	5.3711049897565356e-05	7.673007128223622e-05	5.3711049897565356e-05	5.3711049897565356e-05	5.3711049897565356e-05	5.3711049897565356e-05	5.3711049897565356e-05	0.0	0.0	0.0	0.0
_scratch_st-cdeboer-1_asfar_VLPs_results_crispresso_aggregated_spacer_SPACE-DeltaUGI_rep1_.staging_CRISPRessoPooled_on_SPACE-DeltaUGI_D3_rep1_CRISPResso_on_B2M	Substitutions	0.00039132336353940475	0.0005754755346167716	0.00019182517820559054	0.0002685552494878268	0.00015346014256447245	9.974909266690709e-05	0.0002532092352313795	0.0001764791639491433	0.00042201539205229924	0.0001764791639491433	0.0001688061568209197	0.00023019021384670867	0.0001381141283080252	0.0002915742708724976	8.440307841045985e-05	0.002255864095697745	0.0002071711924620378	0.0003145932922571685	0.0002992472780007213	0.00039132336353940475
_scratch_st-cdeboer-1_asfar_VLPs_results_crispresso_aggregated_spacer_SPACE-DeltaUGI_rep1_.staging_CRISPRessoPooled_on_SPACE-DeltaUGI_D3_rep1_CRISPResso_on_B2M	All_modifications	0.00044503441343697007	0.0006598786130272315	0.0002532092352313795	0.0003222662993853921	0.0002071711924620378	0.00015346014256447245	0.0003069202851289449	0.00023019021384670867	0.00047572644194986455	0.00023019021384670867	0.0002455362281031559	0.000283901263744274	0.00019182517820559054	0.000345285320770063	0.0001381141283080252	0.0023095751455953105	0.0002071711924620378	0.0003145932922571685	0.0002992472780007213	0.00039132336353940475
_scratch_st-cdeboer-1_asfar_VLPs_results_crispresso_aggregated_spacer_SPACE-DeltaUGI_rep1_.staging_CRISPRessoPooled_on_SPACE-DeltaUGI_D4_rep1_CRISPResso_on_B2M	Insertions	0.0	0.0	0.0	0.0	0.0	0.0	0.0	0.0	0.0	0.0	0.0	0.0	0.0	0.0	0.0	0.0	0.0	0.0	0.0	0.0
_scratch_st-cdeboer-1_asfar_VLPs_results_crispresso_aggregated_spacer_SPACE-DeltaUGI_rep1_.staging_CRISPRessoPooled_on_SPACE-DeltaUGI_D4_rep1_CRISPResso_on_B2M	Insertions_Left	0.0	0.0	0.0	0.0	0.0	0.0	0.0	0.0	0.0	0.0	0.0	0.0	0.0	0.0	0.0	0.0	0.0	0.0	0.0	0.0
_scratch_st-cdeboer-1_asfar_VLPs_results_crispresso_aggregated_spacer_SPACE-DeltaUGI_rep1_.staging_CRISPRessoPooled_on_SPACE-DeltaUGI_D4_rep1_CRISPResso_on_B2M	Deletions	0.00014903721956163185	0.00017884466347395823	0.000158973034199074	0.00014903721956163185	0.00014903721956163185	0.00014903721956163185	0.00014903721956163185	0.000158973034199074	0.000158973034199074	0.00014903721956163185	0.0001689088488365161	0.00014903721956163185	0.00014903721956163185	0.00014903721956163185	0.00014903721956163185	0.00014903721956163185	0.00014903721956163185	0.00014903721956163185	0.00014903721956163185	0.00014903721956163185
_scratch_st-cdeboer-1_asfar_VLPs_results_crispresso_aggregated_spacer_SPACE-DeltaUGI_rep1_.staging_CRISPRessoPooled_on_SPACE-DeltaUGI_D4_rep1_CRISPResso_on_B2M	Substitutions	0.00021858792202372672	0.0004868549172346641	0.0002583311805734952	0.00027820280984837946	0.00011922977564930549	0.00011922977564930549	0.0003775609562228007	0.0002086521073862846	0.00038749677086024286	0.00010929396101186336	0.000158973034199074	0.00021858792202372672	0.00017884466347395823	0.00013910140492418973	7.9486517099537e-05	0.005911809709278064	0.0002086521073862846	0.00018878047811140034	0.00021858792202372672	0.000397432585497685
_scratch_st-cdeboer-1_asfar_VLPs_results_crispresso_aggregated_spacer_SPACE-DeltaUGI_rep1_.staging_CRISPRessoPooled_on_SPACE-DeltaUGI_D4_rep1_CRISPResso_on_B2M	All_modifications	0.00036762514158535857	0.0006656995807086223	0.0004173042147725692	0.00042724002941001133	0.00026826699521093734	0.00026826699521093734	0.0005265981757844326	0.00036762514158535857	0.0005464698050593168	0.0002583311805734952	0.0003278818830355901	0.00036762514158535857	0.0003278818830355901	0.0002881386244858216	0.00022852373666116884	0.006060846928839695	0.00035768932694791645	0.0003378176976730322	0.00036762514158535857	0.0005464698050593168
_scratch_st-cdeboer-1_asfar_VLPs_results_crispresso_aggregated_spacer_SPACE-DeltaUGI_rep1_.staging_CRISPRessoPooled_on_SPACE-DeltaUGI_D5_rep1_CRISPResso_on_B2M	Insertions	0.0	0.0	0.0	0.0	0.0	0.0	0.0	0.0	0.0	0.0	0.0	0.0	0.0	0.0	0.0	0.0	0.0	0.0	0.0	0.0
_scratch_st-cdeboer-1_asfar_VLPs_results_crispresso_aggregated_spacer_SPACE-DeltaUGI_rep1_.staging_CRISPRessoPooled_on_SPACE-DeltaUGI_D5_rep1_CRISPResso_on_B2M	Insertions_Left	0.0	0.0	0.0	0.0	0.0	0.0	0.0	0.0	0.0	0.0	0.0	0.0	0.0	0.0	0.0	0.0	0.0	0.0	0.0	0.0
_scratch_st-cdeboer-1_asfar_VLPs_results_crispresso_aggregated_spacer_SPACE-DeltaUGI_rep1_.staging_CRISPRessoPooled_on_SPACE-DeltaUGI_D5_rep1_CRISPResso_on_B2M	Deletions	6.939721578370276e-06	3.469860789185138e-05	1.3879443156740552e-05	6.939721578370276e-06	6.939721578370276e-06	6.939721578370276e-06	6.939721578370276e-06	6.939721578370276e-06	6.939721578370276e-06	6.939721578370276e-06	1.3879443156740552e-05	6.939721578370276e-06	6.939721578370276e-06	6.939721578370276e-06	6.939721578370276e-06	6.939721578370276e-06	6.939721578370276e-06	6.939721578370276e-06	6.939721578370276e-06	6.939721578370276e-06
_scratch_st-cdeboer-1_asfar_VLPs_results_crispresso_aggregated_spacer_SPACE-DeltaUGI_rep1_.staging_CRISPRessoPooled_on_SPACE-DeltaUGI_D5_rep1_CRISPResso_on_B2M	Substitutions	0.00031922719260503267	0.00045108190259406794	0.0002914683062915516	0.00029840802786992187	0.00012491498841066495	0.0001457341531457758	0.0003400463573401435	0.00031922719260503267	0.0006523338283668059	0.00010409582367555414	0.00020819164735110828	0.0002567696983997002	0.00015961359630251633	0.00024289025524295966	0.00012491498841066495	0.007668392344099155	0.0004302627378589571	0.00036780524365362464	0.0004302627378589571	0.0006315146636316951
_scratch_st-cdeboer-1_asfar_VLPs_results_crispresso_aggregated_spacer_SPACE-DeltaUGI_rep1_.staging_CRISPRessoPooled_on_SPACE-DeltaUGI_D5_rep1_CRISPResso_on_B2M	All_modifications	0.00032616691418340294	0.0004857805104859193	0.00030534774944829214	0.00030534774944829214	0.00013185470998903524	0.00015267387472414607	0.0003469860789185138	0.00032616691418340294	0.0006592735499451762	0.00011103554525392442	0.00022207109050784884	0.0002637094199780705	0.00016655331788088663	0.0002498299768213299	0.00013185470998903524	0.007675332065677525	0.00043720245943732735	0.0003747449652319949	0.00043720245943732735	0.0006384543852100653
