Folder	Modification	G	G	C	C	C	A	G	A	C	T	G	A	G	C	A	C	G	T	G	A
_scratch_st-cdeboer-1_asfar_VLPs_results_crispresso_aggregated_spacer_SPACE-DeltaUGI_rep3_.staging_CRISPRessoPooled_on_SPACE-DeltaUGI_D1_rep3_CRISPResso_on_HEK3	Insertions	0.0	0.0	0.0	0.0	0.0	0.0	0.0	0.0	0.0	0.0	0.0	0.0	0.0	0.0	0.0	0.0	0.0	0.0	0.0	0.0
_scratch_st-cdeboer-1_asfar_VLPs_results_crispresso_aggregated_spacer_SPACE-DeltaUGI_rep3_.staging_CRISPRessoPooled_on_SPACE-DeltaUGI_D1_rep3_CRISPResso_on_HEK3	Insertions_Left	0.0	0.0	0.0	0.0	0.0	0.0	0.0	0.0	0.0	0.0	0.0	0.0	0.0	0.0	0.0	0.0	0.0	0.0	0.0	0.0
_scratch_st-cdeboer-1_asfar_VLPs_results_crispresso_aggregated_spacer_SPACE-DeltaUGI_rep3_.staging_CRISPRessoPooled_on_SPACE-DeltaUGI_D1_rep3_CRISPResso_on_HEK3	Deletions	1.9325165230162718e-05	5.7975495690488154e-05	1.9325165230162718e-05	5.7975495690488154e-05	5.7975495690488154e-05	3.8650330460325436e-05	3.8650330460325436e-05	3.8650330460325436e-05	3.8650330460325436e-05	3.8650330460325436e-05	3.8650330460325436e-05	3.8650330460325436e-05	3.8650330460325436e-05	3.8650330460325436e-05	3.8650330460325436e-05	3.8650330460325436e-05	3.8650330460325436e-05	3.8650330460325436e-05	5.7975495690488154e-05	3.8650330460325436e-05
_scratch_st-cdeboer-1_asfar_VLPs_results_crispresso_aggregated_spacer_SPACE-DeltaUGI_rep3_.staging_CRISPRessoPooled_on_SPACE-DeltaUGI_D1_rep3_CRISPResso_on_HEK3	Substitutions	9.662582615081359e-05	0.0003478529741429289	0.00011595099138097631	7.730066092065087e-05	0.00013527615661113903	0.009295404475708268	9.662582615081359e-05	0.005275770107834422	7.730066092065087e-05	3.8650330460325436e-05	9.662582615081359e-05	0.00019325165230162718	0.00017392648707146446	1.9325165230162718e-05	9.662582615081359e-05	5.7975495690488154e-05	0.00025122714799211533	0.00019325165230162718	9.662582615081359e-05	0.00025122714799211533
_scratch_st-cdeboer-1_asfar_VLPs_results_crispresso_aggregated_spacer_SPACE-DeltaUGI_rep3_.staging_CRISPRessoPooled_on_SPACE-DeltaUGI_D1_rep3_CRISPResso_on_HEK3	All_modifications	0.00011595099138097631	0.0004058284698334171	0.00013527615661113903	0.00013527615661113903	0.00019325165230162718	0.009334054806168593	0.00013527615661113903	0.005314420438294747	0.00011595099138097631	7.730066092065087e-05	0.00013527615661113903	0.00023190198276195262	0.0002125768175317899	5.7975495690488154e-05	0.00013527615661113903	9.662582615081359e-05	0.00028987747845244077	0.00023190198276195262	0.00015460132184130174	0.00028987747845244077
_scratch_st-cdeboer-1_asfar_VLPs_results_crispresso_aggregated_spacer_SPACE-DeltaUGI_rep3_.staging_CRISPRessoPooled_on_SPACE-DeltaUGI_D2_rep3_CRISPResso_on_HEK3	Insertions	0.0	8.503256747334228e-06	8.503256747334228e-06	0.0	0.0	0.0	2.5509770242002685e-05	2.5509770242002685e-05	0.0	6.802605397867383e-05	6.802605397867383e-05	0.0	0.0	0.0	0.0	0.0	0.0	0.0	0.0	0.0
_scratch_st-cdeboer-1_asfar_VLPs_results_crispresso_aggregated_spacer_SPACE-DeltaUGI_rep3_.staging_CRISPRessoPooled_on_SPACE-DeltaUGI_D2_rep3_CRISPResso_on_HEK3	Insertions_Left	0.0	8.503256747334228e-06	0.0	0.0	0.0	0.0	2.5509770242002685e-05	0.0	0.0	6.802605397867383e-05	0.0	0.0	0.0	0.0	0.0	0.0	0.0	0.0	0.0	0.0
_scratch_st-cdeboer-1_asfar_VLPs_results_crispresso_aggregated_spacer_SPACE-DeltaUGI_rep3_.staging_CRISPRessoPooled_on_SPACE-DeltaUGI_D2_rep3_CRISPResso_on_HEK3	Deletions	8.503256747334228e-06	5.95227972313396e-05	0.0	0.0	4.2516283736671146e-05	1.7006513494668457e-05	0.0	0.0	0.0	0.0	0.0	0.0	0.0	0.0	0.0	1.7006513494668457e-05	2.5509770242002685e-05	2.5509770242002685e-05	2.5509770242002685e-05	2.5509770242002685e-05
_scratch_st-cdeboer-1_asfar_VLPs_results_crispresso_aggregated_spacer_SPACE-DeltaUGI_rep3_.staging_CRISPRessoPooled_on_SPACE-DeltaUGI_D2_rep3_CRISPResso_on_HEK3	Substitutions	0.00015305862145201612	0.00028060747266202957	9.353582422067652e-05	9.353582422067652e-05	0.00021258141868335572	0.019251373275964694	0.00017856839169401882	0.006904644478835394	0.00017006513494668458	0.0001190455944626792	0.0001190455944626792	0.00020407816193602148	0.00010203908096801074	0.00015305862145201612	0.00013605210795734766	0.0001445553647046819	0.0003316270131460349	0.00019557490518868728	0.00012754885121001342	0.0002891107294093638
_scratch_st-cdeboer-1_asfar_VLPs_results_crispresso_aggregated_spacer_SPACE-DeltaUGI_rep3_.staging_CRISPRessoPooled_on_SPACE-DeltaUGI_D2_rep3_CRISPResso_on_HEK3	All_modifications	0.00016156187819935035	0.00034863352664070337	0.00010203908096801074	9.353582422067652e-05	0.00025509770242002685	0.019268379789459365	0.00020407816193602148	0.006930154249077397	0.00017006513494668458	0.00018707164844135305	0.00018707164844135305	0.00020407816193602148	0.00010203908096801074	0.00015305862145201612	0.00013605210795734766	0.00016156187819935035	0.00035713678338803763	0.00022108467543068995	0.00015305862145201612	0.0003146204996513665
_scratch_st-cdeboer-1_asfar_VLPs_results_crispresso_aggregated_spacer_SPACE-DeltaUGI_rep3_.staging_CRISPRessoPooled_on_SPACE-DeltaUGI_D3_rep3_CRISPResso_on_HEK3	Insertions	0.0	0.0	0.0	0.0	0.0	0.0	0.0	0.0	0.0	0.0	0.0	0.0	0.0	0.0	0.0	0.0	0.0	0.0	0.0	0.0
_scratch_st-cdeboer-1_asfar_VLPs_results_crispresso_aggregated_spacer_SPACE-DeltaUGI_rep3_.staging_CRISPRessoPooled_on_SPACE-DeltaUGI_D3_rep3_CRISPResso_on_HEK3	Insertions_Left	0.0	0.0	0.0	0.0	0.0	0.0	0.0	0.0	0.0	0.0	0.0	0.0	0.0	0.0	0.0	0.0	0.0	0.0	0.0	0.0
_scratch_st-cdeboer-1_asfar_VLPs_results_crispresso_aggregated_spacer_SPACE-DeltaUGI_rep3_.staging_CRISPRessoPooled_on_SPACE-DeltaUGI_D3_rep3_CRISPResso_on_HEK3	Deletions	0.0	0.00016513458468651952	0.0	0.0	0.00022017944624869268	0.0	0.0	0.0	0.0	0.0	5.504486156217317e-05	0.0	0.00011008972312434634	0.0	0.0	0.0	0.0	0.0	5.504486156217317e-05	0.0
_scratch_st-cdeboer-1_asfar_VLPs_results_crispresso_aggregated_spacer_SPACE-DeltaUGI_rep3_.staging_CRISPRessoPooled_on_SPACE-DeltaUGI_D3_rep3_CRISPResso_on_HEK3	Substitutions	0.00011008972312434634	0.00022017944624869268	0.00011008972312434634	0.00011008972312434634	0.00011008972312434634	0.0233940661639236	0.00016513458468651952	0.010953927450872461	5.504486156217317e-05	0.00011008972312434634	0.00022017944624869268	0.00027522430781086585	0.00011008972312434634	0.00044035889249738536	0.00011008972312434634	0.00011008972312434634	0.00022017944624869268	0.00011008972312434634	0.00027522430781086585	0.0
_scratch_st-cdeboer-1_asfar_VLPs_results_crispresso_aggregated_spacer_SPACE-DeltaUGI_rep3_.staging_CRISPRessoPooled_on_SPACE-DeltaUGI_D3_rep3_CRISPResso_on_HEK3	All_modifications	0.00011008972312434634	0.0003853140309352122	0.00011008972312434634	0.00011008972312434634	0.00033026916937303904	0.0233940661639236	0.00016513458468651952	0.010953927450872461	5.504486156217317e-05	0.00011008972312434634	0.00027522430781086585	0.00027522430781086585	0.00022017944624869268	0.00044035889249738536	0.00011008972312434634	0.00011008972312434634	0.00022017944624869268	0.00011008972312434634	0.00033026916937303904	0.0
_scratch_st-cdeboer-1_asfar_VLPs_results_crispresso_aggregated_spacer_SPACE-DeltaUGI_rep3_.staging_CRISPRessoPooled_on_SPACE-DeltaUGI_D4_rep3_CRISPResso_on_HEK3	Insertions	0.0	0.0	0.0	0.0	7.2272612293571355e-06	1.4454522458714271e-05	7.2272612293571355e-06	2.8909044917428542e-05	7.949987352292849e-05	0.00015177248581649985	0.00010118165721099989	0.0	0.0	0.0	0.0	0.0	0.0	0.0	0.0	7.2272612293571355e-06
_scratch_st-cdeboer-1_asfar_VLPs_results_crispresso_aggregated_spacer_SPACE-DeltaUGI_rep3_.staging_CRISPRessoPooled_on_SPACE-DeltaUGI_D4_rep3_CRISPResso_on_HEK3	Insertions_Left	0.0	0.0	0.0	0.0	7.2272612293571355e-06	7.2272612293571355e-06	0.0	2.8909044917428542e-05	5.0590828605499944e-05	0.00010118165721099989	0.0	0.0	0.0	0.0	0.0	0.0	0.0	0.0	0.0	7.2272612293571355e-06
_scratch_st-cdeboer-1_asfar_VLPs_results_crispresso_aggregated_spacer_SPACE-DeltaUGI_rep3_.staging_CRISPRessoPooled_on_SPACE-DeltaUGI_D4_rep3_CRISPResso_on_HEK3	Deletions	0.00013731796335778558	0.00021681783688071404	0.00015899974704585698	0.0001662270082752141	0.0002240450981100712	0.00018068153073392838	0.00018068153073392838	0.00020236331442199978	0.000267408665486214	0.000267408665486214	0.00028186318794492826	0.00028186318794492826	0.00028186318794492826	0.00023849962056878547	0.00021681783688071404	0.00020236331442199978	0.0001879087919632855	0.0001879087919632855	0.00017345426950457124	8.672713475228562e-05
_scratch_st-cdeboer-1_asfar_VLPs_results_crispresso_aggregated_spacer_SPACE-DeltaUGI_rep3_.staging_CRISPRessoPooled_on_SPACE-DeltaUGI_D4_rep3_CRISPResso_on_HEK3	Substitutions	0.0001662270082752141	0.00017345426950457124	9.395439598164275e-05	0.00011563617966971417	0.0002095905756513569	0.04617497199436273	0.00025295414302749973	0.020597694503667836	7.949987352292849e-05	0.00015899974704585698	0.0001228634408990713	0.00025295414302749973	0.00015177248581649985	7.227261229357136e-05	0.0001228634408990713	0.00010118165721099989	0.00027463592671557116	0.00010840891844035702	0.0001662270082752141	0.00023127235933942833
_scratch_st-cdeboer-1_asfar_VLPs_results_crispresso_aggregated_spacer_SPACE-DeltaUGI_rep3_.staging_CRISPRessoPooled_on_SPACE-DeltaUGI_D4_rep3_CRISPResso_on_HEK3	All_modifications	0.0003035449716329997	0.0003902721063852853	0.00025295414302749973	0.00028186318794492826	0.00044086293499078524	0.046370108047555376	0.00044086293499078524	0.020828966863007264	0.000426408412532071	0.0005781808983485708	0.0005059082860549995	0.000534817330972428	0.0004336356737614281	0.0003107722328623568	0.00033968127777978533	0.0003035449716329997	0.00046254471867885667	0.00029631771040364253	0.00033968127777978533	0.00032522675532107106
_scratch_st-cdeboer-1_asfar_VLPs_results_crispresso_aggregated_spacer_SPACE-DeltaUGI_rep3_.staging_CRISPRessoPooled_on_SPACE-DeltaUGI_D5_rep3_CRISPResso_on_HEK3	Insertions	0.0	0.0	0.0	0.0	0.0	5.03290963690353e-05	5.03290963690353e-05	0.0	0.0	0.00010625031455685231	0.00010625031455685231	0.0	0.0	0.0	0.0	0.0	5.03290963690353e-05	5.03290963690353e-05	0.0	0.0
_scratch_st-cdeboer-1_asfar_VLPs_results_crispresso_aggregated_spacer_SPACE-DeltaUGI_rep3_.staging_CRISPRessoPooled_on_SPACE-DeltaUGI_D5_rep3_CRISPResso_on_HEK3	Insertions_Left	0.0	0.0	0.0	0.0	0.0	5.03290963690353e-05	0.0	0.0	0.0	0.00010625031455685231	0.0	0.0	0.0	0.0	0.0	0.0	5.03290963690353e-05	0.0	0.0	0.0
_scratch_st-cdeboer-1_asfar_VLPs_results_crispresso_aggregated_spacer_SPACE-DeltaUGI_rep3_.staging_CRISPRessoPooled_on_SPACE-DeltaUGI_D5_rep3_CRISPResso_on_HEK3	Deletions	0.0002740139691203033	0.0003467115527644654	0.0002684218473015216	0.0002684218473015216	0.000279606090939085	0.0002740139691203033	0.0002684218473015216	0.0003467115527644654	0.0003467115527644654	0.0003467115527644654	0.00041940913640862754	0.0003802642836771556	0.0003802642836771556	0.0003467115527644654	0.0002740139691203033	0.0003299351873081203	0.0003299351873081203	0.0002516454818451765	0.0002516454818451765	0.0002516454818451765
_scratch_st-cdeboer-1_asfar_VLPs_results_crispresso_aggregated_spacer_SPACE-DeltaUGI_rep3_.staging_CRISPRessoPooled_on_SPACE-DeltaUGI_D5_rep3_CRISPResso_on_HEK3	Substitutions	0.0002628297254827399	0.0002628297254827399	0.0002404612382076131	0.00016776365456345102	0.00019572426365735952	0.05169357409281804	0.00012861880183197912	0.024253032328056236	8.94739491005072e-05	0.00015657941092588762	0.0002628297254827399	0.0003746721618583739	0.00016776365456345102	0.0002516454818451765	0.0001230266800131974	0.00011743455819441571	0.00022368487275126802	0.00021250062911370461	0.00016776365456345102	0.0003187509436705569
_scratch_st-cdeboer-1_asfar_VLPs_results_crispresso_aggregated_spacer_SPACE-DeltaUGI_rep3_.staging_CRISPRessoPooled_on_SPACE-DeltaUGI_D5_rep3_CRISPResso_on_HEK3	All_modifications	0.0005368436946030432	0.0006095412782472053	0.0005088830855091347	0.0004361855018649726	0.00047533035459644454	0.05201791715830738	0.00044736974550253604	0.0245997438808207	0.0004361855018649726	0.0006095412782472053	0.0007884891764482197	0.0007549364455355296	0.0005480279382406066	0.000598357034609642	0.00039704064913350073	0.00044736974550253604	0.0006039491564284236	0.0005144752073279165	0.00041940913640862754	0.0005703964255157335
