Folder	Modification	C	A	C	C	T	A	C	C	T	A	A	G	A	A	C	C	A	T	C	C
_scratch_st-cdeboer-1_asfar_VLPs_results_crispresso_aggregated_spacer_SPACE_rep3_.staging_CRISPRessoPooled_on_SPACE_D0_rep3_CRISPResso_on_PDCD1	Insertions	2.0580789890716006e-05	2.0580789890716006e-05	0.0	0.0	0.0	0.0	0.0	0.0	0.0	0.0	0.0	0.0	0.0	0.0	0.0	0.0	0.0	0.0	0.0	0.0
_scratch_st-cdeboer-1_asfar_VLPs_results_crispresso_aggregated_spacer_SPACE_rep3_.staging_CRISPRessoPooled_on_SPACE_D0_rep3_CRISPResso_on_PDCD1	Insertions_Left	2.0580789890716006e-05	0.0	0.0	0.0	0.0	0.0	0.0	0.0	0.0	0.0	0.0	0.0	0.0	0.0	0.0	0.0	0.0	0.0	0.0	0.0
_scratch_st-cdeboer-1_asfar_VLPs_results_crispresso_aggregated_spacer_SPACE_rep3_.staging_CRISPRessoPooled_on_SPACE_D0_rep3_CRISPResso_on_PDCD1	Deletions	2.0580789890716006e-05	2.0580789890716006e-05	2.0580789890716006e-05	2.0580789890716006e-05	2.0580789890716006e-05	2.0580789890716006e-05	2.0580789890716006e-05	4.116157978143201e-05	2.0580789890716006e-05	2.0580789890716006e-05	6.174236967214802e-05	2.0580789890716006e-05	2.0580789890716006e-05	2.0580789890716006e-05	2.0580789890716006e-05	2.0580789890716006e-05	2.0580789890716006e-05	2.0580789890716006e-05	2.0580789890716006e-05	2.0580789890716006e-05
_scratch_st-cdeboer-1_asfar_VLPs_results_crispresso_aggregated_spacer_SPACE_rep3_.staging_CRISPRessoPooled_on_SPACE_D0_rep3_CRISPResso_on_PDCD1	Substitutions	0.00012348473934429603	0.00014406552923501204	0.00020580789890716007	0.00014406552923501204	0.00018522710901644406	0.00018522710901644406	0.00010290394945358003	0.00010290394945358003	0.00022638868879787605	0.00012348473934429603	0.00012348473934429603	0.00026755026857930807	0.00022638868879787605	0.00024696947868859206	8.232315956286402e-05	0.00010290394945358003	0.00012348473934429603	0.0003087118483607401	0.00016464631912572805	0.00018522710901644406
_scratch_st-cdeboer-1_asfar_VLPs_results_crispresso_aggregated_spacer_SPACE_rep3_.staging_CRISPRessoPooled_on_SPACE_D0_rep3_CRISPResso_on_PDCD1	All_modifications	0.00016464631912572805	0.00018522710901644406	0.00022638868879787605	0.00016464631912572805	0.00020580789890716007	0.00020580789890716007	0.00012348473934429603	0.00014406552923501204	0.00024696947868859206	0.00014406552923501204	0.00018522710901644406	0.0002881310584700241	0.00024696947868859206	0.00026755026857930807	0.00010290394945358003	0.00012348473934429603	0.00014406552923501204	0.0003292926382514561	0.00018522710901644406	0.00020580789890716007
_scratch_st-cdeboer-1_asfar_VLPs_results_crispresso_aggregated_spacer_SPACE_rep3_.staging_CRISPRessoPooled_on_SPACE_D1_rep3_CRISPResso_on_PDCD1	Insertions	8.143322475570033e-05	8.143322475570033e-05	0.0	0.0	0.0	0.0	0.0	0.0	0.0	0.0	0.0	0.0	0.0	0.0	0.0	0.0	0.0	0.0	0.0	0.0
_scratch_st-cdeboer-1_asfar_VLPs_results_crispresso_aggregated_spacer_SPACE_rep3_.staging_CRISPRessoPooled_on_SPACE_D1_rep3_CRISPResso_on_PDCD1	Insertions_Left	8.143322475570033e-05	0.0	0.0	0.0	0.0	0.0	0.0	0.0	0.0	0.0	0.0	0.0	0.0	0.0	0.0	0.0	0.0	0.0	0.0	0.0
_scratch_st-cdeboer-1_asfar_VLPs_results_crispresso_aggregated_spacer_SPACE_rep3_.staging_CRISPRessoPooled_on_SPACE_D1_rep3_CRISPResso_on_PDCD1	Deletions	5.428881650380022e-05	2.714440825190011e-05	2.714440825190011e-05	2.714440825190011e-05	2.714440825190011e-05	2.714440825190011e-05	2.714440825190011e-05	2.714440825190011e-05	2.714440825190011e-05	2.714440825190011e-05	2.714440825190011e-05	2.714440825190011e-05	2.714440825190011e-05	2.714440825190011e-05	2.714440825190011e-05	2.714440825190011e-05	2.714440825190011e-05	2.714440825190011e-05	2.714440825190011e-05	2.714440825190011e-05
_scratch_st-cdeboer-1_asfar_VLPs_results_crispresso_aggregated_spacer_SPACE_rep3_.staging_CRISPRessoPooled_on_SPACE_D1_rep3_CRISPResso_on_PDCD1	Substitutions	0.00010857763300760044	0.00019001085776330077	0.00010857763300760044	8.143322475570033e-05	0.00013572204125950055	0.00016286644951140066	0.00010857763300760044	0.00010857763300760044	0.0002714440825190011	0.00013572204125950055	8.143322475570033e-05	0.00016286644951140066	0.00021715526601520088	0.00019001085776330077	0.00016286644951140066	0.00013572204125950055	0.0002714440825190011	0.00043431053203040176	5.428881650380022e-05	0.00021715526601520088
_scratch_st-cdeboer-1_asfar_VLPs_results_crispresso_aggregated_spacer_SPACE_rep3_.staging_CRISPRessoPooled_on_SPACE_D1_rep3_CRISPResso_on_PDCD1	All_modifications	0.000244299674267101	0.0002985884907709012	0.00013572204125950055	0.00010857763300760044	0.00016286644951140066	0.00019001085776330077	0.00013572204125950055	0.00013572204125950055	0.0002985884907709012	0.00016286644951140066	0.00010857763300760044	0.00019001085776330077	0.000244299674267101	0.00021715526601520088	0.00019001085776330077	0.00016286644951140066	0.0002985884907709012	0.00046145494028230187	8.143322475570033e-05	0.000244299674267101
_scratch_st-cdeboer-1_asfar_VLPs_results_crispresso_aggregated_spacer_SPACE_rep3_.staging_CRISPRessoPooled_on_SPACE_D2_rep3_CRISPResso_on_PDCD1	Insertions	0.0003615487433442163	0.0003615487433442163	0.0	0.0	0.0	0.0	0.0	0.0	0.0	0.0	0.0	0.0	0.0	0.0	0.0	0.0	0.0	0.0	0.0	0.0
_scratch_st-cdeboer-1_asfar_VLPs_results_crispresso_aggregated_spacer_SPACE_rep3_.staging_CRISPRessoPooled_on_SPACE_D2_rep3_CRISPResso_on_PDCD1	Insertions_Left	0.0003615487433442163	0.0	0.0	0.0	0.0	0.0	0.0	0.0	0.0	0.0	0.0	0.0	0.0	0.0	0.0	0.0	0.0	0.0	0.0	0.0
_scratch_st-cdeboer-1_asfar_VLPs_results_crispresso_aggregated_spacer_SPACE_rep3_.staging_CRISPRessoPooled_on_SPACE_D2_rep3_CRISPResso_on_PDCD1	Deletions	4.382409010232925e-05	1.0956022525582312e-05	1.0956022525582312e-05	4.382409010232925e-05	2.1912045051164625e-05	1.0956022525582312e-05	1.0956022525582312e-05	1.0956022525582312e-05	1.0956022525582312e-05	1.0956022525582312e-05	3.286806757674694e-05	1.0956022525582312e-05	1.0956022525582312e-05	1.0956022525582312e-05	1.0956022525582312e-05	1.0956022525582312e-05	1.0956022525582312e-05	1.0956022525582312e-05	1.0956022525582312e-05	1.0956022525582312e-05
_scratch_st-cdeboer-1_asfar_VLPs_results_crispresso_aggregated_spacer_SPACE_rep3_.staging_CRISPRessoPooled_on_SPACE_D2_rep3_CRISPResso_on_PDCD1	Substitutions	8.76481802046585e-05	0.00018625238293489932	0.00021912045051164625	0.00013147227030698775	0.00018625238293489932	0.0002519885180883932	0.00013147227030698775	0.00013147227030698775	0.0002629445406139755	0.00010956022525582312	0.00014242829283257007	0.00018625238293489932	0.0002629445406139755	0.00014242829283257007	6.573613515349387e-05	0.00012051624778140544	0.000175296360409317	0.0002739005631395578	0.00010956022525582312	0.00014242829283257007
_scratch_st-cdeboer-1_asfar_VLPs_results_crispresso_aggregated_spacer_SPACE_rep3_.staging_CRISPRessoPooled_on_SPACE_D2_rep3_CRISPResso_on_PDCD1	All_modifications	0.000493021013651204	0.000558757148804698	0.00023007647303722857	0.000175296360409317	0.00020816442798606393	0.0002629445406139755	0.00014242829283257007	0.00014242829283257007	0.0002739005631395578	0.00012051624778140544	0.000175296360409317	0.00019720840546048164	0.0002739005631395578	0.0001533843153581524	7.66921576790762e-05	0.00013147227030698775	0.00018625238293489932	0.00028485658566514014	0.00012051624778140544	0.0001533843153581524
_scratch_st-cdeboer-1_asfar_VLPs_results_crispresso_aggregated_spacer_SPACE_rep3_.staging_CRISPRessoPooled_on_SPACE_D3_rep3_CRISPResso_on_PDCD1	Insertions	0.0	0.0	0.0	0.0	0.0	0.0	0.0	0.0	0.0	0.0	0.0	0.0	0.0	0.0	0.0	0.0	0.0	0.0	0.0	0.0
_scratch_st-cdeboer-1_asfar_VLPs_results_crispresso_aggregated_spacer_SPACE_rep3_.staging_CRISPRessoPooled_on_SPACE_D3_rep3_CRISPResso_on_PDCD1	Insertions_Left	0.0	0.0	0.0	0.0	0.0	0.0	0.0	0.0	0.0	0.0	0.0	0.0	0.0	0.0	0.0	0.0	0.0	0.0	0.0	0.0
_scratch_st-cdeboer-1_asfar_VLPs_results_crispresso_aggregated_spacer_SPACE_rep3_.staging_CRISPRessoPooled_on_SPACE_D3_rep3_CRISPResso_on_PDCD1	Deletions	7.104101730736785e-05	3.552050865368392e-05	3.552050865368392e-05	3.552050865368392e-05	5.3280762980525884e-05	3.552050865368392e-05	3.552050865368392e-05	5.3280762980525884e-05	1.776025432684196e-05	1.776025432684196e-05	0.00010656152596105177	2.6640381490262942e-05	1.776025432684196e-05	1.776025432684196e-05	1.776025432684196e-05	1.776025432684196e-05	1.776025432684196e-05	0.0	0.0	0.0
_scratch_st-cdeboer-1_asfar_VLPs_results_crispresso_aggregated_spacer_SPACE_rep3_.staging_CRISPRessoPooled_on_SPACE_D3_rep3_CRISPResso_on_PDCD1	Substitutions	0.00015096216177815666	0.0001332019074513147	0.00012432178028789372	0.00019536279759526157	0.0003285647050465763	0.0002575236877392084	8.88012716342098e-05	7.104101730736785e-05	0.0001332019074513147	0.0001420820346147357	0.0001776025432684196	0.00015984228894157763	0.00020424292475868254	0.0002841640692294714	4.44006358171049e-05	0.00010656152596105177	0.00016872241610499863	0.00023976343341236648	7.104101730736785e-05	0.00010656152596105177
_scratch_st-cdeboer-1_asfar_VLPs_results_crispresso_aggregated_spacer_SPACE_rep3_.staging_CRISPRessoPooled_on_SPACE_D3_rep3_CRISPResso_on_PDCD1	All_modifications	0.0002220031790855245	0.00016872241610499863	0.00015984228894157763	0.00023088330624894548	0.00038184546802710217	0.00029304419639289235	0.00012432178028789372	0.00012432178028789372	0.00015096216177815666	0.00015984228894157763	0.0002841640692294714	0.00018648267043184057	0.0002220031790855245	0.0003019243235563133	6.216089014394686e-05	0.00012432178028789372	0.00018648267043184057	0.00023976343341236648	7.104101730736785e-05	0.00010656152596105177
_scratch_st-cdeboer-1_asfar_VLPs_results_crispresso_aggregated_spacer_SPACE_rep3_.staging_CRISPRessoPooled_on_SPACE_D4_rep3_CRISPResso_on_PDCD1	Insertions	0.0	0.0	0.0	0.0	0.0	0.0	0.0	0.0	0.0	4.369913147976184e-05	4.369913147976184e-05	0.0	0.0	0.0	0.0	0.0	0.0	0.0	0.0	0.0
_scratch_st-cdeboer-1_asfar_VLPs_results_crispresso_aggregated_spacer_SPACE_rep3_.staging_CRISPRessoPooled_on_SPACE_D4_rep3_CRISPResso_on_PDCD1	Insertions_Left	0.0	0.0	0.0	0.0	0.0	0.0	0.0	0.0	0.0	4.369913147976184e-05	0.0	0.0	0.0	0.0	0.0	0.0	0.0	0.0	0.0	0.0
_scratch_st-cdeboer-1_asfar_VLPs_results_crispresso_aggregated_spacer_SPACE_rep3_.staging_CRISPRessoPooled_on_SPACE_D4_rep3_CRISPResso_on_PDCD1	Deletions	0.00014202217730922598	0.00014202217730922598	0.0001857213087889878	0.0001857213087889878	0.0001310973944392855	0.0001310973944392855	0.0001310973944392855	0.0001310973944392855	0.00014202217730922598	0.00012017261156934505	0.00012017261156934505	0.00012017261156934505	0.00012017261156934505	0.00012017261156934505	0.00012017261156934505	0.0001310973944392855	0.00012017261156934505	0.00012017261156934505	0.00012017261156934505	0.00014202217730922598
_scratch_st-cdeboer-1_asfar_VLPs_results_crispresso_aggregated_spacer_SPACE_rep3_.staging_CRISPRessoPooled_on_SPACE_D4_rep3_CRISPResso_on_PDCD1	Substitutions	8.739826295952368e-05	0.0001310973944392855	0.0005680887092369039	0.0007428852351559512	0.0002184956573988092	0.00017479652591904736	0.0001092478286994046	0.00012017261156934505	0.0002731195717485115	0.0001310973944392855	0.0001310973944392855	0.00014202217730922598	0.00022942044026874966	0.00022942044026874966	8.739826295952368e-05	7.647348008958323e-05	0.0001857213087889878	0.00029496913748839243	8.739826295952368e-05	0.00014202217730922598
_scratch_st-cdeboer-1_asfar_VLPs_results_crispresso_aggregated_spacer_SPACE_rep3_.staging_CRISPRessoPooled_on_SPACE_D4_rep3_CRISPResso_on_PDCD1	All_modifications	0.00022942044026874966	0.0002731195717485115	0.0007538100180258917	0.0009286065439449391	0.00034959305183809473	0.0003058939203583329	0.0002403452231386901	0.0002512700060086306	0.0004151417490577375	0.00029496913748839243	0.00029496913748839243	0.000262194788878571	0.00034959305183809473	0.00034959305183809473	0.00020757087452886875	0.00020757087452886875	0.0003058939203583329	0.0004151417490577375	0.00020757087452886875	0.00028404435461845196
_scratch_st-cdeboer-1_asfar_VLPs_results_crispresso_aggregated_spacer_SPACE_rep3_.staging_CRISPRessoPooled_on_SPACE_D5_rep3_CRISPResso_on_PDCD1	Insertions	0.0	0.0	0.0	0.0	0.0	0.0	0.0	0.0	0.0	0.0	0.0	0.0	0.0	0.0	0.0	0.0	0.0	0.0	0.0	0.0
_scratch_st-cdeboer-1_asfar_VLPs_results_crispresso_aggregated_spacer_SPACE_rep3_.staging_CRISPRessoPooled_on_SPACE_D5_rep3_CRISPResso_on_PDCD1	Insertions_Left	0.0	0.0	0.0	0.0	0.0	0.0	0.0	0.0	0.0	0.0	0.0	0.0	0.0	0.0	0.0	0.0	0.0	0.0	0.0	0.0
_scratch_st-cdeboer-1_asfar_VLPs_results_crispresso_aggregated_spacer_SPACE_rep3_.staging_CRISPRessoPooled_on_SPACE_D5_rep3_CRISPResso_on_PDCD1	Deletions	0.0001498464074323818	3.746160185809545e-05	3.746160185809545e-05	9.365400464523863e-05	0.00013111560650333408	0.00011238480557428635	0.0001498464074323818	0.0001498464074323818	0.00018730800929047726	0.0001498464074323818	0.00016857720836142953	3.746160185809545e-05	3.746160185809545e-05	3.746160185809545e-05	3.746160185809545e-05	3.746160185809545e-05	3.746160185809545e-05	3.746160185809545e-05	3.746160185809545e-05	3.746160185809545e-05
_scratch_st-cdeboer-1_asfar_VLPs_results_crispresso_aggregated_spacer_SPACE_rep3_.staging_CRISPRessoPooled_on_SPACE_D5_rep3_CRISPResso_on_PDCD1	Substitutions	5.619240278714318e-05	0.00013111560650333408	0.0005057316250842886	0.0005806548288004795	0.00016857720836142953	0.0005993856297295272	5.619240278714318e-05	0.00011238480557428635	0.00011238480557428635	7.49232037161909e-05	0.00013111560650333408	9.365400464523863e-05	0.00020603881021952498	0.0002247696111485727	3.746160185809545e-05	0.0001498464074323818	3.746160185809545e-05	0.00026223121300666816	0.00013111560650333408	0.00020603881021952498
_scratch_st-cdeboer-1_asfar_VLPs_results_crispresso_aggregated_spacer_SPACE_rep3_.staging_CRISPRessoPooled_on_SPACE_D5_rep3_CRISPResso_on_PDCD1	All_modifications	0.00020603881021952498	0.00016857720836142953	0.000543193226942384	0.0006743088334457181	0.0002996928148647636	0.0007117704353038136	0.00020603881021952498	0.00026223121300666816	0.0002996928148647636	0.0002247696111485727	0.0002996928148647636	0.00013111560650333408	0.00024350041207762044	0.00026223121300666816	7.49232037161909e-05	0.00018730800929047726	7.49232037161909e-05	0.0002996928148647636	0.00016857720836142953	0.00024350041207762044
