Folder	Modification	G	G	C	C	C	A	G	A	C	T	G	A	G	C	A	C	G	T	G	A
_scratch_st-cdeboer-1_asfar_VLPs_results_crispresso_aggregated_spacer_SPACE-NG_rep2_.staging_CRISPRessoPooled_on_SPACE-NG_D0_rep2_CRISPResso_on_HEK3	Insertions	0.0	0.0	0.0	0.0	0.0	0.0	0.0	0.0	0.0	0.0	0.0	0.0	0.0	0.0	0.0	0.0	0.0	0.0	0.0	0.0
_scratch_st-cdeboer-1_asfar_VLPs_results_crispresso_aggregated_spacer_SPACE-NG_rep2_.staging_CRISPRessoPooled_on_SPACE-NG_D0_rep2_CRISPResso_on_HEK3	Insertions_Left	0.0	0.0	0.0	0.0	0.0	0.0	0.0	0.0	0.0	0.0	0.0	0.0	0.0	0.0	0.0	0.0	0.0	0.0	0.0	0.0
_scratch_st-cdeboer-1_asfar_VLPs_results_crispresso_aggregated_spacer_SPACE-NG_rep2_.staging_CRISPRessoPooled_on_SPACE-NG_D0_rep2_CRISPResso_on_HEK3	Deletions	0.0	2.7424308907415534e-05	0.0	0.0	0.0	0.0	0.0	0.0	0.0	0.0	0.0	0.0	0.0	0.0	0.0	0.0	0.0	0.0	0.0	0.0
_scratch_st-cdeboer-1_asfar_VLPs_results_crispresso_aggregated_spacer_SPACE-NG_rep2_.staging_CRISPRessoPooled_on_SPACE-NG_D0_rep2_CRISPResso_on_HEK3	Substitutions	2.7424308907415534e-05	0.00019197016235190874	0.0	0.00013712154453707768	0.00021939447125932427	0.00013712154453707768	0.0002468187801667398	5.484861781483107e-05	0.00010969723562966213	0.00013712154453707768	0.0002468187801667398	0.00013712154453707768	8.22729267222466e-05	0.00019197016235190874	5.484861781483107e-05	0.0001645458534444932	0.00027424308907415536	0.0001645458534444932	0.0001645458534444932	0.00027424308907415536
_scratch_st-cdeboer-1_asfar_VLPs_results_crispresso_aggregated_spacer_SPACE-NG_rep2_.staging_CRISPRessoPooled_on_SPACE-NG_D0_rep2_CRISPResso_on_HEK3	All_modifications	2.7424308907415534e-05	0.00021939447125932427	0.0	0.00013712154453707768	0.00021939447125932427	0.00013712154453707768	0.0002468187801667398	5.484861781483107e-05	0.00010969723562966213	0.00013712154453707768	0.0002468187801667398	0.00013712154453707768	8.22729267222466e-05	0.00019197016235190874	5.484861781483107e-05	0.0001645458534444932	0.00027424308907415536	0.0001645458534444932	0.0001645458534444932	0.00027424308907415536
_scratch_st-cdeboer-1_asfar_VLPs_results_crispresso_aggregated_spacer_SPACE-NG_rep2_.staging_CRISPRessoPooled_on_SPACE-NG_D1_rep2_CRISPResso_on_HEK3	Insertions	0.0	0.0	0.0	0.0	0.0	0.0	0.0	0.0	0.0	0.0	0.0	0.0	0.0	0.0	0.0	0.0	0.0	0.0	0.0	0.0
_scratch_st-cdeboer-1_asfar_VLPs_results_crispresso_aggregated_spacer_SPACE-NG_rep2_.staging_CRISPRessoPooled_on_SPACE-NG_D1_rep2_CRISPResso_on_HEK3	Insertions_Left	0.0	0.0	0.0	0.0	0.0	0.0	0.0	0.0	0.0	0.0	0.0	0.0	0.0	0.0	0.0	0.0	0.0	0.0	0.0	0.0
_scratch_st-cdeboer-1_asfar_VLPs_results_crispresso_aggregated_spacer_SPACE-NG_rep2_.staging_CRISPRessoPooled_on_SPACE-NG_D1_rep2_CRISPResso_on_HEK3	Deletions	0.0	0.0	0.0	0.0	0.0	0.0	0.0	0.0	0.0	0.0	0.0	0.0	0.0	0.0	0.0	0.0	0.0	0.0	0.0	0.0
_scratch_st-cdeboer-1_asfar_VLPs_results_crispresso_aggregated_spacer_SPACE-NG_rep2_.staging_CRISPRessoPooled_on_SPACE-NG_D1_rep2_CRISPResso_on_HEK3	Substitutions	0.0003642721841760163	0.0003642721841760163	0.00014570887367040654	0.0	7.285443683520327e-05	0.0	0.00014570887367040654	7.285443683520327e-05	0.0	0.0	0.0002914177473408131	0.0005099810578464228	7.285443683520327e-05	7.285443683520327e-05	7.285443683520327e-05	0.00014570887367040654	0.00014570887367040654	0.00014570887367040654	0.0002914177473408131	0.00014570887367040654
_scratch_st-cdeboer-1_asfar_VLPs_results_crispresso_aggregated_spacer_SPACE-NG_rep2_.staging_CRISPRessoPooled_on_SPACE-NG_D1_rep2_CRISPResso_on_HEK3	All_modifications	0.0003642721841760163	0.0003642721841760163	0.00014570887367040654	0.0	7.285443683520327e-05	0.0	0.00014570887367040654	7.285443683520327e-05	0.0	0.0	0.0002914177473408131	0.0005099810578464228	7.285443683520327e-05	7.285443683520327e-05	7.285443683520327e-05	0.00014570887367040654	0.00014570887367040654	0.00014570887367040654	0.0002914177473408131	0.00014570887367040654
_scratch_st-cdeboer-1_asfar_VLPs_results_crispresso_aggregated_spacer_SPACE-NG_rep2_.staging_CRISPRessoPooled_on_SPACE-NG_D2_rep2_CRISPResso_on_HEK3	Insertions	0.0	0.0	0.0	0.0	0.0	0.0	0.0	0.0	0.0	0.0	0.0	0.0	0.0	0.0	0.0	0.0	0.0	0.0	0.0	0.0
_scratch_st-cdeboer-1_asfar_VLPs_results_crispresso_aggregated_spacer_SPACE-NG_rep2_.staging_CRISPRessoPooled_on_SPACE-NG_D2_rep2_CRISPResso_on_HEK3	Insertions_Left	0.0	0.0	0.0	0.0	0.0	0.0	0.0	0.0	0.0	0.0	0.0	0.0	0.0	0.0	0.0	0.0	0.0	0.0	0.0	0.0
_scratch_st-cdeboer-1_asfar_VLPs_results_crispresso_aggregated_spacer_SPACE-NG_rep2_.staging_CRISPRessoPooled_on_SPACE-NG_D2_rep2_CRISPResso_on_HEK3	Deletions	0.0	0.00016644474034620507	0.0	0.0	3.328894806924101e-05	0.0	0.0	0.0	0.0	0.0	0.0	0.0	0.0	0.0	0.0	0.0	0.0	0.0	0.0	0.0
_scratch_st-cdeboer-1_asfar_VLPs_results_crispresso_aggregated_spacer_SPACE-NG_rep2_.staging_CRISPRessoPooled_on_SPACE-NG_D2_rep2_CRISPResso_on_HEK3	Substitutions	0.00023302263648468708	0.00019973368841544607	3.328894806924101e-05	0.00013315579227696404	0.00016644474034620507	0.0011984021304926764	6.657789613848202e-05	0.0007323568575233022	0.00019973368841544607	0.00023302263648468708	0.0002996005326231691	0.0004327563249001332	6.657789613848202e-05	9.986684420772304e-05	0.00019973368841544607	6.657789613848202e-05	0.00013315579227696404	9.986684420772304e-05	9.986684420772304e-05	0.00013315579227696404
_scratch_st-cdeboer-1_asfar_VLPs_results_crispresso_aggregated_spacer_SPACE-NG_rep2_.staging_CRISPRessoPooled_on_SPACE-NG_D2_rep2_CRISPResso_on_HEK3	All_modifications	0.00023302263648468708	0.0003661784287616511	3.328894806924101e-05	0.00013315579227696404	0.00019973368841544607	0.0011984021304926764	6.657789613848202e-05	0.0007323568575233022	0.00019973368841544607	0.00023302263648468708	0.0002996005326231691	0.0004327563249001332	6.657789613848202e-05	9.986684420772304e-05	0.00019973368841544607	6.657789613848202e-05	0.00013315579227696404	9.986684420772304e-05	9.986684420772304e-05	0.00013315579227696404
_scratch_st-cdeboer-1_asfar_VLPs_results_crispresso_aggregated_spacer_SPACE-NG_rep2_.staging_CRISPRessoPooled_on_SPACE-NG_D3_rep2_CRISPResso_on_HEK3	Insertions	0.0	0.0	0.0	0.0	0.0	0.0	0.0	0.0	0.0	0.0	0.0	0.0	0.0	0.0	0.0	0.0	0.0	0.0	0.0	0.0
_scratch_st-cdeboer-1_asfar_VLPs_results_crispresso_aggregated_spacer_SPACE-NG_rep2_.staging_CRISPRessoPooled_on_SPACE-NG_D3_rep2_CRISPResso_on_HEK3	Insertions_Left	0.0	0.0	0.0	0.0	0.0	0.0	0.0	0.0	0.0	0.0	0.0	0.0	0.0	0.0	0.0	0.0	0.0	0.0	0.0	0.0
_scratch_st-cdeboer-1_asfar_VLPs_results_crispresso_aggregated_spacer_SPACE-NG_rep2_.staging_CRISPRessoPooled_on_SPACE-NG_D3_rep2_CRISPResso_on_HEK3	Deletions	0.0	4.5154881242662334e-05	0.0	0.0	4.5154881242662334e-05	0.0	0.0	0.0	0.0	0.0	0.0	0.0	0.0	4.5154881242662334e-05	0.0	0.0	0.0	0.0	0.0	0.0
_scratch_st-cdeboer-1_asfar_VLPs_results_crispresso_aggregated_spacer_SPACE-NG_rep2_.staging_CRISPRessoPooled_on_SPACE-NG_D3_rep2_CRISPResso_on_HEK3	Substitutions	0.00045154881242662334	0.00018061952497064934	9.030976248532467e-05	4.5154881242662334e-05	0.00031608416869863634	9.030976248532467e-05	9.030976248532467e-05	0.00031608416869863634	9.030976248532467e-05	0.00018061952497064934	0.00018061952497064934	0.00036123904994129867	4.5154881242662334e-05	0.00022577440621331167	4.5154881242662334e-05	0.000135464643727987	0.000270929287455974	9.030976248532467e-05	0.000135464643727987	0.000270929287455974
_scratch_st-cdeboer-1_asfar_VLPs_results_crispresso_aggregated_spacer_SPACE-NG_rep2_.staging_CRISPRessoPooled_on_SPACE-NG_D3_rep2_CRISPResso_on_HEK3	All_modifications	0.00045154881242662334	0.00022577440621331167	9.030976248532467e-05	4.5154881242662334e-05	0.00036123904994129867	9.030976248532467e-05	9.030976248532467e-05	0.00031608416869863634	9.030976248532467e-05	0.00018061952497064934	0.00018061952497064934	0.00036123904994129867	4.5154881242662334e-05	0.000270929287455974	4.5154881242662334e-05	0.000135464643727987	0.000270929287455974	9.030976248532467e-05	0.000135464643727987	0.000270929287455974
_scratch_st-cdeboer-1_asfar_VLPs_results_crispresso_aggregated_spacer_SPACE-NG_rep2_.staging_CRISPRessoPooled_on_SPACE-NG_D4_rep2_CRISPResso_on_HEK3	Insertions	0.0	0.0	0.0	0.0	0.0	0.0	0.0	0.0	0.0	0.0	0.0	0.0	0.0	0.0	0.0	0.0	0.0	0.0	0.0	0.0
_scratch_st-cdeboer-1_asfar_VLPs_results_crispresso_aggregated_spacer_SPACE-NG_rep2_.staging_CRISPRessoPooled_on_SPACE-NG_D4_rep2_CRISPResso_on_HEK3	Insertions_Left	0.0	0.0	0.0	0.0	0.0	0.0	0.0	0.0	0.0	0.0	0.0	0.0	0.0	0.0	0.0	0.0	0.0	0.0	0.0	0.0
_scratch_st-cdeboer-1_asfar_VLPs_results_crispresso_aggregated_spacer_SPACE-NG_rep2_.staging_CRISPRessoPooled_on_SPACE-NG_D4_rep2_CRISPResso_on_HEK3	Deletions	0.0	0.0	0.0	0.0	0.00010556875164951175	0.0	0.0	0.0	0.0	0.0	0.0	0.0	0.0	0.0	0.0	0.0	0.0	0.0	0.0	0.0
_scratch_st-cdeboer-1_asfar_VLPs_results_crispresso_aggregated_spacer_SPACE-NG_rep2_.staging_CRISPRessoPooled_on_SPACE-NG_D4_rep2_CRISPResso_on_HEK3	Substitutions	0.0002111375032990235	0.0002639218791237794	0.0	0.0002639218791237794	0.0002111375032990235	0.0002111375032990235	0.0002111375032990235	0.0002111375032990235	0.00010556875164951175	0.0002111375032990235	0.0002111375032990235	0.0002639218791237794	0.00010556875164951175	0.00031670625494853525	0.0002111375032990235	0.00031670625494853525	0.0003694906307732911	0.000422275006598047	0.00010556875164951175	0.00010556875164951175
_scratch_st-cdeboer-1_asfar_VLPs_results_crispresso_aggregated_spacer_SPACE-NG_rep2_.staging_CRISPRessoPooled_on_SPACE-NG_D4_rep2_CRISPResso_on_HEK3	All_modifications	0.0002111375032990235	0.0002639218791237794	0.0	0.0002639218791237794	0.00031670625494853525	0.0002111375032990235	0.0002111375032990235	0.0002111375032990235	0.00010556875164951175	0.0002111375032990235	0.0002111375032990235	0.0002639218791237794	0.00010556875164951175	0.00031670625494853525	0.0002111375032990235	0.00031670625494853525	0.0003694906307732911	0.000422275006598047	0.00010556875164951175	0.00010556875164951175
_scratch_st-cdeboer-1_asfar_VLPs_results_crispresso_aggregated_spacer_SPACE-NG_rep2_.staging_CRISPRessoPooled_on_SPACE-NG_D5_rep2_CRISPResso_on_HEK3	Insertions	0.0	0.0	0.0	0.0	0.0	0.0	0.0	0.0	0.0	0.0	0.0	0.0	0.0	0.0	0.0	0.0	0.0	0.0	0.0	0.0
_scratch_st-cdeboer-1_asfar_VLPs_results_crispresso_aggregated_spacer_SPACE-NG_rep2_.staging_CRISPRessoPooled_on_SPACE-NG_D5_rep2_CRISPResso_on_HEK3	Insertions_Left	0.0	0.0	0.0	0.0	0.0	0.0	0.0	0.0	0.0	0.0	0.0	0.0	0.0	0.0	0.0	0.0	0.0	0.0	0.0	0.0
_scratch_st-cdeboer-1_asfar_VLPs_results_crispresso_aggregated_spacer_SPACE-NG_rep2_.staging_CRISPRessoPooled_on_SPACE-NG_D5_rep2_CRISPResso_on_HEK3	Deletions	0.0	3.818688662313362e-05	0.0	0.0	0.0	0.0	0.0	0.0	0.0	0.0	0.0	0.0	0.0	0.0	0.0	0.0	0.0	0.0	0.0	0.0
_scratch_st-cdeboer-1_asfar_VLPs_results_crispresso_aggregated_spacer_SPACE-NG_rep2_.staging_CRISPRessoPooled_on_SPACE-NG_D5_rep2_CRISPResso_on_HEK3	Substitutions	3.818688662313362e-05	0.000496429526100737	0.00015274754649253447	0.0002673082063619353	0.00011456065986940085	0.0002291213197388017	0.00011456065986940085	0.00034368197960820253	0.0	0.0002291213197388017	0.00019093443311566808	0.0002291213197388017	0.00019093443311566808	7.637377324626724e-05	7.637377324626724e-05	0.00011456065986940085	0.0002673082063619353	7.637377324626724e-05	0.0002291213197388017	0.00042005575285446975
_scratch_st-cdeboer-1_asfar_VLPs_results_crispresso_aggregated_spacer_SPACE-NG_rep2_.staging_CRISPRessoPooled_on_SPACE-NG_D5_rep2_CRISPResso_on_HEK3	All_modifications	3.818688662313362e-05	0.0005346164127238706	0.00015274754649253447	0.0002673082063619353	0.00011456065986940085	0.0002291213197388017	0.00011456065986940085	0.00034368197960820253	0.0	0.0002291213197388017	0.00019093443311566808	0.0002291213197388017	0.00019093443311566808	7.637377324626724e-05	7.637377324626724e-05	0.00011456065986940085	0.0002673082063619353	7.637377324626724e-05	0.0002291213197388017	0.00042005575285446975
