Folder	Modification	G	G	C	C	C	A	G	A	C	T	G	A	G	C	A	C	G	T	G	A
_scratch_st-cdeboer-1_asfar_VLPs_results_crispresso_aggregated_spacer_SPACE-DeltaUGI_rep1_.staging_CRISPRessoPooled_on_SPACE-DeltaUGI_D1_rep1_CRISPResso_on_HEK3	Insertions	0.0	0.0	0.0	0.0	0.0	0.0	0.0	0.0	0.0	0.0	0.0	0.0	0.0	0.0	0.0	0.0	0.0	0.0	0.0	0.0
_scratch_st-cdeboer-1_asfar_VLPs_results_crispresso_aggregated_spacer_SPACE-DeltaUGI_rep1_.staging_CRISPRessoPooled_on_SPACE-DeltaUGI_D1_rep1_CRISPResso_on_HEK3	Insertions_Left	0.0	0.0	0.0	0.0	0.0	0.0	0.0	0.0	0.0	0.0	0.0	0.0	0.0	0.0	0.0	0.0	0.0	0.0	0.0	0.0
_scratch_st-cdeboer-1_asfar_VLPs_results_crispresso_aggregated_spacer_SPACE-DeltaUGI_rep1_.staging_CRISPRessoPooled_on_SPACE-DeltaUGI_D1_rep1_CRISPResso_on_HEK3	Deletions	0.00010514694285263655	0.00010514694285263655	0.00010514694285263655	0.00010514694285263655	0.00010514694285263655	0.00010514694285263655	0.00010514694285263655	0.00010514694285263655	0.00010514694285263655	0.00010514694285263655	0.00010514694285263655	0.00010514694285263655	0.00010514694285263655	0.00010514694285263655	0.00010514694285263655	0.00010514694285263655	0.00010514694285263655	0.0002102938857052731	0.0002102938857052731	0.00010514694285263655
_scratch_st-cdeboer-1_asfar_VLPs_results_crispresso_aggregated_spacer_SPACE-DeltaUGI_rep1_.staging_CRISPRessoPooled_on_SPACE-DeltaUGI_D1_rep1_CRISPResso_on_HEK3	Substitutions	0.0004205877714105462	0.00036801429998422795	0.0002102938857052731	0.0002628673571315914	0.0002628673571315914	0.014457704642237527	0.0003154408285579097	0.00520477367120551	0.00010514694285263655	5.257347142631828e-05	0.00010514694285263655	0.00015772041427895484	0.00015772041427895484	0.0003154408285579097	0.0002102938857052731	0.0002102938857052731	0.00036801429998422795	0.00010514694285263655	0.0002102938857052731	0.00010514694285263655
_scratch_st-cdeboer-1_asfar_VLPs_results_crispresso_aggregated_spacer_SPACE-DeltaUGI_rep1_.staging_CRISPRessoPooled_on_SPACE-DeltaUGI_D1_rep1_CRISPResso_on_HEK3	All_modifications	0.0005257347142631828	0.00047316124283686454	0.0003154408285579097	0.00036801429998422795	0.00036801429998422795	0.014562851585090164	0.0004205877714105462	0.0053099206140581464	0.0002102938857052731	0.00015772041427895484	0.0002102938857052731	0.0002628673571315914	0.0002628673571315914	0.0004205877714105462	0.0003154408285579097	0.0003154408285579097	0.00047316124283686454	0.0003154408285579097	0.0004205877714105462	0.0002102938857052731
_scratch_st-cdeboer-1_asfar_VLPs_results_crispresso_aggregated_spacer_SPACE-DeltaUGI_rep1_.staging_CRISPRessoPooled_on_SPACE-DeltaUGI_D2_rep1_CRISPResso_on_HEK3	Insertions	0.0	0.0	0.0	0.0	0.0	0.0	0.0	0.0	0.0	0.0	0.0	0.0	0.0	0.0	0.0	0.0	0.0	0.0	0.0	0.0
_scratch_st-cdeboer-1_asfar_VLPs_results_crispresso_aggregated_spacer_SPACE-DeltaUGI_rep1_.staging_CRISPRessoPooled_on_SPACE-DeltaUGI_D2_rep1_CRISPResso_on_HEK3	Insertions_Left	0.0	0.0	0.0	0.0	0.0	0.0	0.0	0.0	0.0	0.0	0.0	0.0	0.0	0.0	0.0	0.0	0.0	0.0	0.0	0.0
_scratch_st-cdeboer-1_asfar_VLPs_results_crispresso_aggregated_spacer_SPACE-DeltaUGI_rep1_.staging_CRISPRessoPooled_on_SPACE-DeltaUGI_D2_rep1_CRISPResso_on_HEK3	Deletions	0.0	7.283055970285132e-05	0.0	0.0	7.283055970285132e-05	0.0	0.0	0.0	0.0	0.0	3.641527985142566e-05	0.0	0.0	0.0	0.0	0.0	0.0	0.0	0.0	0.0
_scratch_st-cdeboer-1_asfar_VLPs_results_crispresso_aggregated_spacer_SPACE-DeltaUGI_rep1_.staging_CRISPRessoPooled_on_SPACE-DeltaUGI_D2_rep1_CRISPResso_on_HEK3	Substitutions	0.0002913222388114053	0.0002549069589599796	0.0001820763992571283	7.283055970285132e-05	0.00021849167910855394	0.013764975783838899	0.00010924583955427697	0.008448344925530753	0.00010924583955427697	0.00021849167910855394	0.00014566111940570264	0.0002913222388114053	0.00014566111940570264	0.0002549069589599796	3.641527985142566e-05	7.283055970285132e-05	0.00014566111940570264	0.0002549069589599796	0.0002913222388114053	0.0002549069589599796
_scratch_st-cdeboer-1_asfar_VLPs_results_crispresso_aggregated_spacer_SPACE-DeltaUGI_rep1_.staging_CRISPRessoPooled_on_SPACE-DeltaUGI_D2_rep1_CRISPResso_on_HEK3	All_modifications	0.0002913222388114053	0.00032773751866283093	0.0001820763992571283	7.283055970285132e-05	0.0002913222388114053	0.013764975783838899	0.00010924583955427697	0.008448344925530753	0.00010924583955427697	0.00021849167910855394	0.0001820763992571283	0.0002913222388114053	0.00014566111940570264	0.0002549069589599796	3.641527985142566e-05	7.283055970285132e-05	0.00014566111940570264	0.0002549069589599796	0.0002913222388114053	0.0002549069589599796
_scratch_st-cdeboer-1_asfar_VLPs_results_crispresso_aggregated_spacer_SPACE-DeltaUGI_rep1_.staging_CRISPRessoPooled_on_SPACE-DeltaUGI_D3_rep1_CRISPResso_on_HEK3	Insertions	0.0	0.0	0.0	0.0	0.0	0.0	0.0	0.0	0.0	0.0	0.0	0.0	0.0	0.0	0.0	0.0	0.0	0.0	0.0	0.0
_scratch_st-cdeboer-1_asfar_VLPs_results_crispresso_aggregated_spacer_SPACE-DeltaUGI_rep1_.staging_CRISPRessoPooled_on_SPACE-DeltaUGI_D3_rep1_CRISPResso_on_HEK3	Insertions_Left	0.0	0.0	0.0	0.0	0.0	0.0	0.0	0.0	0.0	0.0	0.0	0.0	0.0	0.0	0.0	0.0	0.0	0.0	0.0	0.0
_scratch_st-cdeboer-1_asfar_VLPs_results_crispresso_aggregated_spacer_SPACE-DeltaUGI_rep1_.staging_CRISPRessoPooled_on_SPACE-DeltaUGI_D3_rep1_CRISPResso_on_HEK3	Deletions	0.0	5.3814555043320716e-05	0.0	0.0	1.7938185014440237e-05	0.0	0.0	0.0	0.0	0.0	0.0	0.0	0.0	0.0	0.0	0.0	0.0	0.0	8.969092507220119e-06	0.0
_scratch_st-cdeboer-1_asfar_VLPs_results_crispresso_aggregated_spacer_SPACE-DeltaUGI_rep1_.staging_CRISPRessoPooled_on_SPACE-DeltaUGI_D3_rep1_CRISPResso_on_HEK3	Substitutions	0.00026907277521660356	0.0002331964051877231	0.00013453638760830178	0.00017938185014440238	8.969092507220119e-05	0.00038567097781046515	0.00024216549769494322	0.0002870109602310438	8.969092507220119e-05	0.0001435054801155219	0.00015247457262274202	0.00021525822017328286	7.175274005776095e-05	8.969092507220119e-05	0.00012556729510108169	0.00013453638760830178	0.00021525822017328286	0.00017041275763718226	0.00017041275763718226	0.0001883509426516225
_scratch_st-cdeboer-1_asfar_VLPs_results_crispresso_aggregated_spacer_SPACE-DeltaUGI_rep1_.staging_CRISPRessoPooled_on_SPACE-DeltaUGI_D3_rep1_CRISPResso_on_HEK3	All_modifications	0.00026907277521660356	0.0002870109602310438	0.00013453638760830178	0.00017938185014440238	0.00010762911008664143	0.00038567097781046515	0.00024216549769494322	0.0002870109602310438	8.969092507220119e-05	0.0001435054801155219	0.00015247457262274202	0.00021525822017328286	7.175274005776095e-05	8.969092507220119e-05	0.00012556729510108169	0.00013453638760830178	0.00021525822017328286	0.00017041275763718226	0.00017938185014440238	0.0001883509426516225
_scratch_st-cdeboer-1_asfar_VLPs_results_crispresso_aggregated_spacer_SPACE-DeltaUGI_rep1_.staging_CRISPRessoPooled_on_SPACE-DeltaUGI_D4_rep1_CRISPResso_on_HEK3	Insertions	0.0	0.0	0.0	0.0	0.0	0.0	0.0	0.0	0.0	0.00026881720430107527	0.00026881720430107527	0.0	0.0	0.0	0.0	0.0	0.0	0.0	0.0	0.0
_scratch_st-cdeboer-1_asfar_VLPs_results_crispresso_aggregated_spacer_SPACE-DeltaUGI_rep1_.staging_CRISPRessoPooled_on_SPACE-DeltaUGI_D4_rep1_CRISPResso_on_HEK3	Insertions_Left	0.0	0.0	0.0	0.0	0.0	0.0	0.0	0.0	0.0	0.00026881720430107527	0.0	0.0	0.0	0.0	0.0	0.0	0.0	0.0	0.0	0.0
_scratch_st-cdeboer-1_asfar_VLPs_results_crispresso_aggregated_spacer_SPACE-DeltaUGI_rep1_.staging_CRISPRessoPooled_on_SPACE-DeltaUGI_D4_rep1_CRISPResso_on_HEK3	Deletions	0.0	0.0	0.0	0.0	0.00026881720430107527	0.0	0.0	0.0	0.0	0.0	0.00026881720430107527	0.00026881720430107527	0.00026881720430107527	0.00026881720430107527	0.00026881720430107527	0.00026881720430107527	0.00026881720430107527	0.00026881720430107527	0.0	0.0
_scratch_st-cdeboer-1_asfar_VLPs_results_crispresso_aggregated_spacer_SPACE-DeltaUGI_rep1_.staging_CRISPRessoPooled_on_SPACE-DeltaUGI_D4_rep1_CRISPResso_on_HEK3	Substitutions	0.0005376344086021505	0.0008064516129032258	0.0005376344086021505	0.00026881720430107527	0.0	0.04059139784946236	0.0	0.018548387096774192	0.0	0.00026881720430107527	0.0	0.0	0.00026881720430107527	0.0	0.0	0.0	0.0	0.0	0.0	0.0
_scratch_st-cdeboer-1_asfar_VLPs_results_crispresso_aggregated_spacer_SPACE-DeltaUGI_rep1_.staging_CRISPRessoPooled_on_SPACE-DeltaUGI_D4_rep1_CRISPResso_on_HEK3	All_modifications	0.0005376344086021505	0.0008064516129032258	0.0005376344086021505	0.00026881720430107527	0.00026881720430107527	0.04059139784946236	0.0	0.018548387096774192	0.0	0.0005376344086021505	0.0005376344086021505	0.00026881720430107527	0.0005376344086021505	0.00026881720430107527	0.00026881720430107527	0.00026881720430107527	0.00026881720430107527	0.00026881720430107527	0.0	0.0
_scratch_st-cdeboer-1_asfar_VLPs_results_crispresso_aggregated_spacer_SPACE-DeltaUGI_rep1_.staging_CRISPRessoPooled_on_SPACE-DeltaUGI_D5_rep1_CRISPResso_on_HEK3	Insertions	0.0	0.0	0.0	0.0	0.0	0.0	0.0	0.0	0.0	0.0004328468958694039	0.0004328468958694039	0.0	0.0	0.0	0.0	0.0	0.0	0.0	0.0	0.0
_scratch_st-cdeboer-1_asfar_VLPs_results_crispresso_aggregated_spacer_SPACE-DeltaUGI_rep1_.staging_CRISPRessoPooled_on_SPACE-DeltaUGI_D5_rep1_CRISPResso_on_HEK3	Insertions_Left	0.0	0.0	0.0	0.0	0.0	0.0	0.0	0.0	0.0	0.0004328468958694039	0.0	0.0	0.0	0.0	0.0	0.0	0.0	0.0	0.0	0.0
_scratch_st-cdeboer-1_asfar_VLPs_results_crispresso_aggregated_spacer_SPACE-DeltaUGI_rep1_.staging_CRISPRessoPooled_on_SPACE-DeltaUGI_D5_rep1_CRISPResso_on_HEK3	Deletions	3.091763541924314e-05	9.27529062577294e-05	3.091763541924314e-05	3.091763541924314e-05	3.091763541924314e-05	3.091763541924314e-05	3.091763541924314e-05	3.091763541924314e-05	3.091763541924314e-05	3.091763541924314e-05	3.091763541924314e-05	3.091763541924314e-05	3.091763541924314e-05	0.0	0.0	0.0	0.0	0.0	0.0	0.0
_scratch_st-cdeboer-1_asfar_VLPs_results_crispresso_aggregated_spacer_SPACE-DeltaUGI_rep1_.staging_CRISPRessoPooled_on_SPACE-DeltaUGI_D5_rep1_CRISPResso_on_HEK3	Substitutions	0.0001855058125154588	0.0001545881770962157	0.0001855058125154588	0.00012367054167697255	0.0001545881770962157	0.06270096463022508	0.00021642344793470196	0.02464135542913678	0.0005565174375463765	0.00012367054167697255	0.0008656937917388078	0.00021642344793470196	0.00012367054167697255	0.00012367054167697255	0.0001855058125154588	0.00021642344793470196	0.0004946821667078902	0.00027825871877318824	9.27529062577294e-05	0.00021642344793470196
_scratch_st-cdeboer-1_asfar_VLPs_results_crispresso_aggregated_spacer_SPACE-DeltaUGI_rep1_.staging_CRISPRessoPooled_on_SPACE-DeltaUGI_D5_rep1_CRISPResso_on_HEK3	All_modifications	0.00021642344793470196	0.0002473410833539451	0.00021642344793470196	0.0001545881770962157	0.0001855058125154588	0.06273188226564433	0.0002473410833539451	0.024672273064556022	0.0005874350729656196	0.0005874350729656196	0.0013294583230274548	0.0002473410833539451	0.0001545881770962157	0.00012367054167697255	0.0001855058125154588	0.00021642344793470196	0.0004946821667078902	0.00027825871877318824	9.27529062577294e-05	0.00021642344793470196
