Folder	Modification	G	G	A	G	G	C	T	A	T	C	C	A	G	C	G	T	G	A	G	T
_scratch_st-cdeboer-1_asfar_VLPs_results_crispresso_aggregated_spacer_SPACE_rep3_.staging_CRISPRessoPooled_on_SPACE_D0_rep3_CRISPResso_on_B2M	Insertions	0.0	0.0	0.0	0.0	0.0	0.0	0.0	0.0	0.0	0.0	0.0	0.0	0.0	0.0	0.0	0.0	0.0	0.0	0.0	0.0
_scratch_st-cdeboer-1_asfar_VLPs_results_crispresso_aggregated_spacer_SPACE_rep3_.staging_CRISPRessoPooled_on_SPACE_D0_rep3_CRISPResso_on_B2M	Insertions_Left	0.0	0.0	0.0	0.0	0.0	0.0	0.0	0.0	0.0	0.0	0.0	0.0	0.0	0.0	0.0	0.0	0.0	0.0	0.0	0.0
_scratch_st-cdeboer-1_asfar_VLPs_results_crispresso_aggregated_spacer_SPACE_rep3_.staging_CRISPRessoPooled_on_SPACE_D0_rep3_CRISPResso_on_B2M	Deletions	0.0	2.664606037997282e-05	0.0	0.0	0.0	0.0	0.00010658424151989128	0.00010658424151989128	0.00010658424151989128	0.00010658424151989128	0.00010658424151989128	0.00010658424151989128	0.00010658424151989128	0.00010658424151989128	0.0	0.0	0.0	0.0	0.0	0.0
_scratch_st-cdeboer-1_asfar_VLPs_results_crispresso_aggregated_spacer_SPACE_rep3_.staging_CRISPRessoPooled_on_SPACE_D0_rep3_CRISPResso_on_B2M	Substitutions	0.0003463987849396467	0.0005862133283594021	7.993818113991846e-05	0.0005062751472194836	0.00031975272455967384	5.329212075994564e-05	0.00015987636227983692	0.00015987636227983692	0.0002664606037997282	0.00018652242265980974	5.329212075994564e-05	0.00021316848303978256	0.00031975272455967384	0.00021316848303978256	0.00021316848303978256	0.00021316848303978256	0.0002664606037997282	0.00031975272455967384	0.0001332303018998641	0.0005329212075994564
_scratch_st-cdeboer-1_asfar_VLPs_results_crispresso_aggregated_spacer_SPACE_rep3_.staging_CRISPRessoPooled_on_SPACE_D0_rep3_CRISPResso_on_B2M	All_modifications	0.0003463987849396467	0.0006128593887393749	7.993818113991846e-05	0.0005062751472194836	0.00031975272455967384	5.329212075994564e-05	0.0002664606037997282	0.0002664606037997282	0.0003730448453196195	0.00029310666417970105	0.00015987636227983692	0.00031975272455967384	0.0004263369660795651	0.00031975272455967384	0.00021316848303978256	0.00021316848303978256	0.0002664606037997282	0.00031975272455967384	0.0001332303018998641	0.0005329212075994564
_scratch_st-cdeboer-1_asfar_VLPs_results_crispresso_aggregated_spacer_SPACE_rep3_.staging_CRISPRessoPooled_on_SPACE_D1_rep3_CRISPResso_on_B2M	Insertions	0.0	0.0	0.0	0.0	0.0	0.0	0.0	0.0	0.0	0.0	0.0	0.0	0.0	0.0	0.0	0.0	0.0	0.0	0.0	0.0
_scratch_st-cdeboer-1_asfar_VLPs_results_crispresso_aggregated_spacer_SPACE_rep3_.staging_CRISPRessoPooled_on_SPACE_D1_rep3_CRISPResso_on_B2M	Insertions_Left	0.0	0.0	0.0	0.0	0.0	0.0	0.0	0.0	0.0	0.0	0.0	0.0	0.0	0.0	0.0	0.0	0.0	0.0	0.0	0.0
_scratch_st-cdeboer-1_asfar_VLPs_results_crispresso_aggregated_spacer_SPACE_rep3_.staging_CRISPRessoPooled_on_SPACE_D1_rep3_CRISPResso_on_B2M	Deletions	0.0	2.7977897461005807e-05	1.3988948730502903e-05	0.0	0.0	0.0	0.0	0.0	0.0	0.0	2.7977897461005807e-05	0.0	5.595579492201161e-05	0.0	0.0	0.0	0.0	0.0	0.0	0.0
_scratch_st-cdeboer-1_asfar_VLPs_results_crispresso_aggregated_spacer_SPACE_rep3_.staging_CRISPRessoPooled_on_SPACE_D1_rep3_CRISPResso_on_B2M	Substitutions	0.0005036021542981045	0.00025180107714905224	0.00032174582080156676	0.0003916905644540813	0.00016786738476603483	0.00012590053857452612	0.00022382317968804645	0.00019584528222704064	0.00013988948730502904	0.00012590053857452612	0.00020983423095754353	0.00026579002587955513	0.00016786738476603483	0.00015387843603553193	0.00019584528222704064	0.00041966846191508707	0.00033573476953206965	0.00020983423095754353	0.00030775687207106387	0.00040567951318458417
_scratch_st-cdeboer-1_asfar_VLPs_results_crispresso_aggregated_spacer_SPACE_rep3_.staging_CRISPRessoPooled_on_SPACE_D1_rep3_CRISPResso_on_B2M	All_modifications	0.0005036021542981045	0.0002797789746100581	0.00033573476953206965	0.0003916905644540813	0.00016786738476603483	0.00012590053857452612	0.00022382317968804645	0.00019584528222704064	0.00013988948730502904	0.00012590053857452612	0.00023781212841854935	0.00026579002587955513	0.00022382317968804645	0.00015387843603553193	0.00019584528222704064	0.00041966846191508707	0.00033573476953206965	0.00020983423095754353	0.00030775687207106387	0.00040567951318458417
_scratch_st-cdeboer-1_asfar_VLPs_results_crispresso_aggregated_spacer_SPACE_rep3_.staging_CRISPRessoPooled_on_SPACE_D2_rep3_CRISPResso_on_B2M	Insertions	0.0	0.0	0.0	0.0	0.0	0.0	0.0	0.0	0.0	0.0	0.0	0.0	0.0	0.0	0.0	0.0	0.0	0.0	0.0	0.0
_scratch_st-cdeboer-1_asfar_VLPs_results_crispresso_aggregated_spacer_SPACE_rep3_.staging_CRISPRessoPooled_on_SPACE_D2_rep3_CRISPResso_on_B2M	Insertions_Left	0.0	0.0	0.0	0.0	0.0	0.0	0.0	0.0	0.0	0.0	0.0	0.0	0.0	0.0	0.0	0.0	0.0	0.0	0.0	0.0
_scratch_st-cdeboer-1_asfar_VLPs_results_crispresso_aggregated_spacer_SPACE_rep3_.staging_CRISPRessoPooled_on_SPACE_D2_rep3_CRISPResso_on_B2M	Deletions	0.0	3.905487209529389e-05	0.0	0.0	0.0	0.0	0.0	0.0	0.0	0.0	0.0	0.0	0.0	0.0	0.0	0.0	0.0	0.0	0.0	0.0
_scratch_st-cdeboer-1_asfar_VLPs_results_crispresso_aggregated_spacer_SPACE_rep3_.staging_CRISPRessoPooled_on_SPACE_D2_rep3_CRISPResso_on_B2M	Substitutions	0.00033196641280999804	0.0005077133372388206	0.0002733841046670572	0.00037102128490529193	0.00015621948838117556	0.0001757469244288225	7.810974419058778e-05	0.0001366920523335286	0.0003905487209529389	0.00015621948838117556	0.0001366920523335286	0.0002733841046670572	0.00019527436047646945	0.0002148017965241164	5.858230814294083e-05	0.0004100761570005858	0.0008592071860964656	0.00019527436047646945	0.0009763718023823472	0.00033196641280999804
_scratch_st-cdeboer-1_asfar_VLPs_results_crispresso_aggregated_spacer_SPACE_rep3_.staging_CRISPRessoPooled_on_SPACE_D2_rep3_CRISPResso_on_B2M	All_modifications	0.00033196641280999804	0.0005467682093341144	0.0002733841046670572	0.00037102128490529193	0.00015621948838117556	0.0001757469244288225	7.810974419058778e-05	0.0001366920523335286	0.0003905487209529389	0.00015621948838117556	0.0001366920523335286	0.0002733841046670572	0.00019527436047646945	0.0002148017965241164	5.858230814294083e-05	0.0004100761570005858	0.0008592071860964656	0.00019527436047646945	0.0009763718023823472	0.00033196641280999804
_scratch_st-cdeboer-1_asfar_VLPs_results_crispresso_aggregated_spacer_SPACE_rep3_.staging_CRISPRessoPooled_on_SPACE_D3_rep3_CRISPResso_on_B2M	Insertions	0.0	0.0	0.0	0.0	0.0	0.0	0.0	0.0	0.0	0.0	0.0	0.0	0.0	0.0	0.0	0.0	0.0	0.0	9.313696955585308e-05	9.313696955585308e-05
_scratch_st-cdeboer-1_asfar_VLPs_results_crispresso_aggregated_spacer_SPACE_rep3_.staging_CRISPRessoPooled_on_SPACE_D3_rep3_CRISPResso_on_B2M	Insertions_Left	0.0	0.0	0.0	0.0	0.0	0.0	0.0	0.0	0.0	0.0	0.0	0.0	0.0	0.0	0.0	0.0	0.0	0.0	9.313696955585308e-05	0.0
_scratch_st-cdeboer-1_asfar_VLPs_results_crispresso_aggregated_spacer_SPACE_rep3_.staging_CRISPRessoPooled_on_SPACE_D3_rep3_CRISPResso_on_B2M	Deletions	1.1642121194481635e-05	0.0	0.0	0.0	3.4926363583444904e-05	3.4926363583444904e-05	3.4926363583444904e-05	0.0001979160603061878	0.0001979160603061878	0.0001979160603061878	0.00024448454508411435	0.0001979160603061878	3.4926363583444904e-05	3.4926363583444904e-05	4.656848477792654e-05	3.4926363583444904e-05	3.4926363583444904e-05	0.0	0.0	0.0
_scratch_st-cdeboer-1_asfar_VLPs_results_crispresso_aggregated_spacer_SPACE_rep3_.staging_CRISPRessoPooled_on_SPACE_D3_rep3_CRISPResso_on_B2M	Substitutions	0.0003143372722510041	0.0006752430292799348	0.0003958321206123756	0.0004424006053903021	0.00023284242388963268	0.00013970545433377961	0.00023284242388963268	0.0001979160603061878	0.0002677687874730776	0.00013970545433377961	0.00012806333313929798	0.0003376215146399674	0.00013970545433377961	0.00023284242388963268	0.00029105302986204084	0.0003376215146399674	0.0020257290878398044	0.0003725478782234123	0.0016298969672274288	0.0003376215146399674
_scratch_st-cdeboer-1_asfar_VLPs_results_crispresso_aggregated_spacer_SPACE_rep3_.staging_CRISPRessoPooled_on_SPACE_D3_rep3_CRISPResso_on_B2M	All_modifications	0.0003259793934454858	0.0006752430292799348	0.0003958321206123756	0.0004424006053903021	0.0002677687874730776	0.00017463181791722453	0.0002677687874730776	0.0003958321206123756	0.00046568484777926536	0.0003376215146399674	0.0003725478782234123	0.0005355375749461552	0.00017463181791722453	0.0002677687874730776	0.0003376215146399674	0.0003725478782234123	0.0020606554514232493	0.0003725478782234123	0.001723033936783282	0.0004307584841958205
_scratch_st-cdeboer-1_asfar_VLPs_results_crispresso_aggregated_spacer_SPACE_rep3_.staging_CRISPRessoPooled_on_SPACE_D4_rep3_CRISPResso_on_B2M	Insertions	0.0	0.0	0.0	0.0	1.5719315895372235e-05	1.5719315895372235e-05	0.0	0.0	0.0	0.0003301056338028169	0.0003301056338028169	0.0	0.0	0.0	0.0	0.0	0.0	1.5719315895372235e-05	1.5719315895372235e-05	0.0
_scratch_st-cdeboer-1_asfar_VLPs_results_crispresso_aggregated_spacer_SPACE_rep3_.staging_CRISPRessoPooled_on_SPACE_D4_rep3_CRISPResso_on_B2M	Insertions_Left	0.0	0.0	0.0	0.0	1.5719315895372235e-05	0.0	0.0	0.0	0.0	0.0003301056338028169	0.0	0.0	0.0	0.0	0.0	0.0	0.0	1.5719315895372235e-05	0.0	0.0
_scratch_st-cdeboer-1_asfar_VLPs_results_crispresso_aggregated_spacer_SPACE_rep3_.staging_CRISPRessoPooled_on_SPACE_D4_rep3_CRISPResso_on_B2M	Deletions	3.143863179074447e-05	7.859657947686117e-05	4.71579476861167e-05	3.143863179074447e-05	3.143863179074447e-05	3.143863179074447e-05	6.287726358148894e-05	6.287726358148894e-05	0.00011003521126760564	0.0003301056338028169	0.0003301056338028169	0.0003301056338028169	0.0003301056338028169	0.0003301056338028169	0.00029866700201207244	0.00029866700201207244	3.143863179074447e-05	3.143863179074447e-05	3.143863179074447e-05	3.143863179074447e-05
_scratch_st-cdeboer-1_asfar_VLPs_results_crispresso_aggregated_spacer_SPACE_rep3_.staging_CRISPRessoPooled_on_SPACE_D4_rep3_CRISPResso_on_B2M	Substitutions	0.00012575452716297788	0.0003458249496981891	0.0002829476861167002	0.0001886317907444668	0.00012575452716297788	0.0001886317907444668	0.00015719315895372233	6.287726358148894e-05	0.00020435110663983904	0.00012575452716297788	0.00012575452716297788	0.00029866700201207244	0.0001886317907444668	0.0002829476861167002	6.287726358148894e-05	0.00029866700201207244	0.002090669014084507	0.00017291247484909456	0.002373616700201207	0.00036154426559356135
_scratch_st-cdeboer-1_asfar_VLPs_results_crispresso_aggregated_spacer_SPACE_rep3_.staging_CRISPRessoPooled_on_SPACE_D4_rep3_CRISPResso_on_B2M	All_modifications	0.00015719315895372233	0.0004244215291750503	0.0003301056338028169	0.00022007042253521127	0.00017291247484909456	0.0002357897384305835	0.00022007042253521127	0.00012575452716297788	0.00031438631790744467	0.0007859657947686117	0.0007859657947686117	0.0006287726358148893	0.0005187374245472837	0.0006130533199195171	0.00036154426559356135	0.0005973340040241449	0.0021221076458752515	0.00022007042253521127	0.0024207746478873238	0.00039298289738430586
_scratch_st-cdeboer-1_asfar_VLPs_results_crispresso_aggregated_spacer_SPACE_rep3_.staging_CRISPRessoPooled_on_SPACE_D5_rep3_CRISPResso_on_B2M	Insertions	0.0	0.0	0.0	0.0	8.69187309865276e-05	8.69187309865276e-05	0.0	0.0001955671447196871	0.0001955671447196871	0.0003911342894393742	0.0003911342894393742	0.0	0.0	0.0	0.0	0.0	0.00030421555845284656	0.00030421555845284656	0.0	0.0
_scratch_st-cdeboer-1_asfar_VLPs_results_crispresso_aggregated_spacer_SPACE_rep3_.staging_CRISPRessoPooled_on_SPACE_D5_rep3_CRISPResso_on_B2M	Insertions_Left	0.0	0.0	0.0	0.0	8.69187309865276e-05	0.0	0.0	0.0001955671447196871	0.0	0.0003911342894393742	0.0	0.0	0.0	0.0	0.0	0.0	0.00030421555845284656	0.0	0.0	0.0
_scratch_st-cdeboer-1_asfar_VLPs_results_crispresso_aggregated_spacer_SPACE_rep3_.staging_CRISPRessoPooled_on_SPACE_D5_rep3_CRISPResso_on_B2M	Deletions	6.51890482398957e-05	0.0001086484137331595	8.69187309865276e-05	6.51890482398957e-05	0.0002607561929595828	0.0003694046066927423	0.0003694046066927423	0.0002607561929595828	0.0002824858757062147	0.0002607561929595828	0.0002824858757062147	0.0001955671447196871	0.0001955671447196871	0.0	0.0	0.0	0.0	0.0	0.0	0.0
_scratch_st-cdeboer-1_asfar_VLPs_results_crispresso_aggregated_spacer_SPACE_rep3_.staging_CRISPRessoPooled_on_SPACE_D5_rep3_CRISPResso_on_B2M	Substitutions	0.00030421555845284656	0.0004997827031725337	0.00015210777922642328	0.0005432420686657974	0.00045632333767926987	0.00015210777922642328	0.0003694046066927423	8.69187309865276e-05	0.0003694046066927423	0.0001086484137331595	0.0001303780964797914	0.0002390265102129509	0.0004997827031725337	0.0002824858757062147	8.69187309865276e-05	0.0016514558887440244	0.003976531942633638	0.0001303780964797914	0.0042807475010864845	0.00015210777922642328
_scratch_st-cdeboer-1_asfar_VLPs_results_crispresso_aggregated_spacer_SPACE_rep3_.staging_CRISPRessoPooled_on_SPACE_D5_rep3_CRISPResso_on_B2M	All_modifications	0.0003694046066927423	0.0006084311169056931	0.0002390265102129509	0.0006084311169056931	0.0008039982616253803	0.0006084311169056931	0.0007388092133854846	0.0005432420686657974	0.000847457627118644	0.0007605388961321165	0.0008039982616253803	0.000434593654932638	0.0006953498478922208	0.0002824858757062147	8.69187309865276e-05	0.0016514558887440244	0.0042807475010864845	0.000434593654932638	0.0042807475010864845	0.00015210777922642328
