Folder	Modification	G	G	C	C	C	A	G	A	C	T	G	A	G	C	A	C	G	T	G	A
_scratch_st-cdeboer-1_asfar_VLPs_results_crispresso_aggregated_spacer_SPACE-DeltaUGI_rep2_.staging_CRISPRessoPooled_on_SPACE-DeltaUGI_D1_rep2_CRISPResso_on_HEK3	Insertions	0.0	0.0	0.0	0.0	0.0	0.0	0.0	0.0	0.0	0.0	0.0	0.0	0.0	0.0	0.0	0.0	0.0	0.0	0.0	0.0
_scratch_st-cdeboer-1_asfar_VLPs_results_crispresso_aggregated_spacer_SPACE-DeltaUGI_rep2_.staging_CRISPRessoPooled_on_SPACE-DeltaUGI_D1_rep2_CRISPResso_on_HEK3	Insertions_Left	0.0	0.0	0.0	0.0	0.0	0.0	0.0	0.0	0.0	0.0	0.0	0.0	0.0	0.0	0.0	0.0	0.0	0.0	0.0	0.0
_scratch_st-cdeboer-1_asfar_VLPs_results_crispresso_aggregated_spacer_SPACE-DeltaUGI_rep2_.staging_CRISPRessoPooled_on_SPACE-DeltaUGI_D1_rep2_CRISPResso_on_HEK3	Deletions	0.0	0.0	0.0	7.398091292446548e-05	7.398091292446548e-05	7.398091292446548e-05	7.398091292446548e-05	7.398091292446548e-05	7.398091292446548e-05	7.398091292446548e-05	7.398091292446548e-05	7.398091292446548e-05	7.398091292446548e-05	7.398091292446548e-05	7.398091292446548e-05	7.398091292446548e-05	7.398091292446548e-05	7.398091292446548e-05	7.398091292446548e-05	7.398091292446548e-05
_scratch_st-cdeboer-1_asfar_VLPs_results_crispresso_aggregated_spacer_SPACE-DeltaUGI_rep2_.staging_CRISPRessoPooled_on_SPACE-DeltaUGI_D1_rep2_CRISPResso_on_HEK3	Substitutions	0.00044388547754679295	0.00029592365169786193	0.00014796182584893096	0.00014796182584893096	7.398091292446548e-05	0.009913442331878375	0.00022194273877339647	0.004068950210845602	0.0	0.00029592365169786193	0.00022194273877339647	0.00029592365169786193	7.398091292446548e-05	7.398091292446548e-05	0.00014796182584893096	0.0	0.00014796182584893096	0.00014796182584893096	0.00014796182584893096	7.398091292446548e-05
_scratch_st-cdeboer-1_asfar_VLPs_results_crispresso_aggregated_spacer_SPACE-DeltaUGI_rep2_.staging_CRISPRessoPooled_on_SPACE-DeltaUGI_D1_rep2_CRISPResso_on_HEK3	All_modifications	0.00044388547754679295	0.00029592365169786193	0.00014796182584893096	0.00022194273877339647	0.00014796182584893096	0.009987423244802842	0.00029592365169786193	0.004142931123770067	7.398091292446548e-05	0.00036990456462232746	0.00029592365169786193	0.00036990456462232746	0.00014796182584893096	0.00014796182584893096	0.00022194273877339647	7.398091292446548e-05	0.00022194273877339647	0.00022194273877339647	0.00022194273877339647	0.00014796182584893096
_scratch_st-cdeboer-1_asfar_VLPs_results_crispresso_aggregated_spacer_SPACE-DeltaUGI_rep2_.staging_CRISPRessoPooled_on_SPACE-DeltaUGI_D2_rep2_CRISPResso_on_HEK3	Insertions	0.0	0.0	0.0	0.0	0.0	0.0	0.0	0.0	0.0	0.00010997168229180986	0.00010997168229180986	0.0	0.0	0.0	0.0	0.0	0.0	0.0	0.0	0.0
_scratch_st-cdeboer-1_asfar_VLPs_results_crispresso_aggregated_spacer_SPACE-DeltaUGI_rep2_.staging_CRISPRessoPooled_on_SPACE-DeltaUGI_D2_rep2_CRISPResso_on_HEK3	Insertions_Left	0.0	0.0	0.0	0.0	0.0	0.0	0.0	0.0	0.0	0.00010997168229180986	0.0	0.0	0.0	0.0	0.0	0.0	0.0	0.0	0.0	0.0
_scratch_st-cdeboer-1_asfar_VLPs_results_crispresso_aggregated_spacer_SPACE-DeltaUGI_rep2_.staging_CRISPRessoPooled_on_SPACE-DeltaUGI_D2_rep2_CRISPResso_on_HEK3	Deletions	0.00010997168229180986	0.00019245044401066725	0.00010997168229180986	0.00010997168229180986	0.00010997168229180986	8.247876171885739e-05	8.247876171885739e-05	8.247876171885739e-05	8.247876171885739e-05	8.247876171885739e-05	8.247876171885739e-05	8.247876171885739e-05	8.247876171885739e-05	8.247876171885739e-05	8.247876171885739e-05	8.247876171885739e-05	8.247876171885739e-05	8.247876171885739e-05	8.247876171885739e-05	8.247876171885739e-05
_scratch_st-cdeboer-1_asfar_VLPs_results_crispresso_aggregated_spacer_SPACE-DeltaUGI_rep2_.staging_CRISPRessoPooled_on_SPACE-DeltaUGI_D2_rep2_CRISPResso_on_HEK3	Substitutions	0.00019245044401066725	0.00021994336458361973	0.00013746460286476233	2.7492920572952466e-05	2.7492920572952466e-05	0.020647183350287302	0.00016495752343771478	0.00813790448959393	5.498584114590493e-05	2.7492920572952466e-05	0.00010997168229180986	0.0002474362851565722	0.00010997168229180986	0.00010997168229180986	8.247876171885739e-05	0.00010997168229180986	0.00021994336458361973	0.00021994336458361973	0.0003024221263024771	0.0005223654908860969
_scratch_st-cdeboer-1_asfar_VLPs_results_crispresso_aggregated_spacer_SPACE-DeltaUGI_rep2_.staging_CRISPRessoPooled_on_SPACE-DeltaUGI_D2_rep2_CRISPResso_on_HEK3	All_modifications	0.0003024221263024771	0.00041239380859428695	0.0002474362851565722	0.00013746460286476233	0.00013746460286476233	0.020729662112006157	0.0002474362851565722	0.008220383251312788	0.00013746460286476233	0.00021994336458361973	0.0003024221263024771	0.00032991504687542955	0.00019245044401066725	0.00019245044401066725	0.00016495752343771478	0.00019245044401066725	0.0003024221263024771	0.0003024221263024771	0.0003849008880213345	0.0006048442526049542
_scratch_st-cdeboer-1_asfar_VLPs_results_crispresso_aggregated_spacer_SPACE-DeltaUGI_rep2_.staging_CRISPRessoPooled_on_SPACE-DeltaUGI_D3_rep2_CRISPResso_on_HEK3	Insertions	0.0	0.0	0.0	0.0	0.0	0.0	0.0	0.0	0.0	0.0001208313194780087	0.0001208313194780087	0.0	0.0	0.0	0.0	0.0	0.0	0.0	0.0	0.0
_scratch_st-cdeboer-1_asfar_VLPs_results_crispresso_aggregated_spacer_SPACE-DeltaUGI_rep2_.staging_CRISPRessoPooled_on_SPACE-DeltaUGI_D3_rep2_CRISPResso_on_HEK3	Insertions_Left	0.0	0.0	0.0	0.0	0.0	0.0	0.0	0.0	0.0	0.0001208313194780087	0.0	0.0	0.0	0.0	0.0	0.0	0.0	0.0	0.0	0.0
_scratch_st-cdeboer-1_asfar_VLPs_results_crispresso_aggregated_spacer_SPACE-DeltaUGI_rep2_.staging_CRISPRessoPooled_on_SPACE-DeltaUGI_D3_rep2_CRISPResso_on_HEK3	Deletions	0.0	0.0001208313194780087	0.0001208313194780087	0.00018124697921701304	0.00018124697921701304	0.00018124697921701304	0.00018124697921701304	0.00018124697921701304	0.00018124697921701304	0.00018124697921701304	0.00018124697921701304	0.00018124697921701304	0.00018124697921701304	0.00018124697921701304	0.00018124697921701304	0.00018124697921701304	0.00018124697921701304	0.00018124697921701304	0.00018124697921701304	6.041565973900435e-05
_scratch_st-cdeboer-1_asfar_VLPs_results_crispresso_aggregated_spacer_SPACE-DeltaUGI_rep2_.staging_CRISPRessoPooled_on_SPACE-DeltaUGI_D3_rep2_CRISPResso_on_HEK3	Substitutions	0.00018124697921701304	0.00018124697921701304	0.0	6.041565973900435e-05	6.041565973900435e-05	0.027851619139681004	0.0003624939584340261	0.013231029482841952	0.0001208313194780087	6.041565973900435e-05	0.00042290961817303046	0.00018124697921701304	0.0001208313194780087	0.0002416626389560174	0.0001208313194780087	0.0	6.041565973900435e-05	0.0002416626389560174	6.041565973900435e-05	0.0002416626389560174
_scratch_st-cdeboer-1_asfar_VLPs_results_crispresso_aggregated_spacer_SPACE-DeltaUGI_rep2_.staging_CRISPRessoPooled_on_SPACE-DeltaUGI_D3_rep2_CRISPResso_on_HEK3	All_modifications	0.00018124697921701304	0.00030207829869502174	0.0001208313194780087	0.0002416626389560174	0.0002416626389560174	0.02803286611889802	0.0005437409376510392	0.013412276462058966	0.00030207829869502174	0.0003624939584340261	0.0007249879168680521	0.0003624939584340261	0.00030207829869502174	0.00042290961817303046	0.00030207829869502174	0.00018124697921701304	0.0002416626389560174	0.00042290961817303046	0.0002416626389560174	0.00030207829869502174
_scratch_st-cdeboer-1_asfar_VLPs_results_crispresso_aggregated_spacer_SPACE-DeltaUGI_rep2_.staging_CRISPRessoPooled_on_SPACE-DeltaUGI_D4_rep2_CRISPResso_on_HEK3	Insertions	0.0	0.0	0.0	0.0	0.0	0.0	0.0	0.0	0.0	0.00011190063223857215	0.00011190063223857215	0.0	0.0	0.0	0.00011190063223857215	0.00011190063223857215	5.5950316119286074e-05	5.5950316119286074e-05	0.0	0.0
_scratch_st-cdeboer-1_asfar_VLPs_results_crispresso_aggregated_spacer_SPACE-DeltaUGI_rep2_.staging_CRISPRessoPooled_on_SPACE-DeltaUGI_D4_rep2_CRISPResso_on_HEK3	Insertions_Left	0.0	0.0	0.0	0.0	0.0	0.0	0.0	0.0	0.0	0.00011190063223857215	0.0	0.0	0.0	0.0	0.00011190063223857215	0.0	5.5950316119286074e-05	0.0	0.0	0.0
_scratch_st-cdeboer-1_asfar_VLPs_results_crispresso_aggregated_spacer_SPACE-DeltaUGI_rep2_.staging_CRISPRessoPooled_on_SPACE-DeltaUGI_D4_rep2_CRISPResso_on_HEK3	Deletions	0.0	5.5950316119286074e-05	0.0	0.0	0.0	0.0	0.0	0.0	0.0	0.0	0.0	0.0	0.0	0.0	0.0	0.0	0.0	5.5950316119286074e-05	0.0	0.0
_scratch_st-cdeboer-1_asfar_VLPs_results_crispresso_aggregated_spacer_SPACE-DeltaUGI_rep2_.staging_CRISPRessoPooled_on_SPACE-DeltaUGI_D4_rep2_CRISPResso_on_HEK3	Substitutions	0.00016785094835785821	0.00011190063223857215	5.5950316119286074e-05	0.00011190063223857215	0.00016785094835785821	0.04666256364348458	0.00039165221283500254	0.022827728976668717	5.5950316119286074e-05	0.00016785094835785821	0.00011190063223857215	0.0002238012644771443	0.0	0.00016785094835785821	0.00011190063223857215	0.00011190063223857215	0.00033570189671571643	0.00039165221283500254	0.0002238012644771443	0.00011190063223857215
_scratch_st-cdeboer-1_asfar_VLPs_results_crispresso_aggregated_spacer_SPACE-DeltaUGI_rep2_.staging_CRISPRessoPooled_on_SPACE-DeltaUGI_D4_rep2_CRISPResso_on_HEK3	All_modifications	0.00016785094835785821	0.00016785094835785821	5.5950316119286074e-05	0.00011190063223857215	0.00016785094835785821	0.04666256364348458	0.00039165221283500254	0.022827728976668717	5.5950316119286074e-05	0.0002797515805964304	0.0002238012644771443	0.0002238012644771443	0.0	0.00016785094835785821	0.0002238012644771443	0.0002238012644771443	0.00039165221283500254	0.0005035528450735747	0.0002238012644771443	0.00011190063223857215
_scratch_st-cdeboer-1_asfar_VLPs_results_crispresso_aggregated_spacer_SPACE-DeltaUGI_rep2_.staging_CRISPRessoPooled_on_SPACE-DeltaUGI_D5_rep2_CRISPResso_on_HEK3	Insertions	0.0	0.0	0.0	0.0	0.0	0.0	0.0	0.0	0.0	0.0	0.0	0.0	0.0	0.0	0.0	0.0	5.7193514255483425e-05	5.7193514255483425e-05	0.0	0.0
_scratch_st-cdeboer-1_asfar_VLPs_results_crispresso_aggregated_spacer_SPACE-DeltaUGI_rep2_.staging_CRISPRessoPooled_on_SPACE-DeltaUGI_D5_rep2_CRISPResso_on_HEK3	Insertions_Left	0.0	0.0	0.0	0.0	0.0	0.0	0.0	0.0	0.0	0.0	0.0	0.0	0.0	0.0	0.0	0.0	5.7193514255483425e-05	0.0	0.0	0.0
_scratch_st-cdeboer-1_asfar_VLPs_results_crispresso_aggregated_spacer_SPACE-DeltaUGI_rep2_.staging_CRISPRessoPooled_on_SPACE-DeltaUGI_D5_rep2_CRISPResso_on_HEK3	Deletions	8.579027138322514e-05	0.00014298378563870856	0.0	0.0	0.00011438702851096685	0.0	0.0	0.0	0.0	0.0	0.0002287740570219337	0.0002287740570219337	0.0002287740570219337	0.00025737081414967545	0.0002287740570219337	0.0002287740570219337	0.0002287740570219337	0.00014298378563870856	2.8596757127741712e-05	2.8596757127741712e-05
_scratch_st-cdeboer-1_asfar_VLPs_results_crispresso_aggregated_spacer_SPACE-DeltaUGI_rep2_.staging_CRISPRessoPooled_on_SPACE-DeltaUGI_D5_rep2_CRISPResso_on_HEK3	Substitutions	0.00017158054276645028	0.00025737081414967545	0.00011438702851096685	0.00011438702851096685	5.7193514255483425e-05	0.055477708827818925	0.00025737081414967545	0.027424290085504305	0.000400354599788384	2.8596757127741712e-05	0.00014298378563870856	0.000200177299894192	0.00017158054276645028	0.0002859675712774171	8.579027138322514e-05	0.00011438702851096685	0.00025737081414967545	0.0002287740570219337	0.0002287740570219337	0.0002859675712774171
_scratch_st-cdeboer-1_asfar_VLPs_results_crispresso_aggregated_spacer_SPACE-DeltaUGI_rep2_.staging_CRISPRessoPooled_on_SPACE-DeltaUGI_D5_rep2_CRISPResso_on_HEK3	All_modifications	0.00025737081414967545	0.000400354599788384	0.00011438702851096685	0.00011438702851096685	0.00017158054276645028	0.055477708827818925	0.00025737081414967545	0.027424290085504305	0.000400354599788384	2.8596757127741712e-05	0.0003717578426606423	0.00042895135691612573	0.000400354599788384	0.0005433383854270926	0.00031456432840515884	0.00034316108553290056	0.0005433383854270926	0.00042895135691612573	0.00025737081414967545	0.00031456432840515884
