Folder	Modification	G	G	C	C	C	A	G	A	C	T	G	A	G	C	A	C	G	T	G	A
_scratch_st-cdeboer-1_asfar_VLPs_results_crispresso_aggregated_spacer_SPACE_rep1_.staging_CRISPRessoPooled_on_SPACE_D0_rep1_CRISPResso_on_HEK3	Insertions	0.0	0.0	0.0	0.0	0.0	0.0	0.0	0.0	0.0	0.0	0.0	0.0	0.0	0.0	0.0	0.0	0.0	0.0	0.0	0.0
_scratch_st-cdeboer-1_asfar_VLPs_results_crispresso_aggregated_spacer_SPACE_rep1_.staging_CRISPRessoPooled_on_SPACE_D0_rep1_CRISPResso_on_HEK3	Insertions_Left	0.0	0.0	0.0	0.0	0.0	0.0	0.0	0.0	0.0	0.0	0.0	0.0	0.0	0.0	0.0	0.0	0.0	0.0	0.0	0.0
_scratch_st-cdeboer-1_asfar_VLPs_results_crispresso_aggregated_spacer_SPACE_rep1_.staging_CRISPRessoPooled_on_SPACE_D0_rep1_CRISPResso_on_HEK3	Deletions	0.0	9.350600776099864e-05	0.0	0.0	2.337650194024966e-05	0.0	0.0	0.0	0.0	0.0	0.0	0.0	0.0	0.0	0.0	0.0	0.0	0.0	0.0	0.0
_scratch_st-cdeboer-1_asfar_VLPs_results_crispresso_aggregated_spacer_SPACE_rep1_.staging_CRISPRessoPooled_on_SPACE_D0_rep1_CRISPResso_on_HEK3	Substitutions	0.0002571415213427463	0.0002805180232829959	4.675300388049932e-05	9.350600776099864e-05	0.00018701201552199728	0.0001168825097012483	0.00018701201552199728	0.00016363551358174763	9.350600776099864e-05	0.00014025901164149796	0.0002571415213427463	0.00021038851746224695	7.012950582074898e-05	0.00021038851746224695	7.012950582074898e-05	4.675300388049932e-05	0.0001168825097012483	0.00021038851746224695	0.00016363551358174763	0.0002805180232829959
_scratch_st-cdeboer-1_asfar_VLPs_results_crispresso_aggregated_spacer_SPACE_rep1_.staging_CRISPRessoPooled_on_SPACE_D0_rep1_CRISPResso_on_HEK3	All_modifications	0.0002571415213427463	0.00037402403104399456	4.675300388049932e-05	9.350600776099864e-05	0.00021038851746224695	0.0001168825097012483	0.00018701201552199728	0.00016363551358174763	9.350600776099864e-05	0.00014025901164149796	0.0002571415213427463	0.00021038851746224695	7.012950582074898e-05	0.00021038851746224695	7.012950582074898e-05	4.675300388049932e-05	0.0001168825097012483	0.00021038851746224695	0.00016363551358174763	0.0002805180232829959
_scratch_st-cdeboer-1_asfar_VLPs_results_crispresso_aggregated_spacer_SPACE_rep1_.staging_CRISPRessoPooled_on_SPACE_D1_rep1_CRISPResso_on_HEK3	Insertions	0.0	0.0	0.0	0.0	0.0	0.0	0.0	0.0	0.0	8.61178091629349e-05	8.61178091629349e-05	0.0	0.0	0.0	0.0	0.0	0.0	0.0	0.0	0.0
_scratch_st-cdeboer-1_asfar_VLPs_results_crispresso_aggregated_spacer_SPACE_rep1_.staging_CRISPRessoPooled_on_SPACE_D1_rep1_CRISPResso_on_HEK3	Insertions_Left	0.0	0.0	0.0	0.0	0.0	0.0	0.0	0.0	0.0	8.61178091629349e-05	0.0	0.0	0.0	0.0	0.0	0.0	0.0	0.0	0.0	0.0
_scratch_st-cdeboer-1_asfar_VLPs_results_crispresso_aggregated_spacer_SPACE_rep1_.staging_CRISPRessoPooled_on_SPACE_D1_rep1_CRISPResso_on_HEK3	Deletions	0.0001722356183258698	0.0002583534274888047	0.0001722356183258698	0.0001722356183258698	0.00030141233207027214	0.0001722356183258698	0.0001722356183258698	0.0001722356183258698	0.0001722356183258698	0.0001722356183258698	0.0001722356183258698	0.0	0.0	0.0	0.0	0.0	0.0	0.0	0.0	0.0
_scratch_st-cdeboer-1_asfar_VLPs_results_crispresso_aggregated_spacer_SPACE_rep1_.staging_CRISPRessoPooled_on_SPACE_D1_rep1_CRISPResso_on_HEK3	Substitutions	8.61178091629349e-05	0.00012917671374440234	0.0002583534274888047	0.0001722356183258698	0.00012917671374440234	0.00030141233207027214	0.00021529452290733724	0.0001722356183258698	8.61178091629349e-05	0.00012917671374440234	0.00021529452290733724	8.61178091629349e-05	4.305890458146745e-05	8.61178091629349e-05	4.305890458146745e-05	0.00030141233207027214	0.00012917671374440234	0.0002583534274888047	0.00021529452290733724	0.0001722356183258698
_scratch_st-cdeboer-1_asfar_VLPs_results_crispresso_aggregated_spacer_SPACE_rep1_.staging_CRISPRessoPooled_on_SPACE_D1_rep1_CRISPResso_on_HEK3	All_modifications	0.0002583534274888047	0.000387530141233207	0.0004305890458146745	0.0003444712366517396	0.0004305890458146745	0.00047364795039614194	0.000387530141233207	0.0003444712366517396	0.0002583534274888047	0.000387530141233207	0.00047364795039614194	8.61178091629349e-05	4.305890458146745e-05	8.61178091629349e-05	4.305890458146745e-05	0.00030141233207027214	0.00012917671374440234	0.0002583534274888047	0.00021529452290733724	0.0001722356183258698
_scratch_st-cdeboer-1_asfar_VLPs_results_crispresso_aggregated_spacer_SPACE_rep1_.staging_CRISPRessoPooled_on_SPACE_D2_rep1_CRISPResso_on_HEK3	Insertions	0.0	0.0	0.0	0.0	0.0	0.0	0.0	0.0	0.0	3.2425421530479896e-05	3.2425421530479896e-05	0.0	0.0	0.0	0.0	0.0	6.485084306095979e-05	6.485084306095979e-05	0.0	0.0
_scratch_st-cdeboer-1_asfar_VLPs_results_crispresso_aggregated_spacer_SPACE_rep1_.staging_CRISPRessoPooled_on_SPACE_D2_rep1_CRISPResso_on_HEK3	Insertions_Left	0.0	0.0	0.0	0.0	0.0	0.0	0.0	0.0	0.0	3.2425421530479896e-05	0.0	0.0	0.0	0.0	0.0	0.0	6.485084306095979e-05	0.0	0.0	0.0
_scratch_st-cdeboer-1_asfar_VLPs_results_crispresso_aggregated_spacer_SPACE_rep1_.staging_CRISPRessoPooled_on_SPACE_D2_rep1_CRISPResso_on_HEK3	Deletions	6.485084306095979e-05	0.00016212710765239947	6.485084306095979e-05	9.72762645914397e-05	0.00042153047989623867	9.72762645914397e-05	9.72762645914397e-05	9.72762645914397e-05	9.72762645914397e-05	9.72762645914397e-05	9.72762645914397e-05	9.72762645914397e-05	9.72762645914397e-05	9.72762645914397e-05	3.2425421530479896e-05	3.2425421530479896e-05	3.2425421530479896e-05	3.2425421530479896e-05	3.2425421530479896e-05	3.2425421530479896e-05
_scratch_st-cdeboer-1_asfar_VLPs_results_crispresso_aggregated_spacer_SPACE_rep1_.staging_CRISPRessoPooled_on_SPACE_D2_rep1_CRISPResso_on_HEK3	Substitutions	0.00022697795071335928	0.00025940337224383917	0.0003891050583657588	0.0014267185473411154	0.00048638132295719845	0.0011673151750972762	0.0001945525291828794	0.0010376134889753567	6.485084306095979e-05	0.0001945525291828794	0.00012970168612191958	0.00029182879377431906	0.00016212710765239947	0.00035667963683527884	0.00016212710765239947	0.00032425421530479895	0.00022697795071335928	0.00016212710765239947	6.485084306095979e-05	0.00012970168612191958
_scratch_st-cdeboer-1_asfar_VLPs_results_crispresso_aggregated_spacer_SPACE_rep1_.staging_CRISPRessoPooled_on_SPACE_D2_rep1_CRISPResso_on_HEK3	All_modifications	0.00029182879377431906	0.00042153047989623867	0.00045395590142671856	0.0015239948119325551	0.0009079118028534371	0.001264591439688716	0.00029182879377431906	0.0011348897535667965	0.00016212710765239947	0.00032425421530479895	0.00025940337224383917	0.0003891050583657588	0.00025940337224383917	0.00045395590142671856	0.0001945525291828794	0.00035667963683527884	0.00032425421530479895	0.00025940337224383917	9.72762645914397e-05	0.00016212710765239947
_scratch_st-cdeboer-1_asfar_VLPs_results_crispresso_aggregated_spacer_SPACE_rep1_.staging_CRISPRessoPooled_on_SPACE_D3_rep1_CRISPResso_on_HEK3	Insertions	0.0	0.0	0.0	0.0	0.0	0.0	0.0	0.0	0.0	0.0	0.0	0.0	0.0	0.0	0.0	0.0	0.0	0.0	0.0	0.0
_scratch_st-cdeboer-1_asfar_VLPs_results_crispresso_aggregated_spacer_SPACE_rep1_.staging_CRISPRessoPooled_on_SPACE_D3_rep1_CRISPResso_on_HEK3	Insertions_Left	0.0	0.0	0.0	0.0	0.0	0.0	0.0	0.0	0.0	0.0	0.0	0.0	0.0	0.0	0.0	0.0	0.0	0.0	0.0	0.0
_scratch_st-cdeboer-1_asfar_VLPs_results_crispresso_aggregated_spacer_SPACE_rep1_.staging_CRISPRessoPooled_on_SPACE_D3_rep1_CRISPResso_on_HEK3	Deletions	0.0	0.0	0.0	0.0	6.730041221502482e-05	0.0	1.6825103053756205e-05	1.6825103053756205e-05	1.6825103053756205e-05	1.6825103053756205e-05	1.6825103053756205e-05	1.6825103053756205e-05	1.6825103053756205e-05	0.0	0.0	0.0	0.0	1.6825103053756205e-05	1.6825103053756205e-05	0.0
_scratch_st-cdeboer-1_asfar_VLPs_results_crispresso_aggregated_spacer_SPACE_rep1_.staging_CRISPRessoPooled_on_SPACE_D3_rep1_CRISPResso_on_HEK3	Substitutions	0.00020190123664507446	0.00021872633969883065	0.00010095061832253723	0.0008917304618490788	0.0004879279885589299	0.0006898292252040044	0.00025237654580634306	0.0007907798435265416	0.00011777572137629343	0.00016825103053756205	0.00021872633969883065	0.00016825103053756205	0.00010095061832253723	8.412551526878102e-05	3.365020610751241e-05	8.412551526878102e-05	0.00030285185496761166	0.00016825103053756205	0.00010095061832253723	0.00023555144275258687
_scratch_st-cdeboer-1_asfar_VLPs_results_crispresso_aggregated_spacer_SPACE_rep1_.staging_CRISPRessoPooled_on_SPACE_D3_rep1_CRISPResso_on_HEK3	All_modifications	0.00020190123664507446	0.00021872633969883065	0.00010095061832253723	0.0008917304618490788	0.0005552284007739548	0.0006898292252040044	0.0002692016488600993	0.0008076049465802978	0.00013460082443004964	0.00018507613359131824	0.00023555144275258687	0.00018507613359131824	0.00011777572137629343	8.412551526878102e-05	3.365020610751241e-05	8.412551526878102e-05	0.00030285185496761166	0.00018507613359131824	0.00011777572137629343	0.00023555144275258687
_scratch_st-cdeboer-1_asfar_VLPs_results_crispresso_aggregated_spacer_SPACE_rep1_.staging_CRISPRessoPooled_on_SPACE_D4_rep1_CRISPResso_on_HEK3	Insertions	0.0	0.0	0.0	4.87757291971515e-05	0.000195102916788606	0.0001463271875914545	9.7551458394303e-05	9.7551458394303e-05	0.0	0.000195102916788606	0.000195102916788606	0.0	0.0	0.0	0.0	0.0	0.0	0.0	0.0	0.0
_scratch_st-cdeboer-1_asfar_VLPs_results_crispresso_aggregated_spacer_SPACE_rep1_.staging_CRISPRessoPooled_on_SPACE_D4_rep1_CRISPResso_on_HEK3	Insertions_Left	0.0	0.0	0.0	4.87757291971515e-05	0.0001463271875914545	0.0	9.7551458394303e-05	0.0	0.0	0.000195102916788606	0.0	0.0	0.0	0.0	0.0	0.0	0.0	0.0	0.0	0.0
_scratch_st-cdeboer-1_asfar_VLPs_results_crispresso_aggregated_spacer_SPACE_rep1_.staging_CRISPRessoPooled_on_SPACE_D4_rep1_CRISPResso_on_HEK3	Deletions	0.00034143010438006046	0.0009755145839430299	0.0006340844795629695	0.0008291873963515755	0.0042434884401521804	0.0006828602087601209	0.0006828602087601209	0.0007316359379572724	0.0009755145839430299	0.0009267388547458784	0.0009267388547458784	0.0008291873963515755	0.000390205833577212	0.000390205833577212	0.000292654375182909	0.00024387864598575748	0.00024387864598575748	0.000390205833577212	0.000390205833577212	0.00024387864598575748
_scratch_st-cdeboer-1_asfar_VLPs_results_crispresso_aggregated_spacer_SPACE_rep1_.staging_CRISPRessoPooled_on_SPACE_D4_rep1_CRISPResso_on_HEK3	Substitutions	0.0001463271875914545	0.00034143010438006046	0.006926153545995513	0.006731050629206907	0.004584918544532241	0.007462686567164179	0.0001463271875914545	0.003316749585406302	0.00024387864598575748	0.000292654375182909	0.0001463271875914545	9.7551458394303e-05	0.0001463271875914545	0.000585308750365818	0.0001463271875914545	9.7551458394303e-05	0.000292654375182909	0.0001463271875914545	0.000292654375182909	4.87757291971515e-05
_scratch_st-cdeboer-1_asfar_VLPs_results_crispresso_aggregated_spacer_SPACE_rep1_.staging_CRISPRessoPooled_on_SPACE_D4_rep1_CRISPResso_on_HEK3	All_modifications	0.00048775729197151496	0.0013169446883230904	0.007560238025558482	0.007609013754755633	0.009023509901473027	0.008291873963515755	0.0009267388547458784	0.0041459369817578775	0.0012193932299287874	0.0014144961467173933	0.001268168959125939	0.0009267388547458784	0.0005365330211686665	0.0009755145839430299	0.0004389815627743635	0.00034143010438006046	0.0005365330211686665	0.0005365330211686665	0.0006828602087601209	0.000292654375182909
_scratch_st-cdeboer-1_asfar_VLPs_results_crispresso_aggregated_spacer_SPACE_rep1_.staging_CRISPRessoPooled_on_SPACE_D5_rep1_CRISPResso_on_HEK3	Insertions	0.0	2.1661431820643345e-05	2.1661431820643345e-05	0.0	2.1661431820643345e-05	2.1661431820643345e-05	4.332286364128669e-05	4.332286364128669e-05	0.0	0.00010830715910321672	0.00010830715910321672	0.0	0.0	0.0	0.0	0.0	0.0	0.0	0.0	0.0
_scratch_st-cdeboer-1_asfar_VLPs_results_crispresso_aggregated_spacer_SPACE_rep1_.staging_CRISPRessoPooled_on_SPACE_D5_rep1_CRISPResso_on_HEK3	Insertions_Left	0.0	2.1661431820643345e-05	0.0	0.0	2.1661431820643345e-05	0.0	4.332286364128669e-05	0.0	0.0	0.00010830715910321672	0.0	0.0	0.0	0.0	0.0	0.0	0.0	0.0	0.0	0.0
_scratch_st-cdeboer-1_asfar_VLPs_results_crispresso_aggregated_spacer_SPACE_rep1_.staging_CRISPRessoPooled_on_SPACE_D5_rep1_CRISPResso_on_HEK3	Deletions	0.00030326004548900684	0.000628181522798657	0.0003465829091302935	0.000628181522798657	0.0037257662731506555	0.000758150113722517	0.0006498429546193004	0.0009097801364670204	0.0008881187046463771	0.0008881187046463771	0.0008014729773638037	0.0008014729773638037	0.000758150113722517	0.0004765515000541536	0.00036824434095093686	0.0002599371818477201	0.0002599371818477201	0.00036824434095093686	0.00030326004548900684	0.0002815986136683635
_scratch_st-cdeboer-1_asfar_VLPs_results_crispresso_aggregated_spacer_SPACE_rep1_.staging_CRISPRessoPooled_on_SPACE_D5_rep1_CRISPResso_on_HEK3	Substitutions	0.0004548900682335102	0.0006498429546193004	0.005675295137008556	0.005393696523340193	0.0031192461821726416	0.008079714069099967	0.00012996859092386006	0.003465829091302935	0.0001949528863857901	0.00015163002274450342	0.0002815986136683635	0.0002599371818477201	8.664572728257338e-05	0.00036824434095093686	8.664572728257338e-05	6.498429546193003e-05	0.0002599371818477201	0.00015163002274450342	0.0002382757500270768	0.0001949528863857901
_scratch_st-cdeboer-1_asfar_VLPs_results_crispresso_aggregated_spacer_SPACE_rep1_.staging_CRISPRessoPooled_on_SPACE_D5_rep1_CRISPResso_on_HEK3	All_modifications	0.000758150113722517	0.0012996859092386007	0.006043539477959493	0.00602187804613885	0.00686667388714394	0.008859525614643128	0.0008231344091844471	0.004418932091411243	0.0010830715910321671	0.0011480558864940974	0.001191378750135384	0.0010614101592115238	0.0008447958410050904	0.0008447958410050904	0.0004548900682335102	0.0003249214773096502	0.0005198743636954402	0.0005198743636954402	0.0005415357955160836	0.0004765515000541536
