Folder	Modification	G	G	C	C	C	A	G	A	C	T	G	A	G	C	A	C	G	T	G	A
_scratch_st-cdeboer-1_asfar_VLPs_results_crispresso_aggregated_spacer_SPACE_rep3_.staging_CRISPRessoPooled_on_SPACE_D0_rep3_CRISPResso_on_HEK3	Insertions	0.0	0.0	0.0	0.0	0.0	0.0	0.0	0.0	0.0	0.0	0.0	0.0	0.0	0.0	0.0	0.0	0.0	0.0	0.0	0.0
_scratch_st-cdeboer-1_asfar_VLPs_results_crispresso_aggregated_spacer_SPACE_rep3_.staging_CRISPRessoPooled_on_SPACE_D0_rep3_CRISPResso_on_HEK3	Insertions_Left	0.0	0.0	0.0	0.0	0.0	0.0	0.0	0.0	0.0	0.0	0.0	0.0	0.0	0.0	0.0	0.0	0.0	0.0	0.0	0.0
_scratch_st-cdeboer-1_asfar_VLPs_results_crispresso_aggregated_spacer_SPACE_rep3_.staging_CRISPRessoPooled_on_SPACE_D0_rep3_CRISPResso_on_HEK3	Deletions	1.0536519576853374e-05	9.482867619168036e-05	0.0	0.0	1.0536519576853374e-05	0.0	0.0	0.0	0.0	0.0	0.0	0.0	0.0	0.0	0.0	0.0	0.0	0.0	0.0	0.0
_scratch_st-cdeboer-1_asfar_VLPs_results_crispresso_aggregated_spacer_SPACE_rep3_.staging_CRISPRessoPooled_on_SPACE_D0_rep3_CRISPResso_on_HEK3	Substitutions	0.00020019387196021411	0.00013697475449909387	8.4292156614827e-05	0.00014751127407594723	8.4292156614827e-05	0.00013697475449909387	0.00020019387196021411	0.00013697475449909387	6.321911746112024e-05	0.00013697475449909387	0.00022126691111392085	0.0003160955873056012	0.00010536519576853374	4.21460783074135e-05	0.00010536519576853374	0.00012643823492224047	0.00026341298942133434	0.00017912083280650736	0.00018965735238336072	0.00020019387196021411
_scratch_st-cdeboer-1_asfar_VLPs_results_crispresso_aggregated_spacer_SPACE_rep3_.staging_CRISPRessoPooled_on_SPACE_D0_rep3_CRISPResso_on_HEK3	All_modifications	0.00021073039153706748	0.0002318034306907742	8.4292156614827e-05	0.00014751127407594723	9.482867619168036e-05	0.00013697475449909387	0.00020019387196021411	0.00013697475449909387	6.321911746112024e-05	0.00013697475449909387	0.00022126691111392085	0.0003160955873056012	0.00010536519576853374	4.21460783074135e-05	0.00010536519576853374	0.00012643823492224047	0.00026341298942133434	0.00017912083280650736	0.00018965735238336072	0.00020019387196021411
_scratch_st-cdeboer-1_asfar_VLPs_results_crispresso_aggregated_spacer_SPACE_rep3_.staging_CRISPRessoPooled_on_SPACE_D1_rep3_CRISPResso_on_HEK3	Insertions	0.0	0.0	0.0	0.0	0.0	0.0	0.0	0.0	0.0	0.0	0.0	0.0	0.0	0.0	0.0	0.0	0.0	0.0	0.0	0.0
_scratch_st-cdeboer-1_asfar_VLPs_results_crispresso_aggregated_spacer_SPACE_rep3_.staging_CRISPRessoPooled_on_SPACE_D1_rep3_CRISPResso_on_HEK3	Insertions_Left	0.0	0.0	0.0	0.0	0.0	0.0	0.0	0.0	0.0	0.0	0.0	0.0	0.0	0.0	0.0	0.0	0.0	0.0	0.0	0.0
_scratch_st-cdeboer-1_asfar_VLPs_results_crispresso_aggregated_spacer_SPACE_rep3_.staging_CRISPRessoPooled_on_SPACE_D1_rep3_CRISPResso_on_HEK3	Deletions	0.0	0.00010584997530167243	3.528332510055748e-05	3.528332510055748e-05	0.00017641662550278738	3.528332510055748e-05	3.528332510055748e-05	3.528332510055748e-05	3.528332510055748e-05	3.528332510055748e-05	3.528332510055748e-05	3.528332510055748e-05	3.528332510055748e-05	3.528332510055748e-05	3.528332510055748e-05	3.528332510055748e-05	3.528332510055748e-05	3.528332510055748e-05	3.528332510055748e-05	3.528332510055748e-05
_scratch_st-cdeboer-1_asfar_VLPs_results_crispresso_aggregated_spacer_SPACE_rep3_.staging_CRISPRessoPooled_on_SPACE_D1_rep3_CRISPResso_on_HEK3	Substitutions	0.0001411333004022299	0.00024698327570390235	0.0006350998518100346	0.0004939665514078047	0.00017641662550278738	0.00021169995060334485	0.00017641662550278738	0.0001411333004022299	0.0	0.00021169995060334485	0.00017641662550278738	0.0003175499259050173	7.056665020111496e-05	0.00024698327570390235	0.0	0.00010584997530167243	0.00021169995060334485	0.0001411333004022299	0.00024698327570390235	0.0001411333004022299
_scratch_st-cdeboer-1_asfar_VLPs_results_crispresso_aggregated_spacer_SPACE_rep3_.staging_CRISPRessoPooled_on_SPACE_D1_rep3_CRISPResso_on_HEK3	All_modifications	0.0001411333004022299	0.00035283325100557477	0.0006703831769105921	0.0005292498765083622	0.00035283325100557477	0.00024698327570390235	0.00021169995060334485	0.00017641662550278738	3.528332510055748e-05	0.00024698327570390235	0.00021169995060334485	0.00035283325100557477	0.00010584997530167243	0.0002822666008044598	3.528332510055748e-05	0.0001411333004022299	0.00024698327570390235	0.00017641662550278738	0.0002822666008044598	0.00017641662550278738
_scratch_st-cdeboer-1_asfar_VLPs_results_crispresso_aggregated_spacer_SPACE_rep3_.staging_CRISPRessoPooled_on_SPACE_D2_rep3_CRISPResso_on_HEK3	Insertions	0.0	0.0	2.7387755847285874e-05	2.7387755847285874e-05	0.0	8.216326754185762e-05	8.216326754185762e-05	0.0	0.0	3.6517007796381165e-05	3.6517007796381165e-05	0.0	0.0	0.0	0.0	0.0	2.7387755847285874e-05	2.7387755847285874e-05	0.0	0.0
_scratch_st-cdeboer-1_asfar_VLPs_results_crispresso_aggregated_spacer_SPACE_rep3_.staging_CRISPRessoPooled_on_SPACE_D2_rep3_CRISPResso_on_HEK3	Insertions_Left	0.0	0.0	2.7387755847285874e-05	0.0	0.0	8.216326754185762e-05	0.0	0.0	0.0	3.6517007796381165e-05	0.0	0.0	0.0	0.0	0.0	0.0	2.7387755847285874e-05	0.0	0.0	0.0
_scratch_st-cdeboer-1_asfar_VLPs_results_crispresso_aggregated_spacer_SPACE_rep3_.staging_CRISPRessoPooled_on_SPACE_D2_rep3_CRISPResso_on_HEK3	Deletions	0.00015519728313461996	0.00022823129872738229	0.00015519728313461996	0.00015519728313461996	0.0006846938961821468	0.0001825850389819058	0.00016432653508371525	0.00016432653508371525	0.00011868027533823879	0.0001095510233891435	0.00012780952728733407	0.0001095510233891435	0.0001095510233891435	0.0001095510233891435	7.303401559276233e-05	7.303401559276233e-05	7.303401559276233e-05	4.564625974547645e-05	4.564625974547645e-05	1.8258503898190583e-05
_scratch_st-cdeboer-1_asfar_VLPs_results_crispresso_aggregated_spacer_SPACE_rep3_.staging_CRISPRessoPooled_on_SPACE_D2_rep3_CRISPResso_on_HEK3	Substitutions	0.00022823129872738229	0.0003286530701674305	0.0013511292884661032	0.0010498639741459584	0.0006025306286402892	0.0010863809819423396	0.00015519728313461996	0.0005568843688948128	9.12925194909529e-05	0.00011868027533823879	0.00014606803118552466	0.0002099727948291917	0.00016432653508371525	0.00013693877923642937	9.12925194909529e-05	9.12925194909529e-05	0.00022823129872738229	0.00024648980262557285	0.00014606803118552466	0.0001917142909310011
_scratch_st-cdeboer-1_asfar_VLPs_results_crispresso_aggregated_spacer_SPACE_rep3_.staging_CRISPRessoPooled_on_SPACE_D2_rep3_CRISPResso_on_HEK3	All_modifications	0.0003834285818620022	0.0005568843688948128	0.0015337143274480089	0.0012324490131278643	0.001287224524822436	0.0013511292884661032	0.0004016870857601928	0.000721210903978528	0.0002099727948291917	0.00026474830652376344	0.0003103945662692399	0.0003195238182183352	0.00027387755847285873	0.00024648980262557285	0.00016432653508371525	0.00016432653508371525	0.0003286530701674305	0.0003195238182183352	0.0001917142909310011	0.0002099727948291917
_scratch_st-cdeboer-1_asfar_VLPs_results_crispresso_aggregated_spacer_SPACE_rep3_.staging_CRISPRessoPooled_on_SPACE_D3_rep3_CRISPResso_on_HEK3	Insertions	0.0	0.0	0.0	0.0	0.0	0.0	0.0	0.0	0.0	0.0	0.0	0.0	0.0	0.0	0.0	0.0	0.0	0.0	0.0	0.0
_scratch_st-cdeboer-1_asfar_VLPs_results_crispresso_aggregated_spacer_SPACE_rep3_.staging_CRISPRessoPooled_on_SPACE_D3_rep3_CRISPResso_on_HEK3	Insertions_Left	0.0	0.0	0.0	0.0	0.0	0.0	0.0	0.0	0.0	0.0	0.0	0.0	0.0	0.0	0.0	0.0	0.0	0.0	0.0	0.0
_scratch_st-cdeboer-1_asfar_VLPs_results_crispresso_aggregated_spacer_SPACE_rep3_.staging_CRISPRessoPooled_on_SPACE_D3_rep3_CRISPResso_on_HEK3	Deletions	7.834739233762504e-05	0.00015669478467525007	7.834739233762504e-05	0.00013057898722937505	0.00039173696168812513	7.834739233762504e-05	0.00013057898722937505	0.00020892637956700008	0.00018281058212112506	0.00010446318978350004	0.00013057898722937505	0.00010446318978350004	0.00010446318978350004	0.00010446318978350004	7.834739233762504e-05	7.834739233762504e-05	7.834739233762504e-05	7.834739233762504e-05	7.834739233762504e-05	7.834739233762504e-05
_scratch_st-cdeboer-1_asfar_VLPs_results_crispresso_aggregated_spacer_SPACE_rep3_.staging_CRISPRessoPooled_on_SPACE_D3_rep3_CRISPResso_on_HEK3	Substitutions	0.00020892637956700008	0.00013057898722937505	0.0010185161003891253	0.0007051265310386252	0.0006006633412551253	0.0017497584288736258	0.0002350421770128751	0.0006006633412551253	0.00010446318978350004	0.00031338956935050014	0.00013057898722937505	0.00015669478467525007	0.0	0.00013057898722937505	0.00013057898722937505	5.223159489175002e-05	0.00018281058212112506	0.00020892637956700008	0.00013057898722937505	0.00010446318978350004
_scratch_st-cdeboer-1_asfar_VLPs_results_crispresso_aggregated_spacer_SPACE_rep3_.staging_CRISPRessoPooled_on_SPACE_D3_rep3_CRISPResso_on_HEK3	All_modifications	0.0002872737719046251	0.0002872737719046251	0.0010968634927267505	0.0008357055182680003	0.0009924003029432504	0.0018281058212112507	0.0003656211642422501	0.0008095897208221253	0.0002872737719046251	0.00041785275913400015	0.0002611579744587501	0.0002611579744587501	0.00010446318978350004	0.0002350421770128751	0.00020892637956700008	0.00013057898722937505	0.0002611579744587501	0.0002872737719046251	0.00020892637956700008	0.00018281058212112506
_scratch_st-cdeboer-1_asfar_VLPs_results_crispresso_aggregated_spacer_SPACE_rep3_.staging_CRISPRessoPooled_on_SPACE_D4_rep3_CRISPResso_on_HEK3	Insertions	0.0	1.9272835901438716e-05	3.854567180287743e-05	3.372746282751776e-05	8.672776155647423e-05	0.00010118238848255326	2.8909253852158075e-05	1.9272835901438716e-05	2.8909253852158075e-05	0.00017827373208830814	0.00016863731413758876	0.0	3.854567180287743e-05	3.854567180287743e-05	0.0	0.0	4.8182089753596794e-05	4.8182089753596794e-05	0.0	0.0
_scratch_st-cdeboer-1_asfar_VLPs_results_crispresso_aggregated_spacer_SPACE_rep3_.staging_CRISPRessoPooled_on_SPACE_D4_rep3_CRISPResso_on_HEK3	Insertions_Left	0.0	1.9272835901438716e-05	1.9272835901438716e-05	1.4454626926079038e-05	7.227313463039519e-05	2.8909253852158075e-05	0.0	1.9272835901438716e-05	9.636417950719358e-06	0.00016863731413758876	0.0	0.0	3.854567180287743e-05	0.0	0.0	0.0	4.8182089753596794e-05	0.0	0.0	0.0
_scratch_st-cdeboer-1_asfar_VLPs_results_crispresso_aggregated_spacer_SPACE_rep3_.staging_CRISPRessoPooled_on_SPACE_D4_rep3_CRISPResso_on_HEK3	Deletions	0.00017827373208830814	0.0005637304501170825	0.0003035471654476598	0.000390274927004134	0.002601832846694227	0.000390274927004134	0.0003999113449548534	0.0005155483603634857	0.00048182089753596796	0.00031800179237373883	0.0004191841808562921	0.0004095477629055727	0.00042400238983165175	0.00042400238983165175	0.00034209283725053724	0.00028909253852158075	0.00019754656798974684	0.00012045522438399199	0.00010600059745791294	0.00010600059745791294
_scratch_st-cdeboer-1_asfar_VLPs_results_crispresso_aggregated_spacer_SPACE_rep3_.staging_CRISPRessoPooled_on_SPACE_D4_rep3_CRISPResso_on_HEK3	Substitutions	0.00022163761286654525	0.0007034585104025131	0.007121312865581606	0.005680668381949062	0.0033631098648010563	0.006441945400055891	0.00011081880643327263	0.0031511086698852303	0.00010118238848255326	0.00012527343335935165	0.00017345552311294845	0.00024091044876798398	0.00011081880643327263	0.00017827373208830814	0.00011081880643327263	9.636417950719359e-05	0.00024091044876798398	0.00015900089618686941	0.00013009164233471134	0.00026981970262014205
_scratch_st-cdeboer-1_asfar_VLPs_results_crispresso_aggregated_spacer_SPACE_rep3_.staging_CRISPRessoPooled_on_SPACE_D4_rep3_CRISPResso_on_HEK3	All_modifications	0.0003999113449548534	0.0012864617964210344	0.007463405702832143	0.0061046707717807135	0.006051670473051757	0.006933402715542578	0.0005396394052402841	0.0036859298661501548	0.0006119125398706792	0.0006215489578213987	0.0007612770181068293	0.0006504582116735567	0.0005733668680678018	0.0006408217937228373	0.0004529116436838099	0.00038545671802877435	0.0004866391065113276	0.0003276382103244582	0.0002360922397926243	0.000375820300078055
_scratch_st-cdeboer-1_asfar_VLPs_results_crispresso_aggregated_spacer_SPACE_rep3_.staging_CRISPRessoPooled_on_SPACE_D5_rep3_CRISPResso_on_HEK3	Insertions	0.0	9.503219215509253e-05	9.503219215509253e-05	0.0	0.0	0.0	0.0	0.0	0.0	0.0003326126725428239	0.0003326126725428239	0.0	0.0	0.0	0.0	0.0	9.503219215509253e-05	9.503219215509253e-05	0.0	0.0
_scratch_st-cdeboer-1_asfar_VLPs_results_crispresso_aggregated_spacer_SPACE_rep3_.staging_CRISPRessoPooled_on_SPACE_D5_rep3_CRISPResso_on_HEK3	Insertions_Left	0.0	9.503219215509253e-05	0.0	0.0	0.0	0.0	0.0	0.0	0.0	0.0003326126725428239	0.0	0.0	0.0	0.0	0.0	0.0	9.503219215509253e-05	0.0	0.0	0.0
_scratch_st-cdeboer-1_asfar_VLPs_results_crispresso_aggregated_spacer_SPACE_rep3_.staging_CRISPRessoPooled_on_SPACE_D5_rep3_CRISPResso_on_HEK3	Deletions	0.00023758048038773134	0.0004038868166591433	0.0004989190088142358	0.0008552897293958329	0.0031360623411180537	0.0007840155852795134	0.0007840155852795134	0.0008552897293958329	0.0008315316813570597	0.0006652253450856477	0.0005939512009693283	0.0005464351048917821	0.0005464351048917821	0.0005701931529305552	0.0004038868166591433	0.0002613385284265045	0.00023758048038773134	0.00016630633627141194	0.00016630633627141194	0.00016630633627141194
_scratch_st-cdeboer-1_asfar_VLPs_results_crispresso_aggregated_spacer_SPACE_rep3_.staging_CRISPRessoPooled_on_SPACE_D5_rep3_CRISPResso_on_HEK3	Substitutions	0.0002850965764652776	0.0010928702097835641	0.006628495402817704	0.005036706184219904	0.004062626214630206	0.00841034900572569	0.00016630633627141194	0.0037537715901261553	0.00011879024019386567	0.00011879024019386567	7.12741441163194e-05	0.00011879024019386567	0.00016630633627141194	0.00045140291273668956	0.00011879024019386567	0.00016630633627141194	0.000356370720581597	0.00023758048038773134	0.00019006438431018506	0.0001425482882326388
_scratch_st-cdeboer-1_asfar_VLPs_results_crispresso_aggregated_spacer_SPACE_rep3_.staging_CRISPRessoPooled_on_SPACE_D5_rep3_CRISPResso_on_HEK3	All_modifications	0.000522677056853009	0.0015917892185978	0.007222446603787033	0.0058919959136157374	0.00719868855574826	0.009194364591005203	0.0009503219215509254	0.004609061319521988	0.0009503219215509254	0.0011166282578223374	0.0009978380176284716	0.0006652253450856477	0.000712741441163194	0.0010215960656672447	0.000522677056853009	0.00042764486469791643	0.0006889833931244209	0.0004989190088142358	0.000356370720581597	0.00030885462450405075
