Folder	Modification	G	G	A	G	G	C	T	A	T	C	C	A	G	C	G	T	G	A	G	T
_scratch_st-cdeboer-1_asfar_VLPs_results_crispresso_aggregated_spacer_SPACE_rep1_.staging_CRISPRessoPooled_on_SPACE_D0_rep1_CRISPResso_on_B2M	Insertions	0.0	0.0	0.0	0.0	0.0	0.0	0.0	0.0	0.0	0.0	0.0	0.0	0.0	0.0	0.0	0.0	0.0	0.0	0.0	0.0
_scratch_st-cdeboer-1_asfar_VLPs_results_crispresso_aggregated_spacer_SPACE_rep1_.staging_CRISPRessoPooled_on_SPACE_D0_rep1_CRISPResso_on_B2M	Insertions_Left	0.0	0.0	0.0	0.0	0.0	0.0	0.0	0.0	0.0	0.0	0.0	0.0	0.0	0.0	0.0	0.0	0.0	0.0	0.0	0.0
_scratch_st-cdeboer-1_asfar_VLPs_results_crispresso_aggregated_spacer_SPACE_rep1_.staging_CRISPRessoPooled_on_SPACE_D0_rep1_CRISPResso_on_B2M	Deletions	0.0	4.0384460059769e-05	8.0768920119538e-06	0.0	0.0	0.0	0.0	0.0	0.0	0.0	2.42306760358614e-05	0.0	0.0	0.0	0.0	0.0	0.0	0.0	0.0	0.0
_scratch_st-cdeboer-1_asfar_VLPs_results_crispresso_aggregated_spacer_SPACE_rep1_.staging_CRISPRessoPooled_on_SPACE_D0_rep1_CRISPResso_on_B2M	Substitutions	0.0002988450044422906	0.000484613520717228	0.0002261529763347064	0.0001938454082868912	0.000121153380179307	0.000121153380179307	0.0003149987884661982	0.00010499959615539941	0.0003715370325498748	0.0001776916242629836	0.000201922300298845	0.000363460140537921	0.0004684597366933204	0.00013730716420321462	0.0003311525724901058	0.0002584605443825216	0.00041999838462159763	0.0003149987884661982	0.000282691220418383	0.0003876908165737824
_scratch_st-cdeboer-1_asfar_VLPs_results_crispresso_aggregated_spacer_SPACE_rep1_.staging_CRISPRessoPooled_on_SPACE_D0_rep1_CRISPResso_on_B2M	All_modifications	0.0002988450044422906	0.000524997980776997	0.0002342298683466602	0.0001938454082868912	0.000121153380179307	0.000121153380179307	0.0003149987884661982	0.00010499959615539941	0.0003715370325498748	0.0001776916242629836	0.0002261529763347064	0.000363460140537921	0.0004684597366933204	0.00013730716420321462	0.0003311525724901058	0.0002584605443825216	0.00041999838462159763	0.0003149987884661982	0.000282691220418383	0.0003876908165737824
_scratch_st-cdeboer-1_asfar_VLPs_results_crispresso_aggregated_spacer_SPACE_rep1_.staging_CRISPRessoPooled_on_SPACE_D1_rep1_CRISPResso_on_B2M	Insertions	0.0	0.0	0.0	0.0	0.000160258978509271	0.000160258978509271	0.0	0.00024038846776390648	0.00024038846776390648	0.0	0.0	0.0	0.0	0.0	0.0	0.0	0.0	0.0	0.0	0.0
_scratch_st-cdeboer-1_asfar_VLPs_results_crispresso_aggregated_spacer_SPACE_rep1_.staging_CRISPRessoPooled_on_SPACE_D1_rep1_CRISPResso_on_B2M	Insertions_Left	0.0	0.0	0.0	0.0	0.000160258978509271	0.0	0.0	0.00024038846776390648	0.0	0.0	0.0	0.0	0.0	0.0	0.0	0.0	0.0	0.0	0.0	0.0
_scratch_st-cdeboer-1_asfar_VLPs_results_crispresso_aggregated_spacer_SPACE_rep1_.staging_CRISPRessoPooled_on_SPACE_D1_rep1_CRISPResso_on_B2M	Deletions	0.0	0.0	0.0	0.0	0.0	0.0	0.0	0.0	0.0	0.0	1.6025897850927097e-05	0.0	0.0	0.0	0.0	0.0	0.0	0.0	0.0	0.0
_scratch_st-cdeboer-1_asfar_VLPs_results_crispresso_aggregated_spacer_SPACE_rep1_.staging_CRISPRessoPooled_on_SPACE_D1_rep1_CRISPResso_on_B2M	Substitutions	0.0002884661613166878	0.00027244026346576064	0.00017628487636019808	0.0003044920591676149	0.0001442330806583439	0.00022436256991297936	0.00033654385486946907	0.000160258978509271	0.000320517957018542	0.00022436256991297936	0.000160258978509271	0.0002884661613166878	0.0008012948925463549	0.00019231077421112518	0.0009134761775028447	0.00025641436561483355	0.0007852689946954278	0.00022436256991297936	0.00022436256991297936	0.00033654385486946907
_scratch_st-cdeboer-1_asfar_VLPs_results_crispresso_aggregated_spacer_SPACE_rep1_.staging_CRISPRessoPooled_on_SPACE_D1_rep1_CRISPResso_on_B2M	All_modifications	0.0002884661613166878	0.00027244026346576064	0.00017628487636019808	0.0003044920591676149	0.0003044920591676149	0.00038462154842225035	0.00033654385486946907	0.00040064744627317744	0.0005609064247824485	0.00022436256991297936	0.00017628487636019808	0.0002884661613166878	0.0008012948925463549	0.00019231077421112518	0.0009134761775028447	0.00025641436561483355	0.0007852689946954278	0.00022436256991297936	0.00022436256991297936	0.00033654385486946907
_scratch_st-cdeboer-1_asfar_VLPs_results_crispresso_aggregated_spacer_SPACE_rep1_.staging_CRISPRessoPooled_on_SPACE_D2_rep1_CRISPResso_on_B2M	Insertions	0.0	0.0	0.0	0.0	0.0001333822401547234	0.0001333822401547234	0.0	0.0	0.0	0.0	0.0	0.0	0.0	0.0	0.0	0.0	0.0	1.6672780019340425e-05	1.6672780019340425e-05	0.0
_scratch_st-cdeboer-1_asfar_VLPs_results_crispresso_aggregated_spacer_SPACE_rep1_.staging_CRISPRessoPooled_on_SPACE_D2_rep1_CRISPResso_on_B2M	Insertions_Left	0.0	0.0	0.0	0.0	0.0001333822401547234	0.0	0.0	0.0	0.0	0.0	0.0	0.0	0.0	0.0	0.0	0.0	0.0	1.6672780019340425e-05	0.0	0.0
_scratch_st-cdeboer-1_asfar_VLPs_results_crispresso_aggregated_spacer_SPACE_rep1_.staging_CRISPRessoPooled_on_SPACE_D2_rep1_CRISPResso_on_B2M	Deletions	6.66911200773617e-05	0.00010003668011604255	6.66911200773617e-05	6.66911200773617e-05	6.66911200773617e-05	0.0	0.0	0.0	1.6672780019340425e-05	0.0	5.0018340058021274e-05	0.0	0.0	0.0	6.66911200773617e-05	0.0	0.0	0.0	0.0	0.0
_scratch_st-cdeboer-1_asfar_VLPs_results_crispresso_aggregated_spacer_SPACE_rep1_.staging_CRISPRessoPooled_on_SPACE_D2_rep1_CRISPResso_on_B2M	Substitutions	0.00038347394044482976	0.0004835106205608723	0.0004001467204641702	0.00018340058021274467	0.00015005502017406382	6.66911200773617e-05	0.0002667644803094468	0.0002000733602320851	0.00030011004034812764	0.00018340058021274467	0.0001333822401547234	0.00031678282036746807	0.000666911200773617	0.00015005502017406382	0.00045016506052219146	0.00023341892027076594	0.0012337857214311915	0.0002834372603287872	0.0013504951815665744	0.00043349228050285104
_scratch_st-cdeboer-1_asfar_VLPs_results_crispresso_aggregated_spacer_SPACE_rep1_.staging_CRISPRessoPooled_on_SPACE_D2_rep1_CRISPResso_on_B2M	All_modifications	0.00045016506052219146	0.0005835473006769149	0.0004668378405415319	0.00025009170029010637	0.0003501283804061489	0.0002000733602320851	0.0002667644803094468	0.0002000733602320851	0.00031678282036746807	0.00018340058021274467	0.00018340058021274467	0.00031678282036746807	0.000666911200773617	0.00015005502017406382	0.0005168561805995532	0.00023341892027076594	0.0012337857214311915	0.00030011004034812764	0.001367167961585915	0.00043349228050285104
_scratch_st-cdeboer-1_asfar_VLPs_results_crispresso_aggregated_spacer_SPACE_rep1_.staging_CRISPRessoPooled_on_SPACE_D3_rep1_CRISPResso_on_B2M	Insertions	0.0	0.0	0.0	0.0	0.0	0.0	0.0	0.0	0.0	0.000254691533821878	0.000254691533821878	0.0	0.0	0.0	0.0	0.0	0.0	0.0	1.1576887900994455e-05	1.1576887900994455e-05
_scratch_st-cdeboer-1_asfar_VLPs_results_crispresso_aggregated_spacer_SPACE_rep1_.staging_CRISPRessoPooled_on_SPACE_D3_rep1_CRISPResso_on_B2M	Insertions_Left	0.0	0.0	0.0	0.0	0.0	0.0	0.0	0.0	0.0	0.000254691533821878	0.0	0.0	0.0	0.0	0.0	0.0	0.0	0.0	1.1576887900994455e-05	0.0
_scratch_st-cdeboer-1_asfar_VLPs_results_crispresso_aggregated_spacer_SPACE_rep1_.staging_CRISPRessoPooled_on_SPACE_D3_rep1_CRISPResso_on_B2M	Deletions	0.0	3.473066370298336e-05	0.0	0.0	1.1576887900994455e-05	1.1576887900994455e-05	1.1576887900994455e-05	2.315377580198891e-05	2.315377580198891e-05	2.315377580198891e-05	4.630755160397782e-05	2.315377580198891e-05	1.1576887900994455e-05	1.1576887900994455e-05	0.0001041919911089501	0.0001041919911089501	0.0001041919911089501	9.261510320795564e-05	0.00034730663702983364	0.0003009990854258558
_scratch_st-cdeboer-1_asfar_VLPs_results_crispresso_aggregated_spacer_SPACE_rep1_.staging_CRISPRessoPooled_on_SPACE_D3_rep1_CRISPResso_on_B2M	Substitutions	0.0004630755160397782	0.0008335359288716008	0.0002894221975248614	0.0005209599555447505	0.0002778453096238669	0.000127345766910939	0.0002083839822179002	0.00021996087011889463	0.000382037300732817	5.7884439504972276e-05	6.946132740596672e-05	0.00017365331851491682	0.00024311464592088354	0.00011576887900994455	0.00021996087011889463	0.0008682665925745842	0.0016902256335451903	0.0003241528612278447	0.0009145741441785619	0.0004051910765348059
_scratch_st-cdeboer-1_asfar_VLPs_results_crispresso_aggregated_spacer_SPACE_rep1_.staging_CRISPRessoPooled_on_SPACE_D3_rep1_CRISPResso_on_B2M	All_modifications	0.0004630755160397782	0.0008682665925745842	0.0002894221975248614	0.0005209599555447505	0.0002894221975248614	0.00013892265481193344	0.00021996087011889463	0.00024311464592088354	0.0004051910765348059	0.0003357297491288392	0.0003704604128318226	0.00019680709431690573	0.000254691533821878	0.000127345766910939	0.0003241528612278447	0.0009724585836835342	0.0017944176246541405	0.0004167679644358004	0.00127345766910939	0.0007177670498616562
_scratch_st-cdeboer-1_asfar_VLPs_results_crispresso_aggregated_spacer_SPACE_rep1_.staging_CRISPRessoPooled_on_SPACE_D4_rep1_CRISPResso_on_B2M	Insertions	0.0	0.0	0.0	0.0	0.0	0.0	0.0	0.0	0.0	0.00047807379720978747	0.00047807379720978747	0.0	0.0	0.0	0.0	0.0	2.1730627145899432e-05	0.0005649963057933852	0.0005432656786474858	0.0
_scratch_st-cdeboer-1_asfar_VLPs_results_crispresso_aggregated_spacer_SPACE_rep1_.staging_CRISPRessoPooled_on_SPACE_D4_rep1_CRISPResso_on_B2M	Insertions_Left	0.0	0.0	0.0	0.0	0.0	0.0	0.0	0.0	0.0	0.00047807379720978747	0.0	0.0	0.0	0.0	0.0	0.0	2.1730627145899432e-05	0.0005432656786474858	0.0	0.0
_scratch_st-cdeboer-1_asfar_VLPs_results_crispresso_aggregated_spacer_SPACE_rep1_.staging_CRISPRessoPooled_on_SPACE_D4_rep1_CRISPResso_on_B2M	Deletions	6.51918814376983e-05	8.692250858359773e-05	6.51918814376983e-05	6.51918814376983e-05	6.51918814376983e-05	6.51918814376983e-05	6.51918814376983e-05	6.51918814376983e-05	6.51918814376983e-05	6.51918814376983e-05	6.51918814376983e-05	6.51918814376983e-05	0.000152114390021296	6.51918814376983e-05	6.51918814376983e-05	6.51918814376983e-05	6.51918814376983e-05	6.51918814376983e-05	6.51918814376983e-05	6.51918814376983e-05
_scratch_st-cdeboer-1_asfar_VLPs_results_crispresso_aggregated_spacer_SPACE_rep1_.staging_CRISPRessoPooled_on_SPACE_D4_rep1_CRISPResso_on_B2M	Substitutions	0.000152114390021296	0.00023903689860489374	0.00032595940718849144	0.00021730627145899432	0.00017384501716719545	0.0001303837628753966	0.00017384501716719545	0.00019557564431309487	0.00023903689860489374	0.0001303837628753966	0.00023903689860489374	0.0001303837628753966	0.001260376374462167	0.0001303837628753966	0.00045634317006388805	0.001673258290234256	0.00532400365074536	0.0002824981528966926	0.005671693685079752	0.0003476900343343909
_scratch_st-cdeboer-1_asfar_VLPs_results_crispresso_aggregated_spacer_SPACE_rep1_.staging_CRISPRessoPooled_on_SPACE_D4_rep1_CRISPResso_on_B2M	All_modifications	0.00021730627145899432	0.00032595940718849144	0.00039115128862618974	0.0002824981528966926	0.00023903689860489374	0.00019557564431309487	0.00023903689860489374	0.0002607675257507932	0.000304228780042592	0.0006736494415228824	0.0007823025772523795	0.00019557564431309487	0.001412490764483463	0.00019557564431309487	0.0005215350515015864	0.0017384501716719545	0.005410926159328958	0.0009126863401277761	0.0062801512451649355	0.00041288191577208916
_scratch_st-cdeboer-1_asfar_VLPs_results_crispresso_aggregated_spacer_SPACE_rep1_.staging_CRISPRessoPooled_on_SPACE_D5_rep1_CRISPResso_on_B2M	Insertions	0.0	0.0	0.0	0.0	1.291822761917065e-05	1.291822761917065e-05	0.0	2.58364552383413e-05	2.58364552383413e-05	0.0007492572019118977	0.0007492572019118977	0.0	0.0	0.0	0.0	0.0	1.291822761917065e-05	0.00014210050381087714	0.00014210050381087714	1.291822761917065e-05
_scratch_st-cdeboer-1_asfar_VLPs_results_crispresso_aggregated_spacer_SPACE_rep1_.staging_CRISPRessoPooled_on_SPACE_D5_rep1_CRISPResso_on_B2M	Insertions_Left	0.0	0.0	0.0	0.0	1.291822761917065e-05	0.0	0.0	2.58364552383413e-05	0.0	0.0007492572019118977	0.0	0.0	0.0	0.0	0.0	0.0	1.291822761917065e-05	0.0001291822761917065	1.291822761917065e-05	0.0
_scratch_st-cdeboer-1_asfar_VLPs_results_crispresso_aggregated_spacer_SPACE_rep1_.staging_CRISPRessoPooled_on_SPACE_D5_rep1_CRISPResso_on_B2M	Deletions	0.0	5.16729104766826e-05	0.0	0.0	0.0	0.0	0.0	0.0	0.0001550187314300478	0.0001550187314300478	0.0004908926495284846	0.00032295569047926625	0.00032295569047926625	0.00032295569047926625	0.000258364552383413	0.000258364552383413	0.000258364552383413	0.000258364552383413	0.0006459113809585325	0.0006459113809585325
_scratch_st-cdeboer-1_asfar_VLPs_results_crispresso_aggregated_spacer_SPACE_rep1_.staging_CRISPRessoPooled_on_SPACE_D5_rep1_CRISPResso_on_B2M	Substitutions	0.00042630151143263146	0.0003875468285751195	0.00023252809714507168	0.0002066916419067304	7.75093657150239e-05	0.0002066916419067304	0.00021960986952590105	0.00019377341428755975	0.00023252809714507168	0.00014210050381087714	0.0001291822761917065	0.00023252809714507168	0.0009559488438186281	0.00019377341428755975	0.000258364552383413	0.0013047409895362357	0.0045084614390905565	0.0002066916419067304	0.005309391551479137	0.0002971192352409249
_scratch_st-cdeboer-1_asfar_VLPs_results_crispresso_aggregated_spacer_SPACE_rep1_.staging_CRISPRessoPooled_on_SPACE_D5_rep1_CRISPResso_on_B2M	All_modifications	0.00042630151143263146	0.0004392197390518021	0.00023252809714507168	0.0002066916419067304	9.042759333419455e-05	0.00021960986952590105	0.00021960986952590105	0.00021960986952590105	0.0004133832838134608	0.0010463764371528225	0.001369332127632089	0.000555483787624338	0.0012789045342978943	0.000516729104766826	0.000516729104766826	0.0015631055419196487	0.00477974421909314	0.0006071566981010205	0.006097403436248546	0.0009559488438186281
