Folder	Modification	C	A	C	C	T	A	C	C	T	A	A	G	A	A	C	C	A	T	C	C
_scratch_st-cdeboer-1_asfar_VLPs_results_crispresso_aggregated_spacer_SPACE_rep1_.staging_CRISPRessoPooled_on_SPACE_D0_rep1_CRISPResso_on_PDCD1	Insertions	0.00011403808872163302	0.00011403808872163302	0.0	0.0	0.0	0.0	0.0	0.0	0.0	0.0	0.0	0.0	0.0	0.0	0.0	0.0	0.0	0.0	0.0	0.0
_scratch_st-cdeboer-1_asfar_VLPs_results_crispresso_aggregated_spacer_SPACE_rep1_.staging_CRISPRessoPooled_on_SPACE_D0_rep1_CRISPResso_on_PDCD1	Insertions_Left	0.00011403808872163302	0.0	0.0	0.0	0.0	0.0	0.0	0.0	0.0	0.0	0.0	0.0	0.0	0.0	0.0	0.0	0.0	0.0	0.0	0.0
_scratch_st-cdeboer-1_asfar_VLPs_results_crispresso_aggregated_spacer_SPACE_rep1_.staging_CRISPRessoPooled_on_SPACE_D0_rep1_CRISPResso_on_PDCD1	Deletions	3.8012696240544345e-05	0.0	0.0	9.503174060136086e-06	2.8509522180408255e-05	0.0	0.0	0.0	0.0	0.0	2.8509522180408255e-05	0.0	0.0	1.9006348120272173e-05	0.0	9.503174060136086e-06	0.0	0.0	0.0	0.0
_scratch_st-cdeboer-1_asfar_VLPs_results_crispresso_aggregated_spacer_SPACE_rep1_.staging_CRISPRessoPooled_on_SPACE_D0_rep1_CRISPResso_on_PDCD1	Substitutions	0.00011403808872163302	0.0002565856996236743	0.0001235412627817691	8.552856654122477e-05	0.000332611092104763	0.0001235412627817691	0.0001235412627817691	0.00014254761090204128	0.00023757935150340215	0.00017105713308244953	0.0001995666552628578	0.00017105713308244953	0.00023757935150340215	0.00017105713308244953	0.00017105713308244953	7.602539248108869e-05	0.00018056030714258564	0.00036112061428517127	0.00015205078496217738	0.0001330444368419052
_scratch_st-cdeboer-1_asfar_VLPs_results_crispresso_aggregated_spacer_SPACE_rep1_.staging_CRISPRessoPooled_on_SPACE_D0_rep1_CRISPResso_on_PDCD1	All_modifications	0.0002660888736838104	0.0003706237883453073	0.0001235412627817691	9.503174060136086e-05	0.00036112061428517127	0.0001235412627817691	0.0001235412627817691	0.00014254761090204128	0.00023757935150340215	0.00017105713308244953	0.00022807617744326604	0.00017105713308244953	0.00023757935150340215	0.0001900634812027217	0.00017105713308244953	8.552856654122477e-05	0.00018056030714258564	0.00036112061428517127	0.00015205078496217738	0.0001330444368419052
_scratch_st-cdeboer-1_asfar_VLPs_results_crispresso_aggregated_spacer_SPACE_rep1_.staging_CRISPRessoPooled_on_SPACE_D1_rep1_CRISPResso_on_PDCD1	Insertions	0.0	0.0	0.0	0.0	0.0	0.0	0.0	0.0	0.0	0.0	0.0	0.0	0.0	0.0	0.0	0.0	0.0	0.0	0.0	0.0
_scratch_st-cdeboer-1_asfar_VLPs_results_crispresso_aggregated_spacer_SPACE_rep1_.staging_CRISPRessoPooled_on_SPACE_D1_rep1_CRISPResso_on_PDCD1	Insertions_Left	0.0	0.0	0.0	0.0	0.0	0.0	0.0	0.0	0.0	0.0	0.0	0.0	0.0	0.0	0.0	0.0	0.0	0.0	0.0	0.0
_scratch_st-cdeboer-1_asfar_VLPs_results_crispresso_aggregated_spacer_SPACE_rep1_.staging_CRISPRessoPooled_on_SPACE_D1_rep1_CRISPResso_on_PDCD1	Deletions	0.0	0.0	0.0	0.0	2.3260141421659845e-05	0.0	0.0	0.0	0.0	0.0	2.3260141421659845e-05	0.0	0.0	0.0	0.0	0.0	0.0	0.0	0.0	2.3260141421659845e-05
_scratch_st-cdeboer-1_asfar_VLPs_results_crispresso_aggregated_spacer_SPACE_rep1_.staging_CRISPRessoPooled_on_SPACE_D1_rep1_CRISPResso_on_PDCD1	Substitutions	0.00011630070710829922	0.0002093412727949386	0.0003721622627465575	0.0002558615556382583	0.00013956084852995905	0.00011630070710829922	0.00018608113137327876	0.0002093412727949386	0.00018608113137327876	9.304056568663938e-05	0.00018608113137327876	0.0001628209899516189	0.00034890212132489767	0.0001628209899516189	0.00013956084852995905	9.304056568663938e-05	0.00011630070710829922	0.0004652028284331969	0.0001628209899516189	6.978042426497953e-05
_scratch_st-cdeboer-1_asfar_VLPs_results_crispresso_aggregated_spacer_SPACE_rep1_.staging_CRISPRessoPooled_on_SPACE_D1_rep1_CRISPResso_on_PDCD1	All_modifications	0.00011630070710829922	0.0002093412727949386	0.0003721622627465575	0.0002558615556382583	0.0001628209899516189	0.00011630070710829922	0.00018608113137327876	0.0002093412727949386	0.00018608113137327876	9.304056568663938e-05	0.0002093412727949386	0.0001628209899516189	0.00034890212132489767	0.0001628209899516189	0.00013956084852995905	9.304056568663938e-05	0.00011630070710829922	0.0004652028284331969	0.0001628209899516189	9.304056568663938e-05
_scratch_st-cdeboer-1_asfar_VLPs_results_crispresso_aggregated_spacer_SPACE_rep1_.staging_CRISPRessoPooled_on_SPACE_D2_rep1_CRISPResso_on_PDCD1	Insertions	2.0685090186993215e-05	2.0685090186993215e-05	0.0	0.0	0.0	0.0	0.0	0.0	0.0	0.0	0.0	0.0	0.0	0.0	0.0	0.0	0.0	0.0	0.0	0.0
_scratch_st-cdeboer-1_asfar_VLPs_results_crispresso_aggregated_spacer_SPACE_rep1_.staging_CRISPRessoPooled_on_SPACE_D2_rep1_CRISPResso_on_PDCD1	Insertions_Left	2.0685090186993215e-05	0.0	0.0	0.0	0.0	0.0	0.0	0.0	0.0	0.0	0.0	0.0	0.0	0.0	0.0	0.0	0.0	0.0	0.0	0.0
_scratch_st-cdeboer-1_asfar_VLPs_results_crispresso_aggregated_spacer_SPACE_rep1_.staging_CRISPRessoPooled_on_SPACE_D2_rep1_CRISPResso_on_PDCD1	Deletions	2.0685090186993215e-05	0.0	0.0	0.0	0.0	0.0	0.0	0.0	0.0	0.0	5.171272546748304e-05	0.0	0.0	0.0	0.0	0.0	0.0	0.0	0.0	0.0
_scratch_st-cdeboer-1_asfar_VLPs_results_crispresso_aggregated_spacer_SPACE_rep1_.staging_CRISPRessoPooled_on_SPACE_D2_rep1_CRISPResso_on_PDCD1	Substitutions	0.00018616581168293895	0.00018616581168293895	0.0001551381764024491	0.00014479563130895251	0.00022753599205692536	0.0001551381764024491	0.00018616581168293895	0.0001551381764024491	0.0003102763528048982	0.00019650835677643554	0.00010342545093496608	0.0002792487175244084	0.0002585636273374152	0.0001344530862154559	4.137018037398643e-05	9.308290584146948e-05	0.00023787853715042198	0.0003826741684593745	9.308290584146948e-05	0.00022753599205692536
_scratch_st-cdeboer-1_asfar_VLPs_results_crispresso_aggregated_spacer_SPACE_rep1_.staging_CRISPRessoPooled_on_SPACE_D2_rep1_CRISPResso_on_PDCD1	All_modifications	0.00022753599205692536	0.00020685090186993216	0.0001551381764024491	0.00014479563130895251	0.00022753599205692536	0.0001551381764024491	0.00018616581168293895	0.0001551381764024491	0.0003102763528048982	0.00019650835677643554	0.0001551381764024491	0.0002792487175244084	0.0002585636273374152	0.0001344530862154559	4.137018037398643e-05	9.308290584146948e-05	0.00023787853715042198	0.0003826741684593745	9.308290584146948e-05	0.00022753599205692536
_scratch_st-cdeboer-1_asfar_VLPs_results_crispresso_aggregated_spacer_SPACE_rep1_.staging_CRISPRessoPooled_on_SPACE_D3_rep1_CRISPResso_on_PDCD1	Insertions	0.0001422456712055967	0.0001422456712055967	0.0	0.0	0.0	0.0	0.0	0.0	0.0	0.0	0.0	0.0	0.0	0.0	0.0	0.0	0.0	0.0	0.0	0.0
_scratch_st-cdeboer-1_asfar_VLPs_results_crispresso_aggregated_spacer_SPACE_rep1_.staging_CRISPRessoPooled_on_SPACE_D3_rep1_CRISPResso_on_PDCD1	Insertions_Left	0.0001422456712055967	0.0	0.0	0.0	0.0	0.0	0.0	0.0	0.0	0.0	0.0	0.0	0.0	0.0	0.0	0.0	0.0	0.0	0.0	0.0
_scratch_st-cdeboer-1_asfar_VLPs_results_crispresso_aggregated_spacer_SPACE_rep1_.staging_CRISPRessoPooled_on_SPACE_D3_rep1_CRISPResso_on_PDCD1	Deletions	9.051997258537974e-05	5.172569862021699e-05	5.172569862021699e-05	5.172569862021699e-05	5.172569862021699e-05	5.172569862021699e-05	5.172569862021699e-05	6.465712327527123e-05	6.465712327527123e-05	6.465712327527123e-05	0.00012931424655054246	6.465712327527123e-05	6.465712327527123e-05	7.758854793032548e-05	6.465712327527123e-05	6.465712327527123e-05	6.465712327527123e-05	5.172569862021699e-05	5.172569862021699e-05	6.465712327527123e-05
_scratch_st-cdeboer-1_asfar_VLPs_results_crispresso_aggregated_spacer_SPACE_rep1_.staging_CRISPRessoPooled_on_SPACE_D3_rep1_CRISPResso_on_PDCD1	Substitutions	0.00015517709586065096	0.00012931424655054246	0.0001422456712055967	0.00018103994517075947	0.00023276564379097646	0.0003491484656864647	0.00010345139724043398	0.0002456970684460307	0.00020690279448086797	0.00020690279448086797	0.00018103994517075947	0.0002715599177561392	0.0002586284931010849	0.00023276564379097646	0.00012931424655054246	0.00011638282189548823	0.00018103994517075947	0.00037501131499657317	0.00011638282189548823	0.00018103994517075947
_scratch_st-cdeboer-1_asfar_VLPs_results_crispresso_aggregated_spacer_SPACE_rep1_.staging_CRISPRessoPooled_on_SPACE_D3_rep1_CRISPResso_on_PDCD1	All_modifications	0.00038794273965162744	0.0003232856163763562	0.00019397136982581372	0.00023276564379097646	0.0002844913424111934	0.00040087416430668166	0.00015517709586065096	0.0003103541917213019	0.0002715599177561392	0.0002715599177561392	0.0003103541917213019	0.00033621704103141046	0.0003232856163763562	0.0003103541917213019	0.00019397136982581372	0.00018103994517075947	0.0002456970684460307	0.00042673701361679015	0.00016810852051570523	0.0002456970684460307
_scratch_st-cdeboer-1_asfar_VLPs_results_crispresso_aggregated_spacer_SPACE_rep1_.staging_CRISPRessoPooled_on_SPACE_D4_rep1_CRISPResso_on_PDCD1	Insertions	0.0	0.0	0.0	0.0	0.0	0.0	0.0	0.0	0.0	0.0	0.0	0.0	0.0	0.0	0.0	0.0	0.0	0.0	0.0	0.0
_scratch_st-cdeboer-1_asfar_VLPs_results_crispresso_aggregated_spacer_SPACE_rep1_.staging_CRISPRessoPooled_on_SPACE_D4_rep1_CRISPResso_on_PDCD1	Insertions_Left	0.0	0.0	0.0	0.0	0.0	0.0	0.0	0.0	0.0	0.0	0.0	0.0	0.0	0.0	0.0	0.0	0.0	0.0	0.0	0.0
_scratch_st-cdeboer-1_asfar_VLPs_results_crispresso_aggregated_spacer_SPACE_rep1_.staging_CRISPRessoPooled_on_SPACE_D4_rep1_CRISPResso_on_PDCD1	Deletions	4.880905896134323e-05	0.0	0.0	0.0	0.0	0.0	0.0	0.0	0.0	0.0	4.880905896134323e-05	0.0	0.0	0.0	0.0	0.0	0.0	0.0	0.0	0.0
_scratch_st-cdeboer-1_asfar_VLPs_results_crispresso_aggregated_spacer_SPACE_rep1_.staging_CRISPRessoPooled_on_SPACE_D4_rep1_CRISPResso_on_PDCD1	Substitutions	0.0001952362358453729	0.0001952362358453729	0.0003904724716907458	0.0007809449433814916	0.00024404529480671612	0.00014642717688402967	0.0	9.761811792268645e-05	9.761811792268645e-05	0.00029285435376805933	0.0001952362358453729	0.0003416634127294026	0.00014642717688402967	0.00024404529480671612	0.0001952362358453729	0.0	0.00014642717688402967	0.0003904724716907458	9.761811792268645e-05	9.761811792268645e-05
_scratch_st-cdeboer-1_asfar_VLPs_results_crispresso_aggregated_spacer_SPACE_rep1_.staging_CRISPRessoPooled_on_SPACE_D4_rep1_CRISPResso_on_PDCD1	All_modifications	0.00024404529480671612	0.0001952362358453729	0.0003904724716907458	0.0007809449433814916	0.00024404529480671612	0.00014642717688402967	0.0	9.761811792268645e-05	9.761811792268645e-05	0.00029285435376805933	0.00024404529480671612	0.0003416634127294026	0.00014642717688402967	0.00024404529480671612	0.0001952362358453729	0.0	0.00014642717688402967	0.0003904724716907458	9.761811792268645e-05	9.761811792268645e-05
_scratch_st-cdeboer-1_asfar_VLPs_results_crispresso_aggregated_spacer_SPACE_rep1_.staging_CRISPRessoPooled_on_SPACE_D5_rep1_CRISPResso_on_PDCD1	Insertions	0.0	0.0	0.0	0.0	0.0	0.0	0.0	0.0	0.0	0.0	0.0	0.0	0.0	0.0	0.0	0.0	0.0	0.0	0.0	0.0
_scratch_st-cdeboer-1_asfar_VLPs_results_crispresso_aggregated_spacer_SPACE_rep1_.staging_CRISPRessoPooled_on_SPACE_D5_rep1_CRISPResso_on_PDCD1	Insertions_Left	0.0	0.0	0.0	0.0	0.0	0.0	0.0	0.0	0.0	0.0	0.0	0.0	0.0	0.0	0.0	0.0	0.0	0.0	0.0	0.0
_scratch_st-cdeboer-1_asfar_VLPs_results_crispresso_aggregated_spacer_SPACE_rep1_.staging_CRISPRessoPooled_on_SPACE_D5_rep1_CRISPResso_on_PDCD1	Deletions	0.0001173969189830818	5.86984594915409e-05	5.86984594915409e-05	8.478666371000353e-05	7.826461265538787e-05	7.826461265538787e-05	7.826461265538787e-05	7.826461265538787e-05	2.608820421846262e-05	2.608820421846262e-05	8.478666371000353e-05	2.608820421846262e-05	2.608820421846262e-05	2.608820421846262e-05	2.608820421846262e-05	4.565435738230959e-05	2.608820421846262e-05	2.608820421846262e-05	2.608820421846262e-05	2.608820421846262e-05
_scratch_st-cdeboer-1_asfar_VLPs_results_crispresso_aggregated_spacer_SPACE_rep1_.staging_CRISPRessoPooled_on_SPACE_D5_rep1_CRISPResso_on_PDCD1	Substitutions	9.783076581923483e-05	0.0002021835826930853	0.0005152420333146368	0.0005935066459700247	0.0003326246037853984	0.0009065650965915761	0.00011087486792846614	0.00022827178691154794	0.00028044819534847317	0.0002021835826930853	0.00010435281687385048	0.00016957332742000705	0.00030001434851232016	0.0002021835826930853	8.478666371000353e-05	0.00011087486792846614	0.00018913948058385402	0.00027392614429385754	0.00011087486792846614	0.0001173969189830818
_scratch_st-cdeboer-1_asfar_VLPs_results_crispresso_aggregated_spacer_SPACE_rep1_.staging_CRISPRessoPooled_on_SPACE_D5_rep1_CRISPResso_on_PDCD1	All_modifications	0.00021522768480231662	0.0002608820421846262	0.0005739404928061777	0.0006782933096800282	0.0004108892164407863	0.000984829709246964	0.00018913948058385402	0.0003065363995669358	0.0003065363995669358	0.00022827178691154794	0.00018913948058385402	0.00019566153163846965	0.0003261025527307828	0.00022827178691154794	0.00011087486792846614	0.00015652922531077574	0.00021522768480231662	0.00030001434851232016	0.00013696307214692877	0.00014348512320154442
