Folder	Modification	G	G	A	G	G	C	T	A	T	C	C	A	G	C	G	T	G	A	G	T
_scratch_st-cdeboer-1_asfar_VLPs_results_crispresso_aggregated_spacer_SPACE_rep2_.staging_CRISPRessoPooled_on_SPACE_D0_rep2_CRISPResso_on_B2M	Insertions	0.0	0.0	0.0	0.0	0.0	0.0	0.0	0.0	0.0	0.0	0.0	0.0	0.0	0.0	0.0	0.0	0.0	0.0	0.0	0.0
_scratch_st-cdeboer-1_asfar_VLPs_results_crispresso_aggregated_spacer_SPACE_rep2_.staging_CRISPRessoPooled_on_SPACE_D0_rep2_CRISPResso_on_B2M	Insertions_Left	0.0	0.0	0.0	0.0	0.0	0.0	0.0	0.0	0.0	0.0	0.0	0.0	0.0	0.0	0.0	0.0	0.0	0.0	0.0	0.0
_scratch_st-cdeboer-1_asfar_VLPs_results_crispresso_aggregated_spacer_SPACE_rep2_.staging_CRISPRessoPooled_on_SPACE_D0_rep2_CRISPResso_on_B2M	Deletions	0.0	1.6751821760616466e-05	0.0	0.0	0.0	0.0	0.0	0.0	0.0	0.0	5.02554652818494e-05	0.0	0.0	0.0	0.0	0.0	0.0	0.0	0.0	0.0
_scratch_st-cdeboer-1_asfar_VLPs_results_crispresso_aggregated_spacer_SPACE_rep2_.staging_CRISPRessoPooled_on_SPACE_D0_rep2_CRISPResso_on_B2M	Substitutions	0.0004020437222547952	0.0005360582963397269	0.00026802914816986345	0.0003350364352123293	0.00018427003936678113	0.00018427003936678113	0.00013401457408493173	0.0002010218611273976	0.0004690510092972611	0.00013401457408493173	0.00011726275232431528	0.0003015327916910964	0.0001507663958455482	0.00026802914816986345	0.00013401457408493173	0.00018427003936678113	0.0002010218611273976	0.0003350364352123293	0.00026802914816986345	0.0004020437222547952
_scratch_st-cdeboer-1_asfar_VLPs_results_crispresso_aggregated_spacer_SPACE_rep2_.staging_CRISPRessoPooled_on_SPACE_D0_rep2_CRISPResso_on_B2M	All_modifications	0.0004020437222547952	0.0005528101181003435	0.00026802914816986345	0.0003350364352123293	0.00018427003936678113	0.00018427003936678113	0.00013401457408493173	0.0002010218611273976	0.0004690510092972611	0.00013401457408493173	0.00016751821760616466	0.0003015327916910964	0.0001507663958455482	0.00026802914816986345	0.00013401457408493173	0.00018427003936678113	0.0002010218611273976	0.0003350364352123293	0.00026802914816986345	0.0004020437222547952
_scratch_st-cdeboer-1_asfar_VLPs_results_crispresso_aggregated_spacer_SPACE_rep2_.staging_CRISPRessoPooled_on_SPACE_D1_rep2_CRISPResso_on_B2M	Insertions	0.0	0.0	0.0	0.0	0.0	0.0	0.0	0.0	0.0	0.0	0.0	0.0	0.0	0.0	0.0	0.0	0.0	0.0	0.0	0.0
_scratch_st-cdeboer-1_asfar_VLPs_results_crispresso_aggregated_spacer_SPACE_rep2_.staging_CRISPRessoPooled_on_SPACE_D1_rep2_CRISPResso_on_B2M	Insertions_Left	0.0	0.0	0.0	0.0	0.0	0.0	0.0	0.0	0.0	0.0	0.0	0.0	0.0	0.0	0.0	0.0	0.0	0.0	0.0	0.0
_scratch_st-cdeboer-1_asfar_VLPs_results_crispresso_aggregated_spacer_SPACE_rep2_.staging_CRISPRessoPooled_on_SPACE_D1_rep2_CRISPResso_on_B2M	Deletions	0.0	0.0	0.0	0.0	0.0	0.0	0.0	0.0	0.0	0.0	0.0	0.0	0.0	0.0	6.941552131056504e-05	0.0	0.0	0.0	0.0	0.0
_scratch_st-cdeboer-1_asfar_VLPs_results_crispresso_aggregated_spacer_SPACE_rep2_.staging_CRISPRessoPooled_on_SPACE_D1_rep2_CRISPResso_on_B2M	Substitutions	0.0001735388032764126	0.00010412328196584757	0.00013883104262113008	0.0003470776065528252	0.0	6.941552131056504e-05	0.0003817853672081077	0.0	0.00027766208524226016	6.941552131056504e-05	0.00020824656393169514	0.00024295432458697764	0.00041649312786339027	0.0001735388032764126	0.00027766208524226016	0.00013883104262113008	0.00041649312786339027	0.0003470776065528252	6.941552131056504e-05	0.00041649312786339027
_scratch_st-cdeboer-1_asfar_VLPs_results_crispresso_aggregated_spacer_SPACE_rep2_.staging_CRISPRessoPooled_on_SPACE_D1_rep2_CRISPResso_on_B2M	All_modifications	0.0001735388032764126	0.00010412328196584757	0.00013883104262113008	0.0003470776065528252	0.0	6.941552131056504e-05	0.0003817853672081077	0.0	0.00027766208524226016	6.941552131056504e-05	0.00020824656393169514	0.00024295432458697764	0.00041649312786339027	0.0001735388032764126	0.0003470776065528252	0.00013883104262113008	0.00041649312786339027	0.0003470776065528252	6.941552131056504e-05	0.00041649312786339027
_scratch_st-cdeboer-1_asfar_VLPs_results_crispresso_aggregated_spacer_SPACE_rep2_.staging_CRISPRessoPooled_on_SPACE_D2_rep2_CRISPResso_on_B2M	Insertions	0.0	0.0	0.0	0.0	0.0	0.0	0.0	0.0	0.0	0.0002097555394531101	0.0002097555394531101	0.0	0.0	0.0	0.0	0.0	0.0	0.00011441211242896914	0.00011441211242896914	0.0
_scratch_st-cdeboer-1_asfar_VLPs_results_crispresso_aggregated_spacer_SPACE_rep2_.staging_CRISPRessoPooled_on_SPACE_D2_rep2_CRISPResso_on_B2M	Insertions_Left	0.0	0.0	0.0	0.0	0.0	0.0	0.0	0.0	0.0	0.0002097555394531101	0.0	0.0	0.0	0.0	0.0	0.0	0.0	0.00011441211242896914	0.0	0.0
_scratch_st-cdeboer-1_asfar_VLPs_results_crispresso_aggregated_spacer_SPACE_rep2_.staging_CRISPRessoPooled_on_SPACE_D2_rep2_CRISPResso_on_B2M	Deletions	0.0	3.813737080965638e-05	0.0	0.0	0.0	5.720605621448457e-05	5.720605621448457e-05	5.720605621448457e-05	5.720605621448457e-05	5.720605621448457e-05	9.534342702414095e-05	5.720605621448457e-05	5.720605621448457e-05	5.720605621448457e-05	5.720605621448457e-05	5.720605621448457e-05	5.720605621448457e-05	0.0	0.0	0.0
_scratch_st-cdeboer-1_asfar_VLPs_results_crispresso_aggregated_spacer_SPACE_rep2_.staging_CRISPRessoPooled_on_SPACE_D2_rep2_CRISPResso_on_B2M	Substitutions	0.0002669615956675947	0.00047671713512070476	0.00036230502269173564	0.0003813737080965638	0.0002288242248579383	0.00017161816864345373	0.0001906868540482819	7.627474161931276e-05	0.000400442393501392	0.0001906868540482819	0.00013348079783379735	0.00017161816864345373	0.00013348079783379735	0.0002097555394531101	0.00011441211242896914	0.00034323633728690746	0.0007818161015979558	0.0002860302810724229	0.0010297090118607222	0.00047671713512070476
_scratch_st-cdeboer-1_asfar_VLPs_results_crispresso_aggregated_spacer_SPACE_rep2_.staging_CRISPRessoPooled_on_SPACE_D2_rep2_CRISPResso_on_B2M	All_modifications	0.0002669615956675947	0.0005148545059303611	0.00036230502269173564	0.0003813737080965638	0.0002288242248579383	0.0002288242248579383	0.00024789291026276647	0.00013348079783379735	0.0004576484497158766	0.0004576484497158766	0.0004385797643110484	0.0002288242248579383	0.0001906868540482819	0.0002669615956675947	0.00017161816864345373	0.000400442393501392	0.0008390221578124404	0.000400442393501392	0.0011441211242896915	0.00047671713512070476
_scratch_st-cdeboer-1_asfar_VLPs_results_crispresso_aggregated_spacer_SPACE_rep2_.staging_CRISPRessoPooled_on_SPACE_D3_rep2_CRISPResso_on_B2M	Insertions	0.0	0.0	0.0	0.0	0.0	0.0	0.0	0.0	0.0	0.0	0.0	0.0	0.0	0.0	0.0	0.0	0.0	0.0	0.0	0.0
_scratch_st-cdeboer-1_asfar_VLPs_results_crispresso_aggregated_spacer_SPACE_rep2_.staging_CRISPRessoPooled_on_SPACE_D3_rep2_CRISPResso_on_B2M	Insertions_Left	0.0	0.0	0.0	0.0	0.0	0.0	0.0	0.0	0.0	0.0	0.0	0.0	0.0	0.0	0.0	0.0	0.0	0.0	0.0	0.0
_scratch_st-cdeboer-1_asfar_VLPs_results_crispresso_aggregated_spacer_SPACE_rep2_.staging_CRISPRessoPooled_on_SPACE_D3_rep2_CRISPResso_on_B2M	Deletions	0.00020886419649943606	0.00025063703579932326	0.00012531851789966163	0.00012531851789966163	0.00012531851789966163	0.00012531851789966163	4.177283929988721e-05	4.177283929988721e-05	4.177283929988721e-05	4.177283929988721e-05	4.177283929988721e-05	4.177283929988721e-05	4.177283929988721e-05	4.177283929988721e-05	8.354567859977442e-05	8.354567859977442e-05	8.354567859977442e-05	4.177283929988721e-05	4.177283929988721e-05	4.177283929988721e-05
_scratch_st-cdeboer-1_asfar_VLPs_results_crispresso_aggregated_spacer_SPACE_rep2_.staging_CRISPRessoPooled_on_SPACE_D3_rep2_CRISPResso_on_B2M	Substitutions	0.0006683654287981954	0.00045950123229875935	0.0002924098750992105	0.00041772839299887213	0.00020886419649943606	0.00012531851789966163	0.00012531851789966163	0.00012531851789966163	0.00045950123229875935	8.354567859977442e-05	0.00016709135719954885	0.0002924098750992105	0.00020886419649943606	0.00016709135719954885	0.00020886419649943606	0.0002924098750992105	0.0011278666610969547	0.0003341827143990977	0.0026316888758928943	0.0005012740715986465
_scratch_st-cdeboer-1_asfar_VLPs_results_crispresso_aggregated_spacer_SPACE_rep2_.staging_CRISPRessoPooled_on_SPACE_D3_rep2_CRISPResso_on_B2M	All_modifications	0.0008772296252976315	0.0007101382680980826	0.00041772839299887213	0.0005430469108985337	0.0003341827143990977	0.00025063703579932326	0.00016709135719954885	0.00016709135719954885	0.0005012740715986465	0.00012531851789966163	0.00020886419649943606	0.0003341827143990977	0.00025063703579932326	0.00020886419649943606	0.0002924098750992105	0.0003759555536989849	0.0012114123396967291	0.0003759555536989849	0.0026734617151927815	0.0005430469108985337
_scratch_st-cdeboer-1_asfar_VLPs_results_crispresso_aggregated_spacer_SPACE_rep2_.staging_CRISPRessoPooled_on_SPACE_D4_rep2_CRISPResso_on_B2M	Insertions	0.0	0.0	0.0	0.0	0.00030321406913280777	0.00030321406913280777	0.0	0.0	0.0	0.00010107135637760258	0.00010107135637760258	0.0	0.0	0.0	0.0	0.0	0.00020214271275520516	0.00020214271275520516	0.0	0.0
_scratch_st-cdeboer-1_asfar_VLPs_results_crispresso_aggregated_spacer_SPACE_rep2_.staging_CRISPRessoPooled_on_SPACE_D4_rep2_CRISPResso_on_B2M	Insertions_Left	0.0	0.0	0.0	0.0	0.00030321406913280777	0.0	0.0	0.0	0.0	0.00010107135637760258	0.0	0.0	0.0	0.0	0.0	0.0	0.00020214271275520516	0.0	0.0	0.0
_scratch_st-cdeboer-1_asfar_VLPs_results_crispresso_aggregated_spacer_SPACE_rep2_.staging_CRISPRessoPooled_on_SPACE_D4_rep2_CRISPResso_on_B2M	Deletions	5.053567818880129e-05	5.053567818880129e-05	5.053567818880129e-05	5.053567818880129e-05	0.00015160703456640388	0.00015160703456640388	0.00015160703456640388	0.00015160703456640388	0.00015160703456640388	0.00015160703456640388	0.00015160703456640388	0.00015160703456640388	0.00015160703456640388	0.00015160703456640388	0.00015160703456640388	0.00015160703456640388	0.0002526783909440065	0.0002526783909440065	0.0002526783909440065	0.00015160703456640388
_scratch_st-cdeboer-1_asfar_VLPs_results_crispresso_aggregated_spacer_SPACE_rep2_.staging_CRISPRessoPooled_on_SPACE_D4_rep2_CRISPResso_on_B2M	Substitutions	0.00010107135637760258	0.00030321406913280777	0.00015160703456640388	0.00020214271275520516	0.00020214271275520516	0.00010107135637760258	0.00015160703456640388	0.00015160703456640388	0.00015160703456640388	0.0002526783909440065	0.00010107135637760258	0.00030321406913280777	0.0002526783909440065	0.0004042854255104103	0.00035374974732160905	0.00020214271275520516	0.003284819082272084	0.0002526783909440065	0.0015160703456640388	0.00020214271275520516
_scratch_st-cdeboer-1_asfar_VLPs_results_crispresso_aggregated_spacer_SPACE_rep2_.staging_CRISPRessoPooled_on_SPACE_D4_rep2_CRISPResso_on_B2M	All_modifications	0.00015160703456640388	0.00035374974732160905	0.00020214271275520516	0.0002526783909440065	0.0006569638164544169	0.0005558924600768142	0.00030321406913280777	0.00030321406913280777	0.00030321406913280777	0.000505356781888013	0.00035374974732160905	0.00045482110369921165	0.0004042854255104103	0.0005558924600768142	0.000505356781888013	0.00035374974732160905	0.003739640185971296	0.0007074994946432181	0.0017687487366080453	0.00035374974732160905
_scratch_st-cdeboer-1_asfar_VLPs_results_crispresso_aggregated_spacer_SPACE_rep2_.staging_CRISPRessoPooled_on_SPACE_D5_rep2_CRISPResso_on_B2M	Insertions	0.0	0.0	0.0	0.0	0.0	0.0	0.00013428676939604526	0.00016785846174505656	3.3571692349011314e-05	0.000537147077584181	0.000537147077584181	0.0	0.0	0.0	0.0	6.714338469802263e-05	0.00010071507704703394	3.3571692349011314e-05	0.00013428676939604526	0.00013428676939604526
_scratch_st-cdeboer-1_asfar_VLPs_results_crispresso_aggregated_spacer_SPACE_rep2_.staging_CRISPRessoPooled_on_SPACE_D5_rep2_CRISPResso_on_B2M	Insertions_Left	0.0	0.0	0.0	0.0	0.0	0.0	0.00013428676939604526	3.3571692349011314e-05	0.0	0.000537147077584181	0.0	0.0	0.0	0.0	0.0	6.714338469802263e-05	3.3571692349011314e-05	0.0	0.00013428676939604526	0.0
_scratch_st-cdeboer-1_asfar_VLPs_results_crispresso_aggregated_spacer_SPACE_rep2_.staging_CRISPRessoPooled_on_SPACE_D5_rep2_CRISPResso_on_B2M	Deletions	0.00016785846174505656	0.00023500184644307918	0.0002685735387920905	0.00023500184644307918	0.0002685735387920905	0.00030214523114110184	0.00020143015409406788	0.00016785846174505656	0.00010071507704703394	0.00010071507704703394	0.00016785846174505656	0.0002685735387920905	0.0002685735387920905	0.00030214523114110184	0.00023500184644307918	0.00023500184644307918	0.00030214523114110184	0.00023500184644307918	0.00036928861583912444	0.00023500184644307918
_scratch_st-cdeboer-1_asfar_VLPs_results_crispresso_aggregated_spacer_SPACE_rep2_.staging_CRISPRessoPooled_on_SPACE_D5_rep2_CRISPResso_on_B2M	Substitutions	0.00040286030818813577	0.0006714338469802262	0.000537147077584181	0.0004364320005371471	0.00023500184644307918	0.00016785846174505656	0.00036928861583912444	0.00020143015409406788	0.0004364320005371471	0.00030214523114110184	0.0002685735387920905	0.00020143015409406788	0.00036928861583912444	0.00013428676939604526	0.0002685735387920905	0.0014100110786584752	0.004397891697720482	0.00030214523114110184	0.004129318158928391	0.0005707187699331923
_scratch_st-cdeboer-1_asfar_VLPs_results_crispresso_aggregated_spacer_SPACE_rep2_.staging_CRISPRessoPooled_on_SPACE_D5_rep2_CRISPResso_on_B2M	All_modifications	0.0005707187699331923	0.0009064356934233055	0.0008057206163762715	0.0006714338469802262	0.0005035753852351697	0.00047000369288615837	0.0007050055393292376	0.000537147077584181	0.0005707187699331923	0.0009400073857723167	0.0009735790781213281	0.00047000369288615837	0.000637862154631215	0.0004364320005371471	0.0005035753852351697	0.001712156309799577	0.0048007520059086175	0.0005707187699331923	0.004632893544163561	0.0009400073857723167
