Folder	Modification	G	G	A	G	G	C	T	A	T	C	C	A	G	C	G	T	G	A	G	T
_scratch_st-cdeboer-1_asfar_VLPs_results_crispresso_aggregated_spacer_SPACE-NG_rep1_.staging_CRISPRessoPooled_on_SPACE-NG_D0_rep1_CRISPResso_on_B2M	Insertions	0.0	0.0	0.0	0.0	0.0	0.0	0.0	0.0	0.0	0.0	0.0	0.0	0.0	0.0	0.0	0.0	0.0	0.0	0.0	0.0
_scratch_st-cdeboer-1_asfar_VLPs_results_crispresso_aggregated_spacer_SPACE-NG_rep1_.staging_CRISPRessoPooled_on_SPACE-NG_D0_rep1_CRISPResso_on_B2M	Insertions_Left	0.0	0.0	0.0	0.0	0.0	0.0	0.0	0.0	0.0	0.0	0.0	0.0	0.0	0.0	0.0	0.0	0.0	0.0	0.0	0.0
_scratch_st-cdeboer-1_asfar_VLPs_results_crispresso_aggregated_spacer_SPACE-NG_rep1_.staging_CRISPRessoPooled_on_SPACE-NG_D0_rep1_CRISPResso_on_B2M	Deletions	0.0	6.784145452078493e-05	8.480181815098116e-06	0.0	0.0	0.0	0.0	0.0	8.480181815098116e-06	0.0	0.0	0.0	0.0	0.0	0.0	0.0	0.0	0.0	0.0	0.0
_scratch_st-cdeboer-1_asfar_VLPs_results_crispresso_aggregated_spacer_SPACE-NG_rep1_.staging_CRISPRessoPooled_on_SPACE-NG_D0_rep1_CRISPResso_on_B2M	Substitutions	0.0002459252726378454	0.0004324892725700039	0.00020352436356235477	0.0002798459998982378	0.0001611234544868642	0.00018656399993215855	0.00017808381811706042	0.00012720272722647173	0.0003816081816794152	0.00010176218178117738	0.0002289649090076491	0.00025440545445294346	0.00014416309085666797	0.00015264327267176608	4.240090907549058e-05	0.00015264327267176608	0.0002459252726378454	0.0002798459998982378	0.00023744509082274725	0.00033920727260392463
_scratch_st-cdeboer-1_asfar_VLPs_results_crispresso_aggregated_spacer_SPACE-NG_rep1_.staging_CRISPRessoPooled_on_SPACE-NG_D0_rep1_CRISPResso_on_B2M	All_modifications	0.0002459252726378454	0.0005003307270907888	0.0002120045453774529	0.0002798459998982378	0.0001611234544868642	0.00018656399993215855	0.00017808381811706042	0.00012720272722647173	0.0003900883634945133	0.00010176218178117738	0.0002289649090076491	0.00025440545445294346	0.00014416309085666797	0.00015264327267176608	4.240090907549058e-05	0.00015264327267176608	0.0002459252726378454	0.0002798459998982378	0.00023744509082274725	0.00033920727260392463
_scratch_st-cdeboer-1_asfar_VLPs_results_crispresso_aggregated_spacer_SPACE-NG_rep1_.staging_CRISPRessoPooled_on_SPACE-NG_D1_rep1_CRISPResso_on_B2M	Insertions	0.0	0.0	0.0	0.0	0.0	0.0	0.0	0.0	0.0	0.0	0.0	0.0	0.0	0.0	0.0	0.0	0.0	0.0	0.0	0.0
_scratch_st-cdeboer-1_asfar_VLPs_results_crispresso_aggregated_spacer_SPACE-NG_rep1_.staging_CRISPRessoPooled_on_SPACE-NG_D1_rep1_CRISPResso_on_B2M	Insertions_Left	0.0	0.0	0.0	0.0	0.0	0.0	0.0	0.0	0.0	0.0	0.0	0.0	0.0	0.0	0.0	0.0	0.0	0.0	0.0	0.0
_scratch_st-cdeboer-1_asfar_VLPs_results_crispresso_aggregated_spacer_SPACE-NG_rep1_.staging_CRISPRessoPooled_on_SPACE-NG_D1_rep1_CRISPResso_on_B2M	Deletions	0.0	1.7666596000282665e-05	0.0	0.0	0.0	0.0	0.0	0.0	0.0	0.0	0.0	0.0	0.0	0.0	0.0	0.0	0.0	0.0	0.0	0.0
_scratch_st-cdeboer-1_asfar_VLPs_results_crispresso_aggregated_spacer_SPACE-NG_rep1_.staging_CRISPRessoPooled_on_SPACE-NG_D1_rep1_CRISPResso_on_B2M	Substitutions	0.0004063317080065013	0.0007066638400113067	0.000370998516005936	0.0003356653240053706	0.00021199915200339198	7.066638400113066e-05	0.00028266553600452265	0.00017666596000282667	0.0004416649000070666	0.00012366617200197866	0.00026499894000424	0.00026499894000424	0.0003356653240053706	0.00028266553600452265	0.00015899936400254398	0.00015899936400254398	0.00017666596000282667	0.00042399830400678397	0.00028266553600452265	0.00035333192000565333
_scratch_st-cdeboer-1_asfar_VLPs_results_crispresso_aggregated_spacer_SPACE-NG_rep1_.staging_CRISPRessoPooled_on_SPACE-NG_D1_rep1_CRISPResso_on_B2M	All_modifications	0.0004063317080065013	0.0007243304360115893	0.000370998516005936	0.0003356653240053706	0.00021199915200339198	7.066638400113066e-05	0.00028266553600452265	0.00017666596000282667	0.0004416649000070666	0.00012366617200197866	0.00026499894000424	0.00026499894000424	0.0003356653240053706	0.00028266553600452265	0.00015899936400254398	0.00015899936400254398	0.00017666596000282667	0.00042399830400678397	0.00028266553600452265	0.00035333192000565333
_scratch_st-cdeboer-1_asfar_VLPs_results_crispresso_aggregated_spacer_SPACE-NG_rep1_.staging_CRISPRessoPooled_on_SPACE-NG_D2_rep1_CRISPResso_on_B2M	Insertions	0.0	0.0	0.0	0.0	0.0	0.0	0.0	0.0	0.0	0.0	0.0	0.0	0.0	0.0	0.0	0.0	0.0	0.0	0.0	0.0
_scratch_st-cdeboer-1_asfar_VLPs_results_crispresso_aggregated_spacer_SPACE-NG_rep1_.staging_CRISPRessoPooled_on_SPACE-NG_D2_rep1_CRISPResso_on_B2M	Insertions_Left	0.0	0.0	0.0	0.0	0.0	0.0	0.0	0.0	0.0	0.0	0.0	0.0	0.0	0.0	0.0	0.0	0.0	0.0	0.0	0.0
_scratch_st-cdeboer-1_asfar_VLPs_results_crispresso_aggregated_spacer_SPACE-NG_rep1_.staging_CRISPRessoPooled_on_SPACE-NG_D2_rep1_CRISPResso_on_B2M	Deletions	0.0	3.5955185456846586e-05	7.191037091369318e-06	0.0	0.0	0.0	0.0	0.0	0.0	0.0	1.4382074182738635e-05	0.0	0.0	0.0	0.0	0.0	0.0	0.0	0.0	0.0
_scratch_st-cdeboer-1_asfar_VLPs_results_crispresso_aggregated_spacer_SPACE-NG_rep1_.staging_CRISPRessoPooled_on_SPACE-NG_D2_rep1_CRISPResso_on_B2M	Substitutions	0.0002516862981979261	0.0005177546705785909	0.0002516862981979261	0.00033797874329435793	0.00018696696437560224	0.00013662970473601703	0.00022292214983244885	0.00020134903855834087	0.0003020235578375113	0.00015101177891875566	0.00017977592728423293	0.00033797874329435793	0.00017977592728423293	0.00015101177891875566	9.348348218780112e-05	0.0002444952611065568	0.00030921459492888067	0.00035236081747709656	0.0002516862981979261	0.0002660683723806647
_scratch_st-cdeboer-1_asfar_VLPs_results_crispresso_aggregated_spacer_SPACE-NG_rep1_.staging_CRISPRessoPooled_on_SPACE-NG_D2_rep1_CRISPResso_on_B2M	All_modifications	0.0002516862981979261	0.0005537098560354374	0.00025887733528929543	0.00033797874329435793	0.00018696696437560224	0.00013662970473601703	0.00022292214983244885	0.00020134903855834087	0.0003020235578375113	0.00015101177891875566	0.00019415800146697156	0.00033797874329435793	0.00017977592728423293	0.00015101177891875566	9.348348218780112e-05	0.0002444952611065568	0.00030921459492888067	0.00035236081747709656	0.0002516862981979261	0.0002660683723806647
_scratch_st-cdeboer-1_asfar_VLPs_results_crispresso_aggregated_spacer_SPACE-NG_rep1_.staging_CRISPRessoPooled_on_SPACE-NG_D3_rep1_CRISPResso_on_B2M	Insertions	0.0	0.0	0.0	0.0	0.0	0.0	0.0	0.0	0.0	0.0	0.0	0.0	0.0	0.0	0.0	0.0	0.0	0.0	0.0	0.0
_scratch_st-cdeboer-1_asfar_VLPs_results_crispresso_aggregated_spacer_SPACE-NG_rep1_.staging_CRISPRessoPooled_on_SPACE-NG_D3_rep1_CRISPResso_on_B2M	Insertions_Left	0.0	0.0	0.0	0.0	0.0	0.0	0.0	0.0	0.0	0.0	0.0	0.0	0.0	0.0	0.0	0.0	0.0	0.0	0.0	0.0
_scratch_st-cdeboer-1_asfar_VLPs_results_crispresso_aggregated_spacer_SPACE-NG_rep1_.staging_CRISPRessoPooled_on_SPACE-NG_D3_rep1_CRISPResso_on_B2M	Deletions	0.0	3.5197634718946884e-05	0.0	0.0	0.0	0.0	0.0	0.0	3.5197634718946884e-05	0.0	0.0	0.0	0.0	0.0	0.0	0.0	0.0	0.0	0.0	0.0
_scratch_st-cdeboer-1_asfar_VLPs_results_crispresso_aggregated_spacer_SPACE-NG_rep1_.staging_CRISPRessoPooled_on_SPACE-NG_D3_rep1_CRISPResso_on_B2M	Substitutions	0.00031677871247052196	0.0008447432332547253	0.00035197634718946884	0.00031677871247052196	0.00014079053887578754	0.00010559290415684067	0.00042237161662736267	0.0002463834430326282	0.00038717398190841573	7.039526943789377e-05	0.00021118580831368133	0.0002463834430326282	7.039526943789377e-05	0.00031677871247052196	3.5197634718946884e-05	0.0002463834430326282	0.00010559290415684067	0.00031677871247052196	0.00038717398190841573	0.00042237161662736267
_scratch_st-cdeboer-1_asfar_VLPs_results_crispresso_aggregated_spacer_SPACE-NG_rep1_.staging_CRISPRessoPooled_on_SPACE-NG_D3_rep1_CRISPResso_on_B2M	All_modifications	0.00031677871247052196	0.0008799408679736722	0.00035197634718946884	0.00031677871247052196	0.00014079053887578754	0.00010559290415684067	0.00042237161662736267	0.0002463834430326282	0.00042237161662736267	7.039526943789377e-05	0.00021118580831368133	0.0002463834430326282	7.039526943789377e-05	0.00031677871247052196	3.5197634718946884e-05	0.0002463834430326282	0.00010559290415684067	0.00031677871247052196	0.00038717398190841573	0.00042237161662736267
_scratch_st-cdeboer-1_asfar_VLPs_results_crispresso_aggregated_spacer_SPACE-NG_rep1_.staging_CRISPRessoPooled_on_SPACE-NG_D4_rep1_CRISPResso_on_B2M	Insertions	0.0	0.0	0.0	0.0	0.0	0.0	0.0	0.0	0.0	0.0	0.0	0.0	0.0	0.0	0.0	0.0	0.0	0.0	0.0	0.0
_scratch_st-cdeboer-1_asfar_VLPs_results_crispresso_aggregated_spacer_SPACE-NG_rep1_.staging_CRISPRessoPooled_on_SPACE-NG_D4_rep1_CRISPResso_on_B2M	Insertions_Left	0.0	0.0	0.0	0.0	0.0	0.0	0.0	0.0	0.0	0.0	0.0	0.0	0.0	0.0	0.0	0.0	0.0	0.0	0.0	0.0
_scratch_st-cdeboer-1_asfar_VLPs_results_crispresso_aggregated_spacer_SPACE-NG_rep1_.staging_CRISPRessoPooled_on_SPACE-NG_D4_rep1_CRISPResso_on_B2M	Deletions	0.0	3.7763399712998165e-05	0.0	0.0	0.0	0.0	0.0	0.0	0.0	0.0	0.0	0.0	0.0	0.0	0.0	0.0	0.0	0.0	0.0	0.0
_scratch_st-cdeboer-1_asfar_VLPs_results_crispresso_aggregated_spacer_SPACE-NG_rep1_.staging_CRISPRessoPooled_on_SPACE-NG_D4_rep1_CRISPResso_on_B2M	Substitutions	0.00028951939779965256	0.0005790387955993051	0.0002391681981823217	0.00021399259837365624	0.00021399259837365624	8.811459933032905e-05	0.00022658039827798897	0.00010070239923466177	0.00025175599808665444	0.0001762291986606581	0.00016364139875632536	0.00026434379799098715	7.552679942599633e-05	0.00025175599808665444	7.552679942599633e-05	0.00027693159789531985	0.0003524583973213162	0.00021399259837365624	0.00032728279751265073	0.0004153973968429798
_scratch_st-cdeboer-1_asfar_VLPs_results_crispresso_aggregated_spacer_SPACE-NG_rep1_.staging_CRISPRessoPooled_on_SPACE-NG_D4_rep1_CRISPResso_on_B2M	All_modifications	0.00028951939779965256	0.0006168021953123033	0.0002391681981823217	0.00021399259837365624	0.00021399259837365624	8.811459933032905e-05	0.00022658039827798897	0.00010070239923466177	0.00025175599808665444	0.0001762291986606581	0.00016364139875632536	0.00026434379799098715	7.552679942599633e-05	0.00025175599808665444	7.552679942599633e-05	0.00027693159789531985	0.0003524583973213162	0.00021399259837365624	0.00032728279751265073	0.0004153973968429798
_scratch_st-cdeboer-1_asfar_VLPs_results_crispresso_aggregated_spacer_SPACE-NG_rep1_.staging_CRISPRessoPooled_on_SPACE-NG_D5_rep1_CRISPResso_on_B2M	Insertions	0.0	0.0	0.0	0.0	0.0	0.0	0.0	0.0	0.0	0.0	0.0	0.0	0.0	0.0	0.0	0.0	0.0	0.0	0.0	0.0
_scratch_st-cdeboer-1_asfar_VLPs_results_crispresso_aggregated_spacer_SPACE-NG_rep1_.staging_CRISPRessoPooled_on_SPACE-NG_D5_rep1_CRISPResso_on_B2M	Insertions_Left	0.0	0.0	0.0	0.0	0.0	0.0	0.0	0.0	0.0	0.0	0.0	0.0	0.0	0.0	0.0	0.0	0.0	0.0	0.0	0.0
_scratch_st-cdeboer-1_asfar_VLPs_results_crispresso_aggregated_spacer_SPACE-NG_rep1_.staging_CRISPRessoPooled_on_SPACE-NG_D5_rep1_CRISPResso_on_B2M	Deletions	1.2253400318588407e-05	3.6760200955765226e-05	1.2253400318588407e-05	1.2253400318588407e-05	1.2253400318588407e-05	1.2253400318588407e-05	1.2253400318588407e-05	1.2253400318588407e-05	1.2253400318588407e-05	1.2253400318588407e-05	1.2253400318588407e-05	1.2253400318588407e-05	1.2253400318588407e-05	1.2253400318588407e-05	1.2253400318588407e-05	1.2253400318588407e-05	1.2253400318588407e-05	2.4506800637176815e-05	1.2253400318588407e-05	1.2253400318588407e-05
_scratch_st-cdeboer-1_asfar_VLPs_results_crispresso_aggregated_spacer_SPACE-NG_rep1_.staging_CRISPRessoPooled_on_SPACE-NG_D5_rep1_CRISPResso_on_B2M	Substitutions	0.00022056120573459134	0.0004656292121063595	0.000330841808601887	0.00025732140669035655	0.00012253400318588408	0.0001470408038230609	0.000269574807008945	0.00024506800637176816	0.00041661561083200586	0.00023281460605317975	0.00020830780541600293	0.0003063350079647102	0.00017154760446023773	0.00034309520892047545	9.802720254870726e-05	0.00024506800637176816	0.00037985540987624066	0.00022056120573459134	0.0005146428133807131	0.00041661561083200586
_scratch_st-cdeboer-1_asfar_VLPs_results_crispresso_aggregated_spacer_SPACE-NG_rep1_.staging_CRISPRessoPooled_on_SPACE-NG_D5_rep1_CRISPResso_on_B2M	All_modifications	0.00023281460605317975	0.0005023894130621248	0.00034309520892047545	0.000269574807008945	0.0001347874035044725	0.00015929420414164931	0.00028182820732753337	0.00025732140669035655	0.0004288690111505943	0.00024506800637176816	0.00022056120573459134	0.00031858840828329863	0.00018380100477882614	0.00035534860923906383	0.00011028060286729567	0.00025732140669035655	0.00039210881019482904	0.00024506800637176816	0.0005268962136993015	0.0004288690111505943
