Folder	Modification	G	G	A	G	G	C	T	A	T	C	C	A	G	C	G	T	G	A	G	T
_scratch_st-cdeboer-1_asfar_VLPs_results_crispresso_aggregated_spacer_SPACE-NG_rep2_.staging_CRISPRessoPooled_on_SPACE-NG_D0_rep2_CRISPResso_on_B2M	Insertions	0.0	0.0	0.0	0.0	0.0	0.0	0.0	0.0	0.0	0.0	0.0	0.0	0.0	0.0	0.0	0.0	0.0	0.0	0.0	0.0
_scratch_st-cdeboer-1_asfar_VLPs_results_crispresso_aggregated_spacer_SPACE-NG_rep2_.staging_CRISPRessoPooled_on_SPACE-NG_D0_rep2_CRISPResso_on_B2M	Insertions_Left	0.0	0.0	0.0	0.0	0.0	0.0	0.0	0.0	0.0	0.0	0.0	0.0	0.0	0.0	0.0	0.0	0.0	0.0	0.0	0.0
_scratch_st-cdeboer-1_asfar_VLPs_results_crispresso_aggregated_spacer_SPACE-NG_rep2_.staging_CRISPRessoPooled_on_SPACE-NG_D0_rep2_CRISPResso_on_B2M	Deletions	0.0	2.287910679967054e-05	2.287910679967054e-05	0.0	0.0	0.0	0.0	0.0	0.0	0.0	2.287910679967054e-05	0.0	0.0	0.0	0.0	0.0	2.287910679967054e-05	0.0	0.0	0.0
_scratch_st-cdeboer-1_asfar_VLPs_results_crispresso_aggregated_spacer_SPACE-NG_rep2_.staging_CRISPRessoPooled_on_SPACE-NG_D0_rep2_CRISPResso_on_B2M	Substitutions	0.0002287910679967054	0.0005490985631920929	0.00020591196119703486	0.0003889448155943992	0.0001143955339983527	4.575821359934108e-05	0.0002287910679967054	0.0001143955339983527	0.00025167017479637595	6.863732039901162e-05	0.00013727464079802323	0.00025167017479637595	0.00018303285439736432	0.0002287910679967054	9.151642719868216e-05	0.00027454928159604647	0.0002287910679967054	0.0003431866019950581	0.0003431866019950581	0.0003431866019950581
_scratch_st-cdeboer-1_asfar_VLPs_results_crispresso_aggregated_spacer_SPACE-NG_rep2_.staging_CRISPRessoPooled_on_SPACE-NG_D0_rep2_CRISPResso_on_B2M	All_modifications	0.0002287910679967054	0.0005719776699917636	0.0002287910679967054	0.0003889448155943992	0.0001143955339983527	4.575821359934108e-05	0.0002287910679967054	0.0001143955339983527	0.00025167017479637595	6.863732039901162e-05	0.00016015374759769378	0.00025167017479637595	0.00018303285439736432	0.0002287910679967054	9.151642719868216e-05	0.00027454928159604647	0.00025167017479637595	0.0003431866019950581	0.0003431866019950581	0.0003431866019950581
_scratch_st-cdeboer-1_asfar_VLPs_results_crispresso_aggregated_spacer_SPACE-NG_rep2_.staging_CRISPRessoPooled_on_SPACE-NG_D1_rep2_CRISPResso_on_B2M	Insertions	0.0	0.0	0.0	0.0	0.0	0.0	0.0	0.0	0.0	0.0	0.0	0.0	0.0	0.0	0.0	0.0	0.0	0.0	0.0	0.0
_scratch_st-cdeboer-1_asfar_VLPs_results_crispresso_aggregated_spacer_SPACE-NG_rep2_.staging_CRISPRessoPooled_on_SPACE-NG_D1_rep2_CRISPResso_on_B2M	Insertions_Left	0.0	0.0	0.0	0.0	0.0	0.0	0.0	0.0	0.0	0.0	0.0	0.0	0.0	0.0	0.0	0.0	0.0	0.0	0.0	0.0
_scratch_st-cdeboer-1_asfar_VLPs_results_crispresso_aggregated_spacer_SPACE-NG_rep2_.staging_CRISPRessoPooled_on_SPACE-NG_D1_rep2_CRISPResso_on_B2M	Deletions	0.0	6.462035541195476e-05	0.0	0.0	0.0	0.0	0.0	0.0	0.0	0.0	0.0	0.0	0.0	0.0	0.0	0.0	0.0	0.0	0.0	0.0
_scratch_st-cdeboer-1_asfar_VLPs_results_crispresso_aggregated_spacer_SPACE-NG_rep2_.staging_CRISPRessoPooled_on_SPACE-NG_D1_rep2_CRISPResso_on_B2M	Substitutions	0.00032310177705977385	0.0005169628432956381	0.00025848142164781906	0.00032310177705977385	0.00025848142164781906	6.462035541195476e-05	0.00032310177705977385	0.0001938610662358643	0.0001938610662358643	0.00012924071082390953	0.00012924071082390953	0.0003877221324717286	0.00032310177705977385	6.462035541195476e-05	0.0001938610662358643	0.00012924071082390953	0.00025848142164781906	0.0001938610662358643	0.0001938610662358643	0.00032310177705977385
_scratch_st-cdeboer-1_asfar_VLPs_results_crispresso_aggregated_spacer_SPACE-NG_rep2_.staging_CRISPRessoPooled_on_SPACE-NG_D1_rep2_CRISPResso_on_B2M	All_modifications	0.00032310177705977385	0.0005815831987075929	0.00025848142164781906	0.00032310177705977385	0.00025848142164781906	6.462035541195476e-05	0.00032310177705977385	0.0001938610662358643	0.0001938610662358643	0.00012924071082390953	0.00012924071082390953	0.0003877221324717286	0.00032310177705977385	6.462035541195476e-05	0.0001938610662358643	0.00012924071082390953	0.00025848142164781906	0.0001938610662358643	0.0001938610662358643	0.00032310177705977385
_scratch_st-cdeboer-1_asfar_VLPs_results_crispresso_aggregated_spacer_SPACE-NG_rep2_.staging_CRISPRessoPooled_on_SPACE-NG_D2_rep2_CRISPResso_on_B2M	Insertions	0.0	0.0	0.0	0.0	0.0	0.0	0.0	0.0	0.0	0.0	0.0	0.0	0.0	0.0	0.0	0.0	0.0	0.0	0.0	0.0
_scratch_st-cdeboer-1_asfar_VLPs_results_crispresso_aggregated_spacer_SPACE-NG_rep2_.staging_CRISPRessoPooled_on_SPACE-NG_D2_rep2_CRISPResso_on_B2M	Insertions_Left	0.0	0.0	0.0	0.0	0.0	0.0	0.0	0.0	0.0	0.0	0.0	0.0	0.0	0.0	0.0	0.0	0.0	0.0	0.0	0.0
_scratch_st-cdeboer-1_asfar_VLPs_results_crispresso_aggregated_spacer_SPACE-NG_rep2_.staging_CRISPRessoPooled_on_SPACE-NG_D2_rep2_CRISPResso_on_B2M	Deletions	0.0	4.0164675168189576e-05	0.0	0.0	0.0	0.0	0.0	0.0	0.0	0.0	0.0	0.0	0.0	0.0	0.0	0.0	0.0	0.0	0.0	0.0
_scratch_st-cdeboer-1_asfar_VLPs_results_crispresso_aggregated_spacer_SPACE-NG_rep2_.staging_CRISPRessoPooled_on_SPACE-NG_D2_rep2_CRISPResso_on_B2M	Substitutions	0.0003413997389296114	0.0006827994778592228	0.0004016467516818958	0.0003413997389296114	0.00018074103825685309	4.0164675168189576e-05	0.00024098805100913746	0.0003213174013455166	0.00024098805100913746	0.00012049402550456873	0.00010041168792047395	0.0001606587006727583	0.00024098805100913746	0.00024098805100913746	0.00010041168792047395	0.00026107038859323226	0.00026107038859323226	0.00022090571342504267	0.0001606587006727583	0.000381564414097801
_scratch_st-cdeboer-1_asfar_VLPs_results_crispresso_aggregated_spacer_SPACE-NG_rep2_.staging_CRISPRessoPooled_on_SPACE-NG_D2_rep2_CRISPResso_on_B2M	All_modifications	0.0003413997389296114	0.0007229641530274123	0.0004016467516818958	0.0003413997389296114	0.00018074103825685309	4.0164675168189576e-05	0.00024098805100913746	0.0003213174013455166	0.00024098805100913746	0.00012049402550456873	0.00010041168792047395	0.0001606587006727583	0.00024098805100913746	0.00024098805100913746	0.00010041168792047395	0.00026107038859323226	0.00026107038859323226	0.00022090571342504267	0.0001606587006727583	0.000381564414097801
_scratch_st-cdeboer-1_asfar_VLPs_results_crispresso_aggregated_spacer_SPACE-NG_rep2_.staging_CRISPRessoPooled_on_SPACE-NG_D3_rep2_CRISPResso_on_B2M	Insertions	0.0	0.0	0.0	0.0	0.0	0.0	0.0	0.0	0.0	0.0	0.0	0.0	0.0	0.0	0.0	0.0	0.0	0.0	0.0	0.0
_scratch_st-cdeboer-1_asfar_VLPs_results_crispresso_aggregated_spacer_SPACE-NG_rep2_.staging_CRISPRessoPooled_on_SPACE-NG_D3_rep2_CRISPResso_on_B2M	Insertions_Left	0.0	0.0	0.0	0.0	0.0	0.0	0.0	0.0	0.0	0.0	0.0	0.0	0.0	0.0	0.0	0.0	0.0	0.0	0.0	0.0
_scratch_st-cdeboer-1_asfar_VLPs_results_crispresso_aggregated_spacer_SPACE-NG_rep2_.staging_CRISPRessoPooled_on_SPACE-NG_D3_rep2_CRISPResso_on_B2M	Deletions	0.0	0.0	0.0	0.0	0.0	0.0	0.0	0.0	0.0	0.0	6.330716637123322e-05	0.0	0.0	0.0	0.0	0.0	0.0	0.0	0.0	0.0
_scratch_st-cdeboer-1_asfar_VLPs_results_crispresso_aggregated_spacer_SPACE-NG_rep2_.staging_CRISPRessoPooled_on_SPACE-NG_D3_rep2_CRISPResso_on_B2M	Substitutions	0.0003165358318561661	0.0007596859964547987	0.0006330716637123322	0.0003165358318561661	0.0002532286654849329	0.0003165358318561661	0.00018992149911369968	0.00018992149911369968	0.0005064573309698658	6.330716637123322e-05	0.00018992149911369968	0.00012661433274246644	0.0	0.00018992149911369968	0.00012661433274246644	0.0002532286654849329	0.00037984299822739937	0.0004431501645986326	0.00012661433274246644	0.0006330716637123322
_scratch_st-cdeboer-1_asfar_VLPs_results_crispresso_aggregated_spacer_SPACE-NG_rep2_.staging_CRISPRessoPooled_on_SPACE-NG_D3_rep2_CRISPResso_on_B2M	All_modifications	0.0003165358318561661	0.0007596859964547987	0.0006330716637123322	0.0003165358318561661	0.0002532286654849329	0.0003165358318561661	0.00018992149911369968	0.00018992149911369968	0.0005064573309698658	6.330716637123322e-05	0.0002532286654849329	0.00012661433274246644	0.0	0.00018992149911369968	0.00012661433274246644	0.0002532286654849329	0.00037984299822739937	0.0004431501645986326	0.00012661433274246644	0.0006330716637123322
_scratch_st-cdeboer-1_asfar_VLPs_results_crispresso_aggregated_spacer_SPACE-NG_rep2_.staging_CRISPRessoPooled_on_SPACE-NG_D4_rep2_CRISPResso_on_B2M	Insertions	0.0	0.0	0.0	0.0	0.0	0.0	0.0	0.0	0.0	0.0	0.0	0.0	0.0	0.0	0.0	0.0	0.0	0.0	0.0	0.0
_scratch_st-cdeboer-1_asfar_VLPs_results_crispresso_aggregated_spacer_SPACE-NG_rep2_.staging_CRISPRessoPooled_on_SPACE-NG_D4_rep2_CRISPResso_on_B2M	Insertions_Left	0.0	0.0	0.0	0.0	0.0	0.0	0.0	0.0	0.0	0.0	0.0	0.0	0.0	0.0	0.0	0.0	0.0	0.0	0.0	0.0
_scratch_st-cdeboer-1_asfar_VLPs_results_crispresso_aggregated_spacer_SPACE-NG_rep2_.staging_CRISPRessoPooled_on_SPACE-NG_D4_rep2_CRISPResso_on_B2M	Deletions	0.0	3.7457392216353895e-05	0.0	0.0	0.0	0.0	0.0	0.0	0.0	0.0	0.0	0.0	0.0	0.0	0.0	0.0	0.0	0.0	0.0	0.0
_scratch_st-cdeboer-1_asfar_VLPs_results_crispresso_aggregated_spacer_SPACE-NG_rep2_.staging_CRISPRessoPooled_on_SPACE-NG_D4_rep2_CRISPResso_on_B2M	Substitutions	0.00018728696108176948	0.00041203131437989287	0.00018728696108176948	0.0003371165299471851	0.0001123721766490617	7.491478443270779e-05	0.0002247443532981234	3.7457392216353895e-05	0.00014982956886541558	0.0001123721766490617	0.00018728696108176948	0.0002247443532981234	0.0002622017455144773	0.00018728696108176948	0.00014982956886541558	0.00018728696108176948	0.00018728696108176948	0.00029965913773083116	0.00018728696108176948	0.0005993182754616623
_scratch_st-cdeboer-1_asfar_VLPs_results_crispresso_aggregated_spacer_SPACE-NG_rep2_.staging_CRISPRessoPooled_on_SPACE-NG_D4_rep2_CRISPResso_on_B2M	All_modifications	0.00018728696108176948	0.0004494887065962468	0.00018728696108176948	0.0003371165299471851	0.0001123721766490617	7.491478443270779e-05	0.0002247443532981234	3.7457392216353895e-05	0.00014982956886541558	0.0001123721766490617	0.00018728696108176948	0.0002247443532981234	0.0002622017455144773	0.00018728696108176948	0.00014982956886541558	0.00018728696108176948	0.00018728696108176948	0.00029965913773083116	0.00018728696108176948	0.0005993182754616623
_scratch_st-cdeboer-1_asfar_VLPs_results_crispresso_aggregated_spacer_SPACE-NG_rep2_.staging_CRISPRessoPooled_on_SPACE-NG_D5_rep2_CRISPResso_on_B2M	Insertions	0.0	0.0	0.0	0.0	0.0	0.0	0.0	0.0	0.0	0.0	0.0	0.0	0.0	0.0	0.0	0.0	0.0	0.0	0.0	0.0
_scratch_st-cdeboer-1_asfar_VLPs_results_crispresso_aggregated_spacer_SPACE-NG_rep2_.staging_CRISPRessoPooled_on_SPACE-NG_D5_rep2_CRISPResso_on_B2M	Insertions_Left	0.0	0.0	0.0	0.0	0.0	0.0	0.0	0.0	0.0	0.0	0.0	0.0	0.0	0.0	0.0	0.0	0.0	0.0	0.0	0.0
_scratch_st-cdeboer-1_asfar_VLPs_results_crispresso_aggregated_spacer_SPACE-NG_rep2_.staging_CRISPRessoPooled_on_SPACE-NG_D5_rep2_CRISPResso_on_B2M	Deletions	1.5174737097679782e-05	4.5524211293039346e-05	0.0	0.0	0.0	0.0	0.0	0.0	0.0	0.0	1.5174737097679782e-05	0.0	0.0	0.0	0.0	0.0	0.0	0.0	0.0	0.0
_scratch_st-cdeboer-1_asfar_VLPs_results_crispresso_aggregated_spacer_SPACE-NG_rep2_.staging_CRISPRessoPooled_on_SPACE-NG_D5_rep2_CRISPResso_on_B2M	Substitutions	0.00028832000485591586	0.00036419369034431477	0.0003338442161489552	0.0002731452677582361	0.00019727158226983717	9.104842258607869e-05	0.0002731452677582361	0.00010622315968375847	0.000349018953246635	0.0001669221080744776	0.00021244631936751695	0.0004248926387350339	0.00019727158226983717	0.0002427957935628765	7.587368548839891e-05	0.0002731452677582361	0.0005007663242234329	0.00018209684517215738	0.0008042610661770285	0.0004097179016373541
_scratch_st-cdeboer-1_asfar_VLPs_results_crispresso_aggregated_spacer_SPACE-NG_rep2_.staging_CRISPRessoPooled_on_SPACE-NG_D5_rep2_CRISPResso_on_B2M	All_modifications	0.00030349474195359564	0.0004097179016373541	0.0003338442161489552	0.0002731452677582361	0.00019727158226983717	9.104842258607869e-05	0.0002731452677582361	0.00010622315968375847	0.000349018953246635	0.0001669221080744776	0.00022762105646519673	0.0004248926387350339	0.00019727158226983717	0.0002427957935628765	7.587368548839891e-05	0.0002731452677582361	0.0005007663242234329	0.00018209684517215738	0.0008042610661770285	0.0004097179016373541
