Folder	Modification	C	A	C	C	T	A	C	C	T	A	A	G	A	A	C	C	A	T	C	C
_scratch_st-cdeboer-1_asfar_VLPs_results_crispresso_aggregated_spacer_SPACE_rep2_.staging_CRISPRessoPooled_on_SPACE_D0_rep2_CRISPResso_on_PDCD1	Insertions	1.2653742977172648e-05	1.2653742977172648e-05	0.0	0.0	0.0	0.0	0.0	0.0	0.0	0.0	0.0	0.0	0.0	0.0	0.0	0.0	0.0	0.0	0.0	0.0
_scratch_st-cdeboer-1_asfar_VLPs_results_crispresso_aggregated_spacer_SPACE_rep2_.staging_CRISPRessoPooled_on_SPACE_D0_rep2_CRISPResso_on_PDCD1	Insertions_Left	1.2653742977172648e-05	0.0	0.0	0.0	0.0	0.0	0.0	0.0	0.0	0.0	0.0	0.0	0.0	0.0	0.0	0.0	0.0	0.0	0.0	0.0
_scratch_st-cdeboer-1_asfar_VLPs_results_crispresso_aggregated_spacer_SPACE_rep2_.staging_CRISPRessoPooled_on_SPACE_D0_rep2_CRISPResso_on_PDCD1	Deletions	5.061497190869059e-05	0.0	0.0	0.0	1.2653742977172648e-05	0.0	0.0	0.0	0.0	0.0	1.2653742977172648e-05	0.0	0.0	1.2653742977172648e-05	0.0	0.0	0.0	0.0	0.0	0.0
_scratch_st-cdeboer-1_asfar_VLPs_results_crispresso_aggregated_spacer_SPACE_rep2_.staging_CRISPRessoPooled_on_SPACE_D0_rep2_CRISPResso_on_PDCD1	Substitutions	0.00013919117274889913	0.00015184491572607179	0.0001644986587032444	5.061497190869059e-05	0.00015184491572607179	0.0001644986587032444	0.00012653742977172648	0.00015184491572607179	0.0001644986587032444	0.00011388368679455383	0.00011388368679455383	0.0001644986587032444	0.00022776737358910765	0.0002404211165662803	2.5307485954345296e-05	0.0001644986587032444	0.00018980614465758972	0.00027838234549779826	6.326871488586324e-05	0.0001644986587032444
_scratch_st-cdeboer-1_asfar_VLPs_results_crispresso_aggregated_spacer_SPACE_rep2_.staging_CRISPRessoPooled_on_SPACE_D0_rep2_CRISPResso_on_PDCD1	All_modifications	0.00020245988763476237	0.0001644986587032444	0.0001644986587032444	5.061497190869059e-05	0.0001644986587032444	0.0001644986587032444	0.00012653742977172648	0.00015184491572607179	0.0001644986587032444	0.00011388368679455383	0.00012653742977172648	0.0001644986587032444	0.00022776737358910765	0.00025307485954345296	2.5307485954345296e-05	0.0001644986587032444	0.00018980614465758972	0.00027838234549779826	6.326871488586324e-05	0.0001644986587032444
_scratch_st-cdeboer-1_asfar_VLPs_results_crispresso_aggregated_spacer_SPACE_rep2_.staging_CRISPRessoPooled_on_SPACE_D1_rep2_CRISPResso_on_PDCD1	Insertions	0.0	0.0	0.0	0.0	0.0	0.0	0.0	0.0	0.0	0.0	0.0	0.0	0.0	0.0	0.0	0.0	0.0	0.0	0.0	0.0
_scratch_st-cdeboer-1_asfar_VLPs_results_crispresso_aggregated_spacer_SPACE_rep2_.staging_CRISPRessoPooled_on_SPACE_D1_rep2_CRISPResso_on_PDCD1	Insertions_Left	0.0	0.0	0.0	0.0	0.0	0.0	0.0	0.0	0.0	0.0	0.0	0.0	0.0	0.0	0.0	0.0	0.0	0.0	0.0	0.0
_scratch_st-cdeboer-1_asfar_VLPs_results_crispresso_aggregated_spacer_SPACE_rep2_.staging_CRISPRessoPooled_on_SPACE_D1_rep2_CRISPResso_on_PDCD1	Deletions	0.0	0.0	0.0	2.500875306357225e-05	0.0	0.0	0.0	0.0	0.0	0.0	0.0	0.0	0.0	0.0	0.0	0.0	0.0	0.0	0.0	0.0
_scratch_st-cdeboer-1_asfar_VLPs_results_crispresso_aggregated_spacer_SPACE_rep2_.staging_CRISPRessoPooled_on_SPACE_D1_rep2_CRISPResso_on_PDCD1	Substitutions	0.00012504376531786125	0.00012504376531786125	0.00022507877757215025	2.500875306357225e-05	0.0001500525183814335	0.000200070024508578	0.00022507877757215025	2.500875306357225e-05	0.00022507877757215025	0.00012504376531786125	0.00012504376531786125	0.00012504376531786125	0.00012504376531786125	0.000100035012254289	2.500875306357225e-05	0.00017506127144500575	0.00017506127144500575	0.000200070024508578	5.00175061271445e-05	5.00175061271445e-05
_scratch_st-cdeboer-1_asfar_VLPs_results_crispresso_aggregated_spacer_SPACE_rep2_.staging_CRISPRessoPooled_on_SPACE_D1_rep2_CRISPResso_on_PDCD1	All_modifications	0.00012504376531786125	0.00012504376531786125	0.00022507877757215025	5.00175061271445e-05	0.0001500525183814335	0.000200070024508578	0.00022507877757215025	2.500875306357225e-05	0.00022507877757215025	0.00012504376531786125	0.00012504376531786125	0.00012504376531786125	0.00012504376531786125	0.000100035012254289	2.500875306357225e-05	0.00017506127144500575	0.00017506127144500575	0.000200070024508578	5.00175061271445e-05	5.00175061271445e-05
_scratch_st-cdeboer-1_asfar_VLPs_results_crispresso_aggregated_spacer_SPACE_rep2_.staging_CRISPRessoPooled_on_SPACE_D2_rep2_CRISPResso_on_PDCD1	Insertions	1.9340489314379655e-05	1.9340489314379655e-05	0.0	0.0	0.0	0.0	0.0	0.0	0.0	0.0	0.0	0.0	0.0	0.0	0.0	0.0	0.0	0.0	0.0	0.0
_scratch_st-cdeboer-1_asfar_VLPs_results_crispresso_aggregated_spacer_SPACE_rep2_.staging_CRISPRessoPooled_on_SPACE_D2_rep2_CRISPResso_on_PDCD1	Insertions_Left	1.9340489314379655e-05	0.0	0.0	0.0	0.0	0.0	0.0	0.0	0.0	0.0	0.0	0.0	0.0	0.0	0.0	0.0	0.0	0.0	0.0	0.0
_scratch_st-cdeboer-1_asfar_VLPs_results_crispresso_aggregated_spacer_SPACE_rep2_.staging_CRISPRessoPooled_on_SPACE_D2_rep2_CRISPResso_on_PDCD1	Deletions	3.868097862875931e-05	0.0	0.0	0.0	0.0	0.0	0.0	0.0	0.0	0.0	1.9340489314379655e-05	0.0	0.0	0.0	0.0	0.0	0.0	0.0	0.0	0.0
_scratch_st-cdeboer-1_asfar_VLPs_results_crispresso_aggregated_spacer_SPACE_rep2_.staging_CRISPRessoPooled_on_SPACE_D2_rep2_CRISPResso_on_PDCD1	Substitutions	0.0002514263610869355	0.00015472391451503724	0.0003287883183444541	0.0002901073397156948	0.00013538342520065758	0.00023208587177255585	9.670244657189827e-05	9.670244657189827e-05	0.0002514263610869355	9.670244657189827e-05	0.00021274538245817618	0.0002901073397156948	0.00017406440382941688	0.00017406440382941688	5.802146794313896e-05	0.00015472391451503724	0.00013538342520065758	0.0003094478290300745	0.00011604293588627792	0.00015472391451503724
_scratch_st-cdeboer-1_asfar_VLPs_results_crispresso_aggregated_spacer_SPACE_rep2_.staging_CRISPRessoPooled_on_SPACE_D2_rep2_CRISPResso_on_PDCD1	All_modifications	0.0003094478290300745	0.00017406440382941688	0.0003287883183444541	0.0002901073397156948	0.00013538342520065758	0.00023208587177255585	9.670244657189827e-05	9.670244657189827e-05	0.0002514263610869355	9.670244657189827e-05	0.00023208587177255585	0.0002901073397156948	0.00017406440382941688	0.00017406440382941688	5.802146794313896e-05	0.00015472391451503724	0.00013538342520065758	0.0003094478290300745	0.00011604293588627792	0.00015472391451503724
_scratch_st-cdeboer-1_asfar_VLPs_results_crispresso_aggregated_spacer_SPACE_rep2_.staging_CRISPRessoPooled_on_SPACE_D3_rep2_CRISPResso_on_PDCD1	Insertions	2.2398924851607124e-05	2.2398924851607124e-05	0.0	0.0	0.0	0.0	0.0	0.0	0.0	0.0	0.0	0.0	0.0	0.0	0.0	0.0	0.0	0.0	0.0	0.0
_scratch_st-cdeboer-1_asfar_VLPs_results_crispresso_aggregated_spacer_SPACE_rep2_.staging_CRISPRessoPooled_on_SPACE_D3_rep2_CRISPResso_on_PDCD1	Insertions_Left	2.2398924851607124e-05	0.0	0.0	0.0	0.0	0.0	0.0	0.0	0.0	0.0	0.0	0.0	0.0	0.0	0.0	0.0	0.0	0.0	0.0	0.0
_scratch_st-cdeboer-1_asfar_VLPs_results_crispresso_aggregated_spacer_SPACE_rep2_.staging_CRISPRessoPooled_on_SPACE_D3_rep2_CRISPResso_on_PDCD1	Deletions	2.2398924851607124e-05	0.0	0.0	0.0	1.1199462425803562e-05	0.0	0.0	0.0	1.1199462425803562e-05	0.0	5.599731212901781e-05	0.0	0.0	0.0	0.0	0.0	0.0	0.0	0.0	0.0
_scratch_st-cdeboer-1_asfar_VLPs_results_crispresso_aggregated_spacer_SPACE_rep2_.staging_CRISPRessoPooled_on_SPACE_D3_rep2_CRISPResso_on_PDCD1	Substitutions	0.00011199462425803562	0.0002575876357934819	0.00027998656064508903	0.0006271698958449994	0.00012319408668383917	0.00027998656064508903	0.00012319408668383917	0.00010079516183223205	0.00024638817336767834	0.00013439354910964272	0.00019039086123866055	0.000179191398812857	0.00024638817336767834	0.0001679919363870534	5.599731212901781e-05	0.00011199462425803562	0.00021278978609026768	0.0002351887109418748	0.00013439354910964272	4.479784970321425e-05
_scratch_st-cdeboer-1_asfar_VLPs_results_crispresso_aggregated_spacer_SPACE_rep2_.staging_CRISPRessoPooled_on_SPACE_D3_rep2_CRISPResso_on_PDCD1	All_modifications	0.00015679247396124986	0.00027998656064508903	0.00027998656064508903	0.0006271698958449994	0.00013439354910964272	0.00027998656064508903	0.00012319408668383917	0.00010079516183223205	0.0002575876357934819	0.00013439354910964272	0.00024638817336767834	0.000179191398812857	0.00024638817336767834	0.0001679919363870534	5.599731212901781e-05	0.00011199462425803562	0.00021278978609026768	0.0002351887109418748	0.00013439354910964272	4.479784970321425e-05
_scratch_st-cdeboer-1_asfar_VLPs_results_crispresso_aggregated_spacer_SPACE_rep2_.staging_CRISPRessoPooled_on_SPACE_D4_rep2_CRISPResso_on_PDCD1	Insertions	0.00012098042536717559	0.00012098042536717559	0.0	0.0	0.0	0.0	0.0	7.258825522030536e-05	7.258825522030536e-05	0.00012098042536717559	0.00012098042536717559	0.0	0.0	0.0	0.0	0.0	2.419608507343512e-05	2.419608507343512e-05	0.0	0.0
_scratch_st-cdeboer-1_asfar_VLPs_results_crispresso_aggregated_spacer_SPACE_rep2_.staging_CRISPRessoPooled_on_SPACE_D4_rep2_CRISPResso_on_PDCD1	Insertions_Left	0.00012098042536717559	0.0	0.0	0.0	0.0	0.0	0.0	7.258825522030536e-05	0.0	0.00012098042536717559	0.0	0.0	0.0	0.0	0.0	0.0	2.419608507343512e-05	0.0	0.0	0.0
_scratch_st-cdeboer-1_asfar_VLPs_results_crispresso_aggregated_spacer_SPACE_rep2_.staging_CRISPRessoPooled_on_SPACE_D4_rep2_CRISPResso_on_PDCD1	Deletions	2.419608507343512e-05	2.419608507343512e-05	2.419608507343512e-05	2.419608507343512e-05	2.419608507343512e-05	2.419608507343512e-05	2.419608507343512e-05	2.419608507343512e-05	0.0	0.0	9.678434029374048e-05	0.0	0.0	0.0	0.0	0.0	0.0	0.0	0.0	0.0
_scratch_st-cdeboer-1_asfar_VLPs_results_crispresso_aggregated_spacer_SPACE_rep2_.staging_CRISPRessoPooled_on_SPACE_D4_rep2_CRISPResso_on_PDCD1	Substitutions	7.258825522030536e-05	0.00012098042536717559	0.0003871373611749619	0.001016235573084275	0.00016937259551404584	0.0004355295313218321	4.839217014687024e-05	0.00024196085073435118	0.0001451765104406107	7.258825522030536e-05	0.00019356868058748096	0.00012098042536717559	0.00024196085073435118	0.00012098042536717559	4.839217014687024e-05	0.00012098042536717559	0.00021776476566091605	0.0003871373611749619	0.00016937259551404584	0.0001451765104406107
_scratch_st-cdeboer-1_asfar_VLPs_results_crispresso_aggregated_spacer_SPACE_rep2_.staging_CRISPRessoPooled_on_SPACE_D4_rep2_CRISPResso_on_PDCD1	All_modifications	0.00021776476566091605	0.0002661569358077863	0.000411333446248397	0.00104043165815771	0.00019356868058748096	0.00045972561639526726	7.258825522030536e-05	0.00033874519102809167	0.00021776476566091605	0.00019356868058748096	0.000411333446248397	0.00012098042536717559	0.00024196085073435118	0.00012098042536717559	4.839217014687024e-05	0.00012098042536717559	0.00024196085073435118	0.000411333446248397	0.00016937259551404584	0.0001451765104406107
_scratch_st-cdeboer-1_asfar_VLPs_results_crispresso_aggregated_spacer_SPACE_rep2_.staging_CRISPRessoPooled_on_SPACE_D5_rep2_CRISPResso_on_PDCD1	Insertions	1.5409032775012712e-05	1.5409032775012712e-05	0.0	0.0	0.0	0.0	0.0	0.0	0.0	0.0	0.0	0.0	0.0	0.0	0.0	0.0	0.0	0.0	0.0	0.0
_scratch_st-cdeboer-1_asfar_VLPs_results_crispresso_aggregated_spacer_SPACE_rep2_.staging_CRISPRessoPooled_on_SPACE_D5_rep2_CRISPResso_on_PDCD1	Insertions_Left	1.5409032775012712e-05	0.0	0.0	0.0	0.0	0.0	0.0	0.0	0.0	0.0	0.0	0.0	0.0	0.0	0.0	0.0	0.0	0.0	0.0	0.0
_scratch_st-cdeboer-1_asfar_VLPs_results_crispresso_aggregated_spacer_SPACE_rep2_.staging_CRISPRessoPooled_on_SPACE_D5_rep2_CRISPResso_on_PDCD1	Deletions	0.0002311354916251907	6.163613110005085e-05	0.00010786322942508899	0.00016949936052513984	0.00010786322942508899	0.00010786322942508899	0.0001232722622001017	0.0001386812949751144	7.704516387506356e-05	7.704516387506356e-05	0.0001232722622001017	0.0	0.0	0.0	0.0	0.0	0.0	0.0	0.0	0.0
_scratch_st-cdeboer-1_asfar_VLPs_results_crispresso_aggregated_spacer_SPACE_rep2_.staging_CRISPRessoPooled_on_SPACE_D5_rep2_CRISPResso_on_PDCD1	Substitutions	9.245419665007627e-05	0.0001232722622001017	0.0007550426059756229	0.0008166787370756738	0.00015409032775012712	0.0005701342126754704	0.00010786322942508899	0.00021572645885017797	0.00016949936052513984	0.00032358968827526696	0.00015409032775012712	0.0002773625899502288	0.0002311354916251907	0.00015409032775012712	0.0001386812949751144	0.00010786322942508899	0.00016949936052513984	0.00041604388492534324	0.00021572645885017797	0.00016949936052513984
_scratch_st-cdeboer-1_asfar_VLPs_results_crispresso_aggregated_spacer_SPACE_rep2_.staging_CRISPRessoPooled_on_SPACE_D5_rep2_CRISPResso_on_PDCD1	All_modifications	0.0003389987210502797	0.00020031742607516526	0.0008629058354007119	0.0009861780976008136	0.0002619535571752161	0.0006779974421005593	0.0002311354916251907	0.0003544077538252924	0.0002465445244002034	0.0004006348521503305	0.0002773625899502288	0.0002773625899502288	0.0002311354916251907	0.00015409032775012712	0.0001386812949751144	0.00010786322942508899	0.00016949936052513984	0.00041604388492534324	0.00021572645885017797	0.00016949936052513984
