Folder	Modification	C	A	C	C	T	A	C	C	T	A	A	G	A	A	C	C	A	T	C	C
_scratch_st-cdeboer-1_asfar_VLPs_results_crispresso_aggregated_spacer_SPACE-DeltaUGI_rep1_.staging_CRISPRessoPooled_on_SPACE-DeltaUGI_D1_rep1_CRISPResso_on_PDCD1	Insertions	1.7128273641299693e-05	1.7128273641299693e-05	0.0	0.0	0.0	0.0	0.0	0.0	0.0	0.0	0.0	0.0	0.0	0.0	0.0	0.0	0.0	0.0	0.0	0.0
_scratch_st-cdeboer-1_asfar_VLPs_results_crispresso_aggregated_spacer_SPACE-DeltaUGI_rep1_.staging_CRISPRessoPooled_on_SPACE-DeltaUGI_D1_rep1_CRISPResso_on_PDCD1	Insertions_Left	1.7128273641299693e-05	0.0	0.0	0.0	0.0	0.0	0.0	0.0	0.0	0.0	0.0	0.0	0.0	0.0	0.0	0.0	0.0	0.0	0.0	0.0
_scratch_st-cdeboer-1_asfar_VLPs_results_crispresso_aggregated_spacer_SPACE-DeltaUGI_rep1_.staging_CRISPRessoPooled_on_SPACE-DeltaUGI_D1_rep1_CRISPResso_on_PDCD1	Deletions	1.7128273641299693e-05	0.0	0.0	0.0	0.0	0.0	1.7128273641299693e-05	1.7128273641299693e-05	1.7128273641299693e-05	1.7128273641299693e-05	3.4256547282599385e-05	0.0	0.0	0.0	0.0	0.0	0.0	0.0	0.0	0.0
_scratch_st-cdeboer-1_asfar_VLPs_results_crispresso_aggregated_spacer_SPACE-DeltaUGI_rep1_.staging_CRISPRessoPooled_on_SPACE-DeltaUGI_D1_rep1_CRISPResso_on_PDCD1	Substitutions	0.0002397958309781957	0.00015415446277169725	0.00018841101005429662	0.00018841101005429662	0.0002397958309781957	0.00015415446277169725	0.0002397958309781957	8.564136820649847e-05	0.0002569241046194954	0.0002397958309781957	0.00010276964184779816	0.0002055392836955963	0.00018841101005429662	0.0002397958309781957	6.851309456519877e-05	6.851309456519877e-05	0.00018841101005429662	0.00039395029374989296	0.00022266755733689602	0.00011989791548909785
_scratch_st-cdeboer-1_asfar_VLPs_results_crispresso_aggregated_spacer_SPACE-DeltaUGI_rep1_.staging_CRISPRessoPooled_on_SPACE-DeltaUGI_D1_rep1_CRISPResso_on_PDCD1	All_modifications	0.0002740523782607951	0.00017128273641299694	0.00018841101005429662	0.00018841101005429662	0.0002397958309781957	0.00015415446277169725	0.0002569241046194954	0.00010276964184779816	0.0002740523782607951	0.0002569241046194954	0.00013702618913039754	0.0002055392836955963	0.00018841101005429662	0.0002397958309781957	6.851309456519877e-05	6.851309456519877e-05	0.00018841101005429662	0.00039395029374989296	0.00022266755733689602	0.00011989791548909785
_scratch_st-cdeboer-1_asfar_VLPs_results_crispresso_aggregated_spacer_SPACE-DeltaUGI_rep1_.staging_CRISPRessoPooled_on_SPACE-DeltaUGI_D2_rep1_CRISPResso_on_PDCD1	Insertions	9.927233379329515e-06	9.927233379329515e-06	0.0	0.0	0.0	0.0	0.0	0.0	0.0	0.0	0.0	0.0	0.0	0.0	0.0	0.0	0.0	0.0	0.0	0.0
_scratch_st-cdeboer-1_asfar_VLPs_results_crispresso_aggregated_spacer_SPACE-DeltaUGI_rep1_.staging_CRISPRessoPooled_on_SPACE-DeltaUGI_D2_rep1_CRISPResso_on_PDCD1	Insertions_Left	9.927233379329515e-06	0.0	0.0	0.0	0.0	0.0	0.0	0.0	0.0	0.0	0.0	0.0	0.0	0.0	0.0	0.0	0.0	0.0	0.0	0.0
_scratch_st-cdeboer-1_asfar_VLPs_results_crispresso_aggregated_spacer_SPACE-DeltaUGI_rep1_.staging_CRISPRessoPooled_on_SPACE-DeltaUGI_D2_rep1_CRISPResso_on_PDCD1	Deletions	5.956340027597709e-05	9.927233379329515e-06	0.0	0.0	0.0	0.0	0.0	0.0	0.0	0.0	6.94906336553066e-05	0.0	0.0	9.927233379329515e-06	0.0	0.0	0.0	0.0	0.0	0.0
_scratch_st-cdeboer-1_asfar_VLPs_results_crispresso_aggregated_spacer_SPACE-DeltaUGI_rep1_.staging_CRISPRessoPooled_on_SPACE-DeltaUGI_D2_rep1_CRISPResso_on_PDCD1	Substitutions	0.0001389812673106132	0.0002680353012418969	9.927233379329515e-05	9.927233379329515e-05	0.00022832636772457884	0.0015089394736580862	0.0001290540339312837	0.00016876296744860176	0.0001985446675865903	0.00015883573406927224	0.00018861743420726078	0.00021839913434524932	0.00018861743420726078	0.00015883573406927224	0.00011912680055195418	5.956340027597709e-05	0.00015883573406927224	0.000347453168276533	0.00014890850068994272	0.00010919956717262466
_scratch_st-cdeboer-1_asfar_VLPs_results_crispresso_aggregated_spacer_SPACE-DeltaUGI_rep1_.staging_CRISPRessoPooled_on_SPACE-DeltaUGI_D2_rep1_CRISPResso_on_PDCD1	All_modifications	0.00020847190096591982	0.00028788976800055594	9.927233379329515e-05	9.927233379329515e-05	0.00022832636772457884	0.0015089394736580862	0.0001290540339312837	0.00016876296744860176	0.0001985446675865903	0.00015883573406927224	0.0002581080678625674	0.00021839913434524932	0.00018861743420726078	0.00016876296744860176	0.00011912680055195418	5.956340027597709e-05	0.00015883573406927224	0.000347453168276533	0.00014890850068994272	0.00010919956717262466
_scratch_st-cdeboer-1_asfar_VLPs_results_crispresso_aggregated_spacer_SPACE-DeltaUGI_rep1_.staging_CRISPRessoPooled_on_SPACE-DeltaUGI_D3_rep1_CRISPResso_on_PDCD1	Insertions	8.067704173423369e-06	8.067704173423369e-06	0.0	0.0	0.0	0.0	0.0	0.0	0.0	0.0	0.0	0.0	0.0	0.0	0.0	0.0	0.0	0.0	0.0	0.0
_scratch_st-cdeboer-1_asfar_VLPs_results_crispresso_aggregated_spacer_SPACE-DeltaUGI_rep1_.staging_CRISPRessoPooled_on_SPACE-DeltaUGI_D3_rep1_CRISPResso_on_PDCD1	Insertions_Left	8.067704173423369e-06	0.0	0.0	0.0	0.0	0.0	0.0	0.0	0.0	0.0	0.0	0.0	0.0	0.0	0.0	0.0	0.0	0.0	0.0	0.0
_scratch_st-cdeboer-1_asfar_VLPs_results_crispresso_aggregated_spacer_SPACE-DeltaUGI_rep1_.staging_CRISPRessoPooled_on_SPACE-DeltaUGI_D3_rep1_CRISPResso_on_PDCD1	Deletions	2.4203112520270108e-05	0.0	0.0	0.0	0.0	0.0	0.0	0.0	0.0	0.0	6.454163338738695e-05	0.0	0.0	0.0	0.0	0.0	0.0	0.0	0.0	0.0
_scratch_st-cdeboer-1_asfar_VLPs_results_crispresso_aggregated_spacer_SPACE-DeltaUGI_rep1_.staging_CRISPRessoPooled_on_SPACE-DeltaUGI_D3_rep1_CRISPResso_on_PDCD1	Substitutions	0.00024203112520270107	0.000306572758590088	0.00011294785842792716	0.00013715097094819728	0.0001774894918153141	0.003130269219288267	0.00018555719598873749	0.00013715097094819728	0.00032270816693693476	0.00012101556260135054	0.0003549789836306282	0.00029043735024324125	0.00029850505441666466	0.0002339634210292777	0.00011294785842792716	0.00011294785842792716	0.00021782801268243097	0.0003953175044977451	8.874474590765705e-05	0.00012101556260135054
_scratch_st-cdeboer-1_asfar_VLPs_results_crispresso_aggregated_spacer_SPACE-DeltaUGI_rep1_.staging_CRISPRessoPooled_on_SPACE-DeltaUGI_D3_rep1_CRISPResso_on_PDCD1	All_modifications	0.00027430194189639455	0.0003146404627635114	0.00011294785842792716	0.00013715097094819728	0.0001774894918153141	0.003130269219288267	0.00018555719598873749	0.00013715097094819728	0.00032270816693693476	0.00012101556260135054	0.0004195206170180152	0.00029043735024324125	0.00029850505441666466	0.0002339634210292777	0.00011294785842792716	0.00011294785842792716	0.00021782801268243097	0.0003953175044977451	8.874474590765705e-05	0.00012101556260135054
_scratch_st-cdeboer-1_asfar_VLPs_results_crispresso_aggregated_spacer_SPACE-DeltaUGI_rep1_.staging_CRISPRessoPooled_on_SPACE-DeltaUGI_D4_rep1_CRISPResso_on_PDCD1	Insertions	0.0	0.0	0.0	0.0	0.0	0.0	0.0	0.0	0.0	0.0	0.0	0.0	0.0	0.0	0.0	0.0	0.0	0.0	0.0	0.0
_scratch_st-cdeboer-1_asfar_VLPs_results_crispresso_aggregated_spacer_SPACE-DeltaUGI_rep1_.staging_CRISPRessoPooled_on_SPACE-DeltaUGI_D4_rep1_CRISPResso_on_PDCD1	Insertions_Left	0.0	0.0	0.0	0.0	0.0	0.0	0.0	0.0	0.0	0.0	0.0	0.0	0.0	0.0	0.0	0.0	0.0	0.0	0.0	0.0
_scratch_st-cdeboer-1_asfar_VLPs_results_crispresso_aggregated_spacer_SPACE-DeltaUGI_rep1_.staging_CRISPRessoPooled_on_SPACE-DeltaUGI_D4_rep1_CRISPResso_on_PDCD1	Deletions	4.741105981497834e-05	3.555829486123375e-05	2.963191238436146e-05	2.370552990748917e-05	2.370552990748917e-05	2.370552990748917e-05	2.370552990748917e-05	2.963191238436146e-05	4.1484677338106045e-05	2.370552990748917e-05	5.926382476872292e-05	2.370552990748917e-05	2.370552990748917e-05	2.963191238436146e-05	2.370552990748917e-05	2.370552990748917e-05	2.370552990748917e-05	2.370552990748917e-05	2.370552990748917e-05	2.370552990748917e-05
_scratch_st-cdeboer-1_asfar_VLPs_results_crispresso_aggregated_spacer_SPACE-DeltaUGI_rep1_.staging_CRISPRessoPooled_on_SPACE-DeltaUGI_D4_rep1_CRISPResso_on_PDCD1	Substitutions	0.000142233179444935	0.0003140982712742315	0.00017186509182929647	0.00010667488458370127	0.00018371785678304107	0.012119452165203838	0.0002311289165980194	8.296935467621209e-05	0.0002311289165980194	0.00042669953833480507	0.00021334976916740253	0.000242981681551764	0.00021927615164427482	0.00018371785678304107	7.70429721993398e-05	7.11165897224675e-05	0.00021927615164427482	0.0003496565661354653	0.00011852764953744584	0.000142233179444935
_scratch_st-cdeboer-1_asfar_VLPs_results_crispresso_aggregated_spacer_SPACE-DeltaUGI_rep1_.staging_CRISPRessoPooled_on_SPACE-DeltaUGI_D4_rep1_CRISPResso_on_PDCD1	All_modifications	0.00018964423925991336	0.0003496565661354653	0.00020149700421365793	0.00013038041449119043	0.00020742338669053025	0.012143157695111328	0.00025483444650550857	0.00011260126706057355	0.00027261359393612543	0.0004504050682422942	0.00027261359393612543	0.00026668721145925315	0.000242981681551764	0.00021334976916740253	0.00010074850210682897	9.482211962995668e-05	0.000242981681551764	0.0003733620960429544	0.000142233179444935	0.00016593870935242418
_scratch_st-cdeboer-1_asfar_VLPs_results_crispresso_aggregated_spacer_SPACE-DeltaUGI_rep1_.staging_CRISPRessoPooled_on_SPACE-DeltaUGI_D5_rep1_CRISPResso_on_PDCD1	Insertions	0.0	0.0	0.0	0.0	0.0	0.0	0.0	0.0	0.0	9.567285351119373e-05	9.567285351119373e-05	0.0	0.0	0.0	0.0	0.0	0.0	0.0	0.0	0.0
_scratch_st-cdeboer-1_asfar_VLPs_results_crispresso_aggregated_spacer_SPACE-DeltaUGI_rep1_.staging_CRISPRessoPooled_on_SPACE-DeltaUGI_D5_rep1_CRISPResso_on_PDCD1	Insertions_Left	0.0	0.0	0.0	0.0	0.0	0.0	0.0	0.0	0.0	9.567285351119373e-05	0.0	0.0	0.0	0.0	0.0	0.0	0.0	0.0	0.0	0.0
_scratch_st-cdeboer-1_asfar_VLPs_results_crispresso_aggregated_spacer_SPACE-DeltaUGI_rep1_.staging_CRISPRessoPooled_on_SPACE-DeltaUGI_D5_rep1_CRISPResso_on_PDCD1	Deletions	0.00024601590902878387	0.00020501325752398655	0.00019134570702238746	0.00019134570702238746	0.00019134570702238746	0.00019134570702238746	0.00019134570702238746	0.00019134570702238746	0.00019134570702238746	0.00019134570702238746	0.00025968345953038296	0.00019134570702238746	0.00019134570702238746	0.00019134570702238746	0.00019134570702238746	0.00019134570702238746	0.00019134570702238746	0.00019134570702238746	0.00019134570702238746	0.00019134570702238746
_scratch_st-cdeboer-1_asfar_VLPs_results_crispresso_aggregated_spacer_SPACE-DeltaUGI_rep1_.staging_CRISPRessoPooled_on_SPACE-DeltaUGI_D5_rep1_CRISPResso_on_PDCD1	Substitutions	0.00020501325752398655	0.00017767815652078834	0.00023234835852718475	5.4670202006396416e-05	0.00024601590902878387	0.01660607385944291	0.00013667550501599102	0.00010934040401279283	0.00020501325752398655	0.0005603695705655632	8.200530300959461e-05	0.00027335101003198205	0.00023234835852718475	0.00013667550501599102	5.4670202006396416e-05	0.00016401060601918923	0.00010934040401279283	0.00027335101003198205	9.567285351119373e-05	0.00019134570702238746
_scratch_st-cdeboer-1_asfar_VLPs_results_crispresso_aggregated_spacer_SPACE-DeltaUGI_rep1_.staging_CRISPRessoPooled_on_SPACE-DeltaUGI_D5_rep1_CRISPResso_on_PDCD1	All_modifications	0.0004510291665527704	0.0003826914140447749	0.0004236940655495722	0.00024601590902878387	0.00043736161605117133	0.0167974195664653	0.00032802121203837846	0.0003006861110351803	0.000396358964546374	0.0008473881310991444	0.00043736161605117133	0.0004646967170543695	0.0004236940655495722	0.00032802121203837846	0.00024601590902878387	0.0003553563130415767	0.0003006861110351803	0.0004646967170543695	0.0002870185605335812	0.0003826914140447749
