Folder	Modification	G	G	C	C	C	A	G	A	C	T	G	A	G	C	A	C	G	T	G	A
_scratch_st-cdeboer-1_asfar_VLPs_results_crispresso_aggregated_spacer_SPACE_rep2_.staging_CRISPRessoPooled_on_SPACE_D0_rep2_CRISPResso_on_HEK3	Insertions	0.0	0.0	0.0	0.0	0.0	0.0	0.0	0.0	0.0	0.0	0.0	0.0	0.0	0.0	0.0	0.0	0.0	0.0	0.0	0.0
_scratch_st-cdeboer-1_asfar_VLPs_results_crispresso_aggregated_spacer_SPACE_rep2_.staging_CRISPRessoPooled_on_SPACE_D0_rep2_CRISPResso_on_HEK3	Insertions_Left	0.0	0.0	0.0	0.0	0.0	0.0	0.0	0.0	0.0	0.0	0.0	0.0	0.0	0.0	0.0	0.0	0.0	0.0	0.0	0.0
_scratch_st-cdeboer-1_asfar_VLPs_results_crispresso_aggregated_spacer_SPACE_rep2_.staging_CRISPRessoPooled_on_SPACE_D0_rep2_CRISPResso_on_HEK3	Deletions	0.0	0.0	0.0	0.0	0.0	0.0	0.0	0.0	0.0	0.0	0.0	0.0	0.0	0.0	0.0	0.0	0.0	0.0	0.0	0.0
_scratch_st-cdeboer-1_asfar_VLPs_results_crispresso_aggregated_spacer_SPACE_rep2_.staging_CRISPRessoPooled_on_SPACE_D0_rep2_CRISPResso_on_HEK3	Substitutions	0.000250400641025641	0.00015024038461538462	5.0080128205128203e-05	0.00015024038461538462	5.0080128205128203e-05	0.00015024038461538462	0.00040064102564102563	0.00035056089743589744	5.0080128205128203e-05	0.000250400641025641	0.000250400641025641	0.00020032051282051281	5.0080128205128203e-05	0.00010016025641025641	0.00010016025641025641	0.00010016025641025641	0.00030048076923076925	5.0080128205128203e-05	0.00015024038461538462	0.00015024038461538462
_scratch_st-cdeboer-1_asfar_VLPs_results_crispresso_aggregated_spacer_SPACE_rep2_.staging_CRISPRessoPooled_on_SPACE_D0_rep2_CRISPResso_on_HEK3	All_modifications	0.000250400641025641	0.00015024038461538462	5.0080128205128203e-05	0.00015024038461538462	5.0080128205128203e-05	0.00015024038461538462	0.00040064102564102563	0.00035056089743589744	5.0080128205128203e-05	0.000250400641025641	0.000250400641025641	0.00020032051282051281	5.0080128205128203e-05	0.00010016025641025641	0.00010016025641025641	0.00010016025641025641	0.00030048076923076925	5.0080128205128203e-05	0.00015024038461538462	0.00015024038461538462
_scratch_st-cdeboer-1_asfar_VLPs_results_crispresso_aggregated_spacer_SPACE_rep2_.staging_CRISPRessoPooled_on_SPACE_D1_rep2_CRISPResso_on_HEK3	Insertions	0.0	0.0	0.0	0.0	0.0	0.0	0.0	0.0	0.0	0.0	0.0	0.0	0.0	0.0	0.0	0.0	0.0	0.0	0.0	0.0
_scratch_st-cdeboer-1_asfar_VLPs_results_crispresso_aggregated_spacer_SPACE_rep2_.staging_CRISPRessoPooled_on_SPACE_D1_rep2_CRISPResso_on_HEK3	Insertions_Left	0.0	0.0	0.0	0.0	0.0	0.0	0.0	0.0	0.0	0.0	0.0	0.0	0.0	0.0	0.0	0.0	0.0	0.0	0.0	0.0
_scratch_st-cdeboer-1_asfar_VLPs_results_crispresso_aggregated_spacer_SPACE_rep2_.staging_CRISPRessoPooled_on_SPACE_D1_rep2_CRISPResso_on_HEK3	Deletions	0.0	0.0	0.0	0.00017114495978093444	0.00025671743967140166	0.00017114495978093444	0.00017114495978093444	0.00017114495978093444	0.0004278623994523361	0.0004278623994523361	0.0004278623994523361	0.00025671743967140166	0.00025671743967140166	0.00025671743967140166	0.0	0.0	0.0	0.0	0.0	0.0
_scratch_st-cdeboer-1_asfar_VLPs_results_crispresso_aggregated_spacer_SPACE_rep2_.staging_CRISPRessoPooled_on_SPACE_D1_rep2_CRISPResso_on_HEK3	Substitutions	0.00021393119972616805	0.00021393119972616805	0.0007273660790689714	0.0003422899195618689	0.0002995036796166353	0.0008557247989046722	0.00017114495978093444	0.00021393119972616805	0.0	0.0002995036796166353	0.00021393119972616805	0.00012835871983570083	0.00012835871983570083	0.00012835871983570083	0.00017114495978093444	8.557247989046722e-05	0.00025671743967140166	0.00021393119972616805	0.00021393119972616805	0.00012835871983570083
_scratch_st-cdeboer-1_asfar_VLPs_results_crispresso_aggregated_spacer_SPACE_rep2_.staging_CRISPRessoPooled_on_SPACE_D1_rep2_CRISPResso_on_HEK3	All_modifications	0.00021393119972616805	0.00021393119972616805	0.0007273660790689714	0.0005134348793428033	0.000556221119288037	0.0010268697586856067	0.0003422899195618689	0.0003850761595071025	0.0004278623994523361	0.0007273660790689714	0.0006417935991785042	0.0003850761595071025	0.0003850761595071025	0.0003850761595071025	0.00017114495978093444	8.557247989046722e-05	0.00025671743967140166	0.00021393119972616805	0.00021393119972616805	0.00012835871983570083
_scratch_st-cdeboer-1_asfar_VLPs_results_crispresso_aggregated_spacer_SPACE_rep2_.staging_CRISPRessoPooled_on_SPACE_D2_rep2_CRISPResso_on_HEK3	Insertions	0.0	0.0	0.0	0.0	0.0	0.0	0.0	0.0	0.0	0.0	0.0	0.0	0.0	0.0	0.0	0.0	0.0	0.0	0.0	0.0
_scratch_st-cdeboer-1_asfar_VLPs_results_crispresso_aggregated_spacer_SPACE_rep2_.staging_CRISPRessoPooled_on_SPACE_D2_rep2_CRISPResso_on_HEK3	Insertions_Left	0.0	0.0	0.0	0.0	0.0	0.0	0.0	0.0	0.0	0.0	0.0	0.0	0.0	0.0	0.0	0.0	0.0	0.0	0.0	0.0
_scratch_st-cdeboer-1_asfar_VLPs_results_crispresso_aggregated_spacer_SPACE_rep2_.staging_CRISPRessoPooled_on_SPACE_D2_rep2_CRISPResso_on_HEK3	Deletions	0.00010404744563520966	0.00041618978254083863	0.00041618978254083863	0.00010404744563520966	0.0007283321194464676	0.00010404744563520966	0.00010404744563520966	0.00010404744563520966	0.0	0.0	0.0	0.0	0.0	0.0	0.0	0.0	0.0	0.0	0.0	0.0
_scratch_st-cdeboer-1_asfar_VLPs_results_crispresso_aggregated_spacer_SPACE_rep2_.staging_CRISPRessoPooled_on_SPACE_D2_rep2_CRISPResso_on_HEK3	Substitutions	0.00020809489127041931	0.0	0.0014566642388929353	0.0006242846738112579	0.0016647591301633545	0.0011445219019873061	0.00031214233690562894	0.0011445219019873061	0.00010404744563520966	0.00010404744563520966	0.0	0.00031214233690562894	0.00010404744563520966	0.00010404744563520966	0.0	0.00010404744563520966	0.00020809489127041931	0.00031214233690562894	0.0	0.00020809489127041931
_scratch_st-cdeboer-1_asfar_VLPs_results_crispresso_aggregated_spacer_SPACE_rep2_.staging_CRISPRessoPooled_on_SPACE_D2_rep2_CRISPResso_on_HEK3	All_modifications	0.00031214233690562894	0.00041618978254083863	0.0018728540214337738	0.0007283321194464676	0.002393091249609822	0.0012485693476225158	0.00041618978254083863	0.0012485693476225158	0.00010404744563520966	0.00010404744563520966	0.0	0.00031214233690562894	0.00010404744563520966	0.00010404744563520966	0.0	0.00010404744563520966	0.00020809489127041931	0.00031214233690562894	0.0	0.00020809489127041931
_scratch_st-cdeboer-1_asfar_VLPs_results_crispresso_aggregated_spacer_SPACE_rep2_.staging_CRISPRessoPooled_on_SPACE_D3_rep2_CRISPResso_on_HEK3	Insertions	0.0	0.0	0.0	0.0	0.0	0.0	0.0	0.0	0.0	0.0	0.0	0.0	0.0	0.0	0.0	0.0	0.0	0.0	0.0	0.0
_scratch_st-cdeboer-1_asfar_VLPs_results_crispresso_aggregated_spacer_SPACE_rep2_.staging_CRISPRessoPooled_on_SPACE_D3_rep2_CRISPResso_on_HEK3	Insertions_Left	0.0	0.0	0.0	0.0	0.0	0.0	0.0	0.0	0.0	0.0	0.0	0.0	0.0	0.0	0.0	0.0	0.0	0.0	0.0	0.0
_scratch_st-cdeboer-1_asfar_VLPs_results_crispresso_aggregated_spacer_SPACE_rep2_.staging_CRISPRessoPooled_on_SPACE_D3_rep2_CRISPResso_on_HEK3	Deletions	9.994003597841295e-05	9.994003597841295e-05	0.0001998800719568259	0.0001998800719568259	0.00044973016190285827	0.0001998800719568259	0.0001998800719568259	9.994003597841295e-05	9.994003597841295e-05	9.994003597841295e-05	9.994003597841295e-05	9.994003597841295e-05	0.0	0.0	0.0	0.0	0.0	0.0	4.9970017989206476e-05	0.0
_scratch_st-cdeboer-1_asfar_VLPs_results_crispresso_aggregated_spacer_SPACE_rep2_.staging_CRISPRessoPooled_on_SPACE_D3_rep2_CRISPResso_on_HEK3	Substitutions	0.00034979012592444535	0.0004997001798920647	0.0016989806116330202	0.0018488906656006397	0.000949430341794923	0.0008994603238057165	0.00024985008994603237	0.0004997001798920647	0.0001998800719568259	0.00014991005396761942	0.00014991005396761942	0.00029982010793523883	4.9970017989206476e-05	0.0	0.0001998800719568259	0.00024985008994603237	0.00029982010793523883	9.994003597841295e-05	0.0001998800719568259	0.00029982010793523883
_scratch_st-cdeboer-1_asfar_VLPs_results_crispresso_aggregated_spacer_SPACE_rep2_.staging_CRISPRessoPooled_on_SPACE_D3_rep2_CRISPResso_on_HEK3	All_modifications	0.00044973016190285827	0.0005996402158704777	0.001898860683589846	0.0020487707375574657	0.0013991605036977814	0.0010993403957625424	0.00044973016190285827	0.0005996402158704777	0.00029982010793523883	0.00024985008994603237	0.00024985008994603237	0.0003997601439136518	4.9970017989206476e-05	0.0	0.0001998800719568259	0.00024985008994603237	0.00029982010793523883	9.994003597841295e-05	0.00024985008994603237	0.00029982010793523883
_scratch_st-cdeboer-1_asfar_VLPs_results_crispresso_aggregated_spacer_SPACE_rep2_.staging_CRISPRessoPooled_on_SPACE_D4_rep2_CRISPResso_on_HEK3	Insertions	0.0	0.0	0.0	0.0	0.0	6.80133306128001e-05	6.80133306128001e-05	0.0	0.0	0.00034006665306400053	0.00034006665306400053	0.0	0.0	0.0	0.0	6.80133306128001e-05	6.80133306128001e-05	0.0	0.0	0.0
_scratch_st-cdeboer-1_asfar_VLPs_results_crispresso_aggregated_spacer_SPACE_rep2_.staging_CRISPRessoPooled_on_SPACE_D4_rep2_CRISPResso_on_HEK3	Insertions_Left	0.0	0.0	0.0	0.0	0.0	6.80133306128001e-05	0.0	0.0	0.0	0.00034006665306400053	0.0	0.0	0.0	0.0	0.0	6.80133306128001e-05	0.0	0.0	0.0	0.0
_scratch_st-cdeboer-1_asfar_VLPs_results_crispresso_aggregated_spacer_SPACE_rep2_.staging_CRISPRessoPooled_on_SPACE_D4_rep2_CRISPResso_on_HEK3	Deletions	0.00040807998367680065	0.0005441066449024008	0.00040807998367680065	0.000612119975515201	0.0030605998775760047	0.000612119975515201	0.00047609331428960077	0.0005441066449024008	0.0005441066449024008	0.0005441066449024008	0.000612119975515201	0.00047609331428960077	0.00047609331428960077	0.00047609331428960077	0.00034006665306400053	0.00034006665306400053	0.0002720533224512004	0.00020403999183840033	0.00020403999183840033	0.00020403999183840033
_scratch_st-cdeboer-1_asfar_VLPs_results_crispresso_aggregated_spacer_SPACE_rep2_.staging_CRISPRessoPooled_on_SPACE_D4_rep2_CRISPResso_on_HEK3	Substitutions	0.0001360266612256002	0.0010201999591920017	0.007277426375569612	0.005305039787798408	0.004148813167380807	0.007481466367408012	0.00020403999183840033	0.0034686798612528057	0.0	0.00034006665306400053	0.00020403999183840033	0.00040807998367680065	6.80133306128001e-05	0.00020403999183840033	0.0	0.0	0.0001360266612256002	0.00020403999183840033	0.0	0.00020403999183840033
_scratch_st-cdeboer-1_asfar_VLPs_results_crispresso_aggregated_spacer_SPACE_rep2_.staging_CRISPRessoPooled_on_SPACE_D4_rep2_CRISPResso_on_HEK3	All_modifications	0.0005441066449024008	0.0015643066040944024	0.007685506359246412	0.005917159763313609	0.007209413044956811	0.008161599673536014	0.0007481466367408012	0.004012786506155206	0.0005441066449024008	0.001224239951030402	0.0011562266204176018	0.0008841732979664014	0.0005441066449024008	0.0006801333061280011	0.00034006665306400053	0.00040807998367680065	0.00047609331428960077	0.00040807998367680065	0.00020403999183840033	0.00040807998367680065
_scratch_st-cdeboer-1_asfar_VLPs_results_crispresso_aggregated_spacer_SPACE_rep2_.staging_CRISPRessoPooled_on_SPACE_D5_rep2_CRISPResso_on_HEK3	Insertions	0.0	7.000840100812098e-05	7.000840100812098e-05	0.0	7.000840100812098e-05	7.000840100812098e-05	0.0	3.500420050406049e-05	3.500420050406049e-05	0.00021002520302436292	0.00021002520302436292	0.0	0.0	0.0	0.0	0.00014001680201624196	0.00017502100252030244	3.500420050406049e-05	0.0	0.0
_scratch_st-cdeboer-1_asfar_VLPs_results_crispresso_aggregated_spacer_SPACE_rep2_.staging_CRISPRessoPooled_on_SPACE_D5_rep2_CRISPResso_on_HEK3	Insertions_Left	0.0	7.000840100812098e-05	0.0	0.0	7.000840100812098e-05	0.0	0.0	3.500420050406049e-05	0.0	0.00021002520302436292	0.0	0.0	0.0	0.0	0.0	0.00014001680201624196	3.500420050406049e-05	0.0	0.0	0.0
_scratch_st-cdeboer-1_asfar_VLPs_results_crispresso_aggregated_spacer_SPACE_rep2_.staging_CRISPRessoPooled_on_SPACE_D5_rep2_CRISPResso_on_HEK3	Deletions	0.0005250630075609073	0.0012601512181461775	0.0006650798095771493	0.0006650798095771493	0.0031153738448613834	0.0007000840100812098	0.0006650798095771493	0.0009451134136096331	0.0009801176141136937	0.0009451134136096331	0.0009801176141136937	0.0009101092131055727	0.0008751050126015122	0.0006300756090730887	0.0004900588070568468	0.0003500420050406049	0.00017502100252030244	7.000840100812098e-05	7.000840100812098e-05	7.000840100812098e-05
_scratch_st-cdeboer-1_asfar_VLPs_results_crispresso_aggregated_spacer_SPACE_rep2_.staging_CRISPRessoPooled_on_SPACE_D5_rep2_CRISPResso_on_HEK3	Substitutions	0.0002800336040324839	0.0008401008120974517	0.006335760291234948	0.006335760291234948	0.003920470456454775	0.00857602912349482	0.00021002520302436292	0.003675441052926351	0.00010501260151218146	3.500420050406049e-05	0.00014001680201624196	0.0002800336040324839	0.00014001680201624196	0.0003500420050406049	3.500420050406049e-05	3.500420050406049e-05	0.00017502100252030244	0.00010501260151218146	0.00021002520302436292	7.000840100812098e-05
_scratch_st-cdeboer-1_asfar_VLPs_results_crispresso_aggregated_spacer_SPACE_rep2_.staging_CRISPRessoPooled_on_SPACE_D5_rep2_CRISPResso_on_HEK3	All_modifications	0.0008050966115933912	0.0021702604312517503	0.007070848501820218	0.007000840100812098	0.007105852702324279	0.00934612153458415	0.0008751050126015122	0.0046555586670400445	0.0011201344161299357	0.0011901428171380566	0.0013301596191542986	0.0011901428171380566	0.0010151218146177542	0.0009801176141136937	0.0005250630075609073	0.0005250630075609073	0.0005250630075609073	0.00021002520302436292	0.0002800336040324839	0.00014001680201624196
