Folder	Modification	C	A	C	C	T	A	C	C	T	A	A	G	A	A	C	C	A	T	C	C
_scratch_st-cdeboer-1_asfar_VLPs_results_crispresso_aggregated_spacer_SPACE-DeltaUGI_rep3_.staging_CRISPRessoPooled_on_SPACE-DeltaUGI_D1_rep3_CRISPResso_on_PDCD1	Insertions	1.7354181490030022e-05	1.7354181490030022e-05	0.0	0.0	0.0	0.0	0.0	0.0	0.0	0.0	0.0	0.0	0.0	0.0	0.0	0.0	0.0	0.0	0.0	0.0
_scratch_st-cdeboer-1_asfar_VLPs_results_crispresso_aggregated_spacer_SPACE-DeltaUGI_rep3_.staging_CRISPRessoPooled_on_SPACE-DeltaUGI_D1_rep3_CRISPResso_on_PDCD1	Insertions_Left	1.7354181490030022e-05	0.0	0.0	0.0	0.0	0.0	0.0	0.0	0.0	0.0	0.0	0.0	0.0	0.0	0.0	0.0	0.0	0.0	0.0	0.0
_scratch_st-cdeboer-1_asfar_VLPs_results_crispresso_aggregated_spacer_SPACE-DeltaUGI_rep3_.staging_CRISPRessoPooled_on_SPACE-DeltaUGI_D1_rep3_CRISPResso_on_PDCD1	Deletions	1.7354181490030022e-05	1.7354181490030022e-05	0.0	1.7354181490030022e-05	0.0	0.0	0.0	0.0	0.0	0.0	3.4708362980060045e-05	0.0	0.0	0.0	0.0	0.0	0.0	0.0	0.0	0.0
_scratch_st-cdeboer-1_asfar_VLPs_results_crispresso_aggregated_spacer_SPACE-DeltaUGI_rep3_.staging_CRISPRessoPooled_on_SPACE-DeltaUGI_D1_rep3_CRISPResso_on_PDCD1	Substitutions	0.00010412508894018014	0.00019089599639033025	5.206254447009007e-05	0.00013883345192024018	0.0001561876334102702	0.0007115214410912309	0.00017354181490030022	0.00024295854086042032	0.00020825017788036028	8.677090745015011e-05	0.00020825017788036028	0.0002256043593703903	0.00027766690384048036	6.941672596012009e-05	0.00012147927043021016	0.00013883345192024018	0.00024295854086042032	0.0003123752668205404	0.00017354181490030022	0.00013883345192024018
_scratch_st-cdeboer-1_asfar_VLPs_results_crispresso_aggregated_spacer_SPACE-DeltaUGI_rep3_.staging_CRISPRessoPooled_on_SPACE-DeltaUGI_D1_rep3_CRISPResso_on_PDCD1	All_modifications	0.00013883345192024018	0.0002256043593703903	5.206254447009007e-05	0.0001561876334102702	0.0001561876334102702	0.0007115214410912309	0.00017354181490030022	0.00024295854086042032	0.00020825017788036028	8.677090745015011e-05	0.00024295854086042032	0.0002256043593703903	0.00027766690384048036	6.941672596012009e-05	0.00012147927043021016	0.00013883345192024018	0.00024295854086042032	0.0003123752668205404	0.00017354181490030022	0.00013883345192024018
_scratch_st-cdeboer-1_asfar_VLPs_results_crispresso_aggregated_spacer_SPACE-DeltaUGI_rep3_.staging_CRISPRessoPooled_on_SPACE-DeltaUGI_D2_rep3_CRISPResso_on_PDCD1	Insertions	0.0	0.0	0.0	0.0	0.0	0.0	0.0	0.0	0.0	0.0	0.0	0.0	0.0	0.0	0.0	0.0	0.0	0.0	0.0	0.0
_scratch_st-cdeboer-1_asfar_VLPs_results_crispresso_aggregated_spacer_SPACE-DeltaUGI_rep3_.staging_CRISPRessoPooled_on_SPACE-DeltaUGI_D2_rep3_CRISPResso_on_PDCD1	Insertions_Left	0.0	0.0	0.0	0.0	0.0	0.0	0.0	0.0	0.0	0.0	0.0	0.0	0.0	0.0	0.0	0.0	0.0	0.0	0.0	0.0
_scratch_st-cdeboer-1_asfar_VLPs_results_crispresso_aggregated_spacer_SPACE-DeltaUGI_rep3_.staging_CRISPRessoPooled_on_SPACE-DeltaUGI_D2_rep3_CRISPResso_on_PDCD1	Deletions	2.4203112520270108e-05	0.0	0.0	0.0	0.0	0.0	0.0	0.0	0.0	0.0	4.8406225040540216e-05	0.0	0.0	0.0	0.0	0.0	0.0	0.0	0.0	0.0
_scratch_st-cdeboer-1_asfar_VLPs_results_crispresso_aggregated_spacer_SPACE-DeltaUGI_rep3_.staging_CRISPRessoPooled_on_SPACE-DeltaUGI_D2_rep3_CRISPResso_on_PDCD1	Substitutions	9.681245008108043e-05	7.260933756081031e-05	7.260933756081031e-05	9.681245008108043e-05	0.00016942178764189076	0.0005324684754459423	2.4203112520270108e-05	0.00012101556260135054	0.00021782801268243097	0.00016942178764189076	0.00012101556260135054	0.00029043735024324125	0.00029043735024324125	0.00016942178764189076	2.4203112520270108e-05	7.260933756081031e-05	0.00021782801268243097	0.00026623423772297115	0.00012101556260135054	9.681245008108043e-05
_scratch_st-cdeboer-1_asfar_VLPs_results_crispresso_aggregated_spacer_SPACE-DeltaUGI_rep3_.staging_CRISPRessoPooled_on_SPACE-DeltaUGI_D2_rep3_CRISPResso_on_PDCD1	All_modifications	0.00012101556260135054	7.260933756081031e-05	7.260933756081031e-05	9.681245008108043e-05	0.00016942178764189076	0.0005324684754459423	2.4203112520270108e-05	0.00012101556260135054	0.00021782801268243097	0.00016942178764189076	0.00016942178764189076	0.00029043735024324125	0.00029043735024324125	0.00016942178764189076	2.4203112520270108e-05	7.260933756081031e-05	0.00021782801268243097	0.00026623423772297115	0.00012101556260135054	9.681245008108043e-05
_scratch_st-cdeboer-1_asfar_VLPs_results_crispresso_aggregated_spacer_SPACE-DeltaUGI_rep3_.staging_CRISPRessoPooled_on_SPACE-DeltaUGI_D3_rep3_CRISPResso_on_PDCD1	Insertions	0.0	0.0	0.0	0.0	0.0	0.0	0.0	0.0	0.0	0.0	0.0	0.0	0.0	0.0	0.0	0.0	0.0	0.0	0.0	0.0
_scratch_st-cdeboer-1_asfar_VLPs_results_crispresso_aggregated_spacer_SPACE-DeltaUGI_rep3_.staging_CRISPRessoPooled_on_SPACE-DeltaUGI_D3_rep3_CRISPResso_on_PDCD1	Insertions_Left	0.0	0.0	0.0	0.0	0.0	0.0	0.0	0.0	0.0	0.0	0.0	0.0	0.0	0.0	0.0	0.0	0.0	0.0	0.0	0.0
_scratch_st-cdeboer-1_asfar_VLPs_results_crispresso_aggregated_spacer_SPACE-DeltaUGI_rep3_.staging_CRISPRessoPooled_on_SPACE-DeltaUGI_D3_rep3_CRISPResso_on_PDCD1	Deletions	5.585344057193923e-05	2.7926720285969615e-05	0.0	0.0	0.0	0.0	0.0	0.0	0.0	0.0	2.7926720285969615e-05	0.0	0.0	2.7926720285969615e-05	0.0	0.0	0.0	0.0	0.0	5.585344057193923e-05
_scratch_st-cdeboer-1_asfar_VLPs_results_crispresso_aggregated_spacer_SPACE-DeltaUGI_rep3_.staging_CRISPRessoPooled_on_SPACE-DeltaUGI_D3_rep3_CRISPResso_on_PDCD1	Substitutions	8.378016085790885e-05	0.00027926720285969614	5.585344057193923e-05	0.00011170688114387846	0.00027926720285969614	0.0012567024128686327	8.378016085790885e-05	5.585344057193923e-05	0.00013963360142984807	0.00019548704200178732	0.00019548704200178732	8.378016085790885e-05	0.00027926720285969614	0.00013963360142984807	0.00013963360142984807	0.00019548704200178732	0.000363047363717605	0.00039097408400357465	0.0001675603217158177	8.378016085790885e-05
_scratch_st-cdeboer-1_asfar_VLPs_results_crispresso_aggregated_spacer_SPACE-DeltaUGI_rep3_.staging_CRISPRessoPooled_on_SPACE-DeltaUGI_D3_rep3_CRISPResso_on_PDCD1	All_modifications	0.00013963360142984807	0.0003071939231456658	5.585344057193923e-05	0.00011170688114387846	0.00027926720285969614	0.0012567024128686327	8.378016085790885e-05	5.585344057193923e-05	0.00013963360142984807	0.00019548704200178732	0.00022341376228775692	8.378016085790885e-05	0.00027926720285969614	0.0001675603217158177	0.00013963360142984807	0.00019548704200178732	0.000363047363717605	0.00039097408400357465	0.0001675603217158177	0.00013963360142984807
_scratch_st-cdeboer-1_asfar_VLPs_results_crispresso_aggregated_spacer_SPACE-DeltaUGI_rep3_.staging_CRISPRessoPooled_on_SPACE-DeltaUGI_D4_rep3_CRISPResso_on_PDCD1	Insertions	0.0	0.0	0.0	0.0	0.0	0.0	0.0	0.0	0.0	0.0	0.0	0.0	0.0	0.0	0.0	0.0	0.0	0.0	0.0	0.0
_scratch_st-cdeboer-1_asfar_VLPs_results_crispresso_aggregated_spacer_SPACE-DeltaUGI_rep3_.staging_CRISPRessoPooled_on_SPACE-DeltaUGI_D4_rep3_CRISPResso_on_PDCD1	Insertions_Left	0.0	0.0	0.0	0.0	0.0	0.0	0.0	0.0	0.0	0.0	0.0	0.0	0.0	0.0	0.0	0.0	0.0	0.0	0.0	0.0
_scratch_st-cdeboer-1_asfar_VLPs_results_crispresso_aggregated_spacer_SPACE-DeltaUGI_rep3_.staging_CRISPRessoPooled_on_SPACE-DeltaUGI_D4_rep3_CRISPResso_on_PDCD1	Deletions	2.4489396091492384e-05	0.0	0.0	0.0	0.0	0.0	0.0	0.0	0.0	0.0	7.346818827447715e-05	0.0	0.0	1.2244698045746192e-05	0.0	0.0	0.0	0.0	0.0	1.2244698045746192e-05
_scratch_st-cdeboer-1_asfar_VLPs_results_crispresso_aggregated_spacer_SPACE-DeltaUGI_rep3_.staging_CRISPRessoPooled_on_SPACE-DeltaUGI_D4_rep3_CRISPResso_on_PDCD1	Substitutions	0.00025713865896067	0.00019591516873193908	0.00012244698045746192	0.00018367047068619288	0.00026938335700641623	0.00611010432482735	9.795758436596954e-05	0.00012244698045746192	0.0001469363765489543	0.00025713865896067	8.571288632022335e-05	0.00020815986677768527	0.00018367047068619288	0.00013469167850320811	8.571288632022335e-05	7.346818827447715e-05	0.0001591810745947005	0.00022040456482343146	0.00012244698045746192	0.0001591810745947005
_scratch_st-cdeboer-1_asfar_VLPs_results_crispresso_aggregated_spacer_SPACE-DeltaUGI_rep3_.staging_CRISPRessoPooled_on_SPACE-DeltaUGI_D4_rep3_CRISPResso_on_PDCD1	All_modifications	0.0002816280550521624	0.00019591516873193908	0.00012244698045746192	0.00018367047068619288	0.00026938335700641623	0.00611010432482735	9.795758436596954e-05	0.00012244698045746192	0.0001469363765489543	0.00025713865896067	0.0001591810745947005	0.00020815986677768527	0.00018367047068619288	0.0001469363765489543	8.571288632022335e-05	7.346818827447715e-05	0.0001591810745947005	0.00022040456482343146	0.00012244698045746192	0.0001714257726404467
_scratch_st-cdeboer-1_asfar_VLPs_results_crispresso_aggregated_spacer_SPACE-DeltaUGI_rep3_.staging_CRISPRessoPooled_on_SPACE-DeltaUGI_D5_rep3_CRISPResso_on_PDCD1	Insertions	0.0	0.0	0.0	0.0	0.0	0.0	0.0	0.0	0.0	0.0	0.0	0.0	0.0	0.0	0.0	0.0	0.0	0.0	0.0	0.0
_scratch_st-cdeboer-1_asfar_VLPs_results_crispresso_aggregated_spacer_SPACE-DeltaUGI_rep3_.staging_CRISPRessoPooled_on_SPACE-DeltaUGI_D5_rep3_CRISPResso_on_PDCD1	Insertions_Left	0.0	0.0	0.0	0.0	0.0	0.0	0.0	0.0	0.0	0.0	0.0	0.0	0.0	0.0	0.0	0.0	0.0	0.0	0.0	0.0
_scratch_st-cdeboer-1_asfar_VLPs_results_crispresso_aggregated_spacer_SPACE-DeltaUGI_rep3_.staging_CRISPRessoPooled_on_SPACE-DeltaUGI_D5_rep3_CRISPResso_on_PDCD1	Deletions	2.9386699579770195e-05	1.4693349789885097e-05	1.4693349789885097e-05	2.9386699579770195e-05	1.4693349789885097e-05	1.4693349789885097e-05	1.4693349789885097e-05	2.9386699579770195e-05	1.4693349789885097e-05	4.4080049369655294e-05	4.4080049369655294e-05	4.4080049369655294e-05	4.4080049369655294e-05	4.4080049369655294e-05	4.4080049369655294e-05	4.4080049369655294e-05	4.4080049369655294e-05	4.4080049369655294e-05	4.4080049369655294e-05	4.4080049369655294e-05
_scratch_st-cdeboer-1_asfar_VLPs_results_crispresso_aggregated_spacer_SPACE-DeltaUGI_rep3_.staging_CRISPRessoPooled_on_SPACE-DeltaUGI_D5_rep3_CRISPResso_on_PDCD1	Substitutions	0.0001322401481089659	0.00030856034558758707	0.00010285344852919569	0.00010285344852919569	0.00016162684768873607	0.01342972170795498	0.00016162684768873607	0.00019101354726850628	0.00011754679831908078	0.00035264039495724235	0.00017632019747862118	0.00024978694642804666	0.00023509359663816156	0.00014693349789885097	7.346674894942549e-05	0.00016162684768873607	0.00022040024684827648	0.0002644802962179318	0.00011754679831908078	0.0001322401481089659
_scratch_st-cdeboer-1_asfar_VLPs_results_crispresso_aggregated_spacer_SPACE-DeltaUGI_rep3_.staging_CRISPRessoPooled_on_SPACE-DeltaUGI_D5_rep3_CRISPResso_on_PDCD1	All_modifications	0.00016162684768873607	0.00032325369537747215	0.00011754679831908078	0.0001322401481089659	0.00017632019747862118	0.013444415057744864	0.00017632019747862118	0.00022040024684827648	0.0001322401481089659	0.00039672044432689763	0.00022040024684827648	0.00029386699579770194	0.00027917364600781687	0.00019101354726850628	0.00011754679831908078	0.00020570689705839138	0.0002644802962179318	0.00030856034558758707	0.00016162684768873607	0.00017632019747862118
