Folder	Modification	G	G	A	G	G	C	T	A	T	C	C	A	G	C	G	T	G	A	G	T
_scratch_st-cdeboer-1_asfar_VLPs_results_crispresso_aggregated_spacer_SPACE-DeltaUGI_rep3_.staging_CRISPRessoPooled_on_SPACE-DeltaUGI_D1_rep3_CRISPResso_on_B2M	Insertions	0.0	0.0	0.0	0.0	0.0	0.0	0.0	0.0	0.0	0.0	0.0	0.0	0.0	0.0	0.0	0.0	0.0	0.0	0.0	0.0
_scratch_st-cdeboer-1_asfar_VLPs_results_crispresso_aggregated_spacer_SPACE-DeltaUGI_rep3_.staging_CRISPRessoPooled_on_SPACE-DeltaUGI_D1_rep3_CRISPResso_on_B2M	Insertions_Left	0.0	0.0	0.0	0.0	0.0	0.0	0.0	0.0	0.0	0.0	0.0	0.0	0.0	0.0	0.0	0.0	0.0	0.0	0.0	0.0
_scratch_st-cdeboer-1_asfar_VLPs_results_crispresso_aggregated_spacer_SPACE-DeltaUGI_rep3_.staging_CRISPRessoPooled_on_SPACE-DeltaUGI_D1_rep3_CRISPResso_on_B2M	Deletions	0.0	8.988764044943821e-05	0.0	0.0	0.0	0.0	0.0	0.0	0.0	0.0	0.0	0.0	0.0	0.0	0.0	0.0	0.0	0.0	0.0	0.0
_scratch_st-cdeboer-1_asfar_VLPs_results_crispresso_aggregated_spacer_SPACE-DeltaUGI_rep3_.staging_CRISPRessoPooled_on_SPACE-DeltaUGI_D1_rep3_CRISPResso_on_B2M	Substitutions	0.0005393258426966292	0.00035955056179775283	0.0004943820224719101	0.0004943820224719101	0.0003146067415730337	8.988764044943821e-05	0.00022471910112359551	0.00022471910112359551	0.00017977528089887642	8.988764044943821e-05	8.988764044943821e-05	0.0002696629213483146	0.0001348314606741573	0.0002696629213483146	4.4943820224719104e-05	0.00044943820224719103	0.0001348314606741573	0.00035955056179775283	0.00017977528089887642	0.0004943820224719101
_scratch_st-cdeboer-1_asfar_VLPs_results_crispresso_aggregated_spacer_SPACE-DeltaUGI_rep3_.staging_CRISPRessoPooled_on_SPACE-DeltaUGI_D1_rep3_CRISPResso_on_B2M	All_modifications	0.0005393258426966292	0.00044943820224719103	0.0004943820224719101	0.0004943820224719101	0.0003146067415730337	8.988764044943821e-05	0.00022471910112359551	0.00022471910112359551	0.00017977528089887642	8.988764044943821e-05	8.988764044943821e-05	0.0002696629213483146	0.0001348314606741573	0.0002696629213483146	4.4943820224719104e-05	0.00044943820224719103	0.0001348314606741573	0.00035955056179775283	0.00017977528089887642	0.0004943820224719101
_scratch_st-cdeboer-1_asfar_VLPs_results_crispresso_aggregated_spacer_SPACE-DeltaUGI_rep3_.staging_CRISPRessoPooled_on_SPACE-DeltaUGI_D2_rep3_CRISPResso_on_B2M	Insertions	0.0	0.0	0.0	0.0	0.0	0.0	0.0	0.0	0.0	0.0	0.0	0.0	0.0	0.0	0.0	0.0	0.0	0.0	0.0	0.0
_scratch_st-cdeboer-1_asfar_VLPs_results_crispresso_aggregated_spacer_SPACE-DeltaUGI_rep3_.staging_CRISPRessoPooled_on_SPACE-DeltaUGI_D2_rep3_CRISPResso_on_B2M	Insertions_Left	0.0	0.0	0.0	0.0	0.0	0.0	0.0	0.0	0.0	0.0	0.0	0.0	0.0	0.0	0.0	0.0	0.0	0.0	0.0	0.0
_scratch_st-cdeboer-1_asfar_VLPs_results_crispresso_aggregated_spacer_SPACE-DeltaUGI_rep3_.staging_CRISPRessoPooled_on_SPACE-DeltaUGI_D2_rep3_CRISPResso_on_B2M	Deletions	0.0	0.0	0.0	0.0	0.0	0.0	0.0	0.0	0.0	0.0	0.0	0.0	0.0	0.0	0.0	0.0	0.0	0.0	0.0	0.0
_scratch_st-cdeboer-1_asfar_VLPs_results_crispresso_aggregated_spacer_SPACE-DeltaUGI_rep3_.staging_CRISPRessoPooled_on_SPACE-DeltaUGI_D2_rep3_CRISPResso_on_B2M	Substitutions	0.0004569339730408956	0.0004569339730408956	0.0002284669865204478	0.0006854009595613434	0.001142334932602239	0.0	0.0002284669865204478	0.0002284669865204478	0.0002284669865204478	0.0	0.0	0.0002284669865204478	0.0	0.0002284669865204478	0.0002284669865204478	0.0009138679460817912	0.0002284669865204478	0.0002284669865204478	0.0002284669865204478	0.0004569339730408956
_scratch_st-cdeboer-1_asfar_VLPs_results_crispresso_aggregated_spacer_SPACE-DeltaUGI_rep3_.staging_CRISPRessoPooled_on_SPACE-DeltaUGI_D2_rep3_CRISPResso_on_B2M	All_modifications	0.0004569339730408956	0.0004569339730408956	0.0002284669865204478	0.0006854009595613434	0.001142334932602239	0.0	0.0002284669865204478	0.0002284669865204478	0.0002284669865204478	0.0	0.0	0.0002284669865204478	0.0	0.0002284669865204478	0.0002284669865204478	0.0009138679460817912	0.0002284669865204478	0.0002284669865204478	0.0002284669865204478	0.0004569339730408956
_scratch_st-cdeboer-1_asfar_VLPs_results_crispresso_aggregated_spacer_SPACE-DeltaUGI_rep3_.staging_CRISPRessoPooled_on_SPACE-DeltaUGI_D3_rep3_CRISPResso_on_B2M	Insertions	0.0	0.0	0.0	0.0	0.0	0.0	0.0	0.0	0.0	0.0	0.0	0.0	0.0	0.0	0.0	0.0	0.0	0.0	0.0	0.0
_scratch_st-cdeboer-1_asfar_VLPs_results_crispresso_aggregated_spacer_SPACE-DeltaUGI_rep3_.staging_CRISPRessoPooled_on_SPACE-DeltaUGI_D3_rep3_CRISPResso_on_B2M	Insertions_Left	0.0	0.0	0.0	0.0	0.0	0.0	0.0	0.0	0.0	0.0	0.0	0.0	0.0	0.0	0.0	0.0	0.0	0.0	0.0	0.0
_scratch_st-cdeboer-1_asfar_VLPs_results_crispresso_aggregated_spacer_SPACE-DeltaUGI_rep3_.staging_CRISPRessoPooled_on_SPACE-DeltaUGI_D3_rep3_CRISPResso_on_B2M	Deletions	2.4454063042574524e-05	0.00012227031521287263	2.4454063042574524e-05	2.4454063042574524e-05	2.4454063042574524e-05	2.4454063042574524e-05	2.4454063042574524e-05	2.4454063042574524e-05	2.4454063042574524e-05	2.4454063042574524e-05	4.890812608514905e-05	2.4454063042574524e-05	2.4454063042574524e-05	2.4454063042574524e-05	2.4454063042574524e-05	2.4454063042574524e-05	2.4454063042574524e-05	2.4454063042574524e-05	2.4454063042574524e-05	2.4454063042574524e-05
_scratch_st-cdeboer-1_asfar_VLPs_results_crispresso_aggregated_spacer_SPACE-DeltaUGI_rep3_.staging_CRISPRessoPooled_on_SPACE-DeltaUGI_D3_rep3_CRISPResso_on_B2M	Substitutions	0.0004890812608514905	0.0006358056391069376	0.00029344875651089427	0.0001956325043405962	0.00017117844129802166	0.00014672437825544713	0.00012227031521287263	0.00017117844129802166	0.00029344875651089427	0.00024454063042574526	0.00012227031521287263	0.0003179028195534688	0.00024454063042574526	0.00024454063042574526	7.336218912772357e-05	0.0016873303499376421	0.00014672437825544713	0.00024454063042574526	0.0001956325043405962	0.0004890812608514905
_scratch_st-cdeboer-1_asfar_VLPs_results_crispresso_aggregated_spacer_SPACE-DeltaUGI_rep3_.staging_CRISPRessoPooled_on_SPACE-DeltaUGI_D3_rep3_CRISPResso_on_B2M	All_modifications	0.000513535323894065	0.0007580759543198102	0.0003179028195534688	0.00022008656738317073	0.0001956325043405962	0.00017117844129802166	0.00014672437825544713	0.0001956325043405962	0.0003179028195534688	0.00026899469346831976	0.00017117844129802166	0.00034235688259604333	0.00026899469346831976	0.00026899469346831976	9.78162521702981e-05	0.0017117844129802167	0.00017117844129802166	0.00026899469346831976	0.00022008656738317073	0.000513535323894065
_scratch_st-cdeboer-1_asfar_VLPs_results_crispresso_aggregated_spacer_SPACE-DeltaUGI_rep3_.staging_CRISPRessoPooled_on_SPACE-DeltaUGI_D4_rep3_CRISPResso_on_B2M	Insertions	0.0	0.0	0.0	0.0	0.0	0.0	0.0	0.0	0.0	0.0	0.0	0.0	0.0	0.0	0.0	0.0	0.0	0.0	0.0	0.0
_scratch_st-cdeboer-1_asfar_VLPs_results_crispresso_aggregated_spacer_SPACE-DeltaUGI_rep3_.staging_CRISPRessoPooled_on_SPACE-DeltaUGI_D4_rep3_CRISPResso_on_B2M	Insertions_Left	0.0	0.0	0.0	0.0	0.0	0.0	0.0	0.0	0.0	0.0	0.0	0.0	0.0	0.0	0.0	0.0	0.0	0.0	0.0	0.0
_scratch_st-cdeboer-1_asfar_VLPs_results_crispresso_aggregated_spacer_SPACE-DeltaUGI_rep3_.staging_CRISPRessoPooled_on_SPACE-DeltaUGI_D4_rep3_CRISPResso_on_B2M	Deletions	0.0	0.0	0.0	0.0	0.0	0.0	0.0	0.0	0.0	0.0	0.0	0.0	0.0	0.0	0.0	0.0	0.0	0.0	0.0	0.0
_scratch_st-cdeboer-1_asfar_VLPs_results_crispresso_aggregated_spacer_SPACE-DeltaUGI_rep3_.staging_CRISPRessoPooled_on_SPACE-DeltaUGI_D4_rep3_CRISPResso_on_B2M	Substitutions	0.001282557221783741	0.0003946329913180742	0.0003946329913180742	0.0004932912391475928	0.0001973164956590371	9.865824782951855e-05	0.0005919494869771113	0.00029597474348855567	0.0003946329913180742	9.865824782951855e-05	9.865824782951855e-05	9.865824782951855e-05	9.865824782951855e-05	0.0001973164956590371	9.865824782951855e-05	0.004439621152328334	0.00029597474348855567	0.0001973164956590371	0.00029597474348855567	0.0003946329913180742
_scratch_st-cdeboer-1_asfar_VLPs_results_crispresso_aggregated_spacer_SPACE-DeltaUGI_rep3_.staging_CRISPRessoPooled_on_SPACE-DeltaUGI_D4_rep3_CRISPResso_on_B2M	All_modifications	0.001282557221783741	0.0003946329913180742	0.0003946329913180742	0.0004932912391475928	0.0001973164956590371	9.865824782951855e-05	0.0005919494869771113	0.00029597474348855567	0.0003946329913180742	9.865824782951855e-05	9.865824782951855e-05	9.865824782951855e-05	9.865824782951855e-05	0.0001973164956590371	9.865824782951855e-05	0.004439621152328334	0.00029597474348855567	0.0001973164956590371	0.00029597474348855567	0.0003946329913180742
_scratch_st-cdeboer-1_asfar_VLPs_results_crispresso_aggregated_spacer_SPACE-DeltaUGI_rep3_.staging_CRISPRessoPooled_on_SPACE-DeltaUGI_D5_rep3_CRISPResso_on_B2M	Insertions	0.0	0.0	0.0	0.0	0.0	0.0	0.0	0.0	0.0	0.0	0.0	0.0	0.0	0.0	0.0	0.0	0.0	0.0	0.0	0.0
_scratch_st-cdeboer-1_asfar_VLPs_results_crispresso_aggregated_spacer_SPACE-DeltaUGI_rep3_.staging_CRISPRessoPooled_on_SPACE-DeltaUGI_D5_rep3_CRISPResso_on_B2M	Insertions_Left	0.0	0.0	0.0	0.0	0.0	0.0	0.0	0.0	0.0	0.0	0.0	0.0	0.0	0.0	0.0	0.0	0.0	0.0	0.0	0.0
_scratch_st-cdeboer-1_asfar_VLPs_results_crispresso_aggregated_spacer_SPACE-DeltaUGI_rep3_.staging_CRISPRessoPooled_on_SPACE-DeltaUGI_D5_rep3_CRISPResso_on_B2M	Deletions	0.0	0.0	0.0	0.0	0.0	0.0	0.0	0.0	0.0	0.0	0.0	0.0	0.0	0.0	0.0	0.0	0.0	0.0	0.0	0.0
_scratch_st-cdeboer-1_asfar_VLPs_results_crispresso_aggregated_spacer_SPACE-DeltaUGI_rep3_.staging_CRISPRessoPooled_on_SPACE-DeltaUGI_D5_rep3_CRISPResso_on_B2M	Substitutions	0.0005542213190467394	0.0005542213190467394	0.00018474043968224645	0.0005542213190467394	0.0	0.0	0.0003694808793644929	0.00018474043968224645	0.0005542213190467394	0.00018474043968224645	0.00018474043968224645	0.00018474043968224645	0.0	0.0	0.00018474043968224645	0.00886754110474783	0.00018474043968224645	0.0005542213190467394	0.0	0.0007389617587289858
_scratch_st-cdeboer-1_asfar_VLPs_results_crispresso_aggregated_spacer_SPACE-DeltaUGI_rep3_.staging_CRISPRessoPooled_on_SPACE-DeltaUGI_D5_rep3_CRISPResso_on_B2M	All_modifications	0.0005542213190467394	0.0005542213190467394	0.00018474043968224645	0.0005542213190467394	0.0	0.0	0.0003694808793644929	0.00018474043968224645	0.0005542213190467394	0.00018474043968224645	0.00018474043968224645	0.00018474043968224645	0.0	0.0	0.00018474043968224645	0.00886754110474783	0.00018474043968224645	0.0005542213190467394	0.0	0.0007389617587289858
