Folder	Modification	C	A	C	C	T	A	C	C	T	A	A	G	A	A	C	C	A	T	C	C
_scratch_st-cdeboer-1_asfar_VLPs_results_crispresso_aggregated_spacer_SPACE-NG_rep1_.staging_CRISPRessoPooled_on_SPACE-NG_D0_rep1_CRISPResso_on_PDCD1	Insertions	0.0	0.0	0.0	0.0	0.0	0.0	0.0	0.0	0.0	0.0	0.0	0.0	0.0	0.0	0.0	0.0	0.0	0.0	0.0	0.0
_scratch_st-cdeboer-1_asfar_VLPs_results_crispresso_aggregated_spacer_SPACE-NG_rep1_.staging_CRISPRessoPooled_on_SPACE-NG_D0_rep1_CRISPResso_on_PDCD1	Insertions_Left	0.0	0.0	0.0	0.0	0.0	0.0	0.0	0.0	0.0	0.0	0.0	0.0	0.0	0.0	0.0	0.0	0.0	0.0	0.0	0.0
_scratch_st-cdeboer-1_asfar_VLPs_results_crispresso_aggregated_spacer_SPACE-NG_rep1_.staging_CRISPRessoPooled_on_SPACE-NG_D0_rep1_CRISPResso_on_PDCD1	Deletions	4.027602502483688e-05	6.712670837472814e-06	6.712670837472814e-06	6.712670837472814e-06	1.3425341674945628e-05	6.712670837472814e-06	6.712670837472814e-06	1.3425341674945628e-05	1.3425341674945628e-05	6.712670837472814e-06	4.027602502483688e-05	6.712670837472814e-06	6.712670837472814e-06	2.013801251241844e-05	6.712670837472814e-06	6.712670837472814e-06	6.712670837472814e-06	6.712670837472814e-06	6.712670837472814e-06	6.712670837472814e-06
_scratch_st-cdeboer-1_asfar_VLPs_results_crispresso_aggregated_spacer_SPACE-NG_rep1_.staging_CRISPRessoPooled_on_SPACE-NG_D0_rep1_CRISPResso_on_PDCD1	Substitutions	0.00014096608758692907	0.00020138012512418442	0.00022151813763660286	0.00012754074591198345	0.00015439142926187472	0.00016781677093682034	0.00016110410009934753	0.00012754074591198345	0.00020809279596165723	0.00016110410009934753	0.00017452944177429315	0.00017452944177429315	0.00028193217517385815	0.00022151813763660286	8.726472088714658e-05	0.00014096608758692907	0.00020138012512418442	0.000396047579410896	8.726472088714658e-05	0.00018795478344923878
_scratch_st-cdeboer-1_asfar_VLPs_results_crispresso_aggregated_spacer_SPACE-NG_rep1_.staging_CRISPRessoPooled_on_SPACE-NG_D0_rep1_CRISPResso_on_PDCD1	All_modifications	0.00018124211261176597	0.00020809279596165723	0.00022823080847407567	0.00013425341674945626	0.00016781677093682034	0.00017452944177429315	0.00016781677093682034	0.00014096608758692907	0.00022151813763660286	0.00016781677093682034	0.00021480546679913004	0.00018124211261176597	0.000288644846011331	0.0002416561501490213	9.397739172461939e-05	0.0001476787584244019	0.00020809279596165723	0.00040276025024836885	9.397739172461939e-05	0.00019466745428671159
_scratch_st-cdeboer-1_asfar_VLPs_results_crispresso_aggregated_spacer_SPACE-NG_rep1_.staging_CRISPRessoPooled_on_SPACE-NG_D1_rep1_CRISPResso_on_PDCD1	Insertions	8.760914639488362e-05	8.760914639488362e-05	0.0	0.0	0.0	0.0	0.0	0.0	0.0	0.0	0.0	0.0	0.0	0.0	0.0	0.0	0.0	0.0	0.0	0.0
_scratch_st-cdeboer-1_asfar_VLPs_results_crispresso_aggregated_spacer_SPACE-NG_rep1_.staging_CRISPRessoPooled_on_SPACE-NG_D1_rep1_CRISPResso_on_PDCD1	Insertions_Left	8.760914639488362e-05	0.0	0.0	0.0	0.0	0.0	0.0	0.0	0.0	0.0	0.0	0.0	0.0	0.0	0.0	0.0	0.0	0.0	0.0	0.0
_scratch_st-cdeboer-1_asfar_VLPs_results_crispresso_aggregated_spacer_SPACE-NG_rep1_.staging_CRISPRessoPooled_on_SPACE-NG_D1_rep1_CRISPResso_on_PDCD1	Deletions	2.1902286598720906e-05	7.3007621995736355e-06	7.3007621995736355e-06	7.3007621995736355e-06	7.3007621995736355e-06	7.3007621995736355e-06	7.3007621995736355e-06	7.3007621995736355e-06	2.1902286598720906e-05	7.3007621995736355e-06	5.110533539701545e-05	7.3007621995736355e-06	7.3007621995736355e-06	2.1902286598720906e-05	7.3007621995736355e-06	7.3007621995736355e-06	7.3007621995736355e-06	7.3007621995736355e-06	7.3007621995736355e-06	1.4601524399147271e-05
_scratch_st-cdeboer-1_asfar_VLPs_results_crispresso_aggregated_spacer_SPACE-NG_rep1_.staging_CRISPRessoPooled_on_SPACE-NG_D1_rep1_CRISPResso_on_PDCD1	Substitutions	0.0002044213415880618	0.00023362439038635634	0.0001825190549893409	0.00014601524399147271	0.0002555266769850772	0.00019712057938848815	0.00010951143299360453	0.00014601524399147271	0.0002555266769850772	0.00019712057938848815	0.00014601524399147271	0.00033583506118038724	0.0002482259147855036	0.0002263236281867827	9.490990859445726e-05	0.00015331600619104634	0.00017521829278976725	0.00033583506118038724	0.00015331600619104634	0.00013141371959232543
_scratch_st-cdeboer-1_asfar_VLPs_results_crispresso_aggregated_spacer_SPACE-NG_rep1_.staging_CRISPRessoPooled_on_SPACE-NG_D1_rep1_CRISPResso_on_PDCD1	All_modifications	0.00031393277458166633	0.0003285342989808136	0.00018981981718891453	0.00015331600619104634	0.00026282743918465087	0.0002044213415880618	0.00011681219519317817	0.00015331600619104634	0.0002774289635837982	0.0002044213415880618	0.00019712057938848815	0.0003431358233799609	0.0002555266769850772	0.0002482259147855036	0.0001022106707940309	0.00016061676839062	0.0001825190549893409	0.0003431358233799609	0.00016061676839062	0.00014601524399147271
_scratch_st-cdeboer-1_asfar_VLPs_results_crispresso_aggregated_spacer_SPACE-NG_rep1_.staging_CRISPRessoPooled_on_SPACE-NG_D2_rep1_CRISPResso_on_PDCD1	Insertions	0.0	0.0	0.0	0.0	0.0	0.0	0.0	0.0	0.0	0.0	0.0	0.0	0.0	0.0	0.0	0.0	0.0	0.0	0.0	0.0
_scratch_st-cdeboer-1_asfar_VLPs_results_crispresso_aggregated_spacer_SPACE-NG_rep1_.staging_CRISPRessoPooled_on_SPACE-NG_D2_rep1_CRISPResso_on_PDCD1	Insertions_Left	0.0	0.0	0.0	0.0	0.0	0.0	0.0	0.0	0.0	0.0	0.0	0.0	0.0	0.0	0.0	0.0	0.0	0.0	0.0	0.0
_scratch_st-cdeboer-1_asfar_VLPs_results_crispresso_aggregated_spacer_SPACE-NG_rep1_.staging_CRISPRessoPooled_on_SPACE-NG_D2_rep1_CRISPResso_on_PDCD1	Deletions	4.11342072067131e-05	6.8557012011188505e-06	6.8557012011188505e-06	1.3711402402237701e-05	6.8557012011188505e-06	6.8557012011188505e-06	6.8557012011188505e-06	6.8557012011188505e-06	6.8557012011188505e-06	6.8557012011188505e-06	6.170131081006965e-05	6.8557012011188505e-06	6.8557012011188505e-06	2.056710360335655e-05	6.8557012011188505e-06	2.056710360335655e-05	6.8557012011188505e-06	1.3711402402237701e-05	6.8557012011188505e-06	6.8557012011188505e-06
_scratch_st-cdeboer-1_asfar_VLPs_results_crispresso_aggregated_spacer_SPACE-NG_rep1_.staging_CRISPRessoPooled_on_SPACE-NG_D2_rep1_CRISPResso_on_PDCD1	Substitutions	0.00018510393243020896	0.0001919596336313278	0.00020567103603356553	0.00010969121921790161	0.0003976306696648933	0.00017824823122909012	0.00015768112762573356	0.00015082542642461471	0.00029479515164811056	0.0001919596336313278	0.00015082542642461471	0.0002673723468436352	0.0002673723468436352	0.00022623813963692206	8.912411561454506e-05	8.912411561454506e-05	0.0001645368288268524	0.00028793945044699174	0.00010969121921790161	0.0001919596336313278
_scratch_st-cdeboer-1_asfar_VLPs_results_crispresso_aggregated_spacer_SPACE-NG_rep1_.staging_CRISPRessoPooled_on_SPACE-NG_D2_rep1_CRISPResso_on_PDCD1	All_modifications	0.00022623813963692206	0.00019881533483244665	0.00021252673723468437	0.0001234026216201393	0.0004044863708660122	0.00018510393243020896	0.0001645368288268524	0.00015768112762573356	0.00030165085284922943	0.00019881533483244665	0.00021252673723468437	0.000274228048044754	0.000274228048044754	0.0002468052432402786	9.59798168156639e-05	0.00010969121921790161	0.00017139253002797125	0.00030165085284922943	0.00011654692041902045	0.00019881533483244665
_scratch_st-cdeboer-1_asfar_VLPs_results_crispresso_aggregated_spacer_SPACE-NG_rep1_.staging_CRISPRessoPooled_on_SPACE-NG_D3_rep1_CRISPResso_on_PDCD1	Insertions	6.116675586818565e-05	6.116675586818565e-05	0.0	0.0	0.0	0.0	0.0	0.0	0.0	0.0	0.0	0.0	0.0	0.0	0.0	0.0	0.0	0.0	0.0	0.0
_scratch_st-cdeboer-1_asfar_VLPs_results_crispresso_aggregated_spacer_SPACE-NG_rep1_.staging_CRISPRessoPooled_on_SPACE-NG_D3_rep1_CRISPResso_on_PDCD1	Insertions_Left	6.116675586818565e-05	0.0	0.0	0.0	0.0	0.0	0.0	0.0	0.0	0.0	0.0	0.0	0.0	0.0	0.0	0.0	0.0	0.0	0.0	0.0
_scratch_st-cdeboer-1_asfar_VLPs_results_crispresso_aggregated_spacer_SPACE-NG_rep1_.staging_CRISPRessoPooled_on_SPACE-NG_D3_rep1_CRISPResso_on_PDCD1	Deletions	3.058337793409282e-05	0.0	0.0	0.0	7.645844483523206e-06	0.0	0.0	0.0	0.0	0.0	5.352091138466244e-05	0.0	0.0	0.0	0.0	0.0	7.645844483523206e-06	0.0	0.0	0.0
_scratch_st-cdeboer-1_asfar_VLPs_results_crispresso_aggregated_spacer_SPACE-NG_rep1_.staging_CRISPRessoPooled_on_SPACE-NG_D3_rep1_CRISPResso_on_PDCD1	Substitutions	0.0001299793562198945	0.00019114611208808014	0.0001299793562198945	8.410428931875525e-05	0.0001835002676045569	0.00019879195657160334	8.410428931875525e-05	0.00011468766725284808	0.00021408364553864975	0.00010704182276932487	0.0001605627341539873	0.00025231286795626576	0.00023702117898921935	0.0002446670234727426	6.881260035170885e-05	0.0001452710451869409	0.0001758544231210337	0.0002752504014068354	9.175013380227846e-05	0.00019879195657160334
_scratch_st-cdeboer-1_asfar_VLPs_results_crispresso_aggregated_spacer_SPACE-NG_rep1_.staging_CRISPRessoPooled_on_SPACE-NG_D3_rep1_CRISPResso_on_PDCD1	All_modifications	0.00022172949002217295	0.00025231286795626576	0.0001299793562198945	8.410428931875525e-05	0.00019114611208808014	0.00019879195657160334	8.410428931875525e-05	0.00011468766725284808	0.00021408364553864975	0.00010704182276932487	0.00021408364553864975	0.00025231286795626576	0.00023702117898921935	0.0002446670234727426	6.881260035170885e-05	0.0001452710451869409	0.0001835002676045569	0.0002752504014068354	9.175013380227846e-05	0.00019879195657160334
_scratch_st-cdeboer-1_asfar_VLPs_results_crispresso_aggregated_spacer_SPACE-NG_rep1_.staging_CRISPRessoPooled_on_SPACE-NG_D4_rep1_CRISPResso_on_PDCD1	Insertions	3.0650965198894116e-05	3.0650965198894116e-05	0.0	0.0	0.0	0.0	0.0	0.0	0.0	6.130193039778822e-06	6.130193039778822e-06	0.0	0.0	0.0	0.0	0.0	0.0	0.0	0.0	0.0
_scratch_st-cdeboer-1_asfar_VLPs_results_crispresso_aggregated_spacer_SPACE-NG_rep1_.staging_CRISPRessoPooled_on_SPACE-NG_D4_rep1_CRISPResso_on_PDCD1	Insertions_Left	3.0650965198894116e-05	0.0	0.0	0.0	0.0	0.0	0.0	0.0	0.0	6.130193039778822e-06	0.0	0.0	0.0	0.0	0.0	0.0	0.0	0.0	0.0	0.0
_scratch_st-cdeboer-1_asfar_VLPs_results_crispresso_aggregated_spacer_SPACE-NG_rep1_.staging_CRISPRessoPooled_on_SPACE-NG_D4_rep1_CRISPResso_on_PDCD1	Deletions	3.678115823867294e-05	0.0	0.0	6.130193039778822e-06	0.0	0.0	0.0	0.0	0.0	0.0	3.678115823867294e-05	6.130193039778822e-06	0.0	0.0	0.0	1.2260386079557645e-05	0.0	0.0	0.0	0.0
_scratch_st-cdeboer-1_asfar_VLPs_results_crispresso_aggregated_spacer_SPACE-NG_rep1_.staging_CRISPRessoPooled_on_SPACE-NG_D4_rep1_CRISPResso_on_PDCD1	Substitutions	0.0001348642468751341	0.0002145567563922588	0.0001900359842331435	0.00017777559815358585	0.00020229637031270116	0.00017777559815358585	0.00014099443991491293	0.00014099443991491293	0.0001961661772729223	0.0001655152120740282	0.00023294733551159526	0.00028811907286960465	0.0002942492659093835	0.0002513379146309317	9.808308863646116e-05	0.0001655152120740282	0.0002513379146309317	0.0003187700380684988	0.0001900359842331435	0.00015325482599447057
_scratch_st-cdeboer-1_asfar_VLPs_results_crispresso_aggregated_spacer_SPACE-NG_rep1_.staging_CRISPRessoPooled_on_SPACE-NG_D4_rep1_CRISPResso_on_PDCD1	All_modifications	0.00020229637031270116	0.00024520772159115293	0.0001900359842331435	0.00018390579119336467	0.00020229637031270116	0.00017777559815358585	0.00014099443991491293	0.00014099443991491293	0.0001961661772729223	0.00017164540511380703	0.000275858686790047	0.0002942492659093835	0.0002942492659093835	0.0002513379146309317	9.808308863646116e-05	0.00017777559815358585	0.0002513379146309317	0.0003187700380684988	0.0001900359842331435	0.00015325482599447057
_scratch_st-cdeboer-1_asfar_VLPs_results_crispresso_aggregated_spacer_SPACE-NG_rep1_.staging_CRISPRessoPooled_on_SPACE-NG_D5_rep1_CRISPResso_on_PDCD1	Insertions	5.900122722552629e-06	5.900122722552629e-06	0.0	0.0	0.0	0.0	0.0	0.0	0.0	0.0	0.0	0.0	0.0	0.0	0.0	0.0	0.0	0.0	0.0	0.0
_scratch_st-cdeboer-1_asfar_VLPs_results_crispresso_aggregated_spacer_SPACE-NG_rep1_.staging_CRISPRessoPooled_on_SPACE-NG_D5_rep1_CRISPResso_on_PDCD1	Insertions_Left	5.900122722552629e-06	0.0	0.0	0.0	0.0	0.0	0.0	0.0	0.0	0.0	0.0	0.0	0.0	0.0	0.0	0.0	0.0	0.0	0.0	0.0
_scratch_st-cdeboer-1_asfar_VLPs_results_crispresso_aggregated_spacer_SPACE-NG_rep1_.staging_CRISPRessoPooled_on_SPACE-NG_D5_rep1_CRISPResso_on_PDCD1	Deletions	1.7700368167657886e-05	1.1800245445105259e-05	5.900122722552629e-06	5.900122722552629e-06	1.1800245445105259e-05	5.900122722552629e-06	5.900122722552629e-06	5.900122722552629e-06	1.1800245445105259e-05	5.900122722552629e-06	4.13008590578684e-05	5.900122722552629e-06	5.900122722552629e-06	5.900122722552629e-06	5.900122722552629e-06	1.1800245445105259e-05	5.900122722552629e-06	5.900122722552629e-06	5.900122722552629e-06	1.1800245445105259e-05
_scratch_st-cdeboer-1_asfar_VLPs_results_crispresso_aggregated_spacer_SPACE-NG_rep1_.staging_CRISPRessoPooled_on_SPACE-NG_D5_rep1_CRISPResso_on_PDCD1	Substitutions	0.00013570282261871048	0.00019470404984423675	0.00013570282261871048	0.00012390257717360522	0.0002891060134050788	0.0001416029453412631	0.0001652034362314736	0.00027140564523742096	0.00025960539979231567	0.00023010478617955255	0.00017700368167657889	0.00017700368167657889	0.00025370527706976303	0.00013570282261871048	8.850184083828944e-05	0.00013570282261871048	0.00024780515434721044	0.00034810724063060513	0.00013570282261871048	0.0001829038043991315
_scratch_st-cdeboer-1_asfar_VLPs_results_crispresso_aggregated_spacer_SPACE-NG_rep1_.staging_CRISPRessoPooled_on_SPACE-NG_D5_rep1_CRISPResso_on_PDCD1	All_modifications	0.000159303313508921	0.00021240441801189465	0.0001416029453412631	0.00012980269989615784	0.0003009062588501841	0.00014750306806381573	0.00017110355895402624	0.00027730576795997354	0.00027140564523742096	0.00023600490890210516	0.00021830454073444727	0.0001829038043991315	0.00025960539979231567	0.0001416029453412631	9.440196356084207e-05	0.00014750306806381573	0.00025370527706976303	0.00035400736335315777	0.0001416029453412631	0.00019470404984423675
