Folder	Modification	C	A	C	C	T	A	C	C	T	A	A	G	A	A	C	C	A	T	C	C
_scratch_st-cdeboer-1_asfar_VLPs_results_crispresso_aggregated_spacer_SPACE-DeltaUGI_rep2_.staging_CRISPRessoPooled_on_SPACE-DeltaUGI_D1_rep2_CRISPResso_on_PDCD1	Insertions	0.0	0.0	0.0	0.0	0.0	0.0	0.0	0.0	0.0	0.0	0.0	0.0	0.0	0.0	0.0	0.0	0.0	0.0	0.0	0.0
_scratch_st-cdeboer-1_asfar_VLPs_results_crispresso_aggregated_spacer_SPACE-DeltaUGI_rep2_.staging_CRISPRessoPooled_on_SPACE-DeltaUGI_D1_rep2_CRISPResso_on_PDCD1	Insertions_Left	0.0	0.0	0.0	0.0	0.0	0.0	0.0	0.0	0.0	0.0	0.0	0.0	0.0	0.0	0.0	0.0	0.0	0.0	0.0	0.0
_scratch_st-cdeboer-1_asfar_VLPs_results_crispresso_aggregated_spacer_SPACE-DeltaUGI_rep2_.staging_CRISPRessoPooled_on_SPACE-DeltaUGI_D1_rep2_CRISPResso_on_PDCD1	Deletions	2.4805278563278266e-05	0.0	0.0	2.4805278563278266e-05	0.0	0.0	0.0	0.0	0.0	0.0	2.4805278563278266e-05	0.0	0.0	0.0	0.0	0.0	0.0	0.0	0.0	0.0
_scratch_st-cdeboer-1_asfar_VLPs_results_crispresso_aggregated_spacer_SPACE-DeltaUGI_rep2_.staging_CRISPRessoPooled_on_SPACE-DeltaUGI_D1_rep2_CRISPResso_on_PDCD1	Substitutions	7.44158356898348e-05	0.00019844222850622613	9.922111425311306e-05	9.922111425311306e-05	0.00017363694994294786	0.0007689636354616262	7.44158356898348e-05	2.4805278563278266e-05	0.00019844222850622613	0.0002976633427593392	9.922111425311306e-05	0.00024805278563278264	0.0002976633427593392	0.00012402639281639132	4.961055712655653e-05	9.922111425311306e-05	0.00017363694994294786	0.0002232475070695044	0.00012402639281639132	0.00019844222850622613
_scratch_st-cdeboer-1_asfar_VLPs_results_crispresso_aggregated_spacer_SPACE-DeltaUGI_rep2_.staging_CRISPRessoPooled_on_SPACE-DeltaUGI_D1_rep2_CRISPResso_on_PDCD1	All_modifications	9.922111425311306e-05	0.00019844222850622613	9.922111425311306e-05	0.00012402639281639132	0.00017363694994294786	0.0007689636354616262	7.44158356898348e-05	2.4805278563278266e-05	0.00019844222850622613	0.0002976633427593392	0.00012402639281639132	0.00024805278563278264	0.0002976633427593392	0.00012402639281639132	4.961055712655653e-05	9.922111425311306e-05	0.00017363694994294786	0.0002232475070695044	0.00012402639281639132	0.00019844222850622613
_scratch_st-cdeboer-1_asfar_VLPs_results_crispresso_aggregated_spacer_SPACE-DeltaUGI_rep2_.staging_CRISPRessoPooled_on_SPACE-DeltaUGI_D2_rep2_CRISPResso_on_PDCD1	Insertions	0.0	0.0	0.0	0.0	0.0	0.0	0.0	0.0	0.0	0.0	0.0	0.0	0.0	0.0	0.0	0.0	0.0	0.0	0.0	0.0
_scratch_st-cdeboer-1_asfar_VLPs_results_crispresso_aggregated_spacer_SPACE-DeltaUGI_rep2_.staging_CRISPRessoPooled_on_SPACE-DeltaUGI_D2_rep2_CRISPResso_on_PDCD1	Insertions_Left	0.0	0.0	0.0	0.0	0.0	0.0	0.0	0.0	0.0	0.0	0.0	0.0	0.0	0.0	0.0	0.0	0.0	0.0	0.0	0.0
_scratch_st-cdeboer-1_asfar_VLPs_results_crispresso_aggregated_spacer_SPACE-DeltaUGI_rep2_.staging_CRISPRessoPooled_on_SPACE-DeltaUGI_D2_rep2_CRISPResso_on_PDCD1	Deletions	1.7786631567713707e-05	0.0	0.0	0.0	0.0	0.0	0.0	0.0	0.0	0.0	3.5573263135427415e-05	0.0	0.0	0.0	0.0	0.0	0.0	0.0	0.0	0.0
_scratch_st-cdeboer-1_asfar_VLPs_results_crispresso_aggregated_spacer_SPACE-DeltaUGI_rep2_.staging_CRISPRessoPooled_on_SPACE-DeltaUGI_D2_rep2_CRISPResso_on_PDCD1	Substitutions	0.00017786631567713707	0.00033794599978656043	0.00023122621038027818	8.893315783856853e-05	0.00012450642097399595	0.0016007968410942336	8.893315783856853e-05	0.00016007968410942336	0.00019565294724485077	0.00012450642097399595	0.00014229305254170966	0.0002667994735157056	0.0002667994735157056	0.00019565294724485077	7.114652627085483e-05	0.00012450642097399595	0.00014229305254170966	0.00033794599978656043	5.335989470314112e-05	0.00021343957881256447
_scratch_st-cdeboer-1_asfar_VLPs_results_crispresso_aggregated_spacer_SPACE-DeltaUGI_rep2_.staging_CRISPRessoPooled_on_SPACE-DeltaUGI_D2_rep2_CRISPResso_on_PDCD1	All_modifications	0.00019565294724485077	0.00033794599978656043	0.00023122621038027818	8.893315783856853e-05	0.00012450642097399595	0.0016007968410942336	8.893315783856853e-05	0.00016007968410942336	0.00019565294724485077	0.00012450642097399595	0.00017786631567713707	0.0002667994735157056	0.0002667994735157056	0.00019565294724485077	7.114652627085483e-05	0.00012450642097399595	0.00014229305254170966	0.00033794599978656043	5.335989470314112e-05	0.00021343957881256447
_scratch_st-cdeboer-1_asfar_VLPs_results_crispresso_aggregated_spacer_SPACE-DeltaUGI_rep2_.staging_CRISPRessoPooled_on_SPACE-DeltaUGI_D3_rep2_CRISPResso_on_PDCD1	Insertions	0.0	0.0	0.0	0.0	0.0	0.0	0.0	0.0	0.0	0.0	0.0	0.0	0.0	0.0	0.0	0.0	0.0	0.0	0.0	0.0
_scratch_st-cdeboer-1_asfar_VLPs_results_crispresso_aggregated_spacer_SPACE-DeltaUGI_rep2_.staging_CRISPRessoPooled_on_SPACE-DeltaUGI_D3_rep2_CRISPResso_on_PDCD1	Insertions_Left	0.0	0.0	0.0	0.0	0.0	0.0	0.0	0.0	0.0	0.0	0.0	0.0	0.0	0.0	0.0	0.0	0.0	0.0	0.0	0.0
_scratch_st-cdeboer-1_asfar_VLPs_results_crispresso_aggregated_spacer_SPACE-DeltaUGI_rep2_.staging_CRISPRessoPooled_on_SPACE-DeltaUGI_D3_rep2_CRISPResso_on_PDCD1	Deletions	2.5246149962130775e-05	1.2623074981065388e-05	0.0	0.0	0.0	0.0	0.0	0.0	0.0	0.0	5.049229992426155e-05	0.0	0.0	0.0	0.0	0.0	0.0	0.0	0.0	0.0
_scratch_st-cdeboer-1_asfar_VLPs_results_crispresso_aggregated_spacer_SPACE-DeltaUGI_rep2_.staging_CRISPRessoPooled_on_SPACE-DeltaUGI_D3_rep2_CRISPResso_on_PDCD1	Substitutions	0.00011360767482958849	0.00017672304973491543	3.786922494319616e-05	0.00011360767482958849	0.00015147689977278465	0.0025877303711184046	8.836152486745771e-05	0.00011360767482958849	0.00016409997475385003	0.00011360767482958849	0.00012623074981065388	0.00021459227467811158	0.00021459227467811158	7.573844988639233e-05	2.5246149962130775e-05	8.836152486745771e-05	0.00016409997475385003	0.0002777076495834385	7.573844988639233e-05	8.836152486745771e-05
_scratch_st-cdeboer-1_asfar_VLPs_results_crispresso_aggregated_spacer_SPACE-DeltaUGI_rep2_.staging_CRISPRessoPooled_on_SPACE-DeltaUGI_D3_rep2_CRISPResso_on_PDCD1	All_modifications	0.00013885382479171925	0.0001893461247159808	3.786922494319616e-05	0.00011360767482958849	0.00015147689977278465	0.0025877303711184046	8.836152486745771e-05	0.00011360767482958849	0.00016409997475385003	0.00011360767482958849	0.00017672304973491543	0.00021459227467811158	0.00021459227467811158	7.573844988639233e-05	2.5246149962130775e-05	8.836152486745771e-05	0.00016409997475385003	0.0002777076495834385	7.573844988639233e-05	8.836152486745771e-05
_scratch_st-cdeboer-1_asfar_VLPs_results_crispresso_aggregated_spacer_SPACE-DeltaUGI_rep2_.staging_CRISPRessoPooled_on_SPACE-DeltaUGI_D4_rep2_CRISPResso_on_PDCD1	Insertions	0.0	0.0	0.0	0.0	0.0	0.0	0.0	0.0	0.0	0.0	0.0	0.0	0.0	0.0	0.0	0.0	0.0	0.0	0.0	0.0
_scratch_st-cdeboer-1_asfar_VLPs_results_crispresso_aggregated_spacer_SPACE-DeltaUGI_rep2_.staging_CRISPRessoPooled_on_SPACE-DeltaUGI_D4_rep2_CRISPResso_on_PDCD1	Insertions_Left	0.0	0.0	0.0	0.0	0.0	0.0	0.0	0.0	0.0	0.0	0.0	0.0	0.0	0.0	0.0	0.0	0.0	0.0	0.0	0.0
_scratch_st-cdeboer-1_asfar_VLPs_results_crispresso_aggregated_spacer_SPACE-DeltaUGI_rep2_.staging_CRISPRessoPooled_on_SPACE-DeltaUGI_D4_rep2_CRISPResso_on_PDCD1	Deletions	0.0	0.0	0.0	0.0	0.0	0.0	0.0	1.4837895986349135e-05	2.967579197269827e-05	0.0	5.935158394539654e-05	0.0	0.0	0.0	0.0	1.4837895986349135e-05	0.0	0.0	0.0	0.0
_scratch_st-cdeboer-1_asfar_VLPs_results_crispresso_aggregated_spacer_SPACE-DeltaUGI_rep2_.staging_CRISPRessoPooled_on_SPACE-DeltaUGI_D4_rep2_CRISPResso_on_PDCD1	Substitutions	0.00022256843979523704	0.00011870316789079308	0.00011870316789079308	0.00011870316789079308	0.00014837895986349135	0.010401365086430744	4.451368795904741e-05	8.902737591809482e-05	0.0002819200237406336	0.0001632168558498405	0.00013354106387714222	0.00023740633578158617	0.0002819200237406336	0.00019289264782253876	2.967579197269827e-05	7.418947993174568e-05	0.00014837895986349135	0.0002819200237406336	8.902737591809482e-05	0.00010386527190444396
_scratch_st-cdeboer-1_asfar_VLPs_results_crispresso_aggregated_spacer_SPACE-DeltaUGI_rep2_.staging_CRISPRessoPooled_on_SPACE-DeltaUGI_D4_rep2_CRISPResso_on_PDCD1	All_modifications	0.00022256843979523704	0.00011870316789079308	0.00011870316789079308	0.00011870316789079308	0.00014837895986349135	0.010401365086430744	4.451368795904741e-05	0.00010386527190444396	0.00031159581571333186	0.0001632168558498405	0.00019289264782253876	0.00023740633578158617	0.0002819200237406336	0.00019289264782253876	2.967579197269827e-05	8.902737591809482e-05	0.00014837895986349135	0.0002819200237406336	8.902737591809482e-05	0.00010386527190444396
_scratch_st-cdeboer-1_asfar_VLPs_results_crispresso_aggregated_spacer_SPACE-DeltaUGI_rep2_.staging_CRISPRessoPooled_on_SPACE-DeltaUGI_D5_rep2_CRISPResso_on_PDCD1	Insertions	0.0	0.0	0.0	0.0	0.0	0.0	0.0	0.0	0.0	1.4246231871669943e-05	1.4246231871669943e-05	0.0	0.0	0.0	0.0	0.0	0.0	0.0	4.273869561500983e-05	4.273869561500983e-05
_scratch_st-cdeboer-1_asfar_VLPs_results_crispresso_aggregated_spacer_SPACE-DeltaUGI_rep2_.staging_CRISPRessoPooled_on_SPACE-DeltaUGI_D5_rep2_CRISPResso_on_PDCD1	Insertions_Left	0.0	0.0	0.0	0.0	0.0	0.0	0.0	0.0	0.0	1.4246231871669943e-05	0.0	0.0	0.0	0.0	0.0	0.0	0.0	0.0	4.273869561500983e-05	0.0
_scratch_st-cdeboer-1_asfar_VLPs_results_crispresso_aggregated_spacer_SPACE-DeltaUGI_rep2_.staging_CRISPRessoPooled_on_SPACE-DeltaUGI_D5_rep2_CRISPResso_on_PDCD1	Deletions	4.273869561500983e-05	1.4246231871669943e-05	1.4246231871669943e-05	1.4246231871669943e-05	1.4246231871669943e-05	2.8492463743339886e-05	1.4246231871669943e-05	1.4246231871669943e-05	1.4246231871669943e-05	1.4246231871669943e-05	4.273869561500983e-05	1.4246231871669943e-05	1.4246231871669943e-05	2.8492463743339886e-05	1.4246231871669943e-05	1.4246231871669943e-05	1.4246231871669943e-05	1.4246231871669943e-05	1.4246231871669943e-05	1.4246231871669943e-05
_scratch_st-cdeboer-1_asfar_VLPs_results_crispresso_aggregated_spacer_SPACE-DeltaUGI_rep2_.staging_CRISPRessoPooled_on_SPACE-DeltaUGI_D5_rep2_CRISPResso_on_PDCD1	Substitutions	0.0001282160868450295	0.00028492463743339886	0.00011396985497335954	0.00011396985497335954	0.00018520101433170926	0.016625352594238824	0.0001282160868450295	8.547739123001966e-05	0.00017095478246003932	0.000498618115508448	0.00018520101433170926	0.00014246231871669943	0.00021369347807504915	0.0002279397099467191	4.273869561500983e-05	0.00014246231871669943	0.0001567085505883694	0.00024218594181838902	9.97236231016896e-05	0.00011396985497335954
_scratch_st-cdeboer-1_asfar_VLPs_results_crispresso_aggregated_spacer_SPACE-DeltaUGI_rep2_.staging_CRISPRessoPooled_on_SPACE-DeltaUGI_D5_rep2_CRISPResso_on_PDCD1	All_modifications	0.00017095478246003932	0.0002991708693050688	0.0001282160868450295	0.0001282160868450295	0.0001994472462033792	0.016653845057982165	0.00014246231871669943	9.97236231016896e-05	0.00018520101433170926	0.0005271105792517879	0.00024218594181838902	0.0001567085505883694	0.0002279397099467191	0.000256432173690059	5.698492748667977e-05	0.0001567085505883694	0.00017095478246003932	0.000256432173690059	0.0001567085505883694	0.00017095478246003932
