Folder	Modification	G	G	A	G	G	C	T	A	T	C	C	A	G	C	G	T	G	A	G	T
_scratch_st-cdeboer-1_asfar_VLPs_results_crispresso_aggregated_spacer_SPACE-NG_rep3_.staging_CRISPRessoPooled_on_SPACE-NG_D0_rep3_CRISPResso_on_B2M	Insertions	0.0	0.0	0.0	0.0	0.0	0.0	0.0	0.0	0.0	0.0	0.0	0.0	0.0	0.0	0.0	0.0	0.0	0.0	0.0	0.0
_scratch_st-cdeboer-1_asfar_VLPs_results_crispresso_aggregated_spacer_SPACE-NG_rep3_.staging_CRISPRessoPooled_on_SPACE-NG_D0_rep3_CRISPResso_on_B2M	Insertions_Left	0.0	0.0	0.0	0.0	0.0	0.0	0.0	0.0	0.0	0.0	0.0	0.0	0.0	0.0	0.0	0.0	0.0	0.0	0.0	0.0
_scratch_st-cdeboer-1_asfar_VLPs_results_crispresso_aggregated_spacer_SPACE-NG_rep3_.staging_CRISPRessoPooled_on_SPACE-NG_D0_rep3_CRISPResso_on_B2M	Deletions	1.5196644580876542e-05	4.558993374262963e-05	1.5196644580876542e-05	1.5196644580876542e-05	1.5196644580876542e-05	1.5196644580876542e-05	1.5196644580876542e-05	1.5196644580876542e-05	4.558993374262963e-05	1.5196644580876542e-05	1.5196644580876542e-05	1.5196644580876542e-05	1.5196644580876542e-05	1.5196644580876542e-05	1.5196644580876542e-05	1.5196644580876542e-05	1.5196644580876542e-05	1.5196644580876542e-05	1.5196644580876542e-05	1.5196644580876542e-05
_scratch_st-cdeboer-1_asfar_VLPs_results_crispresso_aggregated_spacer_SPACE-NG_rep3_.staging_CRISPRessoPooled_on_SPACE-NG_D0_rep3_CRISPResso_on_B2M	Substitutions	0.0004407026928454197	0.00048629262658804933	0.0002127530241322716	0.0004558993374262963	0.00019755637955139505	7.598322290438272e-05	0.00030393289161753087	0.0001063765120661358	0.0002887362470366543	0.00016716309038964196	0.0001063765120661358	0.00027353960245577775	0.0001063765120661358	0.00016716309038964196	9.117986748525926e-05	0.0002127530241322716	0.00022794966871314814	0.0002127530241322716	0.00015196644580876543	0.0003951127591027901
_scratch_st-cdeboer-1_asfar_VLPs_results_crispresso_aggregated_spacer_SPACE-NG_rep3_.staging_CRISPRessoPooled_on_SPACE-NG_D0_rep3_CRISPResso_on_B2M	All_modifications	0.0004558993374262963	0.000531882560330679	0.00022794966871314814	0.00047109598200717283	0.0002127530241322716	9.117986748525926e-05	0.00031912953619840737	0.00012157315664701233	0.00033432618077928393	0.00018235973497051852	0.00012157315664701233	0.0002887362470366543	0.00012157315664701233	0.00018235973497051852	0.0001063765120661358	0.00022794966871314814	0.00024314631329402467	0.00022794966871314814	0.00016716309038964196	0.00041030940368366666
_scratch_st-cdeboer-1_asfar_VLPs_results_crispresso_aggregated_spacer_SPACE-NG_rep3_.staging_CRISPRessoPooled_on_SPACE-NG_D1_rep3_CRISPResso_on_B2M	Insertions	0.0	0.0	0.0	0.0	0.0	0.0	0.0	0.0	0.0	0.0	0.0	0.0	0.0	0.0	0.0	0.0	0.0	0.0	0.0	0.0
_scratch_st-cdeboer-1_asfar_VLPs_results_crispresso_aggregated_spacer_SPACE-NG_rep3_.staging_CRISPRessoPooled_on_SPACE-NG_D1_rep3_CRISPResso_on_B2M	Insertions_Left	0.0	0.0	0.0	0.0	0.0	0.0	0.0	0.0	0.0	0.0	0.0	0.0	0.0	0.0	0.0	0.0	0.0	0.0	0.0	0.0
_scratch_st-cdeboer-1_asfar_VLPs_results_crispresso_aggregated_spacer_SPACE-NG_rep3_.staging_CRISPRessoPooled_on_SPACE-NG_D1_rep3_CRISPResso_on_B2M	Deletions	7.110099896903552e-06	5.688079917522841e-05	7.110099896903552e-06	0.0	0.0	0.0	0.0	0.0	7.110099896903552e-06	0.0	1.4220199793807103e-05	0.0	0.0	0.0	0.0	0.0	0.0	0.0	0.0	0.0
_scratch_st-cdeboer-1_asfar_VLPs_results_crispresso_aggregated_spacer_SPACE-NG_rep3_.staging_CRISPRessoPooled_on_SPACE-NG_D1_rep3_CRISPResso_on_B2M	Substitutions	0.0004337160937111166	0.0004834867929894415	0.0001919726972163959	0.0005261473923708628	0.000206192897010203	8.532119876284262e-05	0.00030573429556685273	0.00014220199793807102	0.00027018379608233494	0.00012087169824736038	0.00014220199793807102	0.00032706459525756336	0.00011376159835045683	0.00017775249742258878	0.00017064239752568523	0.00019908279711329944	0.00027018379608233494	0.00027018379608233494	0.0002488534963916243	0.0004337160937111166
_scratch_st-cdeboer-1_asfar_VLPs_results_crispresso_aggregated_spacer_SPACE-NG_rep3_.staging_CRISPRessoPooled_on_SPACE-NG_D1_rep3_CRISPResso_on_B2M	All_modifications	0.0004408261936080202	0.0005403675921646699	0.00019908279711329944	0.0005261473923708628	0.000206192897010203	8.532119876284262e-05	0.00030573429556685273	0.00014220199793807102	0.0002772938959792385	0.00012087169824736038	0.00015642219773187813	0.00032706459525756336	0.00011376159835045683	0.00017775249742258878	0.00017064239752568523	0.00019908279711329944	0.00027018379608233494	0.00027018379608233494	0.0002488534963916243	0.0004337160937111166
_scratch_st-cdeboer-1_asfar_VLPs_results_crispresso_aggregated_spacer_SPACE-NG_rep3_.staging_CRISPRessoPooled_on_SPACE-NG_D2_rep3_CRISPResso_on_B2M	Insertions	0.0	0.0	0.0	0.0	0.0	0.0	0.0	0.0	0.0	0.0	0.0	0.0	0.0	0.0	0.0	0.0	0.0	0.0	0.0	0.0
_scratch_st-cdeboer-1_asfar_VLPs_results_crispresso_aggregated_spacer_SPACE-NG_rep3_.staging_CRISPRessoPooled_on_SPACE-NG_D2_rep3_CRISPResso_on_B2M	Insertions_Left	0.0	0.0	0.0	0.0	0.0	0.0	0.0	0.0	0.0	0.0	0.0	0.0	0.0	0.0	0.0	0.0	0.0	0.0	0.0	0.0
_scratch_st-cdeboer-1_asfar_VLPs_results_crispresso_aggregated_spacer_SPACE-NG_rep3_.staging_CRISPRessoPooled_on_SPACE-NG_D2_rep3_CRISPResso_on_B2M	Deletions	0.0	5.733944954128441e-05	0.0	0.0	0.0	0.0	0.0	0.0	0.0	0.0	0.0	0.0	0.0	0.0	0.0	0.0	0.0	0.0	0.0	0.0
_scratch_st-cdeboer-1_asfar_VLPs_results_crispresso_aggregated_spacer_SPACE-NG_rep3_.staging_CRISPRessoPooled_on_SPACE-NG_D2_rep3_CRISPResso_on_B2M	Substitutions	0.00017201834862385322	0.00045871559633027525	0.00017201834862385322	0.00028669724770642203	0.00045871559633027525	0.00017201834862385322	0.00017201834862385322	0.00022935779816513763	0.00017201834862385322	5.733944954128441e-05	0.00011467889908256881	0.00028669724770642203	0.00011467889908256881	0.00017201834862385322	0.0	0.00011467889908256881	0.0	0.00040137614678899085	0.00028669724770642203	0.00034403669724770644
_scratch_st-cdeboer-1_asfar_VLPs_results_crispresso_aggregated_spacer_SPACE-NG_rep3_.staging_CRISPRessoPooled_on_SPACE-NG_D2_rep3_CRISPResso_on_B2M	All_modifications	0.00017201834862385322	0.0005160550458715597	0.00017201834862385322	0.00028669724770642203	0.00045871559633027525	0.00017201834862385322	0.00017201834862385322	0.00022935779816513763	0.00017201834862385322	5.733944954128441e-05	0.00011467889908256881	0.00028669724770642203	0.00011467889908256881	0.00017201834862385322	0.0	0.00011467889908256881	0.0	0.00040137614678899085	0.00028669724770642203	0.00034403669724770644
_scratch_st-cdeboer-1_asfar_VLPs_results_crispresso_aggregated_spacer_SPACE-NG_rep3_.staging_CRISPRessoPooled_on_SPACE-NG_D3_rep3_CRISPResso_on_B2M	Insertions	0.0	0.0	0.0	0.0	0.0	0.0	0.0	0.0	0.0	0.0	0.0	0.0	0.0	0.0	0.0	0.0	0.0	0.0	0.0	0.0
_scratch_st-cdeboer-1_asfar_VLPs_results_crispresso_aggregated_spacer_SPACE-NG_rep3_.staging_CRISPRessoPooled_on_SPACE-NG_D3_rep3_CRISPResso_on_B2M	Insertions_Left	0.0	0.0	0.0	0.0	0.0	0.0	0.0	0.0	0.0	0.0	0.0	0.0	0.0	0.0	0.0	0.0	0.0	0.0	0.0	0.0
_scratch_st-cdeboer-1_asfar_VLPs_results_crispresso_aggregated_spacer_SPACE-NG_rep3_.staging_CRISPRessoPooled_on_SPACE-NG_D3_rep3_CRISPResso_on_B2M	Deletions	0.0	3.708969524633739e-05	1.2363231748779131e-05	0.0	0.0	0.0	0.0	0.0	0.0	0.0	1.2363231748779131e-05	0.0	0.0	0.0	0.0	0.0	0.0	0.0	0.0	0.0
_scratch_st-cdeboer-1_asfar_VLPs_results_crispresso_aggregated_spacer_SPACE-NG_rep3_.staging_CRISPRessoPooled_on_SPACE-NG_D3_rep3_CRISPResso_on_B2M	Substitutions	0.00043271311120726956	0.0006799777461828522	0.00021017493972924522	0.0006305248191877357	0.0004450763429560487	9.890585399023305e-05	0.00029671756197069914	0.00014835878098534957	0.00029671756197069914	0.0001607220127341287	0.0001607220127341287	0.00025962786672436173	0.0001236323174877913	0.00021017493972924522	0.00013599554923657045	0.0002472646349755826	0.00030908079371947826	0.00028435433022192	0.00022253817147802434	0.0003585337207145948
_scratch_st-cdeboer-1_asfar_VLPs_results_crispresso_aggregated_spacer_SPACE-NG_rep3_.staging_CRISPRessoPooled_on_SPACE-NG_D3_rep3_CRISPResso_on_B2M	All_modifications	0.00043271311120726956	0.0007170674414291896	0.00022253817147802434	0.0006305248191877357	0.0004450763429560487	9.890585399023305e-05	0.00029671756197069914	0.00014835878098534957	0.00029671756197069914	0.0001607220127341287	0.00017308524448290784	0.00025962786672436173	0.0001236323174877913	0.00021017493972924522	0.00013599554923657045	0.0002472646349755826	0.00030908079371947826	0.00028435433022192	0.00022253817147802434	0.0003585337207145948
_scratch_st-cdeboer-1_asfar_VLPs_results_crispresso_aggregated_spacer_SPACE-NG_rep3_.staging_CRISPRessoPooled_on_SPACE-NG_D4_rep3_CRISPResso_on_B2M	Insertions	0.0	0.0	0.0	0.0	0.0	0.0	0.0	0.0	0.0	0.0	0.0	0.0	0.0	0.0	0.0	0.0	0.0	0.0	0.0	0.0
_scratch_st-cdeboer-1_asfar_VLPs_results_crispresso_aggregated_spacer_SPACE-NG_rep3_.staging_CRISPRessoPooled_on_SPACE-NG_D4_rep3_CRISPResso_on_B2M	Insertions_Left	0.0	0.0	0.0	0.0	0.0	0.0	0.0	0.0	0.0	0.0	0.0	0.0	0.0	0.0	0.0	0.0	0.0	0.0	0.0	0.0
_scratch_st-cdeboer-1_asfar_VLPs_results_crispresso_aggregated_spacer_SPACE-NG_rep3_.staging_CRISPRessoPooled_on_SPACE-NG_D4_rep3_CRISPResso_on_B2M	Deletions	0.0	4.5901739675933716e-05	0.0	0.0	0.0	0.0	0.0	0.0	1.5300579891977904e-05	0.0	3.060115978395581e-05	0.0	0.0	0.0	0.0	0.0	0.0	0.0	0.0	0.0
_scratch_st-cdeboer-1_asfar_VLPs_results_crispresso_aggregated_spacer_SPACE-NG_rep3_.staging_CRISPRessoPooled_on_SPACE-NG_D4_rep3_CRISPResso_on_B2M	Substitutions	0.0002601098581636244	0.0005661214560031825	0.0002907110179475802	0.000321312177731536	0.00010710405924384534	0.00015300579891977905	0.00019890753859571277	0.0002295086983796686	0.00024480927827164647	0.00015300579891977905	0.00019890753859571277	0.0002754104380556023	9.180347935186743e-05	0.00019890753859571277	0.00015300579891977905	0.00018360695870373487	0.00024480927827164647	0.0002907110179475802	0.0005661214560031825	0.00041311565708340345
_scratch_st-cdeboer-1_asfar_VLPs_results_crispresso_aggregated_spacer_SPACE-NG_rep3_.staging_CRISPRessoPooled_on_SPACE-NG_D4_rep3_CRISPResso_on_B2M	All_modifications	0.0002601098581636244	0.0006120231956791162	0.0002907110179475802	0.000321312177731536	0.00010710405924384534	0.00015300579891977905	0.00019890753859571277	0.0002295086983796686	0.0002601098581636244	0.00015300579891977905	0.0002295086983796686	0.0002754104380556023	9.180347935186743e-05	0.00019890753859571277	0.00015300579891977905	0.00018360695870373487	0.00024480927827164647	0.0002907110179475802	0.0005661214560031825	0.00041311565708340345
_scratch_st-cdeboer-1_asfar_VLPs_results_crispresso_aggregated_spacer_SPACE-NG_rep3_.staging_CRISPRessoPooled_on_SPACE-NG_D5_rep3_CRISPResso_on_B2M	Insertions	0.0	0.0	0.0	0.0	0.0	0.0	0.0	0.0	0.0	0.0	0.0	0.0	0.0	0.0	0.0	0.0	0.0	0.0	0.0	0.0
_scratch_st-cdeboer-1_asfar_VLPs_results_crispresso_aggregated_spacer_SPACE-NG_rep3_.staging_CRISPRessoPooled_on_SPACE-NG_D5_rep3_CRISPResso_on_B2M	Insertions_Left	0.0	0.0	0.0	0.0	0.0	0.0	0.0	0.0	0.0	0.0	0.0	0.0	0.0	0.0	0.0	0.0	0.0	0.0	0.0	0.0
_scratch_st-cdeboer-1_asfar_VLPs_results_crispresso_aggregated_spacer_SPACE-NG_rep3_.staging_CRISPRessoPooled_on_SPACE-NG_D5_rep3_CRISPResso_on_B2M	Deletions	0.0	4.428828722430541e-05	0.0	1.4762762408101804e-05	1.4762762408101804e-05	1.4762762408101804e-05	1.4762762408101804e-05	1.4762762408101804e-05	1.4762762408101804e-05	1.4762762408101804e-05	5.9051049632407214e-05	1.4762762408101804e-05	1.4762762408101804e-05	1.4762762408101804e-05	1.4762762408101804e-05	1.4762762408101804e-05	1.4762762408101804e-05	1.4762762408101804e-05	1.4762762408101804e-05	1.4762762408101804e-05
_scratch_st-cdeboer-1_asfar_VLPs_results_crispresso_aggregated_spacer_SPACE-NG_rep3_.staging_CRISPRessoPooled_on_SPACE-NG_D5_rep3_CRISPResso_on_B2M	Substitutions	0.0003838318226106469	0.0004871711594673595	0.0002657297233458325	0.0002657297233458325	0.0003247807729782397	8.857657444861082e-05	0.0002952552481620361	0.00014762762408101804	0.0003395435353863415	0.00013286486167291624	8.857657444861082e-05	0.0002509669609377307	0.00013286486167291624	0.00023620419852962886	7.381381204050902e-05	0.00022144143612152706	0.0004133573474268505	0.0002657297233458325	0.00020667867371342526	0.0003985945850187487
_scratch_st-cdeboer-1_asfar_VLPs_results_crispresso_aggregated_spacer_SPACE-NG_rep3_.staging_CRISPRessoPooled_on_SPACE-NG_D5_rep3_CRISPResso_on_B2M	All_modifications	0.0003838318226106469	0.000531459446691665	0.0002657297233458325	0.0002804924857539343	0.0003395435353863415	0.00010333933685671263	0.0003100180105701379	0.00016239038648911984	0.00035430629779444327	0.00014762762408101804	0.00014762762408101804	0.0002657297233458325	0.00014762762408101804	0.0002509669609377307	8.857657444861082e-05	0.00023620419852962886	0.0004281201098349523	0.0002804924857539343	0.00022144143612152706	0.0004133573474268505
