Folder	Modification	G	G	A	G	G	C	T	A	T	C	C	A	G	C	G	T	G	A	G	T
_scratch_st-cdeboer-1_asfar_VLPs_results_crispresso_aggregated_spacer_SPACE-DeltaUGI_rep2_.staging_CRISPRessoPooled_on_SPACE-DeltaUGI_D1_rep2_CRISPResso_on_B2M	Insertions	0.0	0.0	0.0	0.0	0.0	0.0	0.0	0.0	0.0	0.0	0.0	0.0	0.0	0.0	0.0	0.0	0.0	0.0	0.0	0.0
_scratch_st-cdeboer-1_asfar_VLPs_results_crispresso_aggregated_spacer_SPACE-DeltaUGI_rep2_.staging_CRISPRessoPooled_on_SPACE-DeltaUGI_D1_rep2_CRISPResso_on_B2M	Insertions_Left	0.0	0.0	0.0	0.0	0.0	0.0	0.0	0.0	0.0	0.0	0.0	0.0	0.0	0.0	0.0	0.0	0.0	0.0	0.0	0.0
_scratch_st-cdeboer-1_asfar_VLPs_results_crispresso_aggregated_spacer_SPACE-DeltaUGI_rep2_.staging_CRISPRessoPooled_on_SPACE-DeltaUGI_D1_rep2_CRISPResso_on_B2M	Deletions	0.0	5.810744065777623e-05	2.9053720328888115e-05	0.0	0.0	0.0	0.0	0.0	0.0	0.0	0.0	0.0	0.0	0.0	0.0	0.0	0.0	0.0	0.0	0.0
_scratch_st-cdeboer-1_asfar_VLPs_results_crispresso_aggregated_spacer_SPACE-DeltaUGI_rep2_.staging_CRISPRessoPooled_on_SPACE-DeltaUGI_D1_rep2_CRISPResso_on_B2M	Substitutions	0.0002905372032888811	0.0005520206862488742	0.0004067520846044336	0.00026148348295999303	0.00011621488131555246	0.00011621488131555246	0.0003776983642755455	0.00023242976263110492	0.00031959092361776926	0.00011621488131555246	0.0001743223219733287	0.00011621488131555246	2.9053720328888115e-05	0.00014526860164444056	5.810744065777623e-05	0.00031959092361776926	0.00023242976263110492	0.0001743223219733287	0.0001743223219733287	0.0003776983642755455
_scratch_st-cdeboer-1_asfar_VLPs_results_crispresso_aggregated_spacer_SPACE-DeltaUGI_rep2_.staging_CRISPRessoPooled_on_SPACE-DeltaUGI_D1_rep2_CRISPResso_on_B2M	All_modifications	0.0002905372032888811	0.0006101281269066504	0.0004358058049333217	0.00026148348295999303	0.00011621488131555246	0.00011621488131555246	0.0003776983642755455	0.00023242976263110492	0.00031959092361776926	0.00011621488131555246	0.0001743223219733287	0.00011621488131555246	2.9053720328888115e-05	0.00014526860164444056	5.810744065777623e-05	0.00031959092361776926	0.00023242976263110492	0.0001743223219733287	0.0001743223219733287	0.0003776983642755455
_scratch_st-cdeboer-1_asfar_VLPs_results_crispresso_aggregated_spacer_SPACE-DeltaUGI_rep2_.staging_CRISPRessoPooled_on_SPACE-DeltaUGI_D2_rep2_CRISPResso_on_B2M	Insertions	0.0	0.0	0.0	0.0	0.0	0.0	0.0	0.0	0.0	0.0	0.0	0.0	0.0	0.0	0.0	0.0	0.0	0.0	0.0	0.0
_scratch_st-cdeboer-1_asfar_VLPs_results_crispresso_aggregated_spacer_SPACE-DeltaUGI_rep2_.staging_CRISPRessoPooled_on_SPACE-DeltaUGI_D2_rep2_CRISPResso_on_B2M	Insertions_Left	0.0	0.0	0.0	0.0	0.0	0.0	0.0	0.0	0.0	0.0	0.0	0.0	0.0	0.0	0.0	0.0	0.0	0.0	0.0	0.0
_scratch_st-cdeboer-1_asfar_VLPs_results_crispresso_aggregated_spacer_SPACE-DeltaUGI_rep2_.staging_CRISPRessoPooled_on_SPACE-DeltaUGI_D2_rep2_CRISPResso_on_B2M	Deletions	1.5956852670379295e-05	6.382741068151718e-05	1.5956852670379295e-05	1.5956852670379295e-05	1.5956852670379295e-05	1.5956852670379295e-05	1.5956852670379295e-05	1.5956852670379295e-05	1.5956852670379295e-05	1.5956852670379295e-05	3.191370534075859e-05	1.5956852670379295e-05	1.5956852670379295e-05	1.5956852670379295e-05	1.5956852670379295e-05	1.5956852670379295e-05	1.5956852670379295e-05	1.5956852670379295e-05	1.5956852670379295e-05	1.5956852670379295e-05
_scratch_st-cdeboer-1_asfar_VLPs_results_crispresso_aggregated_spacer_SPACE-DeltaUGI_rep2_.staging_CRISPRessoPooled_on_SPACE-DeltaUGI_D2_rep2_CRISPResso_on_B2M	Substitutions	0.0002872233480668273	0.0002553096427260687	0.00022339593738531012	0.00017552537937417224	0.00020743908471493083	3.191370534075859e-05	0.00017552537937417224	0.00015956852670379295	0.00019148223204455152	0.00014361167403341364	0.00011169796869265506	0.0002393527900556894	7.978426335189648e-05	0.000271266495396448	7.978426335189648e-05	0.0006063604014744132	0.00017552537937417224	0.0003031802007372066	0.0003191370534075859	0.0003670076114187238
_scratch_st-cdeboer-1_asfar_VLPs_results_crispresso_aggregated_spacer_SPACE-DeltaUGI_rep2_.staging_CRISPRessoPooled_on_SPACE-DeltaUGI_D2_rep2_CRISPResso_on_B2M	All_modifications	0.0003031802007372066	0.0003191370534075859	0.0002393527900556894	0.00019148223204455152	0.00022339593738531012	4.787055801113788e-05	0.00019148223204455152	0.00017552537937417224	0.00020743908471493083	0.00015956852670379295	0.00014361167403341364	0.0002553096427260687	9.574111602227576e-05	0.0002872233480668273	9.574111602227576e-05	0.0006223172541447925	0.00019148223204455152	0.0003191370534075859	0.00033509390607796516	0.00038296446408910305
_scratch_st-cdeboer-1_asfar_VLPs_results_crispresso_aggregated_spacer_SPACE-DeltaUGI_rep2_.staging_CRISPRessoPooled_on_SPACE-DeltaUGI_D3_rep2_CRISPResso_on_B2M	Insertions	0.0	0.0	0.0	0.0	0.0	0.0	0.0	0.0	0.0	0.0	0.0	0.0	0.0	0.0	0.0	0.0	0.0	0.0	0.0	0.0
_scratch_st-cdeboer-1_asfar_VLPs_results_crispresso_aggregated_spacer_SPACE-DeltaUGI_rep2_.staging_CRISPRessoPooled_on_SPACE-DeltaUGI_D3_rep2_CRISPResso_on_B2M	Insertions_Left	0.0	0.0	0.0	0.0	0.0	0.0	0.0	0.0	0.0	0.0	0.0	0.0	0.0	0.0	0.0	0.0	0.0	0.0	0.0	0.0
_scratch_st-cdeboer-1_asfar_VLPs_results_crispresso_aggregated_spacer_SPACE-DeltaUGI_rep2_.staging_CRISPRessoPooled_on_SPACE-DeltaUGI_D3_rep2_CRISPResso_on_B2M	Deletions	3.444771697755731e-05	3.444771697755731e-05	5.167157546633597e-05	3.444771697755731e-05	3.444771697755731e-05	3.444771697755731e-05	3.444771697755731e-05	3.444771697755731e-05	3.444771697755731e-05	3.444771697755731e-05	3.444771697755731e-05	3.444771697755731e-05	3.444771697755731e-05	3.444771697755731e-05	3.444771697755731e-05	3.444771697755731e-05	3.444771697755731e-05	3.444771697755731e-05	3.444771697755731e-05	3.444771697755731e-05
_scratch_st-cdeboer-1_asfar_VLPs_results_crispresso_aggregated_spacer_SPACE-DeltaUGI_rep2_.staging_CRISPRessoPooled_on_SPACE-DeltaUGI_D3_rep2_CRISPResso_on_B2M	Substitutions	0.0003100294527980158	0.0005683873301296957	0.0001205670094214506	0.00029280559430923717	8.611929244389329e-05	5.167157546633597e-05	0.0002583578773316798	8.611929244389329e-05	0.0004305964622194664	0.0001550147263990079	0.0001550147263990079	0.0003100294527980158	0.0002411340188429012	0.00032725331128679447	0.00010334315093267194	0.0017740574243442016	0.0002583578773316798	0.00036170102826435177	0.00029280559430923717	0.0005683873301296957
_scratch_st-cdeboer-1_asfar_VLPs_results_crispresso_aggregated_spacer_SPACE-DeltaUGI_rep2_.staging_CRISPRessoPooled_on_SPACE-DeltaUGI_D3_rep2_CRISPResso_on_B2M	All_modifications	0.00034447716977557315	0.000602835047107253	0.00017223858488778657	0.00032725331128679447	0.0001205670094214506	8.611929244389329e-05	0.00029280559430923717	0.0001205670094214506	0.0004650441791970237	0.00018946244337656522	0.00018946244337656522	0.00034447716977557315	0.0002755817358204585	0.00036170102826435177	0.00013779086791022925	0.001808505141321759	0.00029280559430923717	0.00039614874524190907	0.00032725331128679447	0.000602835047107253
_scratch_st-cdeboer-1_asfar_VLPs_results_crispresso_aggregated_spacer_SPACE-DeltaUGI_rep2_.staging_CRISPRessoPooled_on_SPACE-DeltaUGI_D4_rep2_CRISPResso_on_B2M	Insertions	0.0	0.0	0.0	0.0	0.0	0.0	0.0	0.0	0.0	0.0	0.0	0.0	0.0	0.0	0.0	0.0	0.0	0.0	0.0	0.0
_scratch_st-cdeboer-1_asfar_VLPs_results_crispresso_aggregated_spacer_SPACE-DeltaUGI_rep2_.staging_CRISPRessoPooled_on_SPACE-DeltaUGI_D4_rep2_CRISPResso_on_B2M	Insertions_Left	0.0	0.0	0.0	0.0	0.0	0.0	0.0	0.0	0.0	0.0	0.0	0.0	0.0	0.0	0.0	0.0	0.0	0.0	0.0	0.0
_scratch_st-cdeboer-1_asfar_VLPs_results_crispresso_aggregated_spacer_SPACE-DeltaUGI_rep2_.staging_CRISPRessoPooled_on_SPACE-DeltaUGI_D4_rep2_CRISPResso_on_B2M	Deletions	0.0	1.3991884706870015e-05	0.0	0.0	0.0	0.0	0.0	0.0	0.0	0.0	0.0	0.0	0.0	0.0	0.0	0.0	0.0	0.0	0.0	0.0
_scratch_st-cdeboer-1_asfar_VLPs_results_crispresso_aggregated_spacer_SPACE-DeltaUGI_rep2_.staging_CRISPRessoPooled_on_SPACE-DeltaUGI_D4_rep2_CRISPResso_on_B2M	Substitutions	0.00033580523296488035	0.0003637890023786204	0.00013991884706870015	0.0003637890023786204	0.00020987827060305023	0.00012592696236183015	0.00023786204001679026	0.00011193507765496012	0.0002938295788442703	0.00013991884706870015	8.395130824122009e-05	0.0002938295788442703	0.00011193507765496012	0.0001818945011893102	4.1975654120610044e-05	0.005163005456835036	0.00016790261648244018	0.00023786204001679026	0.00016790261648244018	0.0002938295788442703
_scratch_st-cdeboer-1_asfar_VLPs_results_crispresso_aggregated_spacer_SPACE-DeltaUGI_rep2_.staging_CRISPRessoPooled_on_SPACE-DeltaUGI_D4_rep2_CRISPResso_on_B2M	All_modifications	0.00033580523296488035	0.00037778088708549044	0.00013991884706870015	0.0003637890023786204	0.00020987827060305023	0.00012592696236183015	0.00023786204001679026	0.00011193507765496012	0.0002938295788442703	0.00013991884706870015	8.395130824122009e-05	0.0002938295788442703	0.00011193507765496012	0.0001818945011893102	4.1975654120610044e-05	0.005163005456835036	0.00016790261648244018	0.00023786204001679026	0.00016790261648244018	0.0002938295788442703
_scratch_st-cdeboer-1_asfar_VLPs_results_crispresso_aggregated_spacer_SPACE-DeltaUGI_rep2_.staging_CRISPRessoPooled_on_SPACE-DeltaUGI_D5_rep2_CRISPResso_on_B2M	Insertions	0.0	0.0	0.0	0.0	0.0	0.0	0.0	0.0	0.0	0.0	0.0	0.0	0.0	0.0	0.0	0.0	0.0	0.0	0.0	0.0
_scratch_st-cdeboer-1_asfar_VLPs_results_crispresso_aggregated_spacer_SPACE-DeltaUGI_rep2_.staging_CRISPRessoPooled_on_SPACE-DeltaUGI_D5_rep2_CRISPResso_on_B2M	Insertions_Left	0.0	0.0	0.0	0.0	0.0	0.0	0.0	0.0	0.0	0.0	0.0	0.0	0.0	0.0	0.0	0.0	0.0	0.0	0.0	0.0
_scratch_st-cdeboer-1_asfar_VLPs_results_crispresso_aggregated_spacer_SPACE-DeltaUGI_rep2_.staging_CRISPRessoPooled_on_SPACE-DeltaUGI_D5_rep2_CRISPResso_on_B2M	Deletions	0.0	0.0	0.0	0.0	0.0	0.0	0.0	0.0	0.0	0.0	0.0	0.0	0.0	0.0	0.0	0.0	0.0002231644722160232	0.0002231644722160232	0.0002231644722160232	0.0002231644722160232
_scratch_st-cdeboer-1_asfar_VLPs_results_crispresso_aggregated_spacer_SPACE-DeltaUGI_rep2_.staging_CRISPRessoPooled_on_SPACE-DeltaUGI_D5_rep2_CRISPResso_on_B2M	Substitutions	0.00039053782637804064	0.0004463289444320464	0.0001673733541620174	0.0002231644722160232	0.0001115822361080116	0.0002231644722160232	0.0003347467083240348	0.0001115822361080116	0.0004463289444320464	0.00027895559027002904	5.57911180540058e-05	0.0002231644722160232	0.0003347467083240348	0.0001673733541620174	0.0001115822361080116	0.011716134791341218	0.0001673733541620174	0.00039053782637804064	0.00027895559027002904	0.0005021200624860522
_scratch_st-cdeboer-1_asfar_VLPs_results_crispresso_aggregated_spacer_SPACE-DeltaUGI_rep2_.staging_CRISPRessoPooled_on_SPACE-DeltaUGI_D5_rep2_CRISPResso_on_B2M	All_modifications	0.00039053782637804064	0.0004463289444320464	0.0001673733541620174	0.0002231644722160232	0.0001115822361080116	0.0002231644722160232	0.0003347467083240348	0.0001115822361080116	0.0004463289444320464	0.00027895559027002904	5.57911180540058e-05	0.0002231644722160232	0.0003347467083240348	0.0001673733541620174	0.0001115822361080116	0.011716134791341218	0.00039053782637804064	0.0006137022985940638	0.0005021200624860522	0.0007252845347020755
