Folder	Modification	G	G	C	C	C	A	G	A	C	T	G	A	G	C	A	C	G	T	G	A
_scratch_st-cdeboer-1_asfar_VLPs_results_crispresso_aggregated_spacer_SPACE-NG_rep1_.staging_CRISPRessoPooled_on_SPACE-NG_D0_rep1_CRISPResso_on_HEK3	Insertions	0.0	0.0	0.0	0.0	0.0	0.0	0.0	0.0	0.0	0.0	0.0	0.0	0.0	0.0	0.0	0.0	0.0	0.0	0.0	0.0
_scratch_st-cdeboer-1_asfar_VLPs_results_crispresso_aggregated_spacer_SPACE-NG_rep1_.staging_CRISPRessoPooled_on_SPACE-NG_D0_rep1_CRISPResso_on_HEK3	Insertions_Left	0.0	0.0	0.0	0.0	0.0	0.0	0.0	0.0	0.0	0.0	0.0	0.0	0.0	0.0	0.0	0.0	0.0	0.0	0.0	0.0
_scratch_st-cdeboer-1_asfar_VLPs_results_crispresso_aggregated_spacer_SPACE-NG_rep1_.staging_CRISPRessoPooled_on_SPACE-NG_D0_rep1_CRISPResso_on_HEK3	Deletions	3.1110004977600795e-05	0.00012444001991040318	3.1110004977600795e-05	3.1110004977600795e-05	6.222000995520159e-05	3.1110004977600795e-05	3.1110004977600795e-05	3.1110004977600795e-05	3.1110004977600795e-05	3.1110004977600795e-05	3.1110004977600795e-05	3.1110004977600795e-05	3.1110004977600795e-05	3.1110004977600795e-05	3.1110004977600795e-05	3.1110004977600795e-05	3.1110004977600795e-05	3.1110004977600795e-05	3.1110004977600795e-05	3.1110004977600795e-05
_scratch_st-cdeboer-1_asfar_VLPs_results_crispresso_aggregated_spacer_SPACE-NG_rep1_.staging_CRISPRessoPooled_on_SPACE-NG_D0_rep1_CRISPResso_on_HEK3	Substitutions	0.00012444001991040318	0.00012444001991040318	9.333001493280239e-05	9.333001493280239e-05	0.00015555002488800397	0.00018666002986560479	0.00015555002488800397	0.00021777003484320557	0.0	0.00018666002986560479	9.333001493280239e-05	0.00015555002488800397	0.00012444001991040318	0.00012444001991040318	9.333001493280239e-05	3.1110004977600795e-05	0.00018666002986560479	0.00021777003484320557	0.00015555002488800397	0.00024888003982080636
_scratch_st-cdeboer-1_asfar_VLPs_results_crispresso_aggregated_spacer_SPACE-NG_rep1_.staging_CRISPRessoPooled_on_SPACE-NG_D0_rep1_CRISPResso_on_HEK3	All_modifications	0.00015555002488800397	0.00024888003982080636	0.00012444001991040318	0.00012444001991040318	0.00021777003484320557	0.00021777003484320557	0.00018666002986560479	0.00024888003982080636	3.1110004977600795e-05	0.00021777003484320557	0.00012444001991040318	0.00018666002986560479	0.00015555002488800397	0.00015555002488800397	0.00012444001991040318	6.222000995520159e-05	0.00021777003484320557	0.00024888003982080636	0.00018666002986560479	0.00027999004479840715
_scratch_st-cdeboer-1_asfar_VLPs_results_crispresso_aggregated_spacer_SPACE-NG_rep1_.staging_CRISPRessoPooled_on_SPACE-NG_D1_rep1_CRISPResso_on_HEK3	Insertions	0.0	0.0	0.0	0.0	0.0	0.0	0.0	0.0	0.0	0.0	0.0	0.0	0.0	0.0	0.0	0.0	0.0	0.0	0.0	0.0
_scratch_st-cdeboer-1_asfar_VLPs_results_crispresso_aggregated_spacer_SPACE-NG_rep1_.staging_CRISPRessoPooled_on_SPACE-NG_D1_rep1_CRISPResso_on_HEK3	Insertions_Left	0.0	0.0	0.0	0.0	0.0	0.0	0.0	0.0	0.0	0.0	0.0	0.0	0.0	0.0	0.0	0.0	0.0	0.0	0.0	0.0
_scratch_st-cdeboer-1_asfar_VLPs_results_crispresso_aggregated_spacer_SPACE-NG_rep1_.staging_CRISPRessoPooled_on_SPACE-NG_D1_rep1_CRISPResso_on_HEK3	Deletions	0.0	5.588777734309507e-05	0.0	0.0	0.0	0.0	0.0	0.0	0.0	0.0	0.0	0.0	0.0	0.0	0.0	0.0	0.0	0.0	0.0	0.0
_scratch_st-cdeboer-1_asfar_VLPs_results_crispresso_aggregated_spacer_SPACE-NG_rep1_.staging_CRISPRessoPooled_on_SPACE-NG_D1_rep1_CRISPResso_on_HEK3	Substitutions	0.00011177555468619013	5.588777734309507e-05	5.588777734309507e-05	0.0	0.00011177555468619013	0.00011177555468619013	0.0003353266640585704	0.0001676633320292852	0.00011177555468619013	0.00011177555468619013	0.00022355110937238027	0.0001676633320292852	5.588777734309507e-05	0.00022355110937238027	0.0	0.0	0.0001676633320292852	0.00011177555468619013	0.00011177555468619013	0.00022355110937238027
_scratch_st-cdeboer-1_asfar_VLPs_results_crispresso_aggregated_spacer_SPACE-NG_rep1_.staging_CRISPRessoPooled_on_SPACE-NG_D1_rep1_CRISPResso_on_HEK3	All_modifications	0.00011177555468619013	0.00011177555468619013	5.588777734309507e-05	0.0	0.00011177555468619013	0.00011177555468619013	0.0003353266640585704	0.0001676633320292852	0.00011177555468619013	0.00011177555468619013	0.00022355110937238027	0.0001676633320292852	5.588777734309507e-05	0.00022355110937238027	0.0	0.0	0.0001676633320292852	0.00011177555468619013	0.00011177555468619013	0.00022355110937238027
_scratch_st-cdeboer-1_asfar_VLPs_results_crispresso_aggregated_spacer_SPACE-NG_rep1_.staging_CRISPRessoPooled_on_SPACE-NG_D2_rep1_CRISPResso_on_HEK3	Insertions	0.0	0.0	0.0	0.0	0.0	0.0	0.0	0.0	0.0	0.0	0.0	0.0	0.0	0.0	0.0	0.0	0.0	0.0	0.0	0.0
_scratch_st-cdeboer-1_asfar_VLPs_results_crispresso_aggregated_spacer_SPACE-NG_rep1_.staging_CRISPRessoPooled_on_SPACE-NG_D2_rep1_CRISPResso_on_HEK3	Insertions_Left	0.0	0.0	0.0	0.0	0.0	0.0	0.0	0.0	0.0	0.0	0.0	0.0	0.0	0.0	0.0	0.0	0.0	0.0	0.0	0.0
_scratch_st-cdeboer-1_asfar_VLPs_results_crispresso_aggregated_spacer_SPACE-NG_rep1_.staging_CRISPRessoPooled_on_SPACE-NG_D2_rep1_CRISPResso_on_HEK3	Deletions	0.0	2.0497683761734922e-05	0.0	0.0	4.0995367523469845e-05	0.0	0.0	0.0	0.0	0.0	2.0497683761734922e-05	0.0	0.0	2.0497683761734922e-05	0.0	0.0	0.0	0.0	0.0	0.0
_scratch_st-cdeboer-1_asfar_VLPs_results_crispresso_aggregated_spacer_SPACE-NG_rep1_.staging_CRISPRessoPooled_on_SPACE-NG_D2_rep1_CRISPResso_on_HEK3	Substitutions	0.00016398147009387938	0.0003484606239494937	0.00016398147009387938	8.199073504693969e-05	0.00010248841880867462	0.02920919936047227	0.00022547452137908417	0.01352847128274505	0.0005124420940433731	6.149305128520478e-05	0.000266469888902554	0.00028696757266428893	6.149305128520478e-05	8.199073504693969e-05	0.00016398147009387938	0.00014348378633214447	0.00030746525642602385	0.00012298610257040955	0.00018447915385561432	0.00032796294018775876
_scratch_st-cdeboer-1_asfar_VLPs_results_crispresso_aggregated_spacer_SPACE-NG_rep1_.staging_CRISPRessoPooled_on_SPACE-NG_D2_rep1_CRISPResso_on_HEK3	All_modifications	0.00016398147009387938	0.00036895830771122864	0.00016398147009387938	8.199073504693969e-05	0.00014348378633214447	0.02920919936047227	0.00022547452137908417	0.01352847128274505	0.0005124420940433731	6.149305128520478e-05	0.00028696757266428893	0.00028696757266428893	6.149305128520478e-05	0.00010248841880867462	0.00016398147009387938	0.00014348378633214447	0.00030746525642602385	0.00012298610257040955	0.00018447915385561432	0.00032796294018775876
_scratch_st-cdeboer-1_asfar_VLPs_results_crispresso_aggregated_spacer_SPACE-NG_rep1_.staging_CRISPRessoPooled_on_SPACE-NG_D3_rep1_CRISPResso_on_HEK3	Insertions	0.0	0.0	0.0	0.0	1.56742268687597e-05	1.56742268687597e-05	0.0	0.0	0.0	0.0	0.0	0.0	0.0	0.0	0.0	0.0	0.0	0.0	0.0	0.0
_scratch_st-cdeboer-1_asfar_VLPs_results_crispresso_aggregated_spacer_SPACE-NG_rep1_.staging_CRISPRessoPooled_on_SPACE-NG_D3_rep1_CRISPResso_on_HEK3	Insertions_Left	0.0	0.0	0.0	0.0	1.56742268687597e-05	0.0	0.0	0.0	0.0	0.0	0.0	0.0	0.0	0.0	0.0	0.0	0.0	0.0	0.0	0.0
_scratch_st-cdeboer-1_asfar_VLPs_results_crispresso_aggregated_spacer_SPACE-NG_rep1_.staging_CRISPRessoPooled_on_SPACE-NG_D3_rep1_CRISPResso_on_HEK3	Deletions	0.0	6.26969074750388e-05	0.0	0.0	0.0	0.0	0.0	0.0	0.0	0.0	1.56742268687597e-05	0.0	0.0	0.0	0.0	0.0	0.0	0.0	0.0	0.0
_scratch_st-cdeboer-1_asfar_VLPs_results_crispresso_aggregated_spacer_SPACE-NG_rep1_.staging_CRISPRessoPooled_on_SPACE-NG_D3_rep1_CRISPResso_on_HEK3	Substitutions	0.00023511340303139549	0.0002194391761626358	0.000156742268687597	0.0001097195880813179	6.26969074750388e-05	0.0001724164955563567	0.0001410680418188373	0.0007366886628317059	7.83711343437985e-05	0.0001410680418188373	0.0001253938149500776	0.0003291587642439537	0.0001253938149500776	0.0001410680418188373	0.0002037649492938761	0.0002037649492938761	0.0002978103105064343	0.0003291587642439537	0.0002821360836376746	0.0001724164955563567
_scratch_st-cdeboer-1_asfar_VLPs_results_crispresso_aggregated_spacer_SPACE-NG_rep1_.staging_CRISPRessoPooled_on_SPACE-NG_D3_rep1_CRISPResso_on_HEK3	All_modifications	0.00023511340303139549	0.0002821360836376746	0.000156742268687597	0.0001097195880813179	7.83711343437985e-05	0.0001880907224251164	0.0001410680418188373	0.0007366886628317059	7.83711343437985e-05	0.0001410680418188373	0.0001410680418188373	0.0003291587642439537	0.0001253938149500776	0.0001410680418188373	0.0002037649492938761	0.0002037649492938761	0.0002978103105064343	0.0003291587642439537	0.0002821360836376746	0.0001724164955563567
_scratch_st-cdeboer-1_asfar_VLPs_results_crispresso_aggregated_spacer_SPACE-NG_rep1_.staging_CRISPRessoPooled_on_SPACE-NG_D4_rep1_CRISPResso_on_HEK3	Insertions	0.0	0.0	0.0	0.0	0.0	0.0	0.0	0.0	0.0	0.0	0.0	0.0	0.0	0.0	0.0	0.0	0.0	0.0	0.0	0.0
_scratch_st-cdeboer-1_asfar_VLPs_results_crispresso_aggregated_spacer_SPACE-NG_rep1_.staging_CRISPRessoPooled_on_SPACE-NG_D4_rep1_CRISPResso_on_HEK3	Insertions_Left	0.0	0.0	0.0	0.0	0.0	0.0	0.0	0.0	0.0	0.0	0.0	0.0	0.0	0.0	0.0	0.0	0.0	0.0	0.0	0.0
_scratch_st-cdeboer-1_asfar_VLPs_results_crispresso_aggregated_spacer_SPACE-NG_rep1_.staging_CRISPRessoPooled_on_SPACE-NG_D4_rep1_CRISPResso_on_HEK3	Deletions	0.0	4.524170380256521e-05	0.0	0.0	4.524170380256521e-05	0.0	0.0	0.0	0.0	0.0	0.0	0.0	0.0	0.0	0.0	0.0	0.0	0.0	0.0	0.0
_scratch_st-cdeboer-1_asfar_VLPs_results_crispresso_aggregated_spacer_SPACE-NG_rep1_.staging_CRISPRessoPooled_on_SPACE-NG_D4_rep1_CRISPResso_on_HEK3	Substitutions	0.00018096681521026083	0.00015834596330897822	4.524170380256521e-05	0.00011310425950641301	0.00018096681521026083	0.0005202795937294998	0.00020358766711154342	0.00018096681521026083	9.048340760513041e-05	0.00029407107471667384	0.00029407107471667384	9.048340760513041e-05	0.00045241703802565206	0.00020358766711154342	0.0001357251114076956	0.00018096681521026083	0.0002488293709141086	0.00022620851901282603	6.78625557038478e-05	0.00022620851901282603
_scratch_st-cdeboer-1_asfar_VLPs_results_crispresso_aggregated_spacer_SPACE-NG_rep1_.staging_CRISPRessoPooled_on_SPACE-NG_D4_rep1_CRISPResso_on_HEK3	All_modifications	0.00018096681521026083	0.00020358766711154342	4.524170380256521e-05	0.00011310425950641301	0.00022620851901282603	0.0005202795937294998	0.00020358766711154342	0.00018096681521026083	9.048340760513041e-05	0.00029407107471667384	0.00029407107471667384	9.048340760513041e-05	0.00045241703802565206	0.00020358766711154342	0.0001357251114076956	0.00018096681521026083	0.0002488293709141086	0.00022620851901282603	6.78625557038478e-05	0.00022620851901282603
_scratch_st-cdeboer-1_asfar_VLPs_results_crispresso_aggregated_spacer_SPACE-NG_rep1_.staging_CRISPRessoPooled_on_SPACE-NG_D5_rep1_CRISPResso_on_HEK3	Insertions	0.0	0.0	0.0	0.0	0.0	0.0	0.0	0.0	0.0	0.0	0.0	0.0	0.0	0.0	0.0	0.0	0.0	0.0	0.0	0.0
_scratch_st-cdeboer-1_asfar_VLPs_results_crispresso_aggregated_spacer_SPACE-NG_rep1_.staging_CRISPRessoPooled_on_SPACE-NG_D5_rep1_CRISPResso_on_HEK3	Insertions_Left	0.0	0.0	0.0	0.0	0.0	0.0	0.0	0.0	0.0	0.0	0.0	0.0	0.0	0.0	0.0	0.0	0.0	0.0	0.0	0.0
_scratch_st-cdeboer-1_asfar_VLPs_results_crispresso_aggregated_spacer_SPACE-NG_rep1_.staging_CRISPRessoPooled_on_SPACE-NG_D5_rep1_CRISPResso_on_HEK3	Deletions	0.0	7.815756565235515e-05	0.0	0.0	5.2105043768236766e-05	0.0	0.0	0.0	0.0	0.0	0.0	0.0	0.0	0.0	0.0	0.0	2.6052521884118383e-05	0.0	0.0	0.0
_scratch_st-cdeboer-1_asfar_VLPs_results_crispresso_aggregated_spacer_SPACE-NG_rep1_.staging_CRISPRessoPooled_on_SPACE-NG_D5_rep1_CRISPResso_on_HEK3	Substitutions	0.0002865777407253022	0.00026052521884118384	7.815756565235515e-05	0.0001563151313047103	0.00026052521884118384	0.0006252605252188412	0.0001563151313047103	0.00018236765318882867	5.2105043768236766e-05	0.00020842017507294707	7.815756565235515e-05	0.00026052521884118384	2.6052521884118383e-05	7.815756565235515e-05	0.0	0.0001563151313047103	0.00020842017507294707	0.00026052521884118384	0.00013026260942059192	0.00013026260942059192
_scratch_st-cdeboer-1_asfar_VLPs_results_crispresso_aggregated_spacer_SPACE-NG_rep1_.staging_CRISPRessoPooled_on_SPACE-NG_D5_rep1_CRISPResso_on_HEK3	All_modifications	0.0002865777407253022	0.00033868278449353896	7.815756565235515e-05	0.0001563151313047103	0.0003126302626094206	0.0006252605252188412	0.0001563151313047103	0.00018236765318882867	5.2105043768236766e-05	0.00020842017507294707	7.815756565235515e-05	0.00026052521884118384	2.6052521884118383e-05	7.815756565235515e-05	0.0	0.0001563151313047103	0.00023447269695706544	0.00026052521884118384	0.00013026260942059192	0.00013026260942059192
