Folder	Modification	G	G	C	C	C	A	G	A	C	T	G	A	G	C	A	C	G	T	G	A
_scratch_st-cdeboer-1_asfar_VLPs_results_crispresso_aggregated_spacer_SPACE-NG_rep3_.staging_CRISPRessoPooled_on_SPACE-NG_D0_rep3_CRISPResso_on_HEK3	Insertions	0.0	0.0	0.0	0.0	0.0	0.0	0.0	0.0	0.0	0.0	0.0	0.0	0.0	0.0	0.0	0.0	0.0	0.0	0.0	0.0
_scratch_st-cdeboer-1_asfar_VLPs_results_crispresso_aggregated_spacer_SPACE-NG_rep3_.staging_CRISPRessoPooled_on_SPACE-NG_D0_rep3_CRISPResso_on_HEK3	Insertions_Left	0.0	0.0	0.0	0.0	0.0	0.0	0.0	0.0	0.0	0.0	0.0	0.0	0.0	0.0	0.0	0.0	0.0	0.0	0.0	0.0
_scratch_st-cdeboer-1_asfar_VLPs_results_crispresso_aggregated_spacer_SPACE-NG_rep3_.staging_CRISPRessoPooled_on_SPACE-NG_D0_rep3_CRISPResso_on_HEK3	Deletions	0.0	1.3837766031051947e-05	0.0	0.0	2.7675532062103894e-05	0.0	0.0	0.0	0.0	0.0	0.0	0.0	0.0	0.0	0.0	0.0	0.0	0.0	1.3837766031051947e-05	0.0
_scratch_st-cdeboer-1_asfar_VLPs_results_crispresso_aggregated_spacer_SPACE-NG_rep3_.staging_CRISPRessoPooled_on_SPACE-NG_D0_rep3_CRISPResso_on_HEK3	Substitutions	0.00019372872443472727	0.00016605319237262336	5.535106412420779e-05	6.918883015525974e-05	8.302659618631168e-05	0.00019372872443472727	0.0002075664904657792	0.00015221542634157143	6.918883015525974e-05	0.00019372872443472727	0.00013837766031051947	0.0002905930866520909	0.0002075664904657792	0.00012453989427946752	0.00012453989427946752	8.302659618631168e-05	0.00015221542634157143	0.00012453989427946752	0.00019372872443472727	0.00016605319237262336
_scratch_st-cdeboer-1_asfar_VLPs_results_crispresso_aggregated_spacer_SPACE-NG_rep3_.staging_CRISPRessoPooled_on_SPACE-NG_D0_rep3_CRISPResso_on_HEK3	All_modifications	0.00019372872443472727	0.0001798909584036753	5.535106412420779e-05	6.918883015525974e-05	0.00011070212824841557	0.00019372872443472727	0.0002075664904657792	0.00015221542634157143	6.918883015525974e-05	0.00019372872443472727	0.00013837766031051947	0.0002905930866520909	0.0002075664904657792	0.00012453989427946752	0.00012453989427946752	8.302659618631168e-05	0.00015221542634157143	0.00012453989427946752	0.0002075664904657792	0.00016605319237262336
_scratch_st-cdeboer-1_asfar_VLPs_results_crispresso_aggregated_spacer_SPACE-NG_rep3_.staging_CRISPRessoPooled_on_SPACE-NG_D1_rep3_CRISPResso_on_HEK3	Insertions	0.0	0.0	0.0	0.0	9.63094229139379e-06	9.63094229139379e-06	0.0	0.0	0.0	0.0	0.0	0.0	0.0	0.0	0.0	0.0	0.0	0.0	0.0	0.0
_scratch_st-cdeboer-1_asfar_VLPs_results_crispresso_aggregated_spacer_SPACE-NG_rep3_.staging_CRISPRessoPooled_on_SPACE-NG_D1_rep3_CRISPResso_on_HEK3	Insertions_Left	0.0	0.0	0.0	0.0	9.63094229139379e-06	0.0	0.0	0.0	0.0	0.0	0.0	0.0	0.0	0.0	0.0	0.0	0.0	0.0	0.0	0.0
_scratch_st-cdeboer-1_asfar_VLPs_results_crispresso_aggregated_spacer_SPACE-NG_rep3_.staging_CRISPRessoPooled_on_SPACE-NG_D1_rep3_CRISPResso_on_HEK3	Deletions	0.0	9.63094229139379e-05	0.0	0.0	0.0001059403652053317	0.0	0.0	0.0	0.0	0.0	0.0	0.0	0.0	0.0	0.0	0.0	0.0	0.0	0.0	0.0
_scratch_st-cdeboer-1_asfar_VLPs_results_crispresso_aggregated_spacer_SPACE-NG_rep3_.staging_CRISPRessoPooled_on_SPACE-NG_D1_rep3_CRISPResso_on_HEK3	Substitutions	0.0002022497881192696	0.0002022497881192696	9.63094229139379e-06	0.00015409507666230065	0.00011557130749672548	0.0001926188458278758	0.0002118807304106634	0.00017335696124508822	0.00012520224978811926	0.00017335696124508822	0.00017335696124508822	0.00032745203790738887	0.00015409507666230065	0.00015409507666230065	6.741659603975652e-05	0.00014446413437090686	0.00015409507666230065	0.0001926188458278758	0.00024077355728484474	0.00014446413437090686
_scratch_st-cdeboer-1_asfar_VLPs_results_crispresso_aggregated_spacer_SPACE-NG_rep3_.staging_CRISPRessoPooled_on_SPACE-NG_D1_rep3_CRISPResso_on_HEK3	All_modifications	0.0002022497881192696	0.0002985592110332075	9.63094229139379e-06	0.00015409507666230065	0.00023114261499345096	0.0002022497881192696	0.0002118807304106634	0.00017335696124508822	0.00012520224978811926	0.00017335696124508822	0.00017335696124508822	0.00032745203790738887	0.00015409507666230065	0.00015409507666230065	6.741659603975652e-05	0.00014446413437090686	0.00015409507666230065	0.0001926188458278758	0.00024077355728484474	0.00014446413437090686
_scratch_st-cdeboer-1_asfar_VLPs_results_crispresso_aggregated_spacer_SPACE-NG_rep3_.staging_CRISPRessoPooled_on_SPACE-NG_D2_rep3_CRISPResso_on_HEK3	Insertions	0.0	0.0	0.0	0.0	0.0	0.0	0.0	0.0	0.0	0.0	0.0	0.0	0.0	0.0	0.0	0.0	0.0	0.0	0.0	0.0
_scratch_st-cdeboer-1_asfar_VLPs_results_crispresso_aggregated_spacer_SPACE-NG_rep3_.staging_CRISPRessoPooled_on_SPACE-NG_D2_rep3_CRISPResso_on_HEK3	Insertions_Left	0.0	0.0	0.0	0.0	0.0	0.0	0.0	0.0	0.0	0.0	0.0	0.0	0.0	0.0	0.0	0.0	0.0	0.0	0.0	0.0
_scratch_st-cdeboer-1_asfar_VLPs_results_crispresso_aggregated_spacer_SPACE-NG_rep3_.staging_CRISPRessoPooled_on_SPACE-NG_D2_rep3_CRISPResso_on_HEK3	Deletions	0.0	0.0	0.0	0.0	5.5503135927179885e-05	0.0	0.0	0.0	0.0	0.0	0.0	0.0	0.0	0.0	0.0	0.0	0.0	0.0	0.0	0.0
_scratch_st-cdeboer-1_asfar_VLPs_results_crispresso_aggregated_spacer_SPACE-NG_rep3_.staging_CRISPRessoPooled_on_SPACE-NG_D2_rep3_CRISPResso_on_HEK3	Substitutions	0.00011100627185435977	0.0002775156796358994	0.0	0.00011100627185435977	0.0	0.0018316034855969361	0.00016650940778153967	0.0012765721263251373	0.00016650940778153967	0.00016650940778153967	0.00022201254370871954	0.0002775156796358994	0.00011100627185435977	0.00016650940778153967	5.5503135927179885e-05	0.00016650940778153967	0.00033301881556307934	0.00011100627185435977	5.5503135927179885e-05	0.0002775156796358994
_scratch_st-cdeboer-1_asfar_VLPs_results_crispresso_aggregated_spacer_SPACE-NG_rep3_.staging_CRISPRessoPooled_on_SPACE-NG_D2_rep3_CRISPResso_on_HEK3	All_modifications	0.00011100627185435977	0.0002775156796358994	0.0	0.00011100627185435977	5.5503135927179885e-05	0.0018316034855969361	0.00016650940778153967	0.0012765721263251373	0.00016650940778153967	0.00016650940778153967	0.00022201254370871954	0.0002775156796358994	0.00011100627185435977	0.00016650940778153967	5.5503135927179885e-05	0.00016650940778153967	0.00033301881556307934	0.00011100627185435977	5.5503135927179885e-05	0.0002775156796358994
_scratch_st-cdeboer-1_asfar_VLPs_results_crispresso_aggregated_spacer_SPACE-NG_rep3_.staging_CRISPRessoPooled_on_SPACE-NG_D3_rep3_CRISPResso_on_HEK3	Insertions	0.0	0.0	0.0	0.0	0.0	0.0	0.0	0.0	0.0	0.0	0.0	0.0	0.0	0.0	0.0	0.0	0.0	0.0	0.0	0.0
_scratch_st-cdeboer-1_asfar_VLPs_results_crispresso_aggregated_spacer_SPACE-NG_rep3_.staging_CRISPRessoPooled_on_SPACE-NG_D3_rep3_CRISPResso_on_HEK3	Insertions_Left	0.0	0.0	0.0	0.0	0.0	0.0	0.0	0.0	0.0	0.0	0.0	0.0	0.0	0.0	0.0	0.0	0.0	0.0	0.0	0.0
_scratch_st-cdeboer-1_asfar_VLPs_results_crispresso_aggregated_spacer_SPACE-NG_rep3_.staging_CRISPRessoPooled_on_SPACE-NG_D3_rep3_CRISPResso_on_HEK3	Deletions	0.0	0.0	0.0	0.0	0.0	0.0	0.0	0.0	0.0	0.0	0.0	0.0	0.0	0.0	0.0	0.0	0.0	0.0	0.0	0.0
_scratch_st-cdeboer-1_asfar_VLPs_results_crispresso_aggregated_spacer_SPACE-NG_rep3_.staging_CRISPRessoPooled_on_SPACE-NG_D3_rep3_CRISPResso_on_HEK3	Substitutions	0.0002019502625353413	0.00023080030004039005	2.8850037505048756e-05	0.00014425018752524377	0.00014425018752524377	0.00011540015002019502	0.00014425018752524377	0.00023080030004039005	8.655011251514626e-05	0.00014425018752524377	8.655011251514626e-05	0.00017310022503029253	0.00014425018752524377	2.8850037505048756e-05	0.00011540015002019502	8.655011251514626e-05	0.00023080030004039005	0.00023080030004039005	0.00017310022503029253	2.8850037505048756e-05
_scratch_st-cdeboer-1_asfar_VLPs_results_crispresso_aggregated_spacer_SPACE-NG_rep3_.staging_CRISPRessoPooled_on_SPACE-NG_D3_rep3_CRISPResso_on_HEK3	All_modifications	0.0002019502625353413	0.00023080030004039005	2.8850037505048756e-05	0.00014425018752524377	0.00014425018752524377	0.00011540015002019502	0.00014425018752524377	0.00023080030004039005	8.655011251514626e-05	0.00014425018752524377	8.655011251514626e-05	0.00017310022503029253	0.00014425018752524377	2.8850037505048756e-05	0.00011540015002019502	8.655011251514626e-05	0.00023080030004039005	0.00023080030004039005	0.00017310022503029253	2.8850037505048756e-05
_scratch_st-cdeboer-1_asfar_VLPs_results_crispresso_aggregated_spacer_SPACE-NG_rep3_.staging_CRISPRessoPooled_on_SPACE-NG_D4_rep3_CRISPResso_on_HEK3	Insertions	0.0	0.0	0.0	0.0	0.0	0.0	0.0	0.0	0.0	0.0	0.0	0.0	0.0	0.0	0.0	0.0	0.0	0.0	0.0	0.0
_scratch_st-cdeboer-1_asfar_VLPs_results_crispresso_aggregated_spacer_SPACE-NG_rep3_.staging_CRISPRessoPooled_on_SPACE-NG_D4_rep3_CRISPResso_on_HEK3	Insertions_Left	0.0	0.0	0.0	0.0	0.0	0.0	0.0	0.0	0.0	0.0	0.0	0.0	0.0	0.0	0.0	0.0	0.0	0.0	0.0	0.0
_scratch_st-cdeboer-1_asfar_VLPs_results_crispresso_aggregated_spacer_SPACE-NG_rep3_.staging_CRISPRessoPooled_on_SPACE-NG_D4_rep3_CRISPResso_on_HEK3	Deletions	0.0	3.0989494561343705e-05	0.0	0.0	0.0	0.0	0.0	0.0	0.0	0.0	0.0	0.0	0.0	0.0	0.0	0.0	0.0	0.0	0.0	0.0
_scratch_st-cdeboer-1_asfar_VLPs_results_crispresso_aggregated_spacer_SPACE-NG_rep3_.staging_CRISPRessoPooled_on_SPACE-NG_D4_rep3_CRISPResso_on_HEK3	Substitutions	0.00015494747280671853	0.00021692646192940593	0.00012395797824537482	0.00015494747280671853	9.296848368403111e-05	3.0989494561343705e-05	3.0989494561343705e-05	0.00018593696736806222	6.197898912268741e-05	0.00018593696736806222	0.0002789054510520933	0.00015494747280671853	0.0002789054510520933	0.00012395797824537482	6.197898912268741e-05	0.00015494747280671853	0.00024791595649074964	0.00024791595649074964	0.00012395797824537482	0.00012395797824537482
_scratch_st-cdeboer-1_asfar_VLPs_results_crispresso_aggregated_spacer_SPACE-NG_rep3_.staging_CRISPRessoPooled_on_SPACE-NG_D4_rep3_CRISPResso_on_HEK3	All_modifications	0.00015494747280671853	0.00024791595649074964	0.00012395797824537482	0.00015494747280671853	9.296848368403111e-05	3.0989494561343705e-05	3.0989494561343705e-05	0.00018593696736806222	6.197898912268741e-05	0.00018593696736806222	0.0002789054510520933	0.00015494747280671853	0.0002789054510520933	0.00012395797824537482	6.197898912268741e-05	0.00015494747280671853	0.00024791595649074964	0.00024791595649074964	0.00012395797824537482	0.00012395797824537482
_scratch_st-cdeboer-1_asfar_VLPs_results_crispresso_aggregated_spacer_SPACE-NG_rep3_.staging_CRISPRessoPooled_on_SPACE-NG_D5_rep3_CRISPResso_on_HEK3	Insertions	0.0	0.0	0.0	0.0	0.0	0.0	0.0	0.0	0.0	0.0	0.0	0.0	0.0	0.0	0.0	0.0	0.0	0.0	0.0	0.0
_scratch_st-cdeboer-1_asfar_VLPs_results_crispresso_aggregated_spacer_SPACE-NG_rep3_.staging_CRISPRessoPooled_on_SPACE-NG_D5_rep3_CRISPResso_on_HEK3	Insertions_Left	0.0	0.0	0.0	0.0	0.0	0.0	0.0	0.0	0.0	0.0	0.0	0.0	0.0	0.0	0.0	0.0	0.0	0.0	0.0	0.0
_scratch_st-cdeboer-1_asfar_VLPs_results_crispresso_aggregated_spacer_SPACE-NG_rep3_.staging_CRISPRessoPooled_on_SPACE-NG_D5_rep3_CRISPResso_on_HEK3	Deletions	2.135292107960369e-05	0.00012811752647762215	2.135292107960369e-05	2.135292107960369e-05	0.00010676460539801846	2.135292107960369e-05	2.135292107960369e-05	2.135292107960369e-05	2.135292107960369e-05	2.135292107960369e-05	4.270584215920738e-05	2.135292107960369e-05	2.135292107960369e-05	2.135292107960369e-05	2.135292107960369e-05	2.135292107960369e-05	2.135292107960369e-05	2.135292107960369e-05	2.135292107960369e-05	2.135292107960369e-05
_scratch_st-cdeboer-1_asfar_VLPs_results_crispresso_aggregated_spacer_SPACE-NG_rep3_.staging_CRISPRessoPooled_on_SPACE-NG_D5_rep3_CRISPResso_on_HEK3	Substitutions	0.00010676460539801846	0.00012811752647762215	0.00014947044755722584	0.00010676460539801846	0.0002348821318756406	0.00014947044755722584	0.0002562350529552443	0.0002135292107960369	0.0	0.00017082336863682952	0.00014947044755722584	0.0002348821318756406	6.405876323881108e-05	6.405876323881108e-05	6.405876323881108e-05	8.541168431841476e-05	0.00017082336863682952	0.00029894089511445167	0.00010676460539801846	0.0002348821318756406
_scratch_st-cdeboer-1_asfar_VLPs_results_crispresso_aggregated_spacer_SPACE-NG_rep3_.staging_CRISPRessoPooled_on_SPACE-NG_D5_rep3_CRISPResso_on_HEK3	All_modifications	0.00012811752647762215	0.0002562350529552443	0.00017082336863682952	0.00012811752647762215	0.00034164673727365904	0.00017082336863682952	0.000277587974034848	0.0002348821318756406	2.135292107960369e-05	0.0001921762897164332	0.0001921762897164332	0.0002562350529552443	8.541168431841476e-05	8.541168431841476e-05	8.541168431841476e-05	0.00010676460539801846	0.0001921762897164332	0.00032029381619405535	0.00012811752647762215	0.0002562350529552443
