Folder	Modification	C	A	C	C	T	A	C	C	T	A	A	G	A	A	C	C	A	T	C	C
_scratch_st-cdeboer-1_asfar_VLPs_results_crispresso_aggregated_spacer_SPACE-NG_rep3_.staging_CRISPRessoPooled_on_SPACE-NG_D0_rep3_CRISPResso_on_PDCD1	Insertions	0.0	0.0	0.0	0.0	0.0	0.0	0.0	0.0	0.0	0.0	0.0	0.0	0.0	0.0	0.0	0.0	0.0	0.0	0.0	0.0
_scratch_st-cdeboer-1_asfar_VLPs_results_crispresso_aggregated_spacer_SPACE-NG_rep3_.staging_CRISPRessoPooled_on_SPACE-NG_D0_rep3_CRISPResso_on_PDCD1	Insertions_Left	0.0	0.0	0.0	0.0	0.0	0.0	0.0	0.0	0.0	0.0	0.0	0.0	0.0	0.0	0.0	0.0	0.0	0.0	0.0	0.0
_scratch_st-cdeboer-1_asfar_VLPs_results_crispresso_aggregated_spacer_SPACE-NG_rep3_.staging_CRISPRessoPooled_on_SPACE-NG_D0_rep3_CRISPResso_on_PDCD1	Deletions	1.474948008082715e-05	0.0	0.0	0.0	0.0	0.0	0.0	0.0	1.474948008082715e-05	0.0	5.89979203233086e-05	0.0	0.0	0.0	0.0	0.0	0.0	0.0	0.0	0.0
_scratch_st-cdeboer-1_asfar_VLPs_results_crispresso_aggregated_spacer_SPACE-NG_rep3_.staging_CRISPRessoPooled_on_SPACE-NG_D0_rep3_CRISPResso_on_PDCD1	Substitutions	0.00010324636056579006	0.00017699376096992582	0.00016224428088909866	8.849688048496291e-05	0.00022124220121240727	8.849688048496291e-05	5.89979203233086e-05	0.0001179958406466172	0.00016224428088909866	0.0001474948008082715	0.0001179958406466172	0.00022124220121240727	0.0002654906414548887	0.00019174324105075295	8.849688048496291e-05	0.00017699376096992582	0.00017699376096992582	0.00022124220121240727	0.0001474948008082715	0.00013274532072744436
_scratch_st-cdeboer-1_asfar_VLPs_results_crispresso_aggregated_spacer_SPACE-NG_rep3_.staging_CRISPRessoPooled_on_SPACE-NG_D0_rep3_CRISPResso_on_PDCD1	All_modifications	0.0001179958406466172	0.00017699376096992582	0.00016224428088909866	8.849688048496291e-05	0.00022124220121240727	8.849688048496291e-05	5.89979203233086e-05	0.0001179958406466172	0.00017699376096992582	0.0001474948008082715	0.00017699376096992582	0.00022124220121240727	0.0002654906414548887	0.00019174324105075295	8.849688048496291e-05	0.00017699376096992582	0.00017699376096992582	0.00022124220121240727	0.0001474948008082715	0.00013274532072744436
_scratch_st-cdeboer-1_asfar_VLPs_results_crispresso_aggregated_spacer_SPACE-NG_rep3_.staging_CRISPRessoPooled_on_SPACE-NG_D1_rep3_CRISPResso_on_PDCD1	Insertions	3.9397222495814046e-05	3.9397222495814046e-05	0.0	0.0	0.0	0.0	0.0	0.0	0.0	0.0	0.0	0.0	0.0	0.0	0.0	0.0	0.0	0.0	0.0	0.0
_scratch_st-cdeboer-1_asfar_VLPs_results_crispresso_aggregated_spacer_SPACE-NG_rep3_.staging_CRISPRessoPooled_on_SPACE-NG_D1_rep3_CRISPResso_on_PDCD1	Insertions_Left	3.9397222495814046e-05	0.0	0.0	0.0	0.0	0.0	0.0	0.0	0.0	0.0	0.0	0.0	0.0	0.0	0.0	0.0	0.0	0.0	0.0	0.0
_scratch_st-cdeboer-1_asfar_VLPs_results_crispresso_aggregated_spacer_SPACE-NG_rep3_.staging_CRISPRessoPooled_on_SPACE-NG_D1_rep3_CRISPResso_on_PDCD1	Deletions	5.9095833743721065e-05	0.0	0.0	0.0	0.0	0.0	0.0	0.0	1.9698611247907023e-05	0.0	1.9698611247907023e-05	0.0	0.0	0.0	0.0	0.0	0.0	0.0	0.0	0.0
_scratch_st-cdeboer-1_asfar_VLPs_results_crispresso_aggregated_spacer_SPACE-NG_rep3_.staging_CRISPRessoPooled_on_SPACE-NG_D1_rep3_CRISPResso_on_PDCD1	Substitutions	7.879444499162809e-05	0.00019698611247907023	0.00019698611247907023	7.879444499162809e-05	0.00013789027873534917	9.849305623953512e-05	0.00013789027873534917	1.9698611247907023e-05	0.00019698611247907023	0.00019698611247907023	9.849305623953512e-05	0.00015758888998325618	0.00019698611247907023	0.0001772875012311632	5.9095833743721065e-05	0.00015758888998325618	9.849305623953512e-05	0.00039397222495814047	0.00013789027873534917	7.879444499162809e-05
_scratch_st-cdeboer-1_asfar_VLPs_results_crispresso_aggregated_spacer_SPACE-NG_rep3_.staging_CRISPRessoPooled_on_SPACE-NG_D1_rep3_CRISPResso_on_PDCD1	All_modifications	0.0001772875012311632	0.00023638333497488426	0.00019698611247907023	7.879444499162809e-05	0.00013789027873534917	9.849305623953512e-05	0.00013789027873534917	1.9698611247907023e-05	0.00021668472372697725	0.00019698611247907023	0.00011819166748744213	0.00015758888998325618	0.00019698611247907023	0.0001772875012311632	5.9095833743721065e-05	0.00015758888998325618	9.849305623953512e-05	0.00039397222495814047	0.00013789027873534917	7.879444499162809e-05
_scratch_st-cdeboer-1_asfar_VLPs_results_crispresso_aggregated_spacer_SPACE-NG_rep3_.staging_CRISPRessoPooled_on_SPACE-NG_D2_rep3_CRISPResso_on_PDCD1	Insertions	0.0	0.0	0.0	0.0	0.0	0.0	0.0	0.0	0.0	0.0	0.0	0.0	0.0	0.0	0.0	0.0	0.0	0.0	0.0	0.0
_scratch_st-cdeboer-1_asfar_VLPs_results_crispresso_aggregated_spacer_SPACE-NG_rep3_.staging_CRISPRessoPooled_on_SPACE-NG_D2_rep3_CRISPResso_on_PDCD1	Insertions_Left	0.0	0.0	0.0	0.0	0.0	0.0	0.0	0.0	0.0	0.0	0.0	0.0	0.0	0.0	0.0	0.0	0.0	0.0	0.0	0.0
_scratch_st-cdeboer-1_asfar_VLPs_results_crispresso_aggregated_spacer_SPACE-NG_rep3_.staging_CRISPRessoPooled_on_SPACE-NG_D2_rep3_CRISPResso_on_PDCD1	Deletions	3.2947843563638756e-05	1.6473921781819378e-05	0.0	0.0	0.0	0.0	0.0	0.0	0.0	0.0	4.942176534545814e-05	0.0	0.0	0.0	0.0	0.0	0.0	0.0	0.0	1.6473921781819378e-05
_scratch_st-cdeboer-1_asfar_VLPs_results_crispresso_aggregated_spacer_SPACE-NG_rep3_.staging_CRISPRessoPooled_on_SPACE-NG_D2_rep3_CRISPResso_on_PDCD1	Substitutions	0.0001812131396000132	0.0001812131396000132	8.23696089090969e-05	0.00034595235741820697	9.884353069091628e-05	0.00013179137425455503	0.00034595235741820697	4.942176534545814e-05	0.00026358274850911005	0.00026358274850911005	6.589568712727751e-05	0.00014826529603637441	0.00019768706138183255	0.00011531745247273566	3.2947843563638756e-05	0.00014826529603637441	9.884353069091628e-05	0.0003294784356363876	9.884353069091628e-05	8.23696089090969e-05
_scratch_st-cdeboer-1_asfar_VLPs_results_crispresso_aggregated_spacer_SPACE-NG_rep3_.staging_CRISPRessoPooled_on_SPACE-NG_D2_rep3_CRISPResso_on_PDCD1	All_modifications	0.00021416098316365194	0.00019768706138183255	8.23696089090969e-05	0.00034595235741820697	9.884353069091628e-05	0.00013179137425455503	0.00034595235741820697	4.942176534545814e-05	0.00026358274850911005	0.00026358274850911005	0.00011531745247273566	0.00014826529603637441	0.00019768706138183255	0.00011531745247273566	3.2947843563638756e-05	0.00014826529603637441	9.884353069091628e-05	0.0003294784356363876	9.884353069091628e-05	9.884353069091628e-05
_scratch_st-cdeboer-1_asfar_VLPs_results_crispresso_aggregated_spacer_SPACE-NG_rep3_.staging_CRISPRessoPooled_on_SPACE-NG_D3_rep3_CRISPResso_on_PDCD1	Insertions	0.00010140136689042569	0.00010140136689042569	0.0	0.0	0.0	0.0	0.0	0.0	0.0	0.0	0.0	0.0	0.0	0.0	0.0	0.0	0.0	0.0	0.0	0.0
_scratch_st-cdeboer-1_asfar_VLPs_results_crispresso_aggregated_spacer_SPACE-NG_rep3_.staging_CRISPRessoPooled_on_SPACE-NG_D3_rep3_CRISPResso_on_PDCD1	Insertions_Left	0.00010140136689042569	0.0	0.0	0.0	0.0	0.0	0.0	0.0	0.0	0.0	0.0	0.0	0.0	0.0	0.0	0.0	0.0	0.0	0.0	0.0
_scratch_st-cdeboer-1_asfar_VLPs_results_crispresso_aggregated_spacer_SPACE-NG_rep3_.staging_CRISPRessoPooled_on_SPACE-NG_D3_rep3_CRISPResso_on_PDCD1	Deletions	0.0	0.0	0.0	0.0	0.0	0.0	0.0	0.0	0.0	0.0	0.0	0.0	0.0	2.0280273378085136e-05	2.0280273378085136e-05	2.0280273378085136e-05	2.0280273378085136e-05	2.0280273378085136e-05	2.0280273378085136e-05	2.0280273378085136e-05
_scratch_st-cdeboer-1_asfar_VLPs_results_crispresso_aggregated_spacer_SPACE-NG_rep3_.staging_CRISPRessoPooled_on_SPACE-NG_D3_rep3_CRISPResso_on_PDCD1	Substitutions	0.00018252246040276622	0.00030420410067127706	0.00020280273378085138	0.00012168164026851082	0.00030420410067127706	0.00016224218702468108	0.00016224218702468108	8.112109351234054e-05	0.00018252246040276622	0.00010140136689042569	0.00014196191364659595	0.0002230830071589365	0.00030420410067127706	0.00012168164026851082	4.056054675617027e-05	0.00014196191364659595	0.00016224218702468108	0.00042588574093978786	8.112109351234054e-05	0.00012168164026851082
_scratch_st-cdeboer-1_asfar_VLPs_results_crispresso_aggregated_spacer_SPACE-NG_rep3_.staging_CRISPRessoPooled_on_SPACE-NG_D3_rep3_CRISPResso_on_PDCD1	All_modifications	0.0002839238272931919	0.00040560546756170275	0.00020280273378085138	0.00012168164026851082	0.00030420410067127706	0.00016224218702468108	0.00016224218702468108	8.112109351234054e-05	0.00018252246040276622	0.00010140136689042569	0.00014196191364659595	0.0002230830071589365	0.00030420410067127706	0.00014196191364659595	6.084082013425541e-05	0.00016224218702468108	0.00018252246040276622	0.000446166014317873	0.00010140136689042569	0.00014196191364659595
_scratch_st-cdeboer-1_asfar_VLPs_results_crispresso_aggregated_spacer_SPACE-NG_rep3_.staging_CRISPRessoPooled_on_SPACE-NG_D4_rep3_CRISPResso_on_PDCD1	Insertions	1.827151470856934e-05	1.827151470856934e-05	0.0	0.0	0.0	0.0	0.0	0.0	0.0	0.0	0.0	0.0	0.0	0.0	0.0	0.0	0.0	0.0	0.0	0.0
_scratch_st-cdeboer-1_asfar_VLPs_results_crispresso_aggregated_spacer_SPACE-NG_rep3_.staging_CRISPRessoPooled_on_SPACE-NG_D4_rep3_CRISPResso_on_PDCD1	Insertions_Left	1.827151470856934e-05	0.0	0.0	0.0	0.0	0.0	0.0	0.0	0.0	0.0	0.0	0.0	0.0	0.0	0.0	0.0	0.0	0.0	0.0	0.0
_scratch_st-cdeboer-1_asfar_VLPs_results_crispresso_aggregated_spacer_SPACE-NG_rep3_.staging_CRISPRessoPooled_on_SPACE-NG_D4_rep3_CRISPResso_on_PDCD1	Deletions	3.654302941713868e-05	0.0	0.0	0.0	0.0	0.0	0.0	0.0	3.654302941713868e-05	0.0	0.0	0.0	0.0	0.0	0.0	0.0	0.0	0.0	0.0	0.0
_scratch_st-cdeboer-1_asfar_VLPs_results_crispresso_aggregated_spacer_SPACE-NG_rep3_.staging_CRISPRessoPooled_on_SPACE-NG_D4_rep3_CRISPResso_on_PDCD1	Substitutions	0.00023752969121140142	0.0001827151470856934	0.00020098666179426273	7.308605883427736e-05	0.00021925817650283208	0.00012790060295998537	1.827151470856934e-05	0.0003654302941713868	0.00012790060295998537	0.00012790060295998537	7.308605883427736e-05	9.13575735428467e-05	0.00029234423533710944	0.0001827151470856934	1.827151470856934e-05	7.308605883427736e-05	0.00016444363237712407	0.00040197332358852546	0.00014617211766855472	9.13575735428467e-05
_scratch_st-cdeboer-1_asfar_VLPs_results_crispresso_aggregated_spacer_SPACE-NG_rep3_.staging_CRISPRessoPooled_on_SPACE-NG_D4_rep3_CRISPResso_on_PDCD1	All_modifications	0.00029234423533710944	0.00020098666179426273	0.00020098666179426273	7.308605883427736e-05	0.00021925817650283208	0.00012790060295998537	1.827151470856934e-05	0.0003654302941713868	0.00016444363237712407	0.00012790060295998537	7.308605883427736e-05	9.13575735428467e-05	0.00029234423533710944	0.0001827151470856934	1.827151470856934e-05	7.308605883427736e-05	0.00016444363237712407	0.00040197332358852546	0.00014617211766855472	9.13575735428467e-05
_scratch_st-cdeboer-1_asfar_VLPs_results_crispresso_aggregated_spacer_SPACE-NG_rep3_.staging_CRISPRessoPooled_on_SPACE-NG_D5_rep3_CRISPResso_on_PDCD1	Insertions	0.0	0.0	0.0	0.0	0.0	0.0	0.0	0.0	0.0	0.0	0.0	0.0	0.0	0.0	0.0	0.0	0.0	0.0	0.0	0.0
_scratch_st-cdeboer-1_asfar_VLPs_results_crispresso_aggregated_spacer_SPACE-NG_rep3_.staging_CRISPRessoPooled_on_SPACE-NG_D5_rep3_CRISPResso_on_PDCD1	Insertions_Left	0.0	0.0	0.0	0.0	0.0	0.0	0.0	0.0	0.0	0.0	0.0	0.0	0.0	0.0	0.0	0.0	0.0	0.0	0.0	0.0
_scratch_st-cdeboer-1_asfar_VLPs_results_crispresso_aggregated_spacer_SPACE-NG_rep3_.staging_CRISPRessoPooled_on_SPACE-NG_D5_rep3_CRISPResso_on_PDCD1	Deletions	3.206001635060834e-05	1.603000817530417e-05	1.603000817530417e-05	1.603000817530417e-05	1.603000817530417e-05	1.603000817530417e-05	1.603000817530417e-05	1.603000817530417e-05	1.603000817530417e-05	1.603000817530417e-05	4.8090024525912505e-05	1.603000817530417e-05	1.603000817530417e-05	1.603000817530417e-05	1.603000817530417e-05	1.603000817530417e-05	1.603000817530417e-05	1.603000817530417e-05	1.603000817530417e-05	1.603000817530417e-05
_scratch_st-cdeboer-1_asfar_VLPs_results_crispresso_aggregated_spacer_SPACE-NG_rep3_.staging_CRISPRessoPooled_on_SPACE-NG_D5_rep3_CRISPResso_on_PDCD1	Substitutions	9.618004905182501e-05	0.00019236009810365002	0.00017633008992834587	0.00014427007357773752	0.00024045012262956255	9.618004905182501e-05	0.00011221005722712919	9.618004905182501e-05	0.0001603000817530417	0.00012824006540243337	0.0002083901062789542	0.00014427007357773752	0.00019236009810365002	0.0002083901062789542	6.412003270121668e-05	0.00011221005722712919	0.00022442011445425838	0.00027251013898017086	0.00011221005722712919	6.412003270121668e-05
_scratch_st-cdeboer-1_asfar_VLPs_results_crispresso_aggregated_spacer_SPACE-NG_rep3_.staging_CRISPRessoPooled_on_SPACE-NG_D5_rep3_CRISPResso_on_PDCD1	All_modifications	0.00012824006540243337	0.0002083901062789542	0.00019236009810365002	0.0001603000817530417	0.00025648013080486673	0.00011221005722712919	0.00012824006540243337	0.00011221005722712919	0.00017633008992834587	0.00014427007357773752	0.00025648013080486673	0.0001603000817530417	0.0002083901062789542	0.00022442011445425838	8.015004087652085e-05	0.00012824006540243337	0.00024045012262956255	0.00028854014715547503	0.00012824006540243337	8.015004087652085e-05
