Folder	Modification	C	A	C	C	T	A	C	C	T	A	A	G	A	A	C	C	A	T	C	C
_scratch_st-cdeboer-1_asfar_VLPs_results_crispresso_aggregated_spacer_SPACE-NG_rep2_.staging_CRISPRessoPooled_on_SPACE-NG_D0_rep2_CRISPResso_on_PDCD1	Insertions	0.0	0.0	0.0	0.0	0.0	0.0	0.0	0.0	0.0	0.0	0.0	0.0	0.0	0.0	0.0	0.0	0.0	0.0	0.0	0.0
_scratch_st-cdeboer-1_asfar_VLPs_results_crispresso_aggregated_spacer_SPACE-NG_rep2_.staging_CRISPRessoPooled_on_SPACE-NG_D0_rep2_CRISPResso_on_PDCD1	Insertions_Left	0.0	0.0	0.0	0.0	0.0	0.0	0.0	0.0	0.0	0.0	0.0	0.0	0.0	0.0	0.0	0.0	0.0	0.0	0.0	0.0
_scratch_st-cdeboer-1_asfar_VLPs_results_crispresso_aggregated_spacer_SPACE-NG_rep2_.staging_CRISPRessoPooled_on_SPACE-NG_D0_rep2_CRISPResso_on_PDCD1	Deletions	0.0	0.0	0.0	0.0	0.0	0.0	0.0	0.0	1.5641863884500476e-05	0.0	4.692559165350143e-05	0.0	0.0	0.0	0.0	0.0	0.0	0.0	0.0	0.0
_scratch_st-cdeboer-1_asfar_VLPs_results_crispresso_aggregated_spacer_SPACE-NG_rep2_.staging_CRISPRessoPooled_on_SPACE-NG_D0_rep2_CRISPResso_on_PDCD1	Substitutions	0.00015641863884500478	0.0001251349110760038	0.00017206050272950524	7.820931942250239e-05	0.00017206050272950524	0.00017206050272950524	9.385118330700286e-05	6.25674555380019e-05	0.00023462795826750715	0.00010949304719150334	0.00010949304719150334	0.0001407767749605043	0.0002815535499210086	9.385118330700286e-05	9.385118330700286e-05	0.0001251349110760038	0.00017206050272950524	0.0003441210054590105	6.25674555380019e-05	0.00017206050272950524
_scratch_st-cdeboer-1_asfar_VLPs_results_crispresso_aggregated_spacer_SPACE-NG_rep2_.staging_CRISPRessoPooled_on_SPACE-NG_D0_rep2_CRISPResso_on_PDCD1	All_modifications	0.00015641863884500478	0.0001251349110760038	0.00017206050272950524	7.820931942250239e-05	0.00017206050272950524	0.00017206050272950524	9.385118330700286e-05	6.25674555380019e-05	0.0002502698221520076	0.00010949304719150334	0.00015641863884500478	0.0001407767749605043	0.0002815535499210086	9.385118330700286e-05	9.385118330700286e-05	0.0001251349110760038	0.00017206050272950524	0.0003441210054590105	6.25674555380019e-05	0.00017206050272950524
_scratch_st-cdeboer-1_asfar_VLPs_results_crispresso_aggregated_spacer_SPACE-NG_rep2_.staging_CRISPRessoPooled_on_SPACE-NG_D1_rep2_CRISPResso_on_PDCD1	Insertions	4.278440936122877e-05	4.278440936122877e-05	0.0	0.0	0.0	0.0	0.0	0.0	0.0	0.0	0.0	0.0	0.0	0.0	0.0	0.0	0.0	0.0	0.0	0.0
_scratch_st-cdeboer-1_asfar_VLPs_results_crispresso_aggregated_spacer_SPACE-NG_rep2_.staging_CRISPRessoPooled_on_SPACE-NG_D1_rep2_CRISPResso_on_PDCD1	Insertions_Left	4.278440936122877e-05	0.0	0.0	0.0	0.0	0.0	0.0	0.0	0.0	0.0	0.0	0.0	0.0	0.0	0.0	0.0	0.0	0.0	0.0	0.0
_scratch_st-cdeboer-1_asfar_VLPs_results_crispresso_aggregated_spacer_SPACE-NG_rep2_.staging_CRISPRessoPooled_on_SPACE-NG_D1_rep2_CRISPResso_on_PDCD1	Deletions	4.278440936122877e-05	2.1392204680614384e-05	0.0	0.0	0.0	0.0	0.0	0.0	0.0	0.0	2.1392204680614384e-05	0.0	0.0	0.0	0.0	0.0	0.0	2.1392204680614384e-05	0.0	0.0
_scratch_st-cdeboer-1_asfar_VLPs_results_crispresso_aggregated_spacer_SPACE-NG_rep2_.staging_CRISPRessoPooled_on_SPACE-NG_D1_rep2_CRISPResso_on_PDCD1	Substitutions	0.00010696102340307191	0.00019252984212552945	0.00019252984212552945	0.0	0.0001283532280836863	0.00010696102340307191	0.0001497454327643007	8.556881872245754e-05	0.0001497454327643007	0.00019252984212552945	0.00010696102340307191	0.00023531425148675823	0.00019252984212552945	0.00021392204680614383	2.1392204680614384e-05	0.00010696102340307191	0.0001497454327643007	0.0003636674795704445	6.417661404184315e-05	6.417661404184315e-05
_scratch_st-cdeboer-1_asfar_VLPs_results_crispresso_aggregated_spacer_SPACE-NG_rep2_.staging_CRISPRessoPooled_on_SPACE-NG_D1_rep2_CRISPResso_on_PDCD1	All_modifications	0.00019252984212552945	0.0002567064561673726	0.00019252984212552945	0.0	0.0001283532280836863	0.00010696102340307191	0.0001497454327643007	8.556881872245754e-05	0.0001497454327643007	0.00019252984212552945	0.0001283532280836863	0.00023531425148675823	0.00019252984212552945	0.00021392204680614383	2.1392204680614384e-05	0.00010696102340307191	0.0001497454327643007	0.0003850596842510589	6.417661404184315e-05	6.417661404184315e-05
_scratch_st-cdeboer-1_asfar_VLPs_results_crispresso_aggregated_spacer_SPACE-NG_rep2_.staging_CRISPRessoPooled_on_SPACE-NG_D2_rep2_CRISPResso_on_PDCD1	Insertions	0.0	0.0	0.0	0.0	0.0	0.0	0.0	0.0	0.0	0.0	0.0	0.0	0.0	0.0	0.0	0.0	0.0	0.0	0.0	0.0
_scratch_st-cdeboer-1_asfar_VLPs_results_crispresso_aggregated_spacer_SPACE-NG_rep2_.staging_CRISPRessoPooled_on_SPACE-NG_D2_rep2_CRISPResso_on_PDCD1	Insertions_Left	0.0	0.0	0.0	0.0	0.0	0.0	0.0	0.0	0.0	0.0	0.0	0.0	0.0	0.0	0.0	0.0	0.0	0.0	0.0	0.0
_scratch_st-cdeboer-1_asfar_VLPs_results_crispresso_aggregated_spacer_SPACE-NG_rep2_.staging_CRISPRessoPooled_on_SPACE-NG_D2_rep2_CRISPResso_on_PDCD1	Deletions	4.5842820250301796e-05	0.0	0.0	0.0	0.0	0.0	0.0	0.0	0.0	0.0	7.640470041716967e-05	0.0	0.0	0.0	0.0	0.0	0.0	0.0	0.0	1.5280940083433932e-05
_scratch_st-cdeboer-1_asfar_VLPs_results_crispresso_aggregated_spacer_SPACE-NG_rep2_.staging_CRISPRessoPooled_on_SPACE-NG_D2_rep2_CRISPResso_on_PDCD1	Substitutions	6.112376033373573e-05	0.0002750569215018108	0.00010696658058403753	0.00010696658058403753	0.0002444950413349429	0.00015280940083433933	0.0001375284607509054	0.00010696658058403753	0.00018337128100120718	0.00012224752066747146	0.00010696658058403753	0.00018337128100120718	0.00030561880166867867	0.00015280940083433933	4.5842820250301796e-05	0.0001375284607509054	0.00012224752066747146	0.0003820235020858483	0.00012224752066747146	0.00012224752066747146
_scratch_st-cdeboer-1_asfar_VLPs_results_crispresso_aggregated_spacer_SPACE-NG_rep2_.staging_CRISPRessoPooled_on_SPACE-NG_D2_rep2_CRISPResso_on_PDCD1	All_modifications	0.00010696658058403753	0.0002750569215018108	0.00010696658058403753	0.00010696658058403753	0.0002444950413349429	0.00015280940083433933	0.0001375284607509054	0.00010696658058403753	0.00018337128100120718	0.00012224752066747146	0.00018337128100120718	0.00018337128100120718	0.00030561880166867867	0.00015280940083433933	4.5842820250301796e-05	0.0001375284607509054	0.00012224752066747146	0.0003820235020858483	0.00012224752066747146	0.0001375284607509054
_scratch_st-cdeboer-1_asfar_VLPs_results_crispresso_aggregated_spacer_SPACE-NG_rep2_.staging_CRISPRessoPooled_on_SPACE-NG_D3_rep2_CRISPResso_on_PDCD1	Insertions	2.4248302618816682e-05	2.4248302618816682e-05	0.0	0.0	0.0	0.0	0.0	0.0	0.0	0.0	0.0	0.0	0.0	0.0	0.0	0.0	0.0	0.0	0.0	0.0
_scratch_st-cdeboer-1_asfar_VLPs_results_crispresso_aggregated_spacer_SPACE-NG_rep2_.staging_CRISPRessoPooled_on_SPACE-NG_D3_rep2_CRISPResso_on_PDCD1	Insertions_Left	2.4248302618816682e-05	0.0	0.0	0.0	0.0	0.0	0.0	0.0	0.0	0.0	0.0	0.0	0.0	0.0	0.0	0.0	0.0	0.0	0.0	0.0
_scratch_st-cdeboer-1_asfar_VLPs_results_crispresso_aggregated_spacer_SPACE-NG_rep2_.staging_CRISPRessoPooled_on_SPACE-NG_D3_rep2_CRISPResso_on_PDCD1	Deletions	1.2124151309408341e-05	1.2124151309408341e-05	0.0	0.0	1.2124151309408341e-05	0.0	0.0	0.0	0.0	0.0	2.4248302618816682e-05	0.0	0.0	0.0	0.0	0.0	0.0	0.0	0.0	0.0
_scratch_st-cdeboer-1_asfar_VLPs_results_crispresso_aggregated_spacer_SPACE-NG_rep2_.staging_CRISPRessoPooled_on_SPACE-NG_D3_rep2_CRISPResso_on_PDCD1	Substitutions	0.00018186226964112513	8.486905916585839e-05	0.00012124151309408342	0.00015761396702230844	0.00015761396702230844	0.00012124151309408342	4.8496605237633365e-05	8.486905916585839e-05	0.00019398642095053346	0.00010911736178467507	0.00013336566440349176	0.00016973811833171677	0.00016973811833171677	0.0001454898157129001	3.637245392822502e-05	0.0001454898157129001	0.0001454898157129001	0.00046071774975751695	0.0001454898157129001	0.00010911736178467507
_scratch_st-cdeboer-1_asfar_VLPs_results_crispresso_aggregated_spacer_SPACE-NG_rep2_.staging_CRISPRessoPooled_on_SPACE-NG_D3_rep2_CRISPResso_on_PDCD1	All_modifications	0.00021823472356935015	0.00012124151309408342	0.00012124151309408342	0.00015761396702230844	0.00016973811833171677	0.00012124151309408342	4.8496605237633365e-05	8.486905916585839e-05	0.00019398642095053346	0.00010911736178467507	0.00015761396702230844	0.00016973811833171677	0.00016973811833171677	0.0001454898157129001	3.637245392822502e-05	0.0001454898157129001	0.0001454898157129001	0.00046071774975751695	0.0001454898157129001	0.00010911736178467507
_scratch_st-cdeboer-1_asfar_VLPs_results_crispresso_aggregated_spacer_SPACE-NG_rep2_.staging_CRISPRessoPooled_on_SPACE-NG_D4_rep2_CRISPResso_on_PDCD1	Insertions	1.0735718810052928e-05	1.0735718810052928e-05	0.0	0.0	0.0	0.0	0.0	0.0	0.0	0.0	0.0	0.0	0.0	0.0	0.0	0.0	0.0	0.0	0.0	0.0
_scratch_st-cdeboer-1_asfar_VLPs_results_crispresso_aggregated_spacer_SPACE-NG_rep2_.staging_CRISPRessoPooled_on_SPACE-NG_D4_rep2_CRISPResso_on_PDCD1	Insertions_Left	1.0735718810052928e-05	0.0	0.0	0.0	0.0	0.0	0.0	0.0	0.0	0.0	0.0	0.0	0.0	0.0	0.0	0.0	0.0	0.0	0.0	0.0
_scratch_st-cdeboer-1_asfar_VLPs_results_crispresso_aggregated_spacer_SPACE-NG_rep2_.staging_CRISPRessoPooled_on_SPACE-NG_D4_rep2_CRISPResso_on_PDCD1	Deletions	5.367859405026464e-05	1.0735718810052928e-05	0.0	0.0	1.0735718810052928e-05	0.0	0.0	0.0	0.0	0.0	6.441431286031757e-05	0.0	0.0	0.0	0.0	0.0	0.0	0.0	0.0	0.0
_scratch_st-cdeboer-1_asfar_VLPs_results_crispresso_aggregated_spacer_SPACE-NG_rep2_.staging_CRISPRessoPooled_on_SPACE-NG_D4_rep2_CRISPResso_on_PDCD1	Substitutions	8.588575048042342e-05	0.00013956434453068806	0.00012882862572063513	0.00012882862572063513	0.00021471437620105855	0.00013956434453068806	7.515003167037049e-05	5.367859405026464e-05	0.00018250721977089977	0.0001610357821507939	0.00013956434453068806	0.00017177150096084684	0.0001932429385809527	0.00025765725144127026	8.588575048042342e-05	7.515003167037049e-05	0.0001932429385809527	0.0003542787207317466	0.00017177150096084684	9.662146929047635e-05
_scratch_st-cdeboer-1_asfar_VLPs_results_crispresso_aggregated_spacer_SPACE-NG_rep2_.staging_CRISPRessoPooled_on_SPACE-NG_D4_rep2_CRISPResso_on_PDCD1	All_modifications	0.00015030006334074099	0.0001610357821507939	0.00012882862572063513	0.00012882862572063513	0.00022545009501111148	0.00013956434453068806	7.515003167037049e-05	5.367859405026464e-05	0.00018250721977089977	0.0001610357821507939	0.00020397865739100562	0.00017177150096084684	0.0001932429385809527	0.00025765725144127026	8.588575048042342e-05	7.515003167037049e-05	0.0001932429385809527	0.0003542787207317466	0.00017177150096084684	9.662146929047635e-05
_scratch_st-cdeboer-1_asfar_VLPs_results_crispresso_aggregated_spacer_SPACE-NG_rep2_.staging_CRISPRessoPooled_on_SPACE-NG_D5_rep2_CRISPResso_on_PDCD1	Insertions	1.1933886270063846e-05	1.1933886270063846e-05	0.0	0.0	0.0	0.0	0.0	0.0	0.0	0.0	0.0	0.0	0.0	0.0	0.0	0.0	0.0	0.0	0.0	0.0
_scratch_st-cdeboer-1_asfar_VLPs_results_crispresso_aggregated_spacer_SPACE-NG_rep2_.staging_CRISPRessoPooled_on_SPACE-NG_D5_rep2_CRISPResso_on_PDCD1	Insertions_Left	1.1933886270063846e-05	0.0	0.0	0.0	0.0	0.0	0.0	0.0	0.0	0.0	0.0	0.0	0.0	0.0	0.0	0.0	0.0	0.0	0.0	0.0
_scratch_st-cdeboer-1_asfar_VLPs_results_crispresso_aggregated_spacer_SPACE-NG_rep2_.staging_CRISPRessoPooled_on_SPACE-NG_D5_rep2_CRISPResso_on_PDCD1	Deletions	9.547109016051077e-05	1.1933886270063846e-05	1.1933886270063846e-05	1.1933886270063846e-05	2.386777254012769e-05	1.1933886270063846e-05	8.353720389044692e-05	9.547109016051077e-05	8.353720389044692e-05	8.353720389044692e-05	0.0001312727489707023	8.353720389044692e-05	8.353720389044692e-05	8.353720389044692e-05	8.353720389044692e-05	9.547109016051077e-05	8.353720389044692e-05	1.1933886270063846e-05	1.1933886270063846e-05	1.1933886270063846e-05
_scratch_st-cdeboer-1_asfar_VLPs_results_crispresso_aggregated_spacer_SPACE-NG_rep2_.staging_CRISPRessoPooled_on_SPACE-NG_D5_rep2_CRISPResso_on_PDCD1	Substitutions	0.00016707440778089384	0.0001790082940509577	0.00011933886270063847	0.00016707440778089384	0.0001790082940509577	0.0001790082940509577	0.00010740497643057462	0.0001790082940509577	0.00021480995286114925	0.0002506116116713408	0.00015514052151083	0.0002506116116713408	0.00029834715675159615	0.00019094218032102153	3.580165881019154e-05	9.547109016051077e-05	0.0001312727489707023	0.0002625454979414046	4.773554508025538e-05	7.160331762038308e-05
_scratch_st-cdeboer-1_asfar_VLPs_results_crispresso_aggregated_spacer_SPACE-NG_rep2_.staging_CRISPRessoPooled_on_SPACE-NG_D5_rep2_CRISPResso_on_PDCD1	All_modifications	0.00027447938421146847	0.00020287606659108538	0.0001312727489707023	0.0001790082940509577	0.00020287606659108538	0.00019094218032102153	0.00019094218032102153	0.00027447938421146847	0.00029834715675159615	0.0003341488155617877	0.0002864132704815323	0.0003341488155617877	0.00038188436064204306	0.00027447938421146847	0.00011933886270063847	0.00019094218032102153	0.00021480995286114925	0.00027447938421146847	5.9669431350319234e-05	8.353720389044692e-05
