Folder	Modification	C	A	C	C	T	A	C	C	T	A	A	G	A	A	C	C	A	T	C	C
_scratch_st-cdeboer-1_asfar_VLPs_results_crispresso_aggregated_spacer_TadCBEd_rep1_.staging_CRISPRessoPooled_on_TadCBEd_D0_rep1_CRISPResso_on_PDCD1	Insertions	0.0	0.0	0.0	0.0	0.0	0.0	0.0	0.0	0.0	0.0	0.0	0.0	0.0	0.0	0.0	0.0	0.0	0.0	0.0	0.0
_scratch_st-cdeboer-1_asfar_VLPs_results_crispresso_aggregated_spacer_TadCBEd_rep1_.staging_CRISPRessoPooled_on_TadCBEd_D0_rep1_CRISPResso_on_PDCD1	Insertions_Left	0.0	0.0	0.0	0.0	0.0	0.0	0.0	0.0	0.0	0.0	0.0	0.0	0.0	0.0	0.0	0.0	0.0	0.0	0.0	0.0
_scratch_st-cdeboer-1_asfar_VLPs_results_crispresso_aggregated_spacer_TadCBEd_rep1_.staging_CRISPRessoPooled_on_TadCBEd_D0_rep1_CRISPResso_on_PDCD1	Deletions	2.297477369847907e-05	0.0	0.0	1.1487386849239535e-05	0.0	0.0	0.0	0.0	0.0	0.0	1.1487386849239535e-05	0.0	0.0	0.0	0.0	0.0	0.0	0.0	0.0	1.1487386849239535e-05
_scratch_st-cdeboer-1_asfar_VLPs_results_crispresso_aggregated_spacer_TadCBEd_rep1_.staging_CRISPRessoPooled_on_TadCBEd_D0_rep1_CRISPResso_on_PDCD1	Substitutions	0.00012636125534163487	0.0002297477369847907	9.189909479391628e-05	0.0001378486421908744	0.0002756972843817488	0.0001378486421908744	0.00020677296328631162	9.189909479391628e-05	0.0003905711528741442	0.00020677296328631162	0.0001378486421908744	0.00024123512383403023	0.0003331342186279465	0.00025272251068326974	9.189909479391628e-05	0.0001378486421908744	0.00014933602904011395	0.00036759637917566513	0.00014933602904011395	0.0001608234158893535
_scratch_st-cdeboer-1_asfar_VLPs_results_crispresso_aggregated_spacer_TadCBEd_rep1_.staging_CRISPRessoPooled_on_TadCBEd_D0_rep1_CRISPResso_on_PDCD1	All_modifications	0.00014933602904011395	0.0002297477369847907	9.189909479391628e-05	0.00014933602904011395	0.0002756972843817488	0.0001378486421908744	0.00020677296328631162	9.189909479391628e-05	0.0003905711528741442	0.00020677296328631162	0.00014933602904011395	0.00024123512383403023	0.0003331342186279465	0.00025272251068326974	9.189909479391628e-05	0.0001378486421908744	0.00014933602904011395	0.00036759637917566513	0.00014933602904011395	0.00017231080273859303
_scratch_st-cdeboer-1_asfar_VLPs_results_crispresso_aggregated_spacer_TadCBEd_rep1_.staging_CRISPRessoPooled_on_TadCBEd_D1_rep1_CRISPResso_on_PDCD1	Insertions	0.0	0.0	0.0	0.0	0.0	0.0	0.0	0.0	0.0	0.0	0.0	0.0	0.0	0.0	0.0	0.0	0.0	0.0	0.0	0.0
_scratch_st-cdeboer-1_asfar_VLPs_results_crispresso_aggregated_spacer_TadCBEd_rep1_.staging_CRISPRessoPooled_on_TadCBEd_D1_rep1_CRISPResso_on_PDCD1	Insertions_Left	0.0	0.0	0.0	0.0	0.0	0.0	0.0	0.0	0.0	0.0	0.0	0.0	0.0	0.0	0.0	0.0	0.0	0.0	0.0	0.0
_scratch_st-cdeboer-1_asfar_VLPs_results_crispresso_aggregated_spacer_TadCBEd_rep1_.staging_CRISPRessoPooled_on_TadCBEd_D1_rep1_CRISPResso_on_PDCD1	Deletions	6.822562213239182e-05	2.5584608299646932e-05	2.5584608299646932e-05	1.7056405533097955e-05	2.5584608299646932e-05	1.7056405533097955e-05	1.7056405533097955e-05	1.7056405533097955e-05	1.7056405533097955e-05	1.7056405533097955e-05	5.1169216599293864e-05	1.7056405533097955e-05	1.7056405533097955e-05	1.7056405533097955e-05	1.7056405533097955e-05	1.7056405533097955e-05	1.7056405533097955e-05	1.7056405533097955e-05	8.528202766548977e-06	8.528202766548977e-06
_scratch_st-cdeboer-1_asfar_VLPs_results_crispresso_aggregated_spacer_TadCBEd_rep1_.staging_CRISPRessoPooled_on_TadCBEd_D1_rep1_CRISPResso_on_PDCD1	Substitutions	0.00014497944703133263	0.0002217332719302734	0.00017056405533097955	0.00017909225809752854	0.0003070152995957632	0.0001961486636306265	0.00017909225809752854	0.00012792304149823467	0.0002302614746968224	0.0001108666359651367	0.0001961486636306265	0.0001961486636306265	0.00024731788022992036	0.00020467686639717546	6.822562213239182e-05	0.00012792304149823467	0.0001535076497978816	0.0004008255300278019	0.00014497944703133263	0.0001876204608640775
_scratch_st-cdeboer-1_asfar_VLPs_results_crispresso_aggregated_spacer_TadCBEd_rep1_.staging_CRISPRessoPooled_on_TadCBEd_D1_rep1_CRISPResso_on_PDCD1	All_modifications	0.00021320506916372445	0.00024731788022992036	0.0001961486636306265	0.0001961486636306265	0.0003325999078954101	0.00021320506916372445	0.0001961486636306265	0.00014497944703133263	0.00024731788022992036	0.00012792304149823467	0.00024731788022992036	0.00021320506916372445	0.0002643742857630183	0.0002217332719302734	8.528202766548977e-05	0.00014497944703133263	0.00017056405533097955	0.0004178819355608999	0.0001535076497978816	0.0001961486636306265
_scratch_st-cdeboer-1_asfar_VLPs_results_crispresso_aggregated_spacer_TadCBEd_rep1_.staging_CRISPRessoPooled_on_TadCBEd_D2_rep1_CRISPResso_on_PDCD1	Insertions	1.6080272721425357e-05	1.6080272721425357e-05	0.0	0.0	0.0	0.0	0.0	0.0	0.0	1.6080272721425357e-05	1.6080272721425357e-05	0.0	0.0	0.0	0.0	0.0	0.0	0.0	0.0	0.0
_scratch_st-cdeboer-1_asfar_VLPs_results_crispresso_aggregated_spacer_TadCBEd_rep1_.staging_CRISPRessoPooled_on_TadCBEd_D2_rep1_CRISPResso_on_PDCD1	Insertions_Left	1.6080272721425357e-05	0.0	0.0	0.0	0.0	0.0	0.0	0.0	0.0	1.6080272721425357e-05	0.0	0.0	0.0	0.0	0.0	0.0	0.0	0.0	0.0	0.0
_scratch_st-cdeboer-1_asfar_VLPs_results_crispresso_aggregated_spacer_TadCBEd_rep1_.staging_CRISPRessoPooled_on_TadCBEd_D2_rep1_CRISPResso_on_PDCD1	Deletions	3.2160545442850713e-05	0.0	0.0	0.0	1.6080272721425357e-05	0.0	0.0	0.0	0.0	0.0	2.4120409082138033e-05	0.0	0.0	0.0	0.0	0.0	0.0	0.0	0.0	0.0
_scratch_st-cdeboer-1_asfar_VLPs_results_crispresso_aggregated_spacer_TadCBEd_rep1_.staging_CRISPRessoPooled_on_TadCBEd_D2_rep1_CRISPResso_on_PDCD1	Substitutions	0.00016884286357496622	0.00024120409082138033	8.844149996783946e-05	0.00016884286357496622	0.00019296327265710427	0.00013668231813211552	0.0003135653180677944	0.0003296455907892198	0.00016884286357496622	0.00019296327265710427	8.844149996783946e-05	0.00022512381809995497	0.00020100340901781693	0.000249244227182093	5.6280954524988743e-05	0.00012864218177140285	0.00022512381809995497	0.0003939666816749212	0.00012864218177140285	0.00016884286357496622
_scratch_st-cdeboer-1_asfar_VLPs_results_crispresso_aggregated_spacer_TadCBEd_rep1_.staging_CRISPRessoPooled_on_TadCBEd_D2_rep1_CRISPResso_on_PDCD1	All_modifications	0.0002170836817392423	0.0002572843635428057	8.844149996783946e-05	0.00016884286357496622	0.00020904354537852962	0.00013668231813211552	0.0003135653180677944	0.0003296455907892198	0.00016884286357496622	0.00020904354537852962	0.00012864218177140285	0.00022512381809995497	0.00020100340901781693	0.000249244227182093	5.6280954524988743e-05	0.00012864218177140285	0.00022512381809995497	0.0003939666816749212	0.00012864218177140285	0.00016884286357496622
_scratch_st-cdeboer-1_asfar_VLPs_results_crispresso_aggregated_spacer_TadCBEd_rep1_.staging_CRISPRessoPooled_on_TadCBEd_D3_rep1_CRISPResso_on_PDCD1	Insertions	1.8573378776200072e-05	1.8573378776200072e-05	0.0	0.0	0.0	0.0	0.0	0.0	0.0	0.0	0.0	0.0	0.0	0.0	0.0	0.0	0.0	0.0	0.0	0.0
_scratch_st-cdeboer-1_asfar_VLPs_results_crispresso_aggregated_spacer_TadCBEd_rep1_.staging_CRISPRessoPooled_on_TadCBEd_D3_rep1_CRISPResso_on_PDCD1	Insertions_Left	1.8573378776200072e-05	0.0	0.0	0.0	0.0	0.0	0.0	0.0	0.0	0.0	0.0	0.0	0.0	0.0	0.0	0.0	0.0	0.0	0.0	0.0
_scratch_st-cdeboer-1_asfar_VLPs_results_crispresso_aggregated_spacer_TadCBEd_rep1_.staging_CRISPRessoPooled_on_TadCBEd_D3_rep1_CRISPResso_on_PDCD1	Deletions	5.572013632860022e-05	0.0	0.0	0.0	0.0	1.8573378776200072e-05	0.0	0.0	0.0	0.0	1.8573378776200072e-05	0.0	0.0	0.0	0.0	9.286689388100036e-06	0.0	0.0	0.0	0.0
_scratch_st-cdeboer-1_asfar_VLPs_results_crispresso_aggregated_spacer_TadCBEd_rep1_.staging_CRISPRessoPooled_on_TadCBEd_D3_rep1_CRISPResso_on_PDCD1	Substitutions	0.00015787371959770062	0.00024145392409060095	0.0001300136514334005	0.0003807542649121015	0.00022288054531440087	0.0001300136514334005	0.0010679692796315041	0.000492194537569302	0.0001764470983739007	0.00021359385592630082	0.00014858703020960057	0.0002878873710311011	0.000260027302866801	0.00014858703020960057	8.358020449290032e-05	0.00015787371959770062	0.00016716040898580065	0.00032503412858350125	0.0001021535832691004	0.00013930034082150055
_scratch_st-cdeboer-1_asfar_VLPs_results_crispresso_aggregated_spacer_TadCBEd_rep1_.staging_CRISPRessoPooled_on_TadCBEd_D3_rep1_CRISPResso_on_PDCD1	All_modifications	0.0002321672347025009	0.000260027302866801	0.0001300136514334005	0.0003807542649121015	0.00022288054531440087	0.00014858703020960057	0.0010679692796315041	0.000492194537569302	0.0001764470983739007	0.00021359385592630082	0.00016716040898580065	0.0002878873710311011	0.000260027302866801	0.00014858703020960057	8.358020449290032e-05	0.00016716040898580065	0.00016716040898580065	0.00032503412858350125	0.0001021535832691004	0.00013930034082150055
_scratch_st-cdeboer-1_asfar_VLPs_results_crispresso_aggregated_spacer_TadCBEd_rep1_.staging_CRISPRessoPooled_on_TadCBEd_D4_rep1_CRISPResso_on_PDCD1	Insertions	2.6851224080177754e-05	2.6851224080177754e-05	0.0	0.0	6.041525418039995e-05	6.041525418039995e-05	4.0276836120266636e-05	4.0276836120266636e-05	0.0	8.726647826057771e-05	8.726647826057771e-05	0.0	0.0	0.0	0.0	0.0	3.356403010022219e-05	3.356403010022219e-05	0.0	0.0
_scratch_st-cdeboer-1_asfar_VLPs_results_crispresso_aggregated_spacer_TadCBEd_rep1_.staging_CRISPRessoPooled_on_TadCBEd_D4_rep1_CRISPResso_on_PDCD1	Insertions_Left	2.6851224080177754e-05	0.0	0.0	0.0	6.041525418039995e-05	0.0	4.0276836120266636e-05	0.0	0.0	8.726647826057771e-05	0.0	0.0	0.0	0.0	0.0	0.0	3.356403010022219e-05	0.0	0.0	0.0
_scratch_st-cdeboer-1_asfar_VLPs_results_crispresso_aggregated_spacer_TadCBEd_rep1_.staging_CRISPRessoPooled_on_TadCBEd_D4_rep1_CRISPResso_on_PDCD1	Deletions	0.0002416610167215998	0.00017453295652115542	0.00022152259866146647	0.0002953634648819553	0.0002886506588619109	0.00017453295652115542	0.0002953634648819553	0.0005571628996636884	0.00033564030100222196	0.00033564030100222196	0.00026851224080177755	0.00021480979264142203	0.00021480979264142203	0.00022152259866146647	0.00021480979264142203	0.00022152259866146647	0.00017453295652115542	0.0001409689264209332	0.00013425612040088877	0.00013425612040088877
_scratch_st-cdeboer-1_asfar_VLPs_results_crispresso_aggregated_spacer_TadCBEd_rep1_.staging_CRISPRessoPooled_on_TadCBEd_D4_rep1_CRISPResso_on_PDCD1	Substitutions	0.00016782015050111098	0.0002416610167215998	0.0006108653478240439	0.0020742570601937314	0.0007853983043451993	0.00018124576254119985	0.012680490571863944	0.005289691143795018	0.0002080969866213776	0.00018124576254119985	0.00017453295652115542	0.00022823540468151093	0.00030207627090199975	0.00015439453846102208	0.00010069209030066658	8.726647826057771e-05	0.0001879585685612443	0.0004027683612026663	0.00014768173244097764	0.0001409689264209332
_scratch_st-cdeboer-1_asfar_VLPs_results_crispresso_aggregated_spacer_TadCBEd_rep1_.staging_CRISPRessoPooled_on_TadCBEd_D4_rep1_CRISPResso_on_PDCD1	All_modifications	0.0004363323913028885	0.00044304519732293293	0.0008323879464855104	0.0023696205250756867	0.00113446421738751	0.0004161939732427552	0.013016130872866167	0.005887130879578973	0.0005437372876235995	0.0006041525418039995	0.0005303116755835107	0.00044304519732293293	0.0005168860635434218	0.0003759171371224886	0.0003155018829420886	0.00030878907692204416	0.0003960555551826219	0.0005773013177238218	0.0002819378528418664	0.000275225046821822
_scratch_st-cdeboer-1_asfar_VLPs_results_crispresso_aggregated_spacer_TadCBEd_rep1_.staging_CRISPRessoPooled_on_TadCBEd_D5_rep1_CRISPResso_on_PDCD1	Insertions	0.0	0.0	0.0	0.0	0.0	0.0	0.0	0.0	0.0	3.564681139272092e-05	3.564681139272092e-05	0.0	0.0	0.0	0.0	0.0	0.0	0.0	0.0	0.0
_scratch_st-cdeboer-1_asfar_VLPs_results_crispresso_aggregated_spacer_TadCBEd_rep1_.staging_CRISPRessoPooled_on_TadCBEd_D5_rep1_CRISPResso_on_PDCD1	Insertions_Left	0.0	0.0	0.0	0.0	0.0	0.0	0.0	0.0	0.0	3.564681139272092e-05	0.0	0.0	0.0	0.0	0.0	0.0	0.0	0.0	0.0	0.0
_scratch_st-cdeboer-1_asfar_VLPs_results_crispresso_aggregated_spacer_TadCBEd_rep1_.staging_CRISPRessoPooled_on_TadCBEd_D5_rep1_CRISPResso_on_PDCD1	Deletions	7.842298506398603e-05	0.0	0.0	0.0	0.0001782340569636046	2.8517449114176738e-05	0.00012832852101379532	0.0003208213025344883	0.00012832852101379532	0.00012832852101379532	4.990553594980929e-05	2.1388086835632552e-05	2.1388086835632552e-05	2.1388086835632552e-05	2.1388086835632552e-05	2.1388086835632552e-05	0.0	0.0	0.0	0.0
_scratch_st-cdeboer-1_asfar_VLPs_results_crispresso_aggregated_spacer_TadCBEd_rep1_.staging_CRISPRessoPooled_on_TadCBEd_D5_rep1_CRISPResso_on_PDCD1	Substitutions	0.0002210102306348697	0.00028517449114176736	0.0008769115602609346	0.0014900367162157344	0.000541831533169358	0.0002281395929134139	0.012925533811000606	0.006024311125369835	0.00024239831747050226	0.0001782340569636046	0.00020675150607778135	0.0002210102306348697	0.00021388086835632552	0.00019249278152069297	0.00011406979645670695	0.00010694043417816276	0.00017110469468506042	0.0002923038534203116	0.00014258724557088368	0.00015684597012797206
_scratch_st-cdeboer-1_asfar_VLPs_results_crispresso_aggregated_spacer_TadCBEd_rep1_.staging_CRISPRessoPooled_on_TadCBEd_D5_rep1_CRISPResso_on_PDCD1	All_modifications	0.00029943321569885574	0.00028517449114176736	0.0008769115602609346	0.0014900367162157344	0.0007200655901329626	0.00025665704202759064	0.013053862332014401	0.006345132427904324	0.0003707268384842976	0.00034220938937012084	0.0002923038534203116	0.00024239831747050226	0.00023526895519195807	0.00021388086835632552	0.0001354578832923395	0.00012832852101379532	0.00017110469468506042	0.0002923038534203116	0.00014258724557088368	0.00015684597012797206
