Folder	Modification	C	A	C	C	T	A	C	C	T	A	A	G	A	A	C	C	A	T	C	C
_scratch_st-cdeboer-1_asfar_VLPs_results_crispresso_aggregated_spacer_TadCBEd_rep2_.staging_CRISPRessoPooled_on_TadCBEd_D0_rep2_CRISPResso_on_PDCD1	Insertions	0.0	0.0	0.0	0.0	0.0	0.0	0.0	0.0	0.0	0.0	0.0	0.0	0.0	0.0	0.0	0.0	0.0	0.0	0.0	0.0
_scratch_st-cdeboer-1_asfar_VLPs_results_crispresso_aggregated_spacer_TadCBEd_rep2_.staging_CRISPRessoPooled_on_TadCBEd_D0_rep2_CRISPResso_on_PDCD1	Insertions_Left	0.0	0.0	0.0	0.0	0.0	0.0	0.0	0.0	0.0	0.0	0.0	0.0	0.0	0.0	0.0	0.0	0.0	0.0	0.0	0.0
_scratch_st-cdeboer-1_asfar_VLPs_results_crispresso_aggregated_spacer_TadCBEd_rep2_.staging_CRISPRessoPooled_on_TadCBEd_D0_rep2_CRISPResso_on_PDCD1	Deletions	0.0	0.0	0.0	0.0	2.1111298767100152e-05	0.0	0.0	2.1111298767100152e-05	2.1111298767100152e-05	0.0	8.444519506840061e-05	0.0	0.0	0.0	0.0	0.0	0.0	0.0	0.0	0.0
_scratch_st-cdeboer-1_asfar_VLPs_results_crispresso_aggregated_spacer_TadCBEd_rep2_.staging_CRISPRessoPooled_on_TadCBEd_D0_rep2_CRISPResso_on_PDCD1	Substitutions	4.2222597534200305e-05	0.00010555649383550076	0.00010555649383550076	6.333389630130046e-05	0.00023222428643810168	0.00014777909136970107	4.2222597534200305e-05	4.2222597534200305e-05	0.00016889039013680122	0.00010555649383550076	0.00012666779260260091	0.00021111298767100152	0.00016889039013680122	0.00019000168890390137	0.00010555649383550076	0.00010555649383550076	0.00012666779260260091	0.00021111298767100152	0.00010555649383550076	0.00014777909136970107
_scratch_st-cdeboer-1_asfar_VLPs_results_crispresso_aggregated_spacer_TadCBEd_rep2_.staging_CRISPRessoPooled_on_TadCBEd_D0_rep2_CRISPResso_on_PDCD1	All_modifications	4.2222597534200305e-05	0.00010555649383550076	0.00010555649383550076	6.333389630130046e-05	0.00025333558520520183	0.00014777909136970107	4.2222597534200305e-05	6.333389630130046e-05	0.00019000168890390137	0.00010555649383550076	0.00021111298767100152	0.00021111298767100152	0.00016889039013680122	0.00019000168890390137	0.00010555649383550076	0.00010555649383550076	0.00012666779260260091	0.00021111298767100152	0.00010555649383550076	0.00014777909136970107
_scratch_st-cdeboer-1_asfar_VLPs_results_crispresso_aggregated_spacer_TadCBEd_rep2_.staging_CRISPRessoPooled_on_TadCBEd_D1_rep2_CRISPResso_on_PDCD1	Insertions	0.0	0.0	0.0	0.0	0.0	0.0	0.0	0.0	0.0	0.0	0.0	0.0	0.0	0.0	0.0	0.0	0.0	0.0	0.0	0.0
_scratch_st-cdeboer-1_asfar_VLPs_results_crispresso_aggregated_spacer_TadCBEd_rep2_.staging_CRISPRessoPooled_on_TadCBEd_D1_rep2_CRISPResso_on_PDCD1	Insertions_Left	0.0	0.0	0.0	0.0	0.0	0.0	0.0	0.0	0.0	0.0	0.0	0.0	0.0	0.0	0.0	0.0	0.0	0.0	0.0	0.0
_scratch_st-cdeboer-1_asfar_VLPs_results_crispresso_aggregated_spacer_TadCBEd_rep2_.staging_CRISPRessoPooled_on_TadCBEd_D1_rep2_CRISPResso_on_PDCD1	Deletions	0.0	0.0	0.0	0.0	0.0	0.0	0.0	0.0	2.1290185224611454e-05	0.0	6.387055567383436e-05	0.0	0.0	0.0	0.0	0.0	0.0	2.1290185224611454e-05	0.0	2.1290185224611454e-05
_scratch_st-cdeboer-1_asfar_VLPs_results_crispresso_aggregated_spacer_TadCBEd_rep2_.staging_CRISPRessoPooled_on_TadCBEd_D1_rep2_CRISPResso_on_PDCD1	Substitutions	0.000234192037470726	0.00025548222269533745	0.00012774111134766872	0.00012774111134766872	0.00014903129657228018	0.00012774111134766872	0.00025548222269533745	0.00017032148179689163	0.00010645092612305727	8.516074089844582e-05	0.00010645092612305727	0.00021290185224611454	0.0003193527783691718	0.00017032148179689163	0.0	6.387055567383436e-05	0.00021290185224611454	0.00012774111134766872	6.387055567383436e-05	0.00010645092612305727
_scratch_st-cdeboer-1_asfar_VLPs_results_crispresso_aggregated_spacer_TadCBEd_rep2_.staging_CRISPRessoPooled_on_TadCBEd_D1_rep2_CRISPResso_on_PDCD1	All_modifications	0.000234192037470726	0.00025548222269533745	0.00012774111134766872	0.00012774111134766872	0.00014903129657228018	0.00012774111134766872	0.00025548222269533745	0.00017032148179689163	0.00012774111134766872	8.516074089844582e-05	0.00017032148179689163	0.00021290185224611454	0.0003193527783691718	0.00017032148179689163	0.0	6.387055567383436e-05	0.00021290185224611454	0.00014903129657228018	6.387055567383436e-05	0.00012774111134766872
_scratch_st-cdeboer-1_asfar_VLPs_results_crispresso_aggregated_spacer_TadCBEd_rep2_.staging_CRISPRessoPooled_on_TadCBEd_D2_rep2_CRISPResso_on_PDCD1	Insertions	0.00015196308678473738	0.00015196308678473738	0.0	0.0	0.0	0.0	0.0	0.0	0.0	0.0	0.0	0.0	0.0	0.0	0.0	0.0	0.0	0.0	0.0	0.0
_scratch_st-cdeboer-1_asfar_VLPs_results_crispresso_aggregated_spacer_TadCBEd_rep2_.staging_CRISPRessoPooled_on_TadCBEd_D2_rep2_CRISPResso_on_PDCD1	Insertions_Left	0.00015196308678473738	0.0	0.0	0.0	0.0	0.0	0.0	0.0	0.0	0.0	0.0	0.0	0.0	0.0	0.0	0.0	0.0	0.0	0.0	0.0
_scratch_st-cdeboer-1_asfar_VLPs_results_crispresso_aggregated_spacer_TadCBEd_rep2_.staging_CRISPRessoPooled_on_TadCBEd_D2_rep2_CRISPResso_on_PDCD1	Deletions	4.1444478214019285e-05	1.3814826071339762e-05	4.1444478214019285e-05	4.1444478214019285e-05	0.00019340756499875667	6.90741303566988e-05	6.90741303566988e-05	0.0001795927389274169	6.90741303566988e-05	6.90741303566988e-05	0.0001795927389274169	0.00012433343464205785	0.00012433343464205785	0.00012433343464205785	6.90741303566988e-05	6.90741303566988e-05	6.90741303566988e-05	4.1444478214019285e-05	4.1444478214019285e-05	1.3814826071339762e-05
_scratch_st-cdeboer-1_asfar_VLPs_results_crispresso_aggregated_spacer_TadCBEd_rep2_.staging_CRISPRessoPooled_on_TadCBEd_D2_rep2_CRISPResso_on_PDCD1	Substitutions	0.00015196308678473738	0.000290111347498135	0.0004835189124968917	0.0005249633907109109	0.0002486668692841157	9.670378249937833e-05	0.00693504268781256	0.00232089077998508	0.00012433343464205785	9.670378249937833e-05	8.288895642803857e-05	0.00023485204321277596	0.00023485204321277596	0.0002486668692841157	6.90741303566988e-05	0.00020722239107009643	0.0001795927389274169	0.00038681512999751334	6.90741303566988e-05	0.00016577791285607714
_scratch_st-cdeboer-1_asfar_VLPs_results_crispresso_aggregated_spacer_TadCBEd_rep2_.staging_CRISPRessoPooled_on_TadCBEd_D2_rep2_CRISPResso_on_PDCD1	All_modifications	0.00034537065178349405	0.00045588926035421216	0.0005249633907109109	0.0005664078689249303	0.0004420744342828724	0.00016577791285607714	0.007004116818169259	0.0025004835189124967	0.00019340756499875667	0.00016577791285607714	0.00026248169535545546	0.0003591854778548338	0.0003591854778548338	0.0003730003039261736	0.0001381482607133976	0.0002762965214267952	0.0002486668692841157	0.00042825960821153263	0.0001105186085707181	0.0001795927389274169
_scratch_st-cdeboer-1_asfar_VLPs_results_crispresso_aggregated_spacer_TadCBEd_rep2_.staging_CRISPRessoPooled_on_TadCBEd_D3_rep2_CRISPResso_on_PDCD1	Insertions	1.2610658528588362e-05	1.2610658528588362e-05	0.0	0.0	0.0	0.0	0.0	0.0	0.0	0.0	0.0	0.0	0.0	0.0	0.0	0.0	0.0	0.0	0.0	0.0
_scratch_st-cdeboer-1_asfar_VLPs_results_crispresso_aggregated_spacer_TadCBEd_rep2_.staging_CRISPRessoPooled_on_TadCBEd_D3_rep2_CRISPResso_on_PDCD1	Insertions_Left	1.2610658528588362e-05	0.0	0.0	0.0	0.0	0.0	0.0	0.0	0.0	0.0	0.0	0.0	0.0	0.0	0.0	0.0	0.0	0.0	0.0	0.0
_scratch_st-cdeboer-1_asfar_VLPs_results_crispresso_aggregated_spacer_TadCBEd_rep2_.staging_CRISPRessoPooled_on_TadCBEd_D3_rep2_CRISPResso_on_PDCD1	Deletions	3.783197558576509e-05	1.2610658528588362e-05	0.00011349592675729526	0.00011349592675729526	0.00025221317057176726	0.00012610658528588363	0.00012610658528588363	0.00016393856087164871	0.00012610658528588363	0.00012610658528588363	0.00018915987792882545	0.00012610658528588363	0.00012610658528588363	0.00012610658528588363	0.00012610658528588363	0.00012610658528588363	0.00012610658528588363	5.044263411435345e-05	5.044263411435345e-05	5.044263411435345e-05
_scratch_st-cdeboer-1_asfar_VLPs_results_crispresso_aggregated_spacer_TadCBEd_rep2_.staging_CRISPRessoPooled_on_TadCBEd_D3_rep2_CRISPResso_on_PDCD1	Substitutions	0.00011349592675729526	0.00015132790234306036	0.00027743448762894397	0.001008852682287069	0.00023960251204317888	0.00012610658528588363	0.00907967414058362	0.003884082826805216	0.00021438119498600218	0.00012610658528588363	0.00015132790234306036	0.00018915987792882545	0.00018915987792882545	0.00018915987792882545	7.566395117153018e-05	0.00012610658528588363	0.00015132790234306036	0.00025221317057176726	8.827460970011855e-05	0.00018915987792882545
_scratch_st-cdeboer-1_asfar_VLPs_results_crispresso_aggregated_spacer_TadCBEd_rep2_.staging_CRISPRessoPooled_on_TadCBEd_D3_rep2_CRISPResso_on_PDCD1	All_modifications	0.00016393856087164871	0.0001765492194002371	0.00039093041438623924	0.0011223486090443642	0.0004918156826149462	0.00025221317057176726	0.009205780725869505	0.004048021387676864	0.0003404877802718858	0.00025221317057176726	0.0003404877802718858	0.0003152664632147091	0.0003152664632147091	0.0003152664632147091	0.0002017705364574138	0.00025221317057176726	0.00027743448762894397	0.0003026558046861207	0.00013871724381447198	0.00023960251204317888
_scratch_st-cdeboer-1_asfar_VLPs_results_crispresso_aggregated_spacer_TadCBEd_rep2_.staging_CRISPRessoPooled_on_TadCBEd_D4_rep2_CRISPResso_on_PDCD1	Insertions	6.34711079516604e-05	6.34711079516604e-05	0.0	0.0	1.2694221590332081e-05	1.2694221590332081e-05	0.0	0.0	0.0	1.2694221590332081e-05	1.2694221590332081e-05	0.0	0.0	0.0	7.616532954199249e-05	7.616532954199249e-05	0.0	0.0	0.0	0.0
_scratch_st-cdeboer-1_asfar_VLPs_results_crispresso_aggregated_spacer_TadCBEd_rep2_.staging_CRISPRessoPooled_on_TadCBEd_D4_rep2_CRISPResso_on_PDCD1	Insertions_Left	6.34711079516604e-05	0.0	0.0	0.0	1.2694221590332081e-05	0.0	0.0	0.0	0.0	1.2694221590332081e-05	0.0	0.0	0.0	0.0	7.616532954199249e-05	0.0	0.0	0.0	0.0	0.0
_scratch_st-cdeboer-1_asfar_VLPs_results_crispresso_aggregated_spacer_TadCBEd_rep2_.staging_CRISPRessoPooled_on_TadCBEd_D4_rep2_CRISPResso_on_PDCD1	Deletions	0.00011424799431298872	8.885955113232456e-05	8.885955113232456e-05	8.885955113232456e-05	0.00013963643749365288	7.616532954199249e-05	0.0001269422159033208	0.00017771910226464912	0.0001269422159033208	8.885955113232456e-05	0.00017771910226464912	0.00010155377272265665	0.00010155377272265665	0.00010155377272265665	0.00010155377272265665	7.616532954199249e-05	7.616532954199249e-05	3.8082664770996245e-05	3.8082664770996245e-05	6.34711079516604e-05
_scratch_st-cdeboer-1_asfar_VLPs_results_crispresso_aggregated_spacer_TadCBEd_rep2_.staging_CRISPRessoPooled_on_TadCBEd_D4_rep2_CRISPResso_on_PDCD1	Substitutions	7.616532954199249e-05	0.0001269422159033208	0.0008632070681425815	0.001421752818117193	0.0002665786533969737	0.00029196709657763783	0.016934091601502995	0.006131309028130395	0.00022849598862597744	0.00011424799431298872	0.00015233065908398498	0.00022849598862597744	0.0002665786533969737	0.00016502488067431705	5.0776886361328324e-05	0.0001269422159033208	0.00017771910226464912	0.0003681324261196303	0.00013963643749365288	8.885955113232456e-05
_scratch_st-cdeboer-1_asfar_VLPs_results_crispresso_aggregated_spacer_TadCBEd_rep2_.staging_CRISPRessoPooled_on_TadCBEd_D4_rep2_CRISPResso_on_PDCD1	All_modifications	0.0002538844318066416	0.00027927287498730576	0.0009520666192749061	0.0015106123692495176	0.00041890931248095867	0.00038082664770996245	0.017061033817406316	0.006309028130395044	0.00035543820452929825	0.00021580176703564537	0.0003427439829389662	0.0003300497613486341	0.0003681324261196303	0.0002665786533969737	0.00022849598862597744	0.00027927287498730576	0.0002538844318066416	0.0004062150908906266	0.00017771910226464912	0.00015233065908398498
_scratch_st-cdeboer-1_asfar_VLPs_results_crispresso_aggregated_spacer_TadCBEd_rep2_.staging_CRISPRessoPooled_on_TadCBEd_D5_rep2_CRISPResso_on_PDCD1	Insertions	0.00010120091755498583	0.00010120091755498583	0.0	0.0	0.0	0.0	0.0	0.0	0.0	0.00016866819592497638	0.00016866819592497638	0.0	0.0	0.0	0.0	0.0	0.0	0.0	0.0	0.0
_scratch_st-cdeboer-1_asfar_VLPs_results_crispresso_aggregated_spacer_TadCBEd_rep2_.staging_CRISPRessoPooled_on_TadCBEd_D5_rep2_CRISPResso_on_PDCD1	Insertions_Left	0.00010120091755498583	0.0	0.0	0.0	0.0	0.0	0.0	0.0	0.0	0.00016866819592497638	0.0	0.0	0.0	0.0	0.0	0.0	0.0	0.0	0.0	0.0
_scratch_st-cdeboer-1_asfar_VLPs_results_crispresso_aggregated_spacer_TadCBEd_rep2_.staging_CRISPRessoPooled_on_TadCBEd_D5_rep2_CRISPResso_on_PDCD1	Deletions	1.686681959249764e-05	0.0	0.0	3.373363918499528e-05	0.00013493455673998112	1.686681959249764e-05	1.686681959249764e-05	0.00033733639184995275	0.00011806773714748347	0.00013493455673998112	0.00018553501551747402	0.00011806773714748347	0.00011806773714748347	0.00011806773714748347	0.00011806773714748347	0.00011806773714748347	0.0	0.0	0.0	0.0
_scratch_st-cdeboer-1_asfar_VLPs_results_crispresso_aggregated_spacer_TadCBEd_rep2_.staging_CRISPRessoPooled_on_TadCBEd_D5_rep2_CRISPResso_on_PDCD1	Substitutions	0.00028673593307245983	0.00013493455673998112	0.0008096073404398866	0.0012987451086223182	0.0005397382269599245	0.00020240183510997166	0.013611523411145594	0.004402239913641884	0.0002530022938874646	0.00011806773714748347	0.00013493455673998112	0.00018553501551747402	0.00033733639184995275	0.00016866819592497638	5.0600458777492914e-05	5.0600458777492914e-05	0.00010120091755498583	0.00033733639184995275	0.00010120091755498583	3.373363918499528e-05
_scratch_st-cdeboer-1_asfar_VLPs_results_crispresso_aggregated_spacer_TadCBEd_rep2_.staging_CRISPRessoPooled_on_TadCBEd_D5_rep2_CRISPResso_on_PDCD1	All_modifications	0.0004048036702199433	0.00023613547429496694	0.0008096073404398866	0.0013324787478073135	0.0006746727836999055	0.0002192686547024693	0.013628390230738092	0.004739576305491836	0.00037107003103494803	0.00042167048981244095	0.0004891377681824316	0.00030360275266495747	0.00045540412899743623	0.00028673593307245983	0.00016866819592497638	0.00016866819592497638	0.00010120091755498583	0.00033733639184995275	0.00010120091755498583	3.373363918499528e-05
