Folder	Modification	G	G	A	G	G	C	T	A	T	C	C	A	G	C	G	T	G	A	G	T
_scratch_st-cdeboer-1_asfar_VLPs_results_crispresso_aggregated_spacer_TadCBEd_rep3_.staging_CRISPRessoPooled_on_TadCBEd_D0_rep3_CRISPResso_on_B2M	Insertions	0.0	0.0	0.0	0.0	0.0	0.0	0.0	0.0	0.0	0.0	0.0	0.0	0.0	0.0	0.0	0.0	0.0	0.0	0.0	0.0
_scratch_st-cdeboer-1_asfar_VLPs_results_crispresso_aggregated_spacer_TadCBEd_rep3_.staging_CRISPRessoPooled_on_TadCBEd_D0_rep3_CRISPResso_on_B2M	Insertions_Left	0.0	0.0	0.0	0.0	0.0	0.0	0.0	0.0	0.0	0.0	0.0	0.0	0.0	0.0	0.0	0.0	0.0	0.0	0.0	0.0
_scratch_st-cdeboer-1_asfar_VLPs_results_crispresso_aggregated_spacer_TadCBEd_rep3_.staging_CRISPRessoPooled_on_TadCBEd_D0_rep3_CRISPResso_on_B2M	Deletions	1.4141671262709828e-05	4.242501378812948e-05	1.4141671262709828e-05	1.4141671262709828e-05	1.4141671262709828e-05	1.4141671262709828e-05	1.4141671262709828e-05	1.4141671262709828e-05	1.4141671262709828e-05	1.4141671262709828e-05	1.4141671262709828e-05	1.4141671262709828e-05	1.4141671262709828e-05	1.4141671262709828e-05	1.4141671262709828e-05	1.4141671262709828e-05	1.4141671262709828e-05	1.4141671262709828e-05	1.4141671262709828e-05	1.4141671262709828e-05
_scratch_st-cdeboer-1_asfar_VLPs_results_crispresso_aggregated_spacer_TadCBEd_rep3_.staging_CRISPRessoPooled_on_TadCBEd_D0_rep3_CRISPResso_on_B2M	Substitutions	0.0005939501930338128	0.00082021693323717	0.00036768345283045553	0.0005939501930338128	0.0002686917539914867	7.070835631354913e-05	0.00022626674020335724	0.00016970005515251792	0.00016970005515251792	9.899169883896879e-05	0.0001555583838898081	0.00019798339767793758	0.00014141671262709826	0.00024040841146606706	9.899169883896879e-05	0.0002969750965169064	0.00022626674020335724	0.0002686917539914867	0.00019798339767793758	0.00038182512409316535
_scratch_st-cdeboer-1_asfar_VLPs_results_crispresso_aggregated_spacer_TadCBEd_rep3_.staging_CRISPRessoPooled_on_TadCBEd_D0_rep3_CRISPResso_on_B2M	All_modifications	0.0006080918642965225	0.0008626419470252995	0.00038182512409316535	0.0006080918642965225	0.0002828334252541965	8.485002757625896e-05	0.00024040841146606706	0.00018384172641522776	0.00018384172641522776	0.00011313337010167862	0.00016970005515251792	0.0002121250689406474	0.0001555583838898081	0.0002545500827287769	0.00011313337010167862	0.0003111167677796162	0.00024040841146606706	0.0002828334252541965	0.0002121250689406474	0.00039596679535587516
_scratch_st-cdeboer-1_asfar_VLPs_results_crispresso_aggregated_spacer_TadCBEd_rep3_.staging_CRISPRessoPooled_on_TadCBEd_D1_rep3_CRISPResso_on_B2M	Insertions	0.0	0.0	0.0	0.0	0.0	0.0	0.0	0.0	0.0	0.0	0.0	0.0	0.0	0.0	0.0	0.0	0.0	0.0	0.0	0.0
_scratch_st-cdeboer-1_asfar_VLPs_results_crispresso_aggregated_spacer_TadCBEd_rep3_.staging_CRISPRessoPooled_on_TadCBEd_D1_rep3_CRISPResso_on_B2M	Insertions_Left	0.0	0.0	0.0	0.0	0.0	0.0	0.0	0.0	0.0	0.0	0.0	0.0	0.0	0.0	0.0	0.0	0.0	0.0	0.0	0.0
_scratch_st-cdeboer-1_asfar_VLPs_results_crispresso_aggregated_spacer_TadCBEd_rep3_.staging_CRISPRessoPooled_on_TadCBEd_D1_rep3_CRISPResso_on_B2M	Deletions	0.0	0.0	0.0	0.0	0.0	0.0	0.0	0.0	2.4857689726316835e-05	0.0	2.4857689726316835e-05	0.0	0.0	0.0	0.0	0.0	0.0	0.0	0.0	0.0
_scratch_st-cdeboer-1_asfar_VLPs_results_crispresso_aggregated_spacer_TadCBEd_rep3_.staging_CRISPRessoPooled_on_TadCBEd_D1_rep3_CRISPResso_on_B2M	Substitutions	0.00044743841507370304	0.0006214422431579209	0.00014914613835790102	0.00037286534589475257	0.00019886151781053468	0.00014914613835790102	0.00017400382808421786	0.00017400382808421786	0.0003231499664421189	0.00014914613835790102	0.00017400382808421786	0.00037286534589475257	0.00022371920753685152	0.00019886151781053468	0.00019886151781053468	0.0003231499664421189	0.00022371920753685152	0.00022371920753685152	0.0003231499664421189	0.00019886151781053468
_scratch_st-cdeboer-1_asfar_VLPs_results_crispresso_aggregated_spacer_TadCBEd_rep3_.staging_CRISPRessoPooled_on_TadCBEd_D1_rep3_CRISPResso_on_B2M	All_modifications	0.00044743841507370304	0.0006214422431579209	0.00014914613835790102	0.00037286534589475257	0.00019886151781053468	0.00014914613835790102	0.00017400382808421786	0.00017400382808421786	0.0003480076561684357	0.00014914613835790102	0.00019886151781053468	0.00037286534589475257	0.00022371920753685152	0.00019886151781053468	0.00019886151781053468	0.0003231499664421189	0.00022371920753685152	0.00022371920753685152	0.0003231499664421189	0.00019886151781053468
_scratch_st-cdeboer-1_asfar_VLPs_results_crispresso_aggregated_spacer_TadCBEd_rep3_.staging_CRISPRessoPooled_on_TadCBEd_D2_rep3_CRISPResso_on_B2M	Insertions	0.0	0.0	0.0	0.0	0.0	0.0	0.0	0.0	0.0	0.0	0.0	0.0	0.0	0.0	0.0	0.0	0.0	0.0	0.0	0.0
_scratch_st-cdeboer-1_asfar_VLPs_results_crispresso_aggregated_spacer_TadCBEd_rep3_.staging_CRISPRessoPooled_on_TadCBEd_D2_rep3_CRISPResso_on_B2M	Insertions_Left	0.0	0.0	0.0	0.0	0.0	0.0	0.0	0.0	0.0	0.0	0.0	0.0	0.0	0.0	0.0	0.0	0.0	0.0	0.0	0.0
_scratch_st-cdeboer-1_asfar_VLPs_results_crispresso_aggregated_spacer_TadCBEd_rep3_.staging_CRISPRessoPooled_on_TadCBEd_D2_rep3_CRISPResso_on_B2M	Deletions	0.00012167917258162645	0.00016223889677550193	0.00016223889677550193	0.00016223889677550193	0.00016223889677550193	0.00016223889677550193	0.00016223889677550193	8.111944838775097e-05	8.111944838775097e-05	8.111944838775097e-05	8.111944838775097e-05	8.111944838775097e-05	0.0002433583451632529	0.00020279862096937742	0.00020279862096937742	8.111944838775097e-05	8.111944838775097e-05	4.0559724193875484e-05	4.0559724193875484e-05	4.0559724193875484e-05
_scratch_st-cdeboer-1_asfar_VLPs_results_crispresso_aggregated_spacer_TadCBEd_rep3_.staging_CRISPRessoPooled_on_TadCBEd_D2_rep3_CRISPResso_on_B2M	Substitutions	0.0005272764145203813	0.00040559724193875484	8.111944838775097e-05	0.00040559724193875484	0.0002433583451632529	0.00012167917258162645	0.00020279862096937742	8.111944838775097e-05	0.00028391806935712836	8.111944838775097e-05	0.00020279862096937742	0.0002433583451632529	0.0006489555871020077	0.00028391806935712836	0.00020279862096937742	0.00016223889677550193	0.0005678361387142567	0.0003650375177448793	0.0003650375177448793	0.00040559724193875484
_scratch_st-cdeboer-1_asfar_VLPs_results_crispresso_aggregated_spacer_TadCBEd_rep3_.staging_CRISPRessoPooled_on_TadCBEd_D2_rep3_CRISPResso_on_B2M	All_modifications	0.0006489555871020077	0.0005678361387142567	0.0002433583451632529	0.0005678361387142567	0.00040559724193875484	0.00028391806935712836	0.0003650375177448793	0.00016223889677550193	0.0003650375177448793	0.00016223889677550193	0.00028391806935712836	0.00032447779355100387	0.0008923139322652606	0.0004867166903265058	0.00040559724193875484	0.0002433583451632529	0.0006489555871020077	0.00040559724193875484	0.00040559724193875484	0.0004461569661326303
_scratch_st-cdeboer-1_asfar_VLPs_results_crispresso_aggregated_spacer_TadCBEd_rep3_.staging_CRISPRessoPooled_on_TadCBEd_D3_rep3_CRISPResso_on_B2M	Insertions	0.0	0.0	0.0	0.0	0.0	0.0	0.0	0.0	0.0	0.0	0.0	0.0	0.0	8.495454931611588e-05	8.495454931611588e-05	0.0	0.0	0.0	0.0	0.0
_scratch_st-cdeboer-1_asfar_VLPs_results_crispresso_aggregated_spacer_TadCBEd_rep3_.staging_CRISPRessoPooled_on_TadCBEd_D3_rep3_CRISPResso_on_B2M	Insertions_Left	0.0	0.0	0.0	0.0	0.0	0.0	0.0	0.0	0.0	0.0	0.0	0.0	0.0	8.495454931611588e-05	0.0	0.0	0.0	0.0	0.0	0.0
_scratch_st-cdeboer-1_asfar_VLPs_results_crispresso_aggregated_spacer_TadCBEd_rep3_.staging_CRISPRessoPooled_on_TadCBEd_D3_rep3_CRISPResso_on_B2M	Deletions	1.6990909863223177e-05	8.495454931611588e-05	0.0	5.097272958966953e-05	5.097272958966953e-05	0.00010194545917933906	0.00010194545917933906	0.00010194545917933906	5.097272958966953e-05	5.097272958966953e-05	6.796363945289271e-05	5.097272958966953e-05	5.097272958966953e-05	5.097272958966953e-05	6.796363945289271e-05	1.6990909863223177e-05	1.6990909863223177e-05	1.6990909863223177e-05	1.6990909863223177e-05	1.6990909863223177e-05
_scratch_st-cdeboer-1_asfar_VLPs_results_crispresso_aggregated_spacer_TadCBEd_rep3_.staging_CRISPRessoPooled_on_TadCBEd_D3_rep3_CRISPResso_on_B2M	Substitutions	0.0004247727465805794	0.0005607000254863648	0.00023787273808512446	0.0005607000254863648	0.00023787273808512446	0.00011893636904256223	0.0002038909183586781	0.00013592727890578542	0.0003228272874012403	0.00016990909863223177	0.0002038909183586781	0.000288845467674794	0.0012233455101520686	0.00023787273808512446	0.001172372780562399	0.00010194545917933906	0.000577690935349588	0.0006116727550760343	0.00018690000849545493	0.0004247727465805794
_scratch_st-cdeboer-1_asfar_VLPs_results_crispresso_aggregated_spacer_TadCBEd_rep3_.staging_CRISPRessoPooled_on_TadCBEd_D3_rep3_CRISPResso_on_B2M	All_modifications	0.00044176365644380255	0.0006456545748024806	0.00023787273808512446	0.0006116727550760343	0.000288845467674794	0.00022088182822190127	0.00030583637753801716	0.00023787273808512446	0.00037380001699090985	0.00022088182822190127	0.00027185455781157084	0.00033981819726446353	0.0012743182397417382	0.00037380001699090985	0.0013252909693314077	0.00011893636904256223	0.0005946818452128111	0.0006286636649392575	0.0002038909183586781	0.00044176365644380255
_scratch_st-cdeboer-1_asfar_VLPs_results_crispresso_aggregated_spacer_TadCBEd_rep3_.staging_CRISPRessoPooled_on_TadCBEd_D4_rep3_CRISPResso_on_B2M	Insertions	0.0	0.0	0.0	0.0	0.00018721917124313528	0.00018721917124313528	0.0002704276917956399	0.0002704276917956399	2.0802130138126145e-05	0.0012689299384256948	0.0012481278082875687	0.0	0.0	0.00012481278082875687	0.000145614910966883	6.240639041437844e-05	4.160426027625229e-05	0.0	0.0	0.0
_scratch_st-cdeboer-1_asfar_VLPs_results_crispresso_aggregated_spacer_TadCBEd_rep3_.staging_CRISPRessoPooled_on_TadCBEd_D4_rep3_CRISPResso_on_B2M	Insertions_Left	0.0	0.0	0.0	0.0	0.00018721917124313528	0.0	0.0002704276917956399	0.0	2.0802130138126145e-05	0.0012481278082875687	0.0	0.0	0.0	0.00012481278082875687	2.0802130138126145e-05	4.160426027625229e-05	0.0	0.0	0.0	0.0
_scratch_st-cdeboer-1_asfar_VLPs_results_crispresso_aggregated_spacer_TadCBEd_rep3_.staging_CRISPRessoPooled_on_TadCBEd_D4_rep3_CRISPResso_on_B2M	Deletions	0.00018721917124313528	0.0002288234315193876	0.00024962556165751375	0.00020802130138126144	0.0005616575137294059	0.0007488766849725411	0.0009777001164919287	0.0010817107671825595	0.0010817107671825595	0.0011025128973206856	0.001164919287735064	0.000998502246630055	0.0012065235480113164	0.0012065235480113164	0.0010401065069063071	0.0006656681644200366	0.000436844732900649	0.000291229821933766	0.0004784489931769013	0.00020802130138126144
_scratch_st-cdeboer-1_asfar_VLPs_results_crispresso_aggregated_spacer_TadCBEd_rep3_.staging_CRISPRessoPooled_on_TadCBEd_D4_rep3_CRISPResso_on_B2M	Substitutions	0.0006656681644200366	0.0004784489931769013	0.0003328340822100183	0.0005616575137294059	0.000291229821933766	0.00018721917124313528	0.0004160426027625229	0.00039524047262439675	0.00035363621234814444	0.00016641704110500916	0.0002288234315193876	0.0002288234315193876	0.018909136295556666	0.0006240639041437844	0.015185555000832086	0.00035363621234814444	0.010692294890996839	0.00024962556165751375	0.0008528873356631719	0.0003120319520718922
_scratch_st-cdeboer-1_asfar_VLPs_results_crispresso_aggregated_spacer_TadCBEd_rep3_.staging_CRISPRessoPooled_on_TadCBEd_D4_rep3_CRISPResso_on_B2M	All_modifications	0.0008528873356631719	0.0007072724246962889	0.000582459643867532	0.0007696788151106673	0.0010401065069063071	0.0011233150274588119	0.0016641704110500915	0.001747378931602596	0.0014561491096688301	0.0025378598768513896	0.00264187052754202	0.0012273256781494424	0.02011565984356798	0.0019554002329838574	0.016371276418705276	0.0010817107671825595	0.01117074388417374	0.0005408553835912798	0.0013313363288400732	0.0005200532534531536
_scratch_st-cdeboer-1_asfar_VLPs_results_crispresso_aggregated_spacer_TadCBEd_rep3_.staging_CRISPRessoPooled_on_TadCBEd_D5_rep3_CRISPResso_on_B2M	Insertions	8.711408460519897e-06	0.0	0.0	0.0	0.0002090738030524775	0.0002090738030524775	0.00018293957767091785	0.00018293957767091785	8.711408460519897e-06	0.000505261690710154	0.0004965502822496342	0.0	8.711408460519897e-05	0.00020036239459195762	0.00011324830998675866	0.0	8.711408460519897e-06	8.711408460519897e-06	0.0	0.0
_scratch_st-cdeboer-1_asfar_VLPs_results_crispresso_aggregated_spacer_TadCBEd_rep3_.staging_CRISPRessoPooled_on_TadCBEd_D5_rep3_CRISPResso_on_B2M	Insertions_Left	0.0	0.0	0.0	0.0	0.0002090738030524775	0.0	0.00018293957767091785	0.0	8.711408460519897e-06	0.0004965502822496342	0.0	0.0	8.711408460519897e-05	0.00011324830998675866	0.0	0.0	8.711408460519897e-06	0.0	0.0	0.0
_scratch_st-cdeboer-1_asfar_VLPs_results_crispresso_aggregated_spacer_TadCBEd_rep3_.staging_CRISPRessoPooled_on_TadCBEd_D5_rep3_CRISPResso_on_B2M	Deletions	0.0003048992961181964	0.00037459056380235555	0.00034845633842079586	0.00045299323994703463	0.0007578925360652311	0.0007056240853021117	0.0005488187330127535	0.0007404697191441912	0.0009669663391177085	0.001010523381420308	0.0010627918321834274	0.0008275838037493902	0.0012108857760122656	0.0006272214091574326	0.0007927381699073106	0.0006882012683810719	0.0006185100006969126	0.0006097985922363928	0.000670778451460032	0.0005662415499337933
_scratch_st-cdeboer-1_asfar_VLPs_results_crispresso_aggregated_spacer_TadCBEd_rep3_.staging_CRISPRessoPooled_on_TadCBEd_D5_rep3_CRISPResso_on_B2M	Substitutions	0.000252630845355077	0.00045299323994703463	0.0002700536622761168	0.000252630845355077	0.00032232211303923617	0.0003136107045787163	0.00022649661997351732	0.00032232211303923617	0.00032232211303923617	0.00016551676074987804	0.00018293957767091785	0.00020036239459195762	0.02600355425465189	0.0006446442260784723	0.01669105861035612	0.0006272214091574326	0.010662763955676354	0.00032232211303923617	0.0007056240853021117	0.0002961878876576765
_scratch_st-cdeboer-1_asfar_VLPs_results_crispresso_aggregated_spacer_TadCBEd_rep3_.staging_CRISPRessoPooled_on_TadCBEd_D5_rep3_CRISPResso_on_B2M	All_modifications	0.0005662415499337933	0.0008275838037493902	0.0006185100006969126	0.0007056240853021117	0.0012892884521569447	0.0012283085929333055	0.0009582549306571886	0.0012457314098543453	0.0012979998606174646	0.00168130183288034	0.0017422816921039794	0.0010279461983413478	0.027301554115269355	0.0014722280298278625	0.01759704509025019	0.0013154226775385044	0.011289985364833787	0.0009408321137361488	0.0013764025367621437	0.0008624294375914697
