Folder	Modification	C	A	C	C	T	A	C	C	T	A	A	G	A	A	C	C	A	T	C	C
_scratch_st-cdeboer-1_asfar_VLPs_results_crispresso_aggregated_spacer_TadCBEd_rep3_.staging_CRISPRessoPooled_on_TadCBEd_D0_rep3_CRISPResso_on_PDCD1	Insertions	0.0	0.0	0.0	0.0	0.0	0.0	0.0	0.0	0.0	0.0	0.0	0.0	0.0	0.0	0.0	0.0	0.0	0.0	0.0	0.0
_scratch_st-cdeboer-1_asfar_VLPs_results_crispresso_aggregated_spacer_TadCBEd_rep3_.staging_CRISPRessoPooled_on_TadCBEd_D0_rep3_CRISPResso_on_PDCD1	Insertions_Left	0.0	0.0	0.0	0.0	0.0	0.0	0.0	0.0	0.0	0.0	0.0	0.0	0.0	0.0	0.0	0.0	0.0	0.0	0.0	0.0
_scratch_st-cdeboer-1_asfar_VLPs_results_crispresso_aggregated_spacer_TadCBEd_rep3_.staging_CRISPRessoPooled_on_TadCBEd_D0_rep3_CRISPResso_on_PDCD1	Deletions	4.300242963727451e-05	0.0	0.0	0.0	2.1501214818637254e-05	0.0	0.0	0.0	0.0	0.0	2.1501214818637254e-05	0.0	0.0	0.0	0.0	0.0	0.0	0.0	0.0	0.0
_scratch_st-cdeboer-1_asfar_VLPs_results_crispresso_aggregated_spacer_TadCBEd_rep3_.staging_CRISPRessoPooled_on_TadCBEd_D0_rep3_CRISPResso_on_PDCD1	Substitutions	0.00012900728891182352	0.00010750607409318627	8.600485927454901e-05	6.450364445591176e-05	0.00019351093336773527	2.1501214818637254e-05	0.00015050850373046076	0.00017200971854909803	0.00023651336300500978	0.00010750607409318627	0.00021501214818637254	0.00017200971854909803	0.00025801457782364704	0.00017200971854909803	6.450364445591176e-05	0.00012900728891182352	0.00017200971854909803	0.00019351093336773527	0.00010750607409318627	0.00012900728891182352
_scratch_st-cdeboer-1_asfar_VLPs_results_crispresso_aggregated_spacer_TadCBEd_rep3_.staging_CRISPRessoPooled_on_TadCBEd_D0_rep3_CRISPResso_on_PDCD1	All_modifications	0.00017200971854909803	0.00010750607409318627	8.600485927454901e-05	6.450364445591176e-05	0.00021501214818637254	2.1501214818637254e-05	0.00015050850373046076	0.00017200971854909803	0.00023651336300500978	0.00010750607409318627	0.00023651336300500978	0.00017200971854909803	0.00025801457782364704	0.00017200971854909803	6.450364445591176e-05	0.00012900728891182352	0.00017200971854909803	0.00019351093336773527	0.00010750607409318627	0.00012900728891182352
_scratch_st-cdeboer-1_asfar_VLPs_results_crispresso_aggregated_spacer_TadCBEd_rep3_.staging_CRISPRessoPooled_on_TadCBEd_D1_rep3_CRISPResso_on_PDCD1	Insertions	1.3166383589419494e-05	1.3166383589419494e-05	0.0	0.0	0.0	0.0	0.0	0.0	0.0	0.0	0.0	0.0	0.0	0.0	0.0	0.0	0.0	0.0	0.0	0.0
_scratch_st-cdeboer-1_asfar_VLPs_results_crispresso_aggregated_spacer_TadCBEd_rep3_.staging_CRISPRessoPooled_on_TadCBEd_D1_rep3_CRISPResso_on_PDCD1	Insertions_Left	1.3166383589419494e-05	0.0	0.0	0.0	0.0	0.0	0.0	0.0	0.0	0.0	0.0	0.0	0.0	0.0	0.0	0.0	0.0	0.0	0.0	0.0
_scratch_st-cdeboer-1_asfar_VLPs_results_crispresso_aggregated_spacer_TadCBEd_rep3_.staging_CRISPRessoPooled_on_TadCBEd_D1_rep3_CRISPResso_on_PDCD1	Deletions	1.3166383589419494e-05	0.0	0.0	0.0	0.0	0.0	0.0	0.0	1.3166383589419494e-05	0.0	3.949915076825848e-05	0.0	0.0	0.0	0.0	0.0	0.0	0.0	0.0	0.0
_scratch_st-cdeboer-1_asfar_VLPs_results_crispresso_aggregated_spacer_TadCBEd_rep3_.staging_CRISPRessoPooled_on_TadCBEd_D1_rep3_CRISPResso_on_PDCD1	Substitutions	9.216468512593646e-05	0.0002238285210201314	0.00011849745230477545	9.216468512593646e-05	0.00013166383589419494	0.0001711629866624534	0.00014483021948361442	9.216468512593646e-05	0.0002238285210201314	0.00015799660307303393	5.266553435767798e-05	0.00013166383589419494	0.00031599320614606786	0.0002238285210201314	2.633276717883899e-05	7.899830153651697e-05	0.0001974957538412924	0.0002764940553778094	9.216468512593646e-05	0.00014483021948361442
_scratch_st-cdeboer-1_asfar_VLPs_results_crispresso_aggregated_spacer_TadCBEd_rep3_.staging_CRISPRessoPooled_on_TadCBEd_D1_rep3_CRISPResso_on_PDCD1	All_modifications	0.00011849745230477545	0.0002369949046095509	0.00011849745230477545	9.216468512593646e-05	0.00013166383589419494	0.0001711629866624534	0.00014483021948361442	9.216468512593646e-05	0.0002369949046095509	0.00015799660307303393	9.216468512593646e-05	0.00013166383589419494	0.00031599320614606786	0.0002238285210201314	2.633276717883899e-05	7.899830153651697e-05	0.0001974957538412924	0.0002764940553778094	9.216468512593646e-05	0.00014483021948361442
_scratch_st-cdeboer-1_asfar_VLPs_results_crispresso_aggregated_spacer_TadCBEd_rep3_.staging_CRISPRessoPooled_on_TadCBEd_D2_rep3_CRISPResso_on_PDCD1	Insertions	0.0	0.0	0.0	0.0	0.0	0.0	0.0	0.0	0.0	0.0	0.0	0.0	0.0	0.0	0.0	0.0	0.0	0.0	0.0	0.0
_scratch_st-cdeboer-1_asfar_VLPs_results_crispresso_aggregated_spacer_TadCBEd_rep3_.staging_CRISPRessoPooled_on_TadCBEd_D2_rep3_CRISPResso_on_PDCD1	Insertions_Left	0.0	0.0	0.0	0.0	0.0	0.0	0.0	0.0	0.0	0.0	0.0	0.0	0.0	0.0	0.0	0.0	0.0	0.0	0.0	0.0
_scratch_st-cdeboer-1_asfar_VLPs_results_crispresso_aggregated_spacer_TadCBEd_rep3_.staging_CRISPRessoPooled_on_TadCBEd_D2_rep3_CRISPResso_on_PDCD1	Deletions	5.0252098025092545e-05	0.0	0.0	0.0	1.6750699341697515e-05	0.0	0.0	0.0	0.0	0.0	5.0252098025092545e-05	0.0	0.0	0.0	0.0	0.0	0.0	0.0	0.0	0.0
_scratch_st-cdeboer-1_asfar_VLPs_results_crispresso_aggregated_spacer_TadCBEd_rep3_.staging_CRISPRessoPooled_on_TadCBEd_D2_rep3_CRISPResso_on_PDCD1	Substitutions	0.00010050419605018509	0.00021775909144206772	0.00026801118946716024	0.00015075629407527763	0.00011725489539188261	0.00015075629407527763	0.00046901958156753045	0.00015075629407527763	0.00018425769275867267	0.00016750699341697516	0.00016750699341697516	0.00013400559473358012	0.00028476188880885775	0.00018425769275867267	0.00013400559473358012	0.00015075629407527763	0.00020100839210037018	0.00033501398683395033	0.00016750699341697516	0.00011725489539188261
_scratch_st-cdeboer-1_asfar_VLPs_results_crispresso_aggregated_spacer_TadCBEd_rep3_.staging_CRISPRessoPooled_on_TadCBEd_D2_rep3_CRISPResso_on_PDCD1	All_modifications	0.00015075629407527763	0.00021775909144206772	0.00026801118946716024	0.00015075629407527763	0.00013400559473358012	0.00015075629407527763	0.00046901958156753045	0.00015075629407527763	0.00018425769275867267	0.00016750699341697516	0.00021775909144206772	0.00013400559473358012	0.00028476188880885775	0.00018425769275867267	0.00013400559473358012	0.00015075629407527763	0.00020100839210037018	0.00033501398683395033	0.00016750699341697516	0.00011725489539188261
_scratch_st-cdeboer-1_asfar_VLPs_results_crispresso_aggregated_spacer_TadCBEd_rep3_.staging_CRISPRessoPooled_on_TadCBEd_D3_rep3_CRISPResso_on_PDCD1	Insertions	6.98909700866648e-05	6.98909700866648e-05	0.0	0.0	0.0	0.0	0.0	0.0	0.0	6.98909700866648e-05	6.98909700866648e-05	0.0	0.0	0.0	0.0	0.0	0.0	0.0	0.0	0.0
_scratch_st-cdeboer-1_asfar_VLPs_results_crispresso_aggregated_spacer_TadCBEd_rep3_.staging_CRISPRessoPooled_on_TadCBEd_D3_rep3_CRISPResso_on_PDCD1	Insertions_Left	6.98909700866648e-05	0.0	0.0	0.0	0.0	0.0	0.0	0.0	0.0	6.98909700866648e-05	0.0	0.0	0.0	0.0	0.0	0.0	0.0	0.0	0.0	0.0
_scratch_st-cdeboer-1_asfar_VLPs_results_crispresso_aggregated_spacer_TadCBEd_rep3_.staging_CRISPRessoPooled_on_TadCBEd_D3_rep3_CRISPResso_on_PDCD1	Deletions	1.74727425216662e-05	0.0	8.7363712608331e-06	8.7363712608331e-06	0.0	0.0	8.7363712608331e-06	1.74727425216662e-05	1.74727425216662e-05	8.7363712608331e-06	2.62091137824993e-05	0.0	0.0	8.7363712608331e-06	0.0	0.0	0.0	0.0	0.0	8.7363712608331e-06
_scratch_st-cdeboer-1_asfar_VLPs_results_crispresso_aggregated_spacer_TadCBEd_rep3_.staging_CRISPRessoPooled_on_TadCBEd_D3_rep3_CRISPResso_on_PDCD1	Substitutions	0.00011357282639083031	0.0001485183114341627	0.0006202823595191501	0.0002795638803466592	0.0001310455689124965	0.0001572546826949958	0.002018101761252446	0.0006989097008666481	0.00027082750908582613	0.0001834637964774951	0.00017472742521666202	0.00025335476656415993	0.0002795638803466592	0.0002096729102599944	5.24182275649986e-05	0.0001572546826949958	0.00017472742521666202	0.00027082750908582613	6.98909700866648e-05	0.0001048364551299972
_scratch_st-cdeboer-1_asfar_VLPs_results_crispresso_aggregated_spacer_TadCBEd_rep3_.staging_CRISPRessoPooled_on_TadCBEd_D3_rep3_CRISPResso_on_PDCD1	All_modifications	0.0002009365389991613	0.0002184092815208275	0.0006290187307799833	0.0002883002516074923	0.0001310455689124965	0.0001572546826949958	0.0020268381325132794	0.0007163824433883142	0.0002883002516074923	0.000262091137824993	0.00027082750908582613	0.00025335476656415993	0.0002795638803466592	0.0002184092815208275	5.24182275649986e-05	0.0001572546826949958	0.00017472742521666202	0.00027082750908582613	6.98909700866648e-05	0.00011357282639083031
_scratch_st-cdeboer-1_asfar_VLPs_results_crispresso_aggregated_spacer_TadCBEd_rep3_.staging_CRISPRessoPooled_on_TadCBEd_D4_rep3_CRISPResso_on_PDCD1	Insertions	0.0	0.0	0.0	0.0	0.0	0.0	1.0935176275041553e-05	1.0935176275041553e-05	0.0	0.00010935176275041554	0.00010935176275041554	0.0	0.0	0.0	0.0	0.0	1.0935176275041553e-05	1.0935176275041553e-05	0.0	0.0
_scratch_st-cdeboer-1_asfar_VLPs_results_crispresso_aggregated_spacer_TadCBEd_rep3_.staging_CRISPRessoPooled_on_TadCBEd_D4_rep3_CRISPResso_on_PDCD1	Insertions_Left	0.0	0.0	0.0	0.0	0.0	0.0	1.0935176275041553e-05	0.0	0.0	0.00010935176275041554	0.0	0.0	0.0	0.0	0.0	0.0	1.0935176275041553e-05	0.0	0.0	0.0
_scratch_st-cdeboer-1_asfar_VLPs_results_crispresso_aggregated_spacer_TadCBEd_rep3_.staging_CRISPRessoPooled_on_TadCBEd_D4_rep3_CRISPResso_on_PDCD1	Deletions	9.841658647537399e-05	6.561105765024933e-05	0.00010935176275041554	0.00012028693902545709	6.561105765024933e-05	7.654623392529088e-05	0.00027337940687603886	0.00043740705100166216	0.00019683317295074798	0.0001858979966757064	0.00010935176275041554	6.561105765024933e-05	6.561105765024933e-05	6.561105765024933e-05	6.561105765024933e-05	6.561105765024933e-05	6.561105765024933e-05	5.467588137520777e-05	5.467588137520777e-05	6.561105765024933e-05
_scratch_st-cdeboer-1_asfar_VLPs_results_crispresso_aggregated_spacer_TadCBEd_rep3_.staging_CRISPRessoPooled_on_TadCBEd_D4_rep3_CRISPResso_on_PDCD1	Substitutions	0.0001640276441256233	9.841658647537399e-05	0.0015199895022307759	0.0020558131397078122	0.00029524975942612196	8.748141020033243e-05	0.020186335403726708	0.008037354562155543	0.00029524975942612196	0.00019683317295074798	0.00010935176275041554	0.0001858979966757064	0.0002843145831510804	0.00020776834922578953	9.841658647537399e-05	7.654623392529088e-05	0.00015309246785058175	0.00027337940687603886	0.00015309246785058175	0.00017496282040066485
_scratch_st-cdeboer-1_asfar_VLPs_results_crispresso_aggregated_spacer_TadCBEd_rep3_.staging_CRISPRessoPooled_on_TadCBEd_D4_rep3_CRISPResso_on_PDCD1	All_modifications	0.0002624442306009973	0.0001640276441256233	0.0016293412649811916	0.0021761000787332693	0.00036086081707637125	0.0001640276441256233	0.02047064998687779	0.008485696789432246	0.00049208293237687	0.00049208293237687	0.0003280552882512466	0.00025150905432595576	0.0003499256408013297	0.00027337940687603886	0.0001640276441256233	0.0001421572915755402	0.00022963870177587263	0.00033899046452628815	0.00020776834922578953	0.00024057387805091418
_scratch_st-cdeboer-1_asfar_VLPs_results_crispresso_aggregated_spacer_TadCBEd_rep3_.staging_CRISPRessoPooled_on_TadCBEd_D5_rep3_CRISPResso_on_PDCD1	Insertions	0.0	0.0	0.0	0.0	0.0	2.4154005941885462e-05	2.4154005941885462e-05	0.0	0.0	0.00014492403565131276	0.00014492403565131276	0.0	0.0	0.0	0.0	0.0	0.0	0.0	0.0	0.0
_scratch_st-cdeboer-1_asfar_VLPs_results_crispresso_aggregated_spacer_TadCBEd_rep3_.staging_CRISPRessoPooled_on_TadCBEd_D5_rep3_CRISPResso_on_PDCD1	Insertions_Left	0.0	0.0	0.0	0.0	0.0	2.4154005941885462e-05	0.0	0.0	0.0	0.00014492403565131276	0.0	0.0	0.0	0.0	0.0	0.0	0.0	0.0	0.0	0.0
_scratch_st-cdeboer-1_asfar_VLPs_results_crispresso_aggregated_spacer_TadCBEd_rep3_.staging_CRISPRessoPooled_on_TadCBEd_D5_rep3_CRISPResso_on_PDCD1	Deletions	0.00012077002970942731	2.4154005941885462e-05	2.4154005941885462e-05	2.4154005941885462e-05	0.0001932320475350837	0.0001932320475350837	0.00026569406536074006	0.00028984807130262553	0.00021738605347696916	0.00021738605347696916	0.0001932320475350837	0.00014492403565131276	0.00014492403565131276	0.00012077002970942731	0.00012077002970942731	7.246201782565638e-05	0.0	0.0	0.0	0.0
_scratch_st-cdeboer-1_asfar_VLPs_results_crispresso_aggregated_spacer_TadCBEd_rep3_.staging_CRISPRessoPooled_on_TadCBEd_D5_rep3_CRISPResso_on_PDCD1	Substitutions	0.00021738605347696916	7.246201782565638e-05	0.001256008308978044	0.0012801623149199294	0.00033815608318639646	0.0005313881307214801	0.013429627303688317	0.005821115431994396	0.0003623100891282819	0.00016907804159319823	9.661602376754185e-05	0.00012077002970942731	0.00024154005941885462	0.00016907804159319823	9.661602376754185e-05	0.00016907804159319823	4.8308011883770923e-05	0.0004347721069539383	7.246201782565638e-05	0.00014492403565131276
_scratch_st-cdeboer-1_asfar_VLPs_results_crispresso_aggregated_spacer_TadCBEd_rep3_.staging_CRISPRessoPooled_on_TadCBEd_D5_rep3_CRISPResso_on_PDCD1	All_modifications	0.00033815608318639646	9.661602376754185e-05	0.0012801623149199294	0.001304316320861815	0.0005313881307214801	0.0007487741841984494	0.013719475374990943	0.006110963503297022	0.0005796961426052511	0.0005313881307214801	0.0004347721069539383	0.00026569406536074006	0.0003864640950701674	0.00028984807130262553	0.00021738605347696916	0.00024154005941885462	4.8308011883770923e-05	0.0004347721069539383	7.246201782565638e-05	0.00014492403565131276
