Folder	Modification	G	G	A	G	G	C	T	A	T	C	C	A	G	C	G	T	G	A	G	T
_scratch_st-cdeboer-1_asfar_VLPs_results_crispresso_aggregated_spacer_TadCBEd_rep2_.staging_CRISPRessoPooled_on_TadCBEd_D0_rep2_CRISPResso_on_B2M	Insertions	0.0	0.0	0.0	0.0	0.0	0.0	0.0	0.0	0.0	0.0	0.0	0.0	0.0	0.0	0.0	0.0	0.0	0.0	0.0	0.0
_scratch_st-cdeboer-1_asfar_VLPs_results_crispresso_aggregated_spacer_TadCBEd_rep2_.staging_CRISPRessoPooled_on_TadCBEd_D0_rep2_CRISPResso_on_B2M	Insertions_Left	0.0	0.0	0.0	0.0	0.0	0.0	0.0	0.0	0.0	0.0	0.0	0.0	0.0	0.0	0.0	0.0	0.0	0.0	0.0	0.0
_scratch_st-cdeboer-1_asfar_VLPs_results_crispresso_aggregated_spacer_TadCBEd_rep2_.staging_CRISPRessoPooled_on_TadCBEd_D0_rep2_CRISPResso_on_B2M	Deletions	0.0	3.018867924528302e-05	0.0	0.0	0.0	0.0	0.0	0.0	0.0	0.0	0.0	0.0	0.0	0.0	0.0	0.0	0.0	0.0	0.0	0.0
_scratch_st-cdeboer-1_asfar_VLPs_results_crispresso_aggregated_spacer_TadCBEd_rep2_.staging_CRISPRessoPooled_on_TadCBEd_D0_rep2_CRISPResso_on_B2M	Substitutions	0.0003320754716981132	0.0005433962264150944	0.0002716981132075472	0.0006641509433962264	0.00021132075471698113	6.037735849056604e-05	0.0003018867924528302	0.00021132075471698113	0.0002716981132075472	0.0001509433962264151	9.056603773584906e-05	0.00039245283018867925	0.00012075471698113207	0.00012075471698113207	0.00012075471698113207	0.00021132075471698113	0.0004528301886792453	0.00036226415094339624	0.0003018867924528302	0.0006339622641509434
_scratch_st-cdeboer-1_asfar_VLPs_results_crispresso_aggregated_spacer_TadCBEd_rep2_.staging_CRISPRessoPooled_on_TadCBEd_D0_rep2_CRISPResso_on_B2M	All_modifications	0.0003320754716981132	0.0005735849056603773	0.0002716981132075472	0.0006641509433962264	0.00021132075471698113	6.037735849056604e-05	0.0003018867924528302	0.00021132075471698113	0.0002716981132075472	0.0001509433962264151	9.056603773584906e-05	0.00039245283018867925	0.00012075471698113207	0.00012075471698113207	0.00012075471698113207	0.00021132075471698113	0.0004528301886792453	0.00036226415094339624	0.0003018867924528302	0.0006339622641509434
_scratch_st-cdeboer-1_asfar_VLPs_results_crispresso_aggregated_spacer_TadCBEd_rep2_.staging_CRISPRessoPooled_on_TadCBEd_D1_rep2_CRISPResso_on_B2M	Insertions	0.0	0.0	0.0	0.0	0.0	0.0	0.0	0.0	0.0	0.0	0.0	0.0	0.0	0.0	0.0	0.0	0.0	0.0	0.0	0.0
_scratch_st-cdeboer-1_asfar_VLPs_results_crispresso_aggregated_spacer_TadCBEd_rep2_.staging_CRISPRessoPooled_on_TadCBEd_D1_rep2_CRISPResso_on_B2M	Insertions_Left	0.0	0.0	0.0	0.0	0.0	0.0	0.0	0.0	0.0	0.0	0.0	0.0	0.0	0.0	0.0	0.0	0.0	0.0	0.0	0.0
_scratch_st-cdeboer-1_asfar_VLPs_results_crispresso_aggregated_spacer_TadCBEd_rep2_.staging_CRISPRessoPooled_on_TadCBEd_D1_rep2_CRISPResso_on_B2M	Deletions	0.0	7.328691828508612e-05	0.0	0.0	0.0	0.0	0.0	0.0	0.0	0.0	0.0	0.0	0.0	0.0	0.0	0.0	0.0	0.0	0.0	0.0
_scratch_st-cdeboer-1_asfar_VLPs_results_crispresso_aggregated_spacer_TadCBEd_rep2_.staging_CRISPRessoPooled_on_TadCBEd_D1_rep2_CRISPResso_on_B2M	Substitutions	0.0003908635641871259	0.0005618663735189936	0.0002442897276169537	0.0002442897276169537	7.328691828508612e-05	9.771589104678148e-05	0.0002687187003786491	0.00021986075485525832	0.00021986075485525832	0.00012214486380847684	9.771589104678148e-05	0.00021986075485525832	0.00036643459142543056	0.0001710028093318676	0.0002687187003786491	0.00029314767314034447	0.00046415048247221206	0.00021986075485525832	9.771589104678148e-05	0.0003908635641871259
_scratch_st-cdeboer-1_asfar_VLPs_results_crispresso_aggregated_spacer_TadCBEd_rep2_.staging_CRISPRessoPooled_on_TadCBEd_D1_rep2_CRISPResso_on_B2M	All_modifications	0.0003908635641871259	0.0006351532918040797	0.0002442897276169537	0.0002442897276169537	7.328691828508612e-05	9.771589104678148e-05	0.0002687187003786491	0.00021986075485525832	0.00021986075485525832	0.00012214486380847684	9.771589104678148e-05	0.00021986075485525832	0.00036643459142543056	0.0001710028093318676	0.0002687187003786491	0.00029314767314034447	0.00046415048247221206	0.00021986075485525832	9.771589104678148e-05	0.0003908635641871259
_scratch_st-cdeboer-1_asfar_VLPs_results_crispresso_aggregated_spacer_TadCBEd_rep2_.staging_CRISPRessoPooled_on_TadCBEd_D2_rep2_CRISPResso_on_B2M	Insertions	0.0	0.0	0.0	0.0	0.0	0.0	0.0	0.0	0.0	0.0	0.0	0.0	0.0	0.0	0.0	0.0	0.0	0.0	0.0	0.0
_scratch_st-cdeboer-1_asfar_VLPs_results_crispresso_aggregated_spacer_TadCBEd_rep2_.staging_CRISPRessoPooled_on_TadCBEd_D2_rep2_CRISPResso_on_B2M	Insertions_Left	0.0	0.0	0.0	0.0	0.0	0.0	0.0	0.0	0.0	0.0	0.0	0.0	0.0	0.0	0.0	0.0	0.0	0.0	0.0	0.0
_scratch_st-cdeboer-1_asfar_VLPs_results_crispresso_aggregated_spacer_TadCBEd_rep2_.staging_CRISPRessoPooled_on_TadCBEd_D2_rep2_CRISPResso_on_B2M	Deletions	0.0	0.00019909742500663657	0.00013273161667109106	0.00013273161667109106	0.00013273161667109106	0.00013273161667109106	0.00013273161667109106	0.00013273161667109106	0.00019909742500663657	0.00019909742500663657	0.00019909742500663657	0.00019909742500663657	0.0002212193611184851	0.0002212193611184851	0.0002212193611184851	0.00019909742500663657	0.0002212193611184851	6.636580833554553e-05	6.636580833554553e-05	6.636580833554553e-05
_scratch_st-cdeboer-1_asfar_VLPs_results_crispresso_aggregated_spacer_TadCBEd_rep2_.staging_CRISPRessoPooled_on_TadCBEd_D2_rep2_CRISPResso_on_B2M	Substitutions	0.0002212193611184851	0.0005751703389080612	0.00017697548889478808	0.00013273161667109106	0.00015485355278293956	0.00011060968055924254	0.00037607291390142467	0.00013273161667109106	0.00019909742500663657	0.00013273161667109106	0.00017697548889478808	0.00037607291390142467	0.0007079019555791523	0.0002875851694540306	0.00039819485001327314	0.00013273161667109106	0.00033182904167772763	0.00037607291390142467	0.00017697548889478808	0.0003097071055658791
_scratch_st-cdeboer-1_asfar_VLPs_results_crispresso_aggregated_spacer_TadCBEd_rep2_.staging_CRISPRessoPooled_on_TadCBEd_D2_rep2_CRISPResso_on_B2M	All_modifications	0.0002212193611184851	0.0007742677639146978	0.0003097071055658791	0.0002654632333421821	0.0002875851694540306	0.0002433412972303336	0.0005088045305725157	0.0002654632333421821	0.00039819485001327314	0.00033182904167772763	0.00037607291390142467	0.0005751703389080612	0.0009291213166976374	0.0005088045305725157	0.0006194142111317582	0.00033182904167772763	0.0005530484027962127	0.0004424387222369702	0.0002433412972303336	0.00037607291390142467
_scratch_st-cdeboer-1_asfar_VLPs_results_crispresso_aggregated_spacer_TadCBEd_rep2_.staging_CRISPRessoPooled_on_TadCBEd_D3_rep2_CRISPResso_on_B2M	Insertions	0.0	0.0	0.0	0.0	0.0	0.0	0.0	0.0	0.0	2.6206137477397206e-05	2.6206137477397206e-05	0.0	0.0	0.00013103068738698603	0.00013103068738698603	0.0	0.0	0.0	0.0	0.0
_scratch_st-cdeboer-1_asfar_VLPs_results_crispresso_aggregated_spacer_TadCBEd_rep2_.staging_CRISPRessoPooled_on_TadCBEd_D3_rep2_CRISPResso_on_B2M	Insertions_Left	0.0	0.0	0.0	0.0	0.0	0.0	0.0	0.0	0.0	2.6206137477397206e-05	0.0	0.0	0.0	0.00013103068738698603	0.0	0.0	0.0	0.0	0.0	0.0
_scratch_st-cdeboer-1_asfar_VLPs_results_crispresso_aggregated_spacer_TadCBEd_rep2_.staging_CRISPRessoPooled_on_TadCBEd_D3_rep2_CRISPResso_on_B2M	Deletions	0.0	5.241227495479441e-05	0.0	0.0	5.241227495479441e-05	5.241227495479441e-05	5.241227495479441e-05	5.241227495479441e-05	5.241227495479441e-05	0.0	0.0	0.0	0.0	0.0	0.0	0.0	0.0	0.0	0.0	0.0
_scratch_st-cdeboer-1_asfar_VLPs_results_crispresso_aggregated_spacer_TadCBEd_rep2_.staging_CRISPRessoPooled_on_TadCBEd_D3_rep2_CRISPResso_on_B2M	Substitutions	0.000497916612070547	0.0006289472994575329	0.00023585523729657487	0.00023585523729657487	0.00018344296234178045	0.00015723682486438323	0.00015723682486438323	0.00018344296234178045	0.0003668859246835609	0.00010482454990958882	5.241227495479441e-05	0.000497916612070547	0.001415131423779449	0.00020964909981917765	0.0007337718493671218	0.00015723682486438323	0.0006813595744123274	0.0005241227495479441	0.00018344296234178045	0.00031447364972876646
_scratch_st-cdeboer-1_asfar_VLPs_results_crispresso_aggregated_spacer_TadCBEd_rep2_.staging_CRISPRessoPooled_on_TadCBEd_D3_rep2_CRISPResso_on_B2M	All_modifications	0.000497916612070547	0.0006813595744123274	0.00023585523729657487	0.00023585523729657487	0.00023585523729657487	0.00020964909981917765	0.00020964909981917765	0.00023585523729657487	0.0004192981996383553	0.00013103068738698603	7.861841243219161e-05	0.000497916612070547	0.001415131423779449	0.0003406797872061637	0.0008648025367541078	0.00015723682486438323	0.0006813595744123274	0.0005241227495479441	0.00018344296234178045	0.00031447364972876646
_scratch_st-cdeboer-1_asfar_VLPs_results_crispresso_aggregated_spacer_TadCBEd_rep2_.staging_CRISPRessoPooled_on_TadCBEd_D4_rep2_CRISPResso_on_B2M	Insertions	0.0	0.0	0.0	0.0	0.00025235228378816827	0.00025235228378816827	1.8025163127726307e-05	1.8025163127726307e-05	3.6050326255452615e-05	0.0012437362558131151	0.0012076859295576624	1.8025163127726307e-05	1.8025163127726307e-05	0.00016222646814953676	0.00016222646814953676	0.00010815097876635784	0.00010815097876635784	0.0	0.0	0.0
_scratch_st-cdeboer-1_asfar_VLPs_results_crispresso_aggregated_spacer_TadCBEd_rep2_.staging_CRISPRessoPooled_on_TadCBEd_D4_rep2_CRISPResso_on_B2M	Insertions_Left	0.0	0.0	0.0	0.0	0.00025235228378816827	0.0	1.8025163127726307e-05	0.0	3.6050326255452615e-05	0.0012076859295576624	0.0	1.8025163127726307e-05	0.0	0.00016222646814953676	0.0	0.00010815097876635784	0.0	0.0	0.0	0.0
_scratch_st-cdeboer-1_asfar_VLPs_results_crispresso_aggregated_spacer_TadCBEd_rep2_.staging_CRISPRessoPooled_on_TadCBEd_D4_rep2_CRISPResso_on_B2M	Deletions	0.0003244529362990735	0.00045062907819315765	0.00046865424132088395	0.0005587800569595155	0.0013158369083240203	0.0013158369083240203	0.0014420130502181044	0.0016402898446230938	0.0017844911496449044	0.0015681891921121886	0.0018385666390280833	0.001586214355239915	0.001766465986517178	0.0016222646814953675	0.0016222646814953675	0.001586214355239915	0.0014960885396012834	0.0013158369083240203	0.0013158369083240203	0.0009373084826417679
_scratch_st-cdeboer-1_asfar_VLPs_results_crispresso_aggregated_spacer_TadCBEd_rep2_.staging_CRISPRessoPooled_on_TadCBEd_D4_rep2_CRISPResso_on_B2M	Substitutions	0.0003424780994267998	0.0009192833195140416	0.0003064277731713472	0.00045062907819315765	0.0003424780994267998	0.00021630195753271568	0.0002884026100436209	0.00039655358880997876	0.0005768052200872418	0.0003064277731713472	0.00023432712066044197	0.00041457875193770505	0.022062799668336998	0.0008111323407476838	0.018313565737769925	0.0005768052200872418	0.011355852770467573	0.0003064277731713472	0.0009192833195140416	0.0003064277731713472
_scratch_st-cdeboer-1_asfar_VLPs_results_crispresso_aggregated_spacer_TadCBEd_rep2_.staging_CRISPRessoPooled_on_TadCBEd_D4_rep2_CRISPResso_on_B2M	All_modifications	0.0006669310357258733	0.0013699123977071992	0.0007750820144922312	0.001009409135152673	0.0019106672915389885	0.0017844911496449044	0.0017484408233894516	0.002054868596560799	0.0023973466959875986	0.003118353221096651	0.0032805796892461875	0.002018818270305346	0.0238472908179819	0.002595623490392588	0.020098056887414832	0.0022711705540935144	0.012960092288835214	0.0016222646814953675	0.002235120227838062	0.0012437362558131151
_scratch_st-cdeboer-1_asfar_VLPs_results_crispresso_aggregated_spacer_TadCBEd_rep2_.staging_CRISPRessoPooled_on_TadCBEd_D5_rep2_CRISPResso_on_B2M	Insertions	5.0117776775422245e-05	0.0	0.0	0.0	5.0117776775422245e-05	5.0117776775422245e-05	0.0	0.0	0.0	0.001453415526487245	0.001453415526487245	0.0	0.0	0.0002505888838771112	0.0002505888838771112	0.00010023555355084449	0.00030070666065253347	0.00030070666065253347	0.00010023555355084449	0.0
_scratch_st-cdeboer-1_asfar_VLPs_results_crispresso_aggregated_spacer_TadCBEd_rep2_.staging_CRISPRessoPooled_on_TadCBEd_D5_rep2_CRISPResso_on_B2M	Insertions_Left	0.0	0.0	0.0	0.0	5.0117776775422245e-05	0.0	0.0	0.0	0.0	0.001453415526487245	0.0	0.0	0.0	0.0002505888838771112	0.0	0.00010023555355084449	0.00020047110710168898	0.00010023555355084449	0.0	0.0
_scratch_st-cdeboer-1_asfar_VLPs_results_crispresso_aggregated_spacer_TadCBEd_rep2_.staging_CRISPRessoPooled_on_TadCBEd_D5_rep2_CRISPResso_on_B2M	Deletions	0.00030070666065253347	0.00040094221420337796	0.0006014133213050669	0.0007016488748559114	0.0013531799729364006	0.0013030621961609783	0.0012028266426101339	0.0014032977497118228	0.0013531799729364006	0.0013531799729364006	0.0013030621961609783	0.0011025910890592892	0.002054828847792312	0.0008018844284067559	0.0009522377587330226	0.0008018844284067559	0.0007517666516313336	0.0005011777677542224	0.0004510599909788002	0.00040094221420337796
_scratch_st-cdeboer-1_asfar_VLPs_results_crispresso_aggregated_spacer_TadCBEd_rep2_.staging_CRISPRessoPooled_on_TadCBEd_D5_rep2_CRISPResso_on_B2M	Substitutions	0.00020047110710168898	0.0008018844284067559	0.00015035333032626674	0.0002505888838771112	0.00020047110710168898	0.00020047110710168898	5.0117776775422245e-05	0.0002505888838771112	0.0005011777677542224	0.00015035333032626674	0.00010023555355084449	0.00010023555355084449	0.030471608279456722	0.0003508244374279557	0.02034781737082143	0.0005512955445296446	0.013130857515160627	0.00010023555355084449	0.0003508244374279557	0.0006014133213050669
_scratch_st-cdeboer-1_asfar_VLPs_results_crispresso_aggregated_spacer_TadCBEd_rep2_.staging_CRISPRessoPooled_on_TadCBEd_D5_rep2_CRISPResso_on_B2M	All_modifications	0.0005512955445296446	0.0012028266426101339	0.0007517666516313336	0.0009522377587330226	0.0016037688568135118	0.0015536510800380895	0.001252944419385556	0.001653886633588934	0.001854357740690623	0.0029569488297499125	0.002856713276199068	0.0012028266426101339	0.032526437127249036	0.0014032977497118228	0.021550644013431566	0.001453415526487245	0.014183330827444494	0.0009021199819576004	0.0009021199819576004	0.0010023555355084448
