Folder	Modification	G	G	C	C	C	A	G	A	C	T	G	A	G	C	A	C	G	T	G	A
_scratch_st-cdeboer-1_asfar_VLPs_results_crispresso_aggregated_spacer_TadCBEd_rep3_.staging_CRISPRessoPooled_on_TadCBEd_D0_rep3_CRISPResso_on_HEK3	Insertions	0.0	0.0	0.0	0.0	0.0	0.0	0.0	0.0	0.0	0.0	0.0	0.0	0.0	0.0	0.0	0.0	0.0	0.0	0.0	0.0
_scratch_st-cdeboer-1_asfar_VLPs_results_crispresso_aggregated_spacer_TadCBEd_rep3_.staging_CRISPRessoPooled_on_TadCBEd_D0_rep3_CRISPResso_on_HEK3	Insertions_Left	0.0	0.0	0.0	0.0	0.0	0.0	0.0	0.0	0.0	0.0	0.0	0.0	0.0	0.0	0.0	0.0	0.0	0.0	0.0	0.0
_scratch_st-cdeboer-1_asfar_VLPs_results_crispresso_aggregated_spacer_TadCBEd_rep3_.staging_CRISPRessoPooled_on_TadCBEd_D0_rep3_CRISPResso_on_HEK3	Deletions	1.9665167743880854e-05	8.521572689015037e-05	6.555055914626952e-06	6.555055914626952e-06	1.9665167743880854e-05	6.555055914626952e-06	1.3110111829253904e-05	1.3110111829253904e-05	6.555055914626952e-06	6.555055914626952e-06	1.3110111829253904e-05	6.555055914626952e-06	6.555055914626952e-06	6.555055914626952e-06	6.555055914626952e-06	6.555055914626952e-06	6.555055914626952e-06	6.555055914626952e-06	1.9665167743880854e-05	6.555055914626952e-06
_scratch_st-cdeboer-1_asfar_VLPs_results_crispresso_aggregated_spacer_TadCBEd_rep3_.staging_CRISPRessoPooled_on_TadCBEd_D0_rep3_CRISPResso_on_HEK3	Substitutions	0.00019665167743880855	0.00019665167743880855	9.177078280477732e-05	0.00011143595054865818	0.0001769865096949277	7.866067097552342e-05	0.0002556471806704511	0.0001769865096949277	7.210561506089648e-05	9.832583871940428e-05	0.0001769865096949277	0.00022287190109731637	0.00015732134195104683	0.00015076628603641988	7.866067097552342e-05	9.832583871940428e-05	0.000268757292499705	0.00019665167743880855	0.0001769865096949277	0.0001900966215241816
_scratch_st-cdeboer-1_asfar_VLPs_results_crispresso_aggregated_spacer_TadCBEd_rep3_.staging_CRISPRessoPooled_on_TadCBEd_D0_rep3_CRISPResso_on_HEK3	All_modifications	0.0002163168451826894	0.0002818674043289589	9.832583871940428e-05	0.00011799100646328514	0.00019665167743880855	8.521572689015037e-05	0.000268757292499705	0.0001900966215241816	7.866067097552342e-05	0.00010488089463403123	0.0001900966215241816	0.00022942695701194332	0.00016387639786567378	0.00015732134195104683	8.521572689015037e-05	0.00010488089463403123	0.000275312348414332	0.0002032067333534355	0.00019665167743880855	0.00019665167743880855
_scratch_st-cdeboer-1_asfar_VLPs_results_crispresso_aggregated_spacer_TadCBEd_rep3_.staging_CRISPRessoPooled_on_TadCBEd_D1_rep3_CRISPResso_on_HEK3	Insertions	0.0	1.8526409396594847e-05	1.8526409396594847e-05	0.0	0.0	0.0	0.0	0.0	0.0	0.0	0.0	0.0	0.0	0.0	0.0	0.0	3.705281879318969e-05	3.705281879318969e-05	0.0	0.0
_scratch_st-cdeboer-1_asfar_VLPs_results_crispresso_aggregated_spacer_TadCBEd_rep3_.staging_CRISPRessoPooled_on_TadCBEd_D1_rep3_CRISPResso_on_HEK3	Insertions_Left	0.0	1.8526409396594847e-05	0.0	0.0	0.0	0.0	0.0	0.0	0.0	0.0	0.0	0.0	0.0	0.0	0.0	0.0	3.705281879318969e-05	0.0	0.0	0.0
_scratch_st-cdeboer-1_asfar_VLPs_results_crispresso_aggregated_spacer_TadCBEd_rep3_.staging_CRISPRessoPooled_on_TadCBEd_D1_rep3_CRISPResso_on_HEK3	Deletions	0.0	0.00016673768456935362	7.410563758637939e-05	7.410563758637939e-05	0.000722529966467199	7.410563758637939e-05	7.410563758637939e-05	7.410563758637939e-05	0.00012968486577616392	0.00012968486577616392	5.5579228189784537e-05	5.5579228189784537e-05	0.0	0.0	0.0	0.0	0.0	1.8526409396594847e-05	1.8526409396594847e-05	1.8526409396594847e-05
_scratch_st-cdeboer-1_asfar_VLPs_results_crispresso_aggregated_spacer_TadCBEd_rep3_.staging_CRISPRessoPooled_on_TadCBEd_D1_rep3_CRISPResso_on_HEK3	Substitutions	0.00022231691275913815	0.00025936973155232785	0.000481686644311466	0.0029086462752653908	0.006965929933119662	0.00022231691275913815	0.00014821127517275877	0.000240843322155733	0.00042610741612168144	0.00014821127517275877	0.00016673768456935362	0.0002778961409489227	0.00011115845637956907	0.00016673768456935362	0.00014821127517275877	9.263204698297422e-05	0.00029642255034551755	0.00022231691275913815	0.00016673768456935362	0.00014821127517275877
_scratch_st-cdeboer-1_asfar_VLPs_results_crispresso_aggregated_spacer_TadCBEd_rep3_.staging_CRISPRessoPooled_on_TadCBEd_D1_rep3_CRISPResso_on_HEK3	All_modifications	0.00022231691275913815	0.0004446338255182763	0.0005743186912944402	0.0029827519128517704	0.007688459899586861	0.00029642255034551755	0.00022231691275913815	0.0003149489597421124	0.0005557922818978454	0.0002778961409489227	0.00022231691275913815	0.00033347536913870725	0.00011115845637956907	0.00016673768456935362	0.00014821127517275877	9.263204698297422e-05	0.00033347536913870725	0.0002778961409489227	0.00018526409396594845	0.00016673768456935362
_scratch_st-cdeboer-1_asfar_VLPs_results_crispresso_aggregated_spacer_TadCBEd_rep3_.staging_CRISPRessoPooled_on_TadCBEd_D2_rep3_CRISPResso_on_HEK3	Insertions	0.00011451080982044706	0.0	0.0	0.00011451080982044706	0.00011451080982044706	0.0	0.0	0.0	0.0	0.00018321729571271528	0.00018321729571271528	0.0	0.0	0.0	0.0	0.0	9.160864785635764e-05	9.160864785635764e-05	0.0	0.0
_scratch_st-cdeboer-1_asfar_VLPs_results_crispresso_aggregated_spacer_TadCBEd_rep3_.staging_CRISPRessoPooled_on_TadCBEd_D2_rep3_CRISPResso_on_HEK3	Insertions_Left	0.0	0.0	0.0	0.00011451080982044706	0.0	0.0	0.0	0.0	0.0	0.00018321729571271528	0.0	0.0	0.0	0.0	0.0	0.0	9.160864785635764e-05	0.0	0.0	0.0
_scratch_st-cdeboer-1_asfar_VLPs_results_crispresso_aggregated_spacer_TadCBEd_rep3_.staging_CRISPRessoPooled_on_TadCBEd_D2_rep3_CRISPResso_on_HEK3	Deletions	0.00016031513374862588	0.0008473799926713082	0.00016031513374862588	0.0002290216196408941	0.0015802491755221692	0.00018321729571271528	0.00018321729571271528	0.00020611945767680468	0.00020611945767680468	0.00011451080982044706	0.0003435324294613411	0.00032063026749725175	0.0002977281055331623	0.0002977281055331623	0.0002977281055331623	0.0002519237816049835	0.0002290216196408941	0.00018321729571271528	2.290216196408941e-05	2.290216196408941e-05
_scratch_st-cdeboer-1_asfar_VLPs_results_crispresso_aggregated_spacer_TadCBEd_rep3_.staging_CRISPRessoPooled_on_TadCBEd_D2_rep3_CRISPResso_on_HEK3	Substitutions	6.870648589226824e-05	0.0003435324294613411	0.0029314767314034445	0.007947050201539026	0.019169109563942837	0.00036643459142543056	0.00011451080982044706	0.0003435324294613411	0.000618358373030414	0.00013741297178453647	0.00018321729571271528	0.0002290216196408941	0.00013741297178453647	0.00013741297178453647	0.00016031513374862588	0.00013741297178453647	0.0002290216196408941	0.0003435324294613411	0.00016031513374862588	0.00013741297178453647
_scratch_st-cdeboer-1_asfar_VLPs_results_crispresso_aggregated_spacer_TadCBEd_rep3_.staging_CRISPRessoPooled_on_TadCBEd_D2_rep3_CRISPResso_on_HEK3	All_modifications	0.0003435324294613411	0.0011909124221326493	0.00309179186515207	0.008290582631000366	0.020863869549285454	0.0005496518871381459	0.0002977281055331623	0.0005496518871381459	0.0008244778307072187	0.0004351410773176988	0.0007099670208867717	0.0005496518871381459	0.0004351410773176988	0.0004351410773176988	0.0004580432392817882	0.00038933675338952	0.0005496518871381459	0.000618358373030414	0.00018321729571271528	0.00016031513374862588
_scratch_st-cdeboer-1_asfar_VLPs_results_crispresso_aggregated_spacer_TadCBEd_rep3_.staging_CRISPRessoPooled_on_TadCBEd_D3_rep3_CRISPResso_on_HEK3	Insertions	0.0	5.474502504584896e-05	5.474502504584896e-05	0.0	8.211753756877343e-05	8.211753756877343e-05	0.0	0.0	0.0	0.0008485478882106588	0.0008485478882106588	0.0	0.0	0.0	0.0	0.0	2.737251252292448e-05	2.737251252292448e-05	0.0	0.0
_scratch_st-cdeboer-1_asfar_VLPs_results_crispresso_aggregated_spacer_TadCBEd_rep3_.staging_CRISPRessoPooled_on_TadCBEd_D3_rep3_CRISPResso_on_HEK3	Insertions_Left	0.0	5.474502504584896e-05	0.0	0.0	8.211753756877343e-05	0.0	0.0	0.0	0.0	0.0008485478882106588	0.0	0.0	0.0	0.0	0.0	0.0	2.737251252292448e-05	0.0	0.0	0.0
_scratch_st-cdeboer-1_asfar_VLPs_results_crispresso_aggregated_spacer_TadCBEd_rep3_.staging_CRISPRessoPooled_on_TadCBEd_D3_rep3_CRISPResso_on_HEK3	Deletions	0.0005748227629814141	0.0018613308515588647	0.0006021952755043386	0.0008759204007335833	0.005118659841786877	0.0010127829633482057	0.0012591355760545261	0.0011770180384857525	0.0011770180384857525	0.0010127829633482057	0.0010127829633482057	0.0009580379383023567	0.0010949005009169791	0.0009306654257794323	0.0009306654257794323	0.000739057838118961	0.000684312813073112	0.0004927052254126407	0.0003284701502750937	0.0003284701502750937
_scratch_st-cdeboer-1_asfar_VLPs_results_crispresso_aggregated_spacer_TadCBEd_rep3_.staging_CRISPRessoPooled_on_TadCBEd_D3_rep3_CRISPResso_on_HEK3	Substitutions	0.0001368625626146224	0.0005748227629814141	0.005365012454493198	0.02548380915884269	0.06273779870254291	0.0008485478882106588	0.00021898010018339583	8.211753756877343e-05	0.0009854104508252813	5.474502504584896e-05	0.0002737251252292448	0.00021898010018339583	0.00019160758766047136	0.0001368625626146224	0.00010949005009169792	5.474502504584896e-05	0.00019160758766047136	0.0001368625626146224	0.00016423507513754686	0.00019160758766047136
_scratch_st-cdeboer-1_asfar_VLPs_results_crispresso_aggregated_spacer_TadCBEd_rep3_.staging_CRISPRessoPooled_on_TadCBEd_D3_rep3_CRISPResso_on_HEK3	All_modifications	0.0007116853255960364	0.0024908986395861276	0.006021952755043385	0.026359729559576273	0.06793857608189856	0.001943448389127638	0.001478115676237922	0.0012591355760545261	0.002162428489311034	0.0019160758766047135	0.0021350559767881095	0.0011770180384857525	0.0012865080885774505	0.0010675279883940547	0.0010401554758711301	0.00079380286316481	0.0009032929132565078	0.0006569403005501874	0.0004927052254126407	0.0005200777379355651
_scratch_st-cdeboer-1_asfar_VLPs_results_crispresso_aggregated_spacer_TadCBEd_rep3_.staging_CRISPRessoPooled_on_TadCBEd_D4_rep3_CRISPResso_on_HEK3	Insertions	0.0	0.0003183265120509322	0.0003183265120509322	6.821282401091406e-05	6.821282401091406e-05	0.0	0.0	0.0	0.0001743216613612248	0.0016371077762619372	0.0014627861149007124	0.0	7.5792026678793395e-06	7.5792026678793395e-06	0.0	0.0	0.00022737608003638017	0.000447172957404881	0.00021979687736850084	0.0
_scratch_st-cdeboer-1_asfar_VLPs_results_crispresso_aggregated_spacer_TadCBEd_rep3_.staging_CRISPRessoPooled_on_TadCBEd_D4_rep3_CRISPResso_on_HEK3	Insertions_Left	0.0	0.0003183265120509322	0.0	6.821282401091406e-05	0.0	0.0	0.0	0.0	0.0001743216613612248	0.0014627861149007124	0.0	0.0	7.5792026678793395e-06	0.0	0.0	0.0	0.00022737608003638017	0.00021979687736850084	0.0	0.0
_scratch_st-cdeboer-1_asfar_VLPs_results_crispresso_aggregated_spacer_TadCBEd_rep3_.staging_CRISPRessoPooled_on_TadCBEd_D4_rep3_CRISPResso_on_HEK3	Deletions	0.0013566772775504016	0.006086099742307109	0.0020918599363346974	0.002319236016371078	0.015635895103835076	0.0023874488403819918	0.002319236016371078	0.0024480824617250266	0.0030241018644838564	0.0026754585417614065	0.0021979687736850082	0.002099439139002577	0.0017583750189480067	0.0015688949522510232	0.001318781264211005	0.0012657268455358497	0.0010459299681673487	0.0008867667121418827	0.0006063362134303471	0.00039411853872972565
_scratch_st-cdeboer-1_asfar_VLPs_results_crispresso_aggregated_spacer_TadCBEd_rep3_.staging_CRISPRessoPooled_on_TadCBEd_D4_rep3_CRISPResso_on_HEK3	Substitutions	0.0005911778080945884	0.0018265878429589207	0.02282097923298469	0.10290283462179779	0.1897983932090344	0.0018872214643019555	0.0008185538881309686	0.0007806578747915719	0.005949674094285281	0.00023495528270425951	0.00020463847203274215	0.00035622252539032896	9.095043201455206e-05	0.00012126724268606943	4.547521600727603e-05	0.00010610883735031075	0.00032590571471881156	0.00037896013339396695	0.00023495528270425951	0.00024253448537213886
_scratch_st-cdeboer-1_asfar_VLPs_results_crispresso_aggregated_spacer_TadCBEd_rep3_.staging_CRISPRessoPooled_on_TadCBEd_D4_rep3_CRISPResso_on_HEK3	All_modifications	0.00194785508564499	0.008231014097316962	0.02523116568137032	0.10529028346217978	0.2055025011368804	0.004274670304683947	0.0031377899045020464	0.0032287403365165983	0.009148097620130363	0.004547521600727604	0.003865393360618463	0.0024556616643929058	0.0018569046536304381	0.001697741397604972	0.001364256480218281	0.0013718356828861604	0.0015992117629225406	0.0017128998029407305	0.0010610883735031075	0.0006366530241018644
_scratch_st-cdeboer-1_asfar_VLPs_results_crispresso_aggregated_spacer_TadCBEd_rep3_.staging_CRISPRessoPooled_on_TadCBEd_D5_rep3_CRISPResso_on_HEK3	Insertions	2.506831114787797e-05	0.0003258880449224136	0.0003258880449224136	0.00014539620465769222	0.0002406557870196285	0.00013536888019854103	0.00011531423128023865	9.024592013236069e-05	1.5040986688726781e-05	0.0007971722945025193	0.0007971722945025193	0.0	0.0	0.0	2.0054648918302375e-05	2.0054648918302375e-05	0.00021057381364217493	0.0002356421247900529	2.506831114787797e-05	2.0054648918302375e-05
_scratch_st-cdeboer-1_asfar_VLPs_results_crispresso_aggregated_spacer_TadCBEd_rep3_.staging_CRISPRessoPooled_on_TadCBEd_D5_rep3_CRISPResso_on_HEK3	Insertions_Left	0.0	0.0003258880449224136	0.0	0.00014539620465769222	9.525958236193628e-05	4.010929783660475e-05	7.52049334436339e-05	1.5040986688726781e-05	0.0	0.0007971722945025193	0.0	0.0	0.0	0.0	2.0054648918302375e-05	0.0	0.00021057381364217493	2.506831114787797e-05	0.0	2.0054648918302375e-05
_scratch_st-cdeboer-1_asfar_VLPs_results_crispresso_aggregated_spacer_TadCBEd_rep3_.staging_CRISPRessoPooled_on_TadCBEd_D5_rep3_CRISPResso_on_HEK3	Deletions	0.0018199593893359403	0.005926148755358351	0.002261161665538593	0.002897896768694693	0.01521145120453235	0.0028427464841693614	0.0029179514176129956	0.0028026371863327567	0.002877842119776391	0.0024817628036399187	0.0026572409816750645	0.002426612519114587	0.0022862299766864707	0.0021759294076358075	0.0018299867137950916	0.0015692762778571608	0.001293524855230503	0.0009676368103080895	0.000752049334436339	0.0006618034143039784
_scratch_st-cdeboer-1_asfar_VLPs_results_crispresso_aggregated_spacer_TadCBEd_rep3_.staging_CRISPRessoPooled_on_TadCBEd_D5_rep3_CRISPResso_on_HEK3	Substitutions	0.0007570629966659146	0.0023413802612118023	0.022185455365872003	0.09636760171467249	0.1973076633827179	0.001824973051565516	0.0003058333960041112	0.0005715574941716177	0.004271640219598406	0.00018550550249429697	0.0002506831114787797	0.0002506831114787797	0.00019051916472387256	0.00018049184026472137	0.00022561480033090172	0.00028076508485623325	0.0004161339650547743	0.00018550550249429697	0.0002306284625604773	0.00021057381364217493
_scratch_st-cdeboer-1_asfar_VLPs_results_crispresso_aggregated_spacer_TadCBEd_rep3_.staging_CRISPRessoPooled_on_TadCBEd_D5_rep3_CRISPResso_on_HEK3	All_modifications	0.002602090697149733	0.008593417061492567	0.024772505076333006	0.09941089468802487	0.21275977037426988	0.004803088415933418	0.0033390990448973453	0.0034644406006367353	0.007164523326063523	0.0034644406006367353	0.0037050963876563638	0.002677295630593367	0.0024767491414103434	0.002356421247900529	0.002075656163044296	0.0018700960116316964	0.0019202326339274522	0.0013887844375924394	0.0010077461081446943	0.0008924318768644557
