Folder	Modification	G	G	A	G	G	C	T	A	T	C	C	A	G	C	G	T	G	A	G	T
_scratch_st-cdeboer-1_asfar_VLPs_results_crispresso_aggregated_spacer_TadCBEd_rep1_.staging_CRISPRessoPooled_on_TadCBEd_D0_rep1_CRISPResso_on_B2M	Insertions	0.0	0.0	0.0	0.0	0.0	0.0	0.0	0.0	0.0	0.0	0.0	0.0	0.0	0.0	0.0	0.0	0.0	0.0	0.0	0.0
_scratch_st-cdeboer-1_asfar_VLPs_results_crispresso_aggregated_spacer_TadCBEd_rep1_.staging_CRISPRessoPooled_on_TadCBEd_D0_rep1_CRISPResso_on_B2M	Insertions_Left	0.0	0.0	0.0	0.0	0.0	0.0	0.0	0.0	0.0	0.0	0.0	0.0	0.0	0.0	0.0	0.0	0.0	0.0	0.0	0.0
_scratch_st-cdeboer-1_asfar_VLPs_results_crispresso_aggregated_spacer_TadCBEd_rep1_.staging_CRISPRessoPooled_on_TadCBEd_D0_rep1_CRISPResso_on_B2M	Deletions	0.0	3.017774692941425e-05	0.0	0.0	0.0	0.0	0.0	0.0	1.0059248976471416e-05	0.0	0.0	0.0	0.0	0.0	0.0	0.0	0.0	0.0	0.0	0.0
_scratch_st-cdeboer-1_asfar_VLPs_results_crispresso_aggregated_spacer_TadCBEd_rep1_.staging_CRISPRessoPooled_on_TadCBEd_D0_rep1_CRISPResso_on_B2M	Substitutions	0.0003721922121294424	0.0008248584160706562	0.0002514812244117854	0.0003218959672470853	0.000120710987717657	0.00020118497952942833	0.00022130347748237117	0.00014082948567059982	0.0003721922121294424	0.0001911257305529569	0.0001810664815764855	0.00029171822031767106	0.00017100723260001408	0.0003721922121294424	0.00014082948567059982	0.0002615404733882568	0.00023136272645884258	0.0003118367182706139	0.00034201446520002815	0.00046272545291768517
_scratch_st-cdeboer-1_asfar_VLPs_results_crispresso_aggregated_spacer_TadCBEd_rep1_.staging_CRISPRessoPooled_on_TadCBEd_D0_rep1_CRISPResso_on_B2M	All_modifications	0.0003721922121294424	0.0008550361630000705	0.0002514812244117854	0.0003218959672470853	0.000120710987717657	0.00020118497952942833	0.00022130347748237117	0.00014082948567059982	0.0003822514611059138	0.0001911257305529569	0.0001810664815764855	0.00029171822031767106	0.00017100723260001408	0.0003721922121294424	0.00014082948567059982	0.0002615404733882568	0.00023136272645884258	0.0003118367182706139	0.00034201446520002815	0.00046272545291768517
_scratch_st-cdeboer-1_asfar_VLPs_results_crispresso_aggregated_spacer_TadCBEd_rep1_.staging_CRISPRessoPooled_on_TadCBEd_D1_rep1_CRISPResso_on_B2M	Insertions	0.0	0.0	0.0	0.0	0.0	0.0	0.0	0.0	0.0	0.0	0.0	0.0	0.0	0.0	0.0	0.0	0.0	0.0	0.0	0.0
_scratch_st-cdeboer-1_asfar_VLPs_results_crispresso_aggregated_spacer_TadCBEd_rep1_.staging_CRISPRessoPooled_on_TadCBEd_D1_rep1_CRISPResso_on_B2M	Insertions_Left	0.0	0.0	0.0	0.0	0.0	0.0	0.0	0.0	0.0	0.0	0.0	0.0	0.0	0.0	0.0	0.0	0.0	0.0	0.0	0.0
_scratch_st-cdeboer-1_asfar_VLPs_results_crispresso_aggregated_spacer_TadCBEd_rep1_.staging_CRISPRessoPooled_on_TadCBEd_D1_rep1_CRISPResso_on_B2M	Deletions	1.4786337424220021e-05	4.435901227266006e-05	1.4786337424220021e-05	1.4786337424220021e-05	1.4786337424220021e-05	1.4786337424220021e-05	1.4786337424220021e-05	1.4786337424220021e-05	1.4786337424220021e-05	1.4786337424220021e-05	2.9572674848440043e-05	1.4786337424220021e-05	1.4786337424220021e-05	1.4786337424220021e-05	1.4786337424220021e-05	1.4786337424220021e-05	1.4786337424220021e-05	1.4786337424220021e-05	1.4786337424220021e-05	1.4786337424220021e-05
_scratch_st-cdeboer-1_asfar_VLPs_results_crispresso_aggregated_spacer_TadCBEd_rep1_.staging_CRISPRessoPooled_on_TadCBEd_D1_rep1_CRISPResso_on_B2M	Substitutions	0.0003548720981812805	0.0005027354724234807	0.0002957267484844004	0.00022179506136330032	0.00010350436196954015	0.0001330770368179802	0.0003548720981812805	0.00019222238651486027	0.0002957267484844004	0.00010350436196954015	0.00016264971166642022	0.00022179506136330032	0.0006358125092414609	0.0002070087239390803	0.00019222238651486027	0.0002957267484844004	0.0002957267484844004	0.00031051308590862044	0.0002957267484844004	0.00031051308590862044
_scratch_st-cdeboer-1_asfar_VLPs_results_crispresso_aggregated_spacer_TadCBEd_rep1_.staging_CRISPRessoPooled_on_TadCBEd_D1_rep1_CRISPResso_on_B2M	All_modifications	0.00036965843560550054	0.0005470944846961408	0.00031051308590862044	0.00023658139878752034	0.00011829069939376017	0.0001478633742422002	0.00036965843560550054	0.0002070087239390803	0.00031051308590862044	0.00011829069939376017	0.00019222238651486027	0.00023658139878752034	0.0006505988466656809	0.00022179506136330032	0.0002070087239390803	0.00031051308590862044	0.00031051308590862044	0.00032529942333284044	0.00031051308590862044	0.00032529942333284044
_scratch_st-cdeboer-1_asfar_VLPs_results_crispresso_aggregated_spacer_TadCBEd_rep1_.staging_CRISPRessoPooled_on_TadCBEd_D2_rep1_CRISPResso_on_B2M	Insertions	0.0	0.0	0.0	0.0	4.421909085549201e-05	4.421909085549201e-05	0.0	0.0	0.0	0.0	0.0	0.0	0.0	0.0	0.0	0.0	0.0	0.0	0.0	0.0
_scratch_st-cdeboer-1_asfar_VLPs_results_crispresso_aggregated_spacer_TadCBEd_rep1_.staging_CRISPRessoPooled_on_TadCBEd_D2_rep1_CRISPResso_on_B2M	Insertions_Left	0.0	0.0	0.0	0.0	4.421909085549201e-05	0.0	0.0	0.0	0.0	0.0	0.0	0.0	0.0	0.0	0.0	0.0	0.0	0.0	0.0	0.0
_scratch_st-cdeboer-1_asfar_VLPs_results_crispresso_aggregated_spacer_TadCBEd_rep1_.staging_CRISPRessoPooled_on_TadCBEd_D2_rep1_CRISPResso_on_B2M	Deletions	7.369848475915335e-06	4.421909085549201e-05	1.473969695183067e-05	7.369848475915335e-05	7.369848475915335e-05	7.369848475915335e-05	7.369848475915335e-06	7.369848475915335e-06	7.369848475915335e-06	7.369848475915335e-06	7.369848475915335e-05	7.369848475915335e-05	7.369848475915335e-05	7.369848475915335e-06	7.369848475915335e-06	7.369848475915335e-06	7.369848475915335e-06	0.0	0.0	0.0
_scratch_st-cdeboer-1_asfar_VLPs_results_crispresso_aggregated_spacer_TadCBEd_rep1_.staging_CRISPRessoPooled_on_TadCBEd_D2_rep1_CRISPResso_on_B2M	Substitutions	0.0003537527268439361	0.00034638287836802074	0.0002947939390366134	0.00021372560580154473	0.0001473969695183067	0.00017687636342196805	0.0002063557573256294	0.00018424621189788338	0.00042745121160308946	0.0001473969695183067	0.0001031778786628147	0.0002947939390366134	0.0009212310594894169	0.00019898590884971404	0.0004200813631271741	0.00016950651494605272	0.00030953363598844406	0.00040534166617534344	0.0002726843936088674	0.0003979718176994281
_scratch_st-cdeboer-1_asfar_VLPs_results_crispresso_aggregated_spacer_TadCBEd_rep1_.staging_CRISPRessoPooled_on_TadCBEd_D2_rep1_CRISPResso_on_B2M	All_modifications	0.0003611225753198514	0.0003906019692235128	0.00030953363598844406	0.0002874240905606981	0.00026531454513295207	0.0002947939390366134	0.00021372560580154473	0.0001916160603737987	0.00043482106007900476	0.00015476681799422203	0.00017687636342196805	0.00036849242379576676	0.0009949295442485703	0.0002063557573256294	0.00042745121160308946	0.00017687636342196805	0.0003169034844643594	0.00040534166617534344	0.0002726843936088674	0.0003979718176994281
_scratch_st-cdeboer-1_asfar_VLPs_results_crispresso_aggregated_spacer_TadCBEd_rep1_.staging_CRISPRessoPooled_on_TadCBEd_D3_rep1_CRISPResso_on_B2M	Insertions	0.0	0.0	0.0	0.0	0.0	0.0	0.0	9.142439202779301e-05	9.142439202779301e-05	0.00011885170963613092	0.00011885170963613092	0.0	0.0	0.0	0.0	0.0	0.0	0.0	0.0	0.0
_scratch_st-cdeboer-1_asfar_VLPs_results_crispresso_aggregated_spacer_TadCBEd_rep1_.staging_CRISPRessoPooled_on_TadCBEd_D3_rep1_CRISPResso_on_B2M	Insertions_Left	0.0	0.0	0.0	0.0	0.0	0.0	0.0	9.142439202779301e-05	0.0	0.00011885170963613092	0.0	0.0	0.0	0.0	0.0	0.0	0.0	0.0	0.0	0.0
_scratch_st-cdeboer-1_asfar_VLPs_results_crispresso_aggregated_spacer_TadCBEd_rep1_.staging_CRISPRessoPooled_on_TadCBEd_D3_rep1_CRISPResso_on_B2M	Deletions	0.0	1.8284878405558604e-05	0.0	3.656975681111721e-05	5.485463521667581e-05	5.485463521667581e-05	1.8284878405558604e-05	1.8284878405558604e-05	1.8284878405558604e-05	1.8284878405558604e-05	6.399707441945511e-05	5.485463521667581e-05	5.485463521667581e-05	1.8284878405558604e-05	2.7427317608337905e-05	2.7427317608337905e-05	2.7427317608337905e-05	2.7427317608337905e-05	2.7427317608337905e-05	9.142439202779302e-06
_scratch_st-cdeboer-1_asfar_VLPs_results_crispresso_aggregated_spacer_TadCBEd_rep1_.staging_CRISPRessoPooled_on_TadCBEd_D3_rep1_CRISPResso_on_B2M	Substitutions	0.00040226732492228926	0.00041140976412506856	0.00023770341927226184	0.00041140976412506856	0.00014627902724446883	0.00016456390565002741	0.00025598829767782045	0.00013713658804168953	0.00036569756811117204	0.00015542146644724814	0.00020113366246114463	0.00023770341927226184	0.000996525873102944	0.00023770341927226184	0.0008136770890473579	0.00017370634485280672	0.0007953922106417993	0.00042055220332784787	0.00025598829767782045	0.00039312488571950995
_scratch_st-cdeboer-1_asfar_VLPs_results_crispresso_aggregated_spacer_TadCBEd_rep1_.staging_CRISPRessoPooled_on_TadCBEd_D3_rep1_CRISPResso_on_B2M	All_modifications	0.00040226732492228926	0.00042969464253062717	0.00023770341927226184	0.0004479795209361858	0.00020113366246114463	0.00021941854086670324	0.00027427317608337906	0.00024684585847504115	0.0004754068385445237	0.00029255805448893767	0.00038398244651673065	0.00029255805448893767	0.0010513805083196197	0.00025598829767782045	0.0008411044066556957	0.00020113366246114463	0.0008228195282501371	0.0004479795209361858	0.00028341561528615836	0.00040226732492228926
_scratch_st-cdeboer-1_asfar_VLPs_results_crispresso_aggregated_spacer_TadCBEd_rep1_.staging_CRISPRessoPooled_on_TadCBEd_D4_rep1_CRISPResso_on_B2M	Insertions	0.0	0.0	0.0	0.0	0.00015342129487572875	0.00015342129487572875	2.557021581262146e-05	2.557021581262146e-05	0.0	0.0012657256827247622	0.0012657256827247622	0.00028127237393883606	0.00028127237393883606	0.00016620640278203948	0.00016620640278203948	0.00010228086325048584	0.00010228086325048584	0.0	0.0	0.0
_scratch_st-cdeboer-1_asfar_VLPs_results_crispresso_aggregated_spacer_TadCBEd_rep1_.staging_CRISPRessoPooled_on_TadCBEd_D4_rep1_CRISPResso_on_B2M	Insertions_Left	0.0	0.0	0.0	0.0	0.00015342129487572875	0.0	2.557021581262146e-05	0.0	0.0	0.0012657256827247622	0.0	0.00028127237393883606	0.0	0.00016620640278203948	0.0	0.00010228086325048584	0.0	0.0	0.0	0.0
_scratch_st-cdeboer-1_asfar_VLPs_results_crispresso_aggregated_spacer_TadCBEd_rep1_.staging_CRISPRessoPooled_on_TadCBEd_D4_rep1_CRISPResso_on_B2M	Deletions	0.0003068425897514575	0.00037076812928301116	0.00047304899253349696	0.0004858341004398077	0.0006009000715966043	0.00047304899253349696	0.0004858341004398077	0.00038355323718932186	0.00037076812928301116	0.00042190856090825406	0.0004858341004398077	0.00042190856090825406	0.0007031809348470901	0.00033241280556407896	0.00033241280556407896	0.0003068425897514575	0.00020456172650097168	0.00015342129487572875	0.00015342129487572875	0.0001278510790631073
_scratch_st-cdeboer-1_asfar_VLPs_results_crispresso_aggregated_spacer_TadCBEd_rep1_.staging_CRISPRessoPooled_on_TadCBEd_D4_rep1_CRISPResso_on_B2M	Substitutions	0.00029405748184514676	0.0006264702874092257	0.00020456172650097168	0.0003963383450956326	0.0001789915106883502	0.0002173468344072824	0.0004346936688145648	0.0003068425897514575	0.0004986192083461184	0.00019177661859466093	0.00020456172650097168	0.0005114043162524292	0.022489004807200574	0.0007671064743786437	0.018653472435307353	0.00038355323718932186	0.01121253963383451	0.00047304899253349696	0.0006776107190344686	0.00046026388462718626
_scratch_st-cdeboer-1_asfar_VLPs_results_crispresso_aggregated_spacer_TadCBEd_rep1_.staging_CRISPRessoPooled_on_TadCBEd_D4_rep1_CRISPResso_on_B2M	All_modifications	0.0006009000715966043	0.0009972384166922368	0.0006776107190344686	0.0008821724455354403	0.0009333128771606832	0.0008438171218165081	0.0009460979850669939	0.0007159660427534008	0.0008693873376291296	0.0018794108622276773	0.0019561215096655414	0.0012145852510995192	0.023473458115986497	0.0012657256827247622	0.019152091643653474	0.0007926766901912652	0.011519382223585967	0.0006264702874092257	0.0008310320139101974	0.0005881149636902935
_scratch_st-cdeboer-1_asfar_VLPs_results_crispresso_aggregated_spacer_TadCBEd_rep1_.staging_CRISPRessoPooled_on_TadCBEd_D5_rep1_CRISPResso_on_B2M	Insertions	0.0	0.0	0.0	0.0	8.019503432347469e-05	8.019503432347469e-05	9.623404118816963e-05	0.00016039006864694937	0.00011227304805286457	0.000769872329505357	0.0007217553089112722	0.0	0.00032078013729389875	0.00048117020594084814	0.00016039006864694937	3.207801372938988e-05	3.207801372938988e-05	0.0	0.0	0.0
_scratch_st-cdeboer-1_asfar_VLPs_results_crispresso_aggregated_spacer_TadCBEd_rep1_.staging_CRISPRessoPooled_on_TadCBEd_D5_rep1_CRISPResso_on_B2M	Insertions_Left	0.0	0.0	0.0	0.0	8.019503432347469e-05	0.0	9.623404118816963e-05	6.415602745877976e-05	4.8117020594084814e-05	0.0007217553089112722	0.0	0.0	0.00032078013729389875	0.00016039006864694937	0.0	3.207801372938988e-05	0.0	0.0	0.0	0.0
_scratch_st-cdeboer-1_asfar_VLPs_results_crispresso_aggregated_spacer_TadCBEd_rep1_.staging_CRISPRessoPooled_on_TadCBEd_D5_rep1_CRISPResso_on_B2M	Deletions	0.00016039006864694937	0.0002085070892410342	0.00027266311669981396	0.00022454609610572914	0.00032078013729389875	0.00032078013729389875	0.0002887021235645089	0.0004651311990761532	0.0004651311990761532	0.000529287226534933	0.0006736382883171873	0.0005934432539937127	0.0014916276384166292	0.0004651311990761532	0.0007057163020465773	0.0004490921922114583	0.00035285815102328866	0.00024058510297042407	0.00024058510297042407	0.00024058510297042407
_scratch_st-cdeboer-1_asfar_VLPs_results_crispresso_aggregated_spacer_TadCBEd_rep1_.staging_CRISPRessoPooled_on_TadCBEd_D5_rep1_CRISPResso_on_B2M	Substitutions	0.0003368191441585937	0.0008821453775582216	0.00024058510297042407	0.00022454609610572914	9.623404118816963e-05	0.0003368191441585937	0.0003849361647526785	0.00022454609610572914	0.0005613652402643228	0.00014435106178225444	0.00032078013729389875	0.0003047411304292038	0.024860460640277155	0.000529287226534933	0.01910245717585167	0.0002887021235645089	0.010826329633669083	0.00025662410983511903	0.0005774042471290178	0.0003047411304292038
_scratch_st-cdeboer-1_asfar_VLPs_results_crispresso_aggregated_spacer_TadCBEd_rep1_.staging_CRISPRessoPooled_on_TadCBEd_D5_rep1_CRISPResso_on_B2M	All_modifications	0.0004972092128055431	0.0010906524667992558	0.0005132482196702381	0.0004490921922114583	0.0004972092128055431	0.0007377943157759672	0.000769872329505357	0.0008500673638288317	0.0011387694873933405	0.0014435106178225445	0.0017161737345223584	0.0008981843844229166	0.02667286841598768	0.0014755886315519343	0.019968563546545196	0.000769872329505357	0.011211265798421763	0.0004972092128055431	0.0008179893500994418	0.0005453262333996279
