Folder	Modification	G	G	C	C	C	A	G	A	C	T	G	A	G	C	A	C	G	T	G	A
_scratch_st-cdeboer-1_asfar_VLPs_results_crispresso_aggregated_spacer_TadCBEd_rep2_.staging_CRISPRessoPooled_on_TadCBEd_D0_rep2_CRISPResso_on_HEK3	Insertions	0.0	0.0	0.0	0.0	0.0	0.0	0.0	0.0	0.0	0.0	0.0	0.0	0.0	0.0	0.0	0.0	0.0	0.0	0.0	0.0
_scratch_st-cdeboer-1_asfar_VLPs_results_crispresso_aggregated_spacer_TadCBEd_rep2_.staging_CRISPRessoPooled_on_TadCBEd_D0_rep2_CRISPResso_on_HEK3	Insertions_Left	0.0	0.0	0.0	0.0	0.0	0.0	0.0	0.0	0.0	0.0	0.0	0.0	0.0	0.0	0.0	0.0	0.0	0.0	0.0	0.0
_scratch_st-cdeboer-1_asfar_VLPs_results_crispresso_aggregated_spacer_TadCBEd_rep2_.staging_CRISPRessoPooled_on_TadCBEd_D0_rep2_CRISPResso_on_HEK3	Deletions	0.0	0.00016879061524179256	0.0	0.0	0.0	0.0	0.0	0.0	0.0	0.0	0.0	0.0	0.0	0.0	0.0	0.0	0.0	0.0	0.0	0.0
_scratch_st-cdeboer-1_asfar_VLPs_results_crispresso_aggregated_spacer_TadCBEd_rep2_.staging_CRISPRessoPooled_on_TadCBEd_D0_rep2_CRISPResso_on_HEK3	Substitutions	8.439530762089628e-05	0.0003375812304835851	0.0	0.00016879061524179256	0.0004219765381044814	8.439530762089628e-05	0.00025318592286268884	0.00016879061524179256	0.0	0.00016879061524179256	0.0004219765381044814	0.00025318592286268884	8.439530762089628e-05	0.00016879061524179256	8.439530762089628e-05	0.00016879061524179256	8.439530762089628e-05	8.439530762089628e-05	0.00025318592286268884	0.00025318592286268884
_scratch_st-cdeboer-1_asfar_VLPs_results_crispresso_aggregated_spacer_TadCBEd_rep2_.staging_CRISPRessoPooled_on_TadCBEd_D0_rep2_CRISPResso_on_HEK3	All_modifications	8.439530762089628e-05	0.0005063718457253777	0.0	0.00016879061524179256	0.0004219765381044814	8.439530762089628e-05	0.00025318592286268884	0.00016879061524179256	0.0	0.00016879061524179256	0.0004219765381044814	0.00025318592286268884	8.439530762089628e-05	0.00016879061524179256	8.439530762089628e-05	0.00016879061524179256	8.439530762089628e-05	8.439530762089628e-05	0.00025318592286268884	0.00025318592286268884
_scratch_st-cdeboer-1_asfar_VLPs_results_crispresso_aggregated_spacer_TadCBEd_rep2_.staging_CRISPRessoPooled_on_TadCBEd_D1_rep2_CRISPResso_on_HEK3	Insertions	0.0	0.0	0.0	0.0	0.0	0.0	0.0	0.0	0.0	0.0	0.0	0.0	0.0	0.0	0.0	0.0	0.0	0.0	0.0	0.0
_scratch_st-cdeboer-1_asfar_VLPs_results_crispresso_aggregated_spacer_TadCBEd_rep2_.staging_CRISPRessoPooled_on_TadCBEd_D1_rep2_CRISPResso_on_HEK3	Insertions_Left	0.0	0.0	0.0	0.0	0.0	0.0	0.0	0.0	0.0	0.0	0.0	0.0	0.0	0.0	0.0	0.0	0.0	0.0	0.0	0.0
_scratch_st-cdeboer-1_asfar_VLPs_results_crispresso_aggregated_spacer_TadCBEd_rep2_.staging_CRISPRessoPooled_on_TadCBEd_D1_rep2_CRISPResso_on_HEK3	Deletions	0.0	0.0	0.0	0.0	8.028904054596547e-05	0.0	0.0	0.0	0.0	0.0	0.0	0.0	0.0	0.0	0.0	0.0	0.0	0.0	0.0	0.0
_scratch_st-cdeboer-1_asfar_VLPs_results_crispresso_aggregated_spacer_TadCBEd_rep2_.staging_CRISPRessoPooled_on_TadCBEd_D1_rep2_CRISPResso_on_HEK3	Substitutions	8.028904054596547e-05	0.00016057808109193095	0.00048173424327579284	0.0019269369731031714	0.005058209554395825	8.028904054596547e-05	8.028904054596547e-05	0.00024086712163789642	0.0	8.028904054596547e-05	0.00016057808109193095	0.00016057808109193095	8.028904054596547e-05	0.00016057808109193095	0.00016057808109193095	0.0	8.028904054596547e-05	0.0	0.00024086712163789642	0.0
_scratch_st-cdeboer-1_asfar_VLPs_results_crispresso_aggregated_spacer_TadCBEd_rep2_.staging_CRISPRessoPooled_on_TadCBEd_D1_rep2_CRISPResso_on_HEK3	All_modifications	8.028904054596547e-05	0.00016057808109193095	0.00048173424327579284	0.0019269369731031714	0.00513849859494179	8.028904054596547e-05	8.028904054596547e-05	0.00024086712163789642	0.0	8.028904054596547e-05	0.00016057808109193095	0.00016057808109193095	8.028904054596547e-05	0.00016057808109193095	0.00016057808109193095	0.0	8.028904054596547e-05	0.0	0.00024086712163789642	0.0
_scratch_st-cdeboer-1_asfar_VLPs_results_crispresso_aggregated_spacer_TadCBEd_rep2_.staging_CRISPRessoPooled_on_TadCBEd_D2_rep2_CRISPResso_on_HEK3	Insertions	0.0	0.0	0.0	0.0	0.0	0.0	0.0	0.0	0.0	0.0	0.0	0.0	0.0	0.0	0.0	0.0	0.0	0.0	0.0	0.0
_scratch_st-cdeboer-1_asfar_VLPs_results_crispresso_aggregated_spacer_TadCBEd_rep2_.staging_CRISPRessoPooled_on_TadCBEd_D2_rep2_CRISPResso_on_HEK3	Insertions_Left	0.0	0.0	0.0	0.0	0.0	0.0	0.0	0.0	0.0	0.0	0.0	0.0	0.0	0.0	0.0	0.0	0.0	0.0	0.0	0.0
_scratch_st-cdeboer-1_asfar_VLPs_results_crispresso_aggregated_spacer_TadCBEd_rep2_.staging_CRISPRessoPooled_on_TadCBEd_D2_rep2_CRISPResso_on_HEK3	Deletions	0.00011747430249632892	0.0010572687224669603	0.00023494860499265785	0.00041116005873715125	0.0013509544787077827	0.0006461086637298091	0.0005873715124816446	0.0006461086637298091	0.0007048458149779736	0.0005286343612334801	0.0004698972099853157	0.0004698972099853157	0.00011747430249632892	0.00011747430249632892	0.00011747430249632892	0.00011747430249632892	0.00011747430249632892	0.00011747430249632892	0.00011747430249632892	0.00011747430249632892
_scratch_st-cdeboer-1_asfar_VLPs_results_crispresso_aggregated_spacer_TadCBEd_rep2_.staging_CRISPRessoPooled_on_TadCBEd_D2_rep2_CRISPResso_on_HEK3	Substitutions	0.0001762114537444934	0.0006461086637298091	0.0018208516886930985	0.01039647577092511	0.02555066079295154	0.0004698972099853157	0.0001762114537444934	0.00041116005873715125	0.0012922173274596183	0.0	5.873715124816446e-05	0.00023494860499265785	0.0001762114537444934	0.00011747430249632892	0.0002936857562408223	0.00023494860499265785	0.0003524229074889868	0.0001762114537444934	0.00023494860499265785	5.873715124816446e-05
_scratch_st-cdeboer-1_asfar_VLPs_results_crispresso_aggregated_spacer_TadCBEd_rep2_.staging_CRISPRessoPooled_on_TadCBEd_D2_rep2_CRISPResso_on_HEK3	All_modifications	0.0002936857562408223	0.0017033773861967695	0.0020558002936857563	0.010807635829662262	0.026901615271659324	0.0011160058737151248	0.000763582966226138	0.0010572687224669603	0.001997063142437592	0.0005286343612334801	0.0005286343612334801	0.0007048458149779736	0.0002936857562408223	0.00023494860499265785	0.00041116005873715125	0.0003524229074889868	0.0004698972099853157	0.0002936857562408223	0.0003524229074889868	0.0001762114537444934
_scratch_st-cdeboer-1_asfar_VLPs_results_crispresso_aggregated_spacer_TadCBEd_rep2_.staging_CRISPRessoPooled_on_TadCBEd_D3_rep2_CRISPResso_on_HEK3	Insertions	0.0	0.0	0.0	0.0	9.793839674844522e-05	9.793839674844522e-05	0.0	2.4484599187111306e-05	9.793839674844522e-05	0.0003672689878066696	0.00029381519024533566	0.0	0.0	0.0	0.0	0.0	7.345379756133391e-05	7.345379756133391e-05	0.0	0.0
_scratch_st-cdeboer-1_asfar_VLPs_results_crispresso_aggregated_spacer_TadCBEd_rep2_.staging_CRISPRessoPooled_on_TadCBEd_D3_rep2_CRISPResso_on_HEK3	Insertions_Left	0.0	0.0	0.0	0.0	9.793839674844522e-05	0.0	0.0	2.4484599187111306e-05	7.345379756133391e-05	0.00029381519024533566	0.0	0.0	0.0	0.0	0.0	0.0	7.345379756133391e-05	0.0	0.0	0.0
_scratch_st-cdeboer-1_asfar_VLPs_results_crispresso_aggregated_spacer_TadCBEd_rep2_.staging_CRISPRessoPooled_on_TadCBEd_D3_rep2_CRISPResso_on_HEK3	Deletions	0.0004896919837422261	0.001836344939033348	0.0006121149796777827	0.000710053376426228	0.004260320258557367	0.000710053376426228	0.0007345379756133392	0.0008324763723617845	0.0008324763723617845	0.0005386611821164487	0.0006121149796777827	0.0005876303804906713	0.0005876303804906713	0.0004896919837422261	0.0003917535869937809	0.00026933059105822436	0.00014690759512266783	4.896919837422261e-05	4.896919837422261e-05	4.896919837422261e-05
_scratch_st-cdeboer-1_asfar_VLPs_results_crispresso_aggregated_spacer_TadCBEd_rep2_.staging_CRISPRessoPooled_on_TadCBEd_D3_rep2_CRISPResso_on_HEK3	Substitutions	0.00029381519024533566	0.0005386611821164487	0.007394348954507615	0.029381519024533568	0.06216639733607561	0.003109544096763136	9.793839674844522e-05	0.0007835071739875618	0.002228098526027129	0.00012242299593555653	0.00012242299593555653	0.00024484599187111307	0.00017139219430977915	0.00024484599187111307	0.00012242299593555653	0.00017139219430977915	0.00017139219430977915	0.00022036139268400177	9.793839674844522e-05	0.00019587679349689045
_scratch_st-cdeboer-1_asfar_VLPs_results_crispresso_aggregated_spacer_TadCBEd_rep2_.staging_CRISPRessoPooled_on_TadCBEd_D3_rep2_CRISPResso_on_HEK3	All_modifications	0.0007835071739875618	0.0023750061211497966	0.008006463934185398	0.030091572400959797	0.06652465599138142	0.003917535869937809	0.0008324763723617845	0.0016404681455364576	0.0031585132951373585	0.001028353165858675	0.001028353165858675	0.0008324763723617845	0.0007590225748004505	0.0007345379756133392	0.0005141765829293375	0.00044072278536800354	0.0003917535869937809	0.0003427843886195583	0.00014690759512266783	0.00024484599187111307
_scratch_st-cdeboer-1_asfar_VLPs_results_crispresso_aggregated_spacer_TadCBEd_rep2_.staging_CRISPRessoPooled_on_TadCBEd_D4_rep2_CRISPResso_on_HEK3	Insertions	0.0	0.00020617783775678513	0.00020617783775678513	9.371719898035687e-05	0.00020617783775678513	0.0002811515969410706	0.00016869095816464237	7.49737591842855e-05	7.49737591842855e-05	0.0011808367071524967	0.0011808367071524967	0.0	0.0	3.748687959214275e-05	3.748687959214275e-05	1.8743439796071373e-05	0.00016869095816464237	0.00016869095816464237	1.8743439796071373e-05	0.0
_scratch_st-cdeboer-1_asfar_VLPs_results_crispresso_aggregated_spacer_TadCBEd_rep2_.staging_CRISPRessoPooled_on_TadCBEd_D4_rep2_CRISPResso_on_HEK3	Insertions_Left	0.0	0.00020617783775678513	0.0	9.371719898035687e-05	0.00011246063877642825	0.00016869095816464237	0.0	7.49737591842855e-05	0.0	0.0011808367071524967	0.0	0.0	0.0	3.748687959214275e-05	0.0	1.8743439796071373e-05	0.000149947518368571	1.8743439796071373e-05	0.0	0.0
_scratch_st-cdeboer-1_asfar_VLPs_results_crispresso_aggregated_spacer_TadCBEd_rep2_.staging_CRISPRessoPooled_on_TadCBEd_D4_rep2_CRISPResso_on_HEK3	Deletions	0.0021180086969560656	0.006185335132703554	0.002399160293897136	0.003298845404108562	0.017637576848103163	0.0032613585245164192	0.003336332283700705	0.003748687959214275	0.004067326435747488	0.003448792922477133	0.003392562603088919	0.003242615084720348	0.0029239766081871343	0.0024366471734892786	0.0018930874194032089	0.0016119358224621382	0.001349527665317139	0.0011620932673564253	0.0009371719898035687	0.0006372769530664268
_scratch_st-cdeboer-1_asfar_VLPs_results_crispresso_aggregated_spacer_TadCBEd_rep2_.staging_CRISPRessoPooled_on_TadCBEd_D4_rep2_CRISPResso_on_HEK3	Substitutions	0.0005435597540860698	0.0021180086969560656	0.02740290898185635	0.12183235867446393	0.21650547308442045	0.001799370220422852	0.000449842555105713	0.0007872244714349977	0.0050044984255510575	0.00016869095816464237	0.00024366471734892786	0.000449842555105713	0.000149947518368571	0.00018743439796071375	0.000149947518368571	0.00020617783775678513	0.0002811515969410706	0.00013120407857249963	0.000149947518368571	0.00018743439796071375
_scratch_st-cdeboer-1_asfar_VLPs_results_crispresso_aggregated_spacer_TadCBEd_rep2_.staging_CRISPRessoPooled_on_TadCBEd_D4_rep2_CRISPResso_on_HEK3	All_modifications	0.002661568451042135	0.008509521667416404	0.030008247113510272	0.12522492127755286	0.2343492277702804	0.005341880341880342	0.0039548657969710604	0.004610886189833558	0.009146798620482831	0.004798320587794272	0.0048170640275903434	0.0036924576398260607	0.0030739241265557056	0.002661568451042135	0.0020805218173639227	0.0018368571000149947	0.001799370220422852	0.0014619883040935672	0.001105862947968211	0.0008247113510271405
_scratch_st-cdeboer-1_asfar_VLPs_results_crispresso_aggregated_spacer_TadCBEd_rep2_.staging_CRISPRessoPooled_on_TadCBEd_D5_rep2_CRISPResso_on_HEK3	Insertions	0.0	0.00036933683519369665	0.00036933683519369665	8.207485226526592e-05	0.00041037426132632963	0.00032829940906106366	4.103742613263296e-05	0.00012311227839789887	0.00020518713066316482	0.0016004596191726854	0.0014773473407747866	0.0	0.0	4.103742613263296e-05	0.00024622455679579775	0.00020518713066316482	0.00020518713066316482	0.00024622455679579775	4.103742613263296e-05	0.0
_scratch_st-cdeboer-1_asfar_VLPs_results_crispresso_aggregated_spacer_TadCBEd_rep2_.staging_CRISPRessoPooled_on_TadCBEd_D5_rep2_CRISPResso_on_HEK3	Insertions_Left	0.0	0.00036933683519369665	0.0	8.207485226526592e-05	0.00032829940906106366	0.0	4.103742613263296e-05	8.207485226526592e-05	0.00012311227839789887	0.0014773473407747866	0.0	0.0	0.0	4.103742613263296e-05	0.00020518713066316482	0.0	0.00020518713066316482	4.103742613263296e-05	0.0	0.0
_scratch_st-cdeboer-1_asfar_VLPs_results_crispresso_aggregated_spacer_TadCBEd_rep2_.staging_CRISPRessoPooled_on_TadCBEd_D5_rep2_CRISPResso_on_HEK3	Deletions	0.0016825344714379515	0.0064018384766907415	0.002092908732764281	0.0027084701247537756	0.013829612606697309	0.0024622455679579776	0.0025032829940906105	0.0029136572554169403	0.003241956664478004	0.0028315824031516744	0.0029136572554169403	0.0026263952724885093	0.002298095863427446	0.0018466841759684832	0.0016825344714379515	0.0015594221930400525	0.0014363099146421537	0.000984898227183191	0.0008207485226526593	0.0007386736703873933
_scratch_st-cdeboer-1_asfar_VLPs_results_crispresso_aggregated_spacer_TadCBEd_rep2_.staging_CRISPRessoPooled_on_TadCBEd_D5_rep2_CRISPResso_on_HEK3	Substitutions	0.0006155613919894944	0.002298095863427446	0.021913985554826	0.09926953381483913	0.2058026920551543	0.0025443204202232434	0.00028726198292843073	0.0007386736703873933	0.00595042678923178	8.207485226526592e-05	0.00028726198292843073	0.00036933683519369665	0.00041037426132632963	0.00045141168745896256	0.00020518713066316482	0.00016414970453053183	0.0006155613919894944	8.207485226526592e-05	4.103742613263296e-05	0.00028726198292843073
_scratch_st-cdeboer-1_asfar_VLPs_results_crispresso_aggregated_spacer_TadCBEd_rep2_.staging_CRISPRessoPooled_on_TadCBEd_D5_rep2_CRISPResso_on_HEK3	All_modifications	0.002298095863427446	0.009069271175311885	0.02437623112278398	0.10206007879185817	0.22004267892317794	0.005334865397242285	0.0028315824031516744	0.0037754432042022322	0.009397570584372949	0.004514116874589626	0.004678266579120158	0.002995732107682206	0.0027084701247537756	0.002339133289560079	0.002133946158896914	0.0019287590282337493	0.002257058437294813	0.0013131976362442547	0.0009028233749179251	0.0010259356533158241
