Folder	Modification	G	G	C	C	C	A	G	A	C	T	G	A	G	C	A	C	G	T	G	A
_scratch_st-cdeboer-1_asfar_VLPs_results_crispresso_aggregated_spacer_TadCBEd_rep1_.staging_CRISPRessoPooled_on_TadCBEd_D0_rep1_CRISPResso_on_HEK3	Insertions	0.0	0.0	0.0	0.0	0.0	0.0	0.0	0.0	0.0	0.0	0.0	0.0	0.0	0.0	0.0	0.0	0.0	0.0	0.0	0.0
_scratch_st-cdeboer-1_asfar_VLPs_results_crispresso_aggregated_spacer_TadCBEd_rep1_.staging_CRISPRessoPooled_on_TadCBEd_D0_rep1_CRISPResso_on_HEK3	Insertions_Left	0.0	0.0	0.0	0.0	0.0	0.0	0.0	0.0	0.0	0.0	0.0	0.0	0.0	0.0	0.0	0.0	0.0	0.0	0.0	0.0
_scratch_st-cdeboer-1_asfar_VLPs_results_crispresso_aggregated_spacer_TadCBEd_rep1_.staging_CRISPRessoPooled_on_TadCBEd_D0_rep1_CRISPResso_on_HEK3	Deletions	0.0	0.0	0.0	0.0	4.880191303499097e-05	0.0	0.0	0.0	0.0	0.0	0.0	0.0	0.0	0.0	0.0	0.0	0.0	0.0	4.880191303499097e-05	0.0
_scratch_st-cdeboer-1_asfar_VLPs_results_crispresso_aggregated_spacer_TadCBEd_rep1_.staging_CRISPRessoPooled_on_TadCBEd_D0_rep1_CRISPResso_on_HEK3	Substitutions	0.0003904153042799278	0.0003416133912449368	0.0001952076521399639	0.0006344248694548826	0.00024400956517495485	0.00014640573910497292	0.0003904153042799278	0.0001952076521399639	9.760382606998194e-05	0.00014640573910497292	0.00014640573910497292	0.0003904153042799278	0.00029281147820994584	0.00024400956517495485	0.00014640573910497292	0.00029281147820994584	0.00014640573910497292	0.00043921721731491877	0.0001952076521399639	0.0003416133912449368
_scratch_st-cdeboer-1_asfar_VLPs_results_crispresso_aggregated_spacer_TadCBEd_rep1_.staging_CRISPRessoPooled_on_TadCBEd_D0_rep1_CRISPResso_on_HEK3	All_modifications	0.0003904153042799278	0.0003416133912449368	0.0001952076521399639	0.0006344248694548826	0.00029281147820994584	0.00014640573910497292	0.0003904153042799278	0.0001952076521399639	9.760382606998194e-05	0.00014640573910497292	0.00014640573910497292	0.0003904153042799278	0.00029281147820994584	0.00024400956517495485	0.00014640573910497292	0.00029281147820994584	0.00014640573910497292	0.00043921721731491877	0.00024400956517495485	0.0003416133912449368
_scratch_st-cdeboer-1_asfar_VLPs_results_crispresso_aggregated_spacer_TadCBEd_rep1_.staging_CRISPRessoPooled_on_TadCBEd_D1_rep1_CRISPResso_on_HEK3	Insertions	0.0	0.0	0.0	0.0	0.0	0.0	0.0	0.0	0.0	0.0	0.0	0.0	0.0	0.0	0.0	0.0	0.0	0.0	0.0	0.0
_scratch_st-cdeboer-1_asfar_VLPs_results_crispresso_aggregated_spacer_TadCBEd_rep1_.staging_CRISPRessoPooled_on_TadCBEd_D1_rep1_CRISPResso_on_HEK3	Insertions_Left	0.0	0.0	0.0	0.0	0.0	0.0	0.0	0.0	0.0	0.0	0.0	0.0	0.0	0.0	0.0	0.0	0.0	0.0	0.0	0.0
_scratch_st-cdeboer-1_asfar_VLPs_results_crispresso_aggregated_spacer_TadCBEd_rep1_.staging_CRISPRessoPooled_on_TadCBEd_D1_rep1_CRISPResso_on_HEK3	Deletions	0.0	0.0	0.0	0.0	0.0	0.0	0.0	0.0	0.0	0.0	0.0	0.0	0.0	0.0	0.0	0.0	0.0	0.0	0.0	0.0
_scratch_st-cdeboer-1_asfar_VLPs_results_crispresso_aggregated_spacer_TadCBEd_rep1_.staging_CRISPRessoPooled_on_TadCBEd_D1_rep1_CRISPResso_on_HEK3	Substitutions	0.0	0.00032331070158422246	0.0009699321047526673	0.0016165535079211122	0.004203039120594891	0.0	0.0	0.0	0.00032331070158422246	0.0	0.0	0.0	0.0	0.0	0.0	0.0	0.00032331070158422246	0.0	0.0009699321047526673	0.0
_scratch_st-cdeboer-1_asfar_VLPs_results_crispresso_aggregated_spacer_TadCBEd_rep1_.staging_CRISPRessoPooled_on_TadCBEd_D1_rep1_CRISPResso_on_HEK3	All_modifications	0.0	0.00032331070158422246	0.0009699321047526673	0.0016165535079211122	0.004203039120594891	0.0	0.0	0.0	0.00032331070158422246	0.0	0.0	0.0	0.0	0.0	0.0	0.0	0.00032331070158422246	0.0	0.0009699321047526673	0.0
_scratch_st-cdeboer-1_asfar_VLPs_results_crispresso_aggregated_spacer_TadCBEd_rep1_.staging_CRISPRessoPooled_on_TadCBEd_D2_rep1_CRISPResso_on_HEK3	Insertions	0.0	0.0	0.0	0.0	0.0	0.00016458970138725606	0.00016458970138725606	0.0	0.0	0.00016458970138725606	0.00016458970138725606	0.0	0.0	0.0	0.0	0.0	0.0	0.0	0.0	0.0
_scratch_st-cdeboer-1_asfar_VLPs_results_crispresso_aggregated_spacer_TadCBEd_rep1_.staging_CRISPRessoPooled_on_TadCBEd_D2_rep1_CRISPResso_on_HEK3	Insertions_Left	0.0	0.0	0.0	0.0	0.0	0.00016458970138725606	0.0	0.0	0.0	0.00016458970138725606	0.0	0.0	0.0	0.0	0.0	0.0	0.0	0.0	0.0	0.0
_scratch_st-cdeboer-1_asfar_VLPs_results_crispresso_aggregated_spacer_TadCBEd_rep1_.staging_CRISPRessoPooled_on_TadCBEd_D2_rep1_CRISPResso_on_HEK3	Deletions	4.7025628967787444e-05	0.0008229485069362803	2.3512814483893722e-05	0.00014107688690336235	0.0015048201269691982	0.00023512814483893723	0.00025864095932283095	0.00025864095932283095	0.0002821537738067247	0.0002116153303550435	0.00023512814483893723	0.00023512814483893723	0.00023512814483893723	0.00023512814483893723	0.00023512814483893723	0.00025864095932283095	9.405125793557489e-05	9.405125793557489e-05	7.053844345168117e-05	2.3512814483893722e-05
_scratch_st-cdeboer-1_asfar_VLPs_results_crispresso_aggregated_spacer_TadCBEd_rep1_.staging_CRISPRessoPooled_on_TadCBEd_D2_rep1_CRISPResso_on_HEK3	Substitutions	0.00025864095932283095	0.00037620503174229955	0.0035974606160357396	0.01187397131436633	0.028309428638608043	0.0003056665882906184	0.00011756407241946862	0.00011756407241946862	0.0006113331765812368	2.3512814483893722e-05	0.00023512814483893723	0.0002116153303550435	4.7025628967787444e-05	0.00025864095932283095	0.00011756407241946862	0.0002116153303550435	0.00014107688690336235	0.00018810251587114978	0.00014107688690336235	0.00025864095932283095
_scratch_st-cdeboer-1_asfar_VLPs_results_crispresso_aggregated_spacer_TadCBEd_rep1_.staging_CRISPRessoPooled_on_TadCBEd_D2_rep1_CRISPResso_on_HEK3	All_modifications	0.0003056665882906184	0.0011991535386785797	0.0036209734305196334	0.012015048201269692	0.02981424876557724	0.0007053844345168116	0.0005407947331295556	0.00037620503174229955	0.0008934869503879614	0.0003997178462261933	0.0006348459910651304	0.0004467434751939807	0.0002821537738067247	0.0004937691041617682	0.0003526922172584058	0.00047025628967787447	0.00023512814483893723	0.0002821537738067247	0.0002116153303550435	0.0002821537738067247
_scratch_st-cdeboer-1_asfar_VLPs_results_crispresso_aggregated_spacer_TadCBEd_rep1_.staging_CRISPRessoPooled_on_TadCBEd_D3_rep1_CRISPResso_on_HEK3	Insertions	0.0	0.0001403607270685662	0.0001403607270685662	0.0	0.0001403607270685662	0.0001403607270685662	0.0	0.0	0.0	0.001263246543617096	0.001263246543617096	0.0	0.0	0.0	0.00021054109060284932	0.00021054109060284932	0.0005614429082742648	0.0005614429082742648	0.0	0.0
_scratch_st-cdeboer-1_asfar_VLPs_results_crispresso_aggregated_spacer_TadCBEd_rep1_.staging_CRISPRessoPooled_on_TadCBEd_D3_rep1_CRISPResso_on_HEK3	Insertions_Left	0.0	0.0001403607270685662	0.0	0.0	0.0001403607270685662	0.0	0.0	0.0	0.0	0.001263246543617096	0.0	0.0	0.0	0.0	0.00021054109060284932	0.0	0.0005614429082742648	0.0	0.0	0.0
_scratch_st-cdeboer-1_asfar_VLPs_results_crispresso_aggregated_spacer_TadCBEd_rep1_.staging_CRISPRessoPooled_on_TadCBEd_D3_rep1_CRISPResso_on_HEK3	Deletions	0.0007018036353428311	0.0037897396308512877	0.0010527054530142467	0.001263246543617096	0.0076496596252368584	0.001333426907151379	0.001333426907151379	0.001333426907151379	0.0018246894518913607	0.0018246894518913607	0.0021755912695627763	0.001965050178959927	0.0015439679977542285	0.0014036072706856621	0.001263246543617096	0.001263246543617096	0.0009123447259456804	0.0009123447259456804	0.0005614429082742648	0.00021054109060284932
_scratch_st-cdeboer-1_asfar_VLPs_results_crispresso_aggregated_spacer_TadCBEd_rep1_.staging_CRISPRessoPooled_on_TadCBEd_D3_rep1_CRISPResso_on_HEK3	Substitutions	0.00035090181767141553	0.0011228858165485296	0.013404449435048073	0.04891571338339533	0.10225278966945049	0.0018246894518913607	0.0002807214541371324	0.0007018036353428311	0.0024563127236999086	0.00035090181767141553	7.01803635342831e-05	0.00021054109060284932	7.01803635342831e-05	0.0001403607270685662	0.0	0.0	0.0001403607270685662	0.00021054109060284932	0.0001403607270685662	0.0007018036353428311
_scratch_st-cdeboer-1_asfar_VLPs_results_crispresso_aggregated_spacer_TadCBEd_rep1_.staging_CRISPRessoPooled_on_TadCBEd_D3_rep1_CRISPResso_on_HEK3	All_modifications	0.0010527054530142467	0.005052986174468384	0.014597515615130886	0.05017895992701242	0.11004281002175591	0.003298477086111306	0.0016141483612885114	0.00203523054249421	0.00428100217559127	0.003438837813179872	0.0035090181767141555	0.0021755912695627763	0.0016141483612885114	0.0015439679977542285	0.0014737876342199453	0.0014737876342199453	0.0016141483612885114	0.0016843287248227946	0.0007018036353428311	0.0009123447259456804
_scratch_st-cdeboer-1_asfar_VLPs_results_crispresso_aggregated_spacer_TadCBEd_rep1_.staging_CRISPRessoPooled_on_TadCBEd_D4_rep1_CRISPResso_on_HEK3	Insertions	0.0	0.00014153280022645247	0.00014153280022645247	0.00042459840067935747	0.00042459840067935747	0.0	0.0	7.076640011322624e-05	0.00028306560045290494	0.0016983936027174299	0.001486094402377751	0.00014153280022645247	0.00014153280022645247	0.0	0.0	0.00014153280022645247	0.0003538320005661312	0.00021229920033967873	0.0	0.0
_scratch_st-cdeboer-1_asfar_VLPs_results_crispresso_aggregated_spacer_TadCBEd_rep1_.staging_CRISPRessoPooled_on_TadCBEd_D4_rep1_CRISPResso_on_HEK3	Insertions_Left	0.0	0.00014153280022645247	0.0	0.00042459840067935747	0.0	0.0	0.0	7.076640011322624e-05	0.00021229920033967873	0.001486094402377751	0.0	0.00014153280022645247	0.0	0.0	0.0	0.00014153280022645247	0.00021229920033967873	0.0	0.0	0.0
_scratch_st-cdeboer-1_asfar_VLPs_results_crispresso_aggregated_spacer_TadCBEd_rep1_.staging_CRISPRessoPooled_on_TadCBEd_D4_rep1_CRISPResso_on_HEK3	Deletions	0.0019106928030571085	0.006368976010190362	0.002406057603849692	0.0030429552048687283	0.018682329629891727	0.0029014224046422757	0.0028306560045290494	0.0030429552048687283	0.003609086405774538	0.0028306560045290494	0.0029014224046422757	0.002406057603849692	0.001981459203170335	0.001769160002830656	0.0015568608024909773	0.001486094402377751	0.0012737952020380723	0.0011322624018116198	0.0009907296015851674	0.0006368976010190362
_scratch_st-cdeboer-1_asfar_VLPs_results_crispresso_aggregated_spacer_TadCBEd_rep1_.staging_CRISPRessoPooled_on_TadCBEd_D4_rep1_CRISPResso_on_HEK3	Substitutions	0.0007784304012454886	0.0021937584035100132	0.028518859245630176	0.1297148114075437	0.23735050597976082	0.002052225603283561	0.0007076640011322624	0.0004953648007925837	0.00714740641143585	0.00014153280022645247	0.00021229920033967873	0.00021229920033967873	0.0003538320005661312	7.076640011322624e-05	0.00014153280022645247	7.076640011322624e-05	0.00028306560045290494	0.00014153280022645247	0.00021229920033967873	0.00014153280022645247
_scratch_st-cdeboer-1_asfar_VLPs_results_crispresso_aggregated_spacer_TadCBEd_rep1_.staging_CRISPRessoPooled_on_TadCBEd_D4_rep1_CRISPResso_on_HEK3	All_modifications	0.0026891232043025973	0.008704267213926828	0.03106644964970632	0.13318236501309177	0.2564574340103319	0.004953648007925837	0.003538320005661312	0.003609086405774538	0.011039558417663294	0.004670582407472932	0.004599816007359705	0.0027598896044158236	0.0024768240039629184	0.0018399264029438822	0.0016983936027174299	0.0016983936027174299	0.0019106928030571085	0.001486094402377751	0.001203028801924846	0.0007784304012454886
_scratch_st-cdeboer-1_asfar_VLPs_results_crispresso_aggregated_spacer_TadCBEd_rep1_.staging_CRISPRessoPooled_on_TadCBEd_D5_rep1_CRISPResso_on_HEK3	Insertions	3.408781019907281e-05	0.0002727024815925825	0.0002727024815925825	3.408781019907281e-05	0.00010226343059721844	0.00010226343059721844	0.0	3.408781019907281e-05	0.00017043905099536406	0.001806653940550859	0.0016703026997545677	0.0	0.0	0.0	0.0	0.0	0.0	0.0	0.0	0.0
_scratch_st-cdeboer-1_asfar_VLPs_results_crispresso_aggregated_spacer_TadCBEd_rep1_.staging_CRISPRessoPooled_on_TadCBEd_D5_rep1_CRISPResso_on_HEK3	Insertions_Left	3.408781019907281e-05	0.0002386146713935097	3.408781019907281e-05	0.0	0.00010226343059721844	0.0	0.0	3.408781019907281e-05	0.00013635124079629124	0.0016703026997545677	0.0	0.0	0.0	0.0	0.0	0.0	0.0	0.0	0.0	0.0
_scratch_st-cdeboer-1_asfar_VLPs_results_crispresso_aggregated_spacer_TadCBEd_rep1_.staging_CRISPRessoPooled_on_TadCBEd_D5_rep1_CRISPResso_on_HEK3	Deletions	0.0018407417507499317	0.005283610580856286	0.0022838832833378783	0.002931551677120262	0.016191709844559584	0.0030338151077174804	0.0027952004363239707	0.0030338151077174804	0.003136078538314699	0.0029656394873193346	0.0029997272975184073	0.0028974638669211888	0.0025565857649304607	0.0022157076629397325	0.0020452686119443687	0.001977092991546223	0.0017043905099536406	0.0013635124079629125	0.0013635124079629125	0.00109080992637033
_scratch_st-cdeboer-1_asfar_VLPs_results_crispresso_aggregated_spacer_TadCBEd_rep1_.staging_CRISPRessoPooled_on_TadCBEd_D5_rep1_CRISPResso_on_HEK3	Substitutions	0.0008521952549768203	0.0018407417507499317	0.024577311153531498	0.10297927461139897	0.21744614125988546	0.0012953367875647669	0.0002727024815925825	0.0010567221161712572	0.005079083719661849	0.00013635124079629124	0.0	0.0003408781019907281	0.00017043905099536406	0.00020452686119443688	0.00010226343059721844	0.00017043905099536406	0.00017043905099536406	0.00013635124079629124	6.817562039814562e-05	0.0002386146713935097
_scratch_st-cdeboer-1_asfar_VLPs_results_crispresso_aggregated_spacer_TadCBEd_rep1_.staging_CRISPRessoPooled_on_TadCBEd_D5_rep1_CRISPResso_on_HEK3	All_modifications	0.002727024815925825	0.0073970548131988	0.027133896918461957	0.1059449140987183	0.23374011453504226	0.004431415325879465	0.003067902917916553	0.0041246250340878105	0.008385601308971912	0.004908644668666485	0.004670029997272975	0.003238341968911917	0.002727024815925825	0.0024202345241341695	0.002147532042541587	0.002147532042541587	0.0018748295609490046	0.0014998636487592036	0.001431688028361058	0.0013294245977638396
