Folder	Nucleotide	G	G	C	C	C	A	G	A	C	T	G	A	G	C	A	C	G	T	G	A
_scratch_st-cdeboer-1_asfar_VLPs_results_crispresso_aggregated_spacer_ABE8e-SpRY_rep3_.staging_CRISPRessoPooled_on_ABE8e-SpRY_D0_rep3_CRISPResso_on_HEK3	A	0.0	3.35328538135238e-05	3.35328538135238e-05	6.70657076270476e-05	6.70657076270476e-05	0.9991281458008484	3.35328538135238e-05	0.9992287443622888	0.0	0.0	6.70657076270476e-05	0.9996646714618648	0.0	6.70657076270476e-05	0.9999161678654662	3.35328538135238e-05	0.0	1.67664269067619e-05	0.0	0.9997485035963986
_scratch_st-cdeboer-1_asfar_VLPs_results_crispresso_aggregated_spacer_ABE8e-SpRY_rep3_.staging_CRISPRessoPooled_on_ABE8e-SpRY_D0_rep3_CRISPResso_on_HEK3	T	0.000134131415254	3.35328538135238e-05	3.35328538135238e-05	0.0001173649883473	6.70657076270476e-05	0.0	6.70657076270476e-05	1.67664269067619e-05	8.38321345338095e-05	0.999865868584746	1.67664269067619e-05	0.0	5.02992807202857e-05	0.0001005985614405	1.67664269067619e-05	1.67664269067619e-05	6.70657076270476e-05	0.999782036450212	5.02992807202857e-05	0.0
_scratch_st-cdeboer-1_asfar_VLPs_results_crispresso_aggregated_spacer_ABE8e-SpRY_rep3_.staging_CRISPRessoPooled_on_ABE8e-SpRY_D0_rep3_CRISPResso_on_HEK3	C	5.02992807202857e-05	0.0001173649883473	0.999932934292373	0.9997988028771188	0.9997988028771188	3.35328538135238e-05	0.0	1.67664269067619e-05	0.9998994014385594	0.000134131415254	1.67664269067619e-05	0.0001005985614405	3.35328538135238e-05	0.999782036450212	0.0	0.9999161678654662	0.0001005985614405	0.0001005985614405	0.0001005985614405	6.70657076270476e-05
_scratch_st-cdeboer-1_asfar_VLPs_results_crispresso_aggregated_spacer_ABE8e-SpRY_rep3_.staging_CRISPRessoPooled_on_ABE8e-SpRY_D0_rep3_CRISPResso_on_HEK3	G	0.999782036450212	0.9997317371694918	0.0	1.67664269067619e-05	5.02992807202857e-05	0.000838321345338	0.9998994014385594	0.0007377227838975	1.67664269067619e-05	0.0	0.9998994014385594	0.0002347299766946	0.9999161678654662	5.02992807202857e-05	5.02992807202857e-05	3.35328538135238e-05	0.9998323357309324	0.0001005985614405	0.9998491021578392	0.0001844306959743
_scratch_st-cdeboer-1_asfar_VLPs_results_crispresso_aggregated_spacer_ABE8e-SpRY_rep3_.staging_CRISPRessoPooled_on_ABE8e-SpRY_D0_rep3_CRISPResso_on_HEK3	N	0.0	0.0	0.0	0.0	0.0	0.0	0.0	0.0	0.0	0.0	0.0	0.0	0.0	0.0	1.67664269067619e-05	0.0	0.0	0.0	0.0	0.0
_scratch_st-cdeboer-1_asfar_VLPs_results_crispresso_aggregated_spacer_ABE8e-SpRY_rep3_.staging_CRISPRessoPooled_on_ABE8e-SpRY_D0_rep3_CRISPResso_on_HEK3	-	3.35328538135238e-05	8.38321345338095e-05	0.0	0.0	1.67664269067619e-05	0.0	0.0	0.0	0.0	0.0	0.0	0.0	0.0	0.0	0.0	0.0	0.0	0.0	0.0	0.0
_scratch_st-cdeboer-1_asfar_VLPs_results_crispresso_aggregated_spacer_ABE8e-SpRY_rep3_.staging_CRISPRessoPooled_on_ABE8e-SpRY_D1_rep3_CRISPResso_on_HEK3	A	0.0	3.366074013235403e-05	4.039288815882484e-05	3.366074013235403e-05	4.039288815882484e-05	0.997428319453888	4.039288815882484e-05	0.9977312661150792	1.3464296052941612e-05	6.732148026470806e-06	5.385718421176645e-05	0.999798035559206	2.0196444079412418e-05	4.039288815882484e-05	0.9999663392598676	2.6928592105883225e-05	1.3464296052941612e-05	6.732148026470806e-06	3.366074013235403e-05	0.9998451605953912
_scratch_st-cdeboer-1_asfar_VLPs_results_crispresso_aggregated_spacer_ABE8e-SpRY_rep3_.staging_CRISPRessoPooled_on_ABE8e-SpRY_D1_rep3_CRISPResso_on_HEK3	T	8.078577631764967e-05	8.751792434412047e-05	2.6928592105883225e-05	0.0001077143684235	3.366074013235403e-05	0.0	0.00011444651645	6.732148026470806e-06	3.366074013235403e-05	0.9998384284473648	0.000100982220397	0.0	6.732148026470806e-05	4.039288815882484e-05	0.0	4.039288815882484e-05	8.751792434412047e-05	0.9998316962993382	4.039288815882484e-05	0.0
_scratch_st-cdeboer-1_asfar_VLPs_results_crispresso_aggregated_spacer_ABE8e-SpRY_rep3_.staging_CRISPRessoPooled_on_ABE8e-SpRY_D1_rep3_CRISPResso_on_HEK3	C	3.366074013235403e-05	9.425007237059128e-05	0.9999326785197352	0.9998384284473648	0.999858624891444	3.366074013235403e-05	3.366074013235403e-05	2.0196444079412418e-05	0.9999528749638148	8.751792434412047e-05	8.751792434412047e-05	7.405362829117887e-05	4.7125036185295646e-05	0.9998990177796028	6.732148026470806e-06	0.999912482075656	0.0001481072565823	0.000100982220397	9.425007237059128e-05	5.385718421176645e-05
_scratch_st-cdeboer-1_asfar_VLPs_results_crispresso_aggregated_spacer_ABE8e-SpRY_rep3_.staging_CRISPRessoPooled_on_ABE8e-SpRY_D1_rep3_CRISPResso_on_HEK3	G	0.9998788213355236	0.9996970533388088	0.0	2.0196444079412418e-05	2.6928592105883225e-05	0.0025380198059794	0.9998047677072324	0.0022283409967618	0.0	6.732148026470806e-05	0.999757642671047	0.0001279108125029	0.9998653570394704	2.0196444079412418e-05	2.6928592105883225e-05	1.3464296052941612e-05	0.9997509105230206	6.058933223823725e-05	0.9998182320032852	0.000100982220397
_scratch_st-cdeboer-1_asfar_VLPs_results_crispresso_aggregated_spacer_ABE8e-SpRY_rep3_.staging_CRISPRessoPooled_on_ABE8e-SpRY_D1_rep3_CRISPResso_on_HEK3	N	6.732148026470806e-06	0.0	0.0	0.0	0.0	0.0	0.0	6.732148026470806e-06	0.0	0.0	0.0	0.0	0.0	0.0	0.0	0.0	0.0	0.0	0.0	0.0
_scratch_st-cdeboer-1_asfar_VLPs_results_crispresso_aggregated_spacer_ABE8e-SpRY_rep3_.staging_CRISPRessoPooled_on_ABE8e-SpRY_D1_rep3_CRISPResso_on_HEK3	-	0.0	8.751792434412047e-05	0.0	0.0	4.039288815882484e-05	0.0	6.732148026470806e-06	6.732148026470806e-06	0.0	0.0	0.0	0.0	0.0	0.0	0.0	6.732148026470806e-06	0.0	0.0	1.3464296052941612e-05	0.0
_scratch_st-cdeboer-1_asfar_VLPs_results_crispresso_aggregated_spacer_ABE8e-SpRY_rep3_.staging_CRISPRessoPooled_on_ABE8e-SpRY_D2_rep3_CRISPResso_on_HEK3	A	0.0	3.7234240607662805e-05	2.7925680455747105e-05	6.515992106340991e-05	0.0003537252857727	0.963352198681908	1.86171203038314e-05	0.9731075697211156	5.585136091149421e-05	0.0	4.654280075957851e-05	0.9995997319134676	2.7925680455747105e-05	3.7234240607662805e-05	0.9998510630375692	4.654280075957851e-05	3.7234240607662805e-05	0.0	1.86171203038314e-05	0.9998045202368098
_scratch_st-cdeboer-1_asfar_VLPs_results_crispresso_aggregated_spacer_ABE8e-SpRY_rep3_.staging_CRISPRessoPooled_on_ABE8e-SpRY_D2_rep3_CRISPResso_on_HEK3	T	0.0001768626428863	3.7234240607662805e-05	9.3085601519157e-05	0.0001489369624306	0.0005678221692668	9.3085601519157e-06	0.0001210112819749	1.86171203038314e-05	9.3085601519157e-06	0.999785903116506	0.0001210112819749	9.3085601519157e-06	4.654280075957851e-05	9.3085601519157e-05	9.3085601519157e-06	4.654280075957851e-05	0.0001489369624306	0.999785903116506	7.446848121532561e-05	0.0
_scratch_st-cdeboer-1_asfar_VLPs_results_crispresso_aggregated_spacer_ABE8e-SpRY_rep3_.staging_CRISPRessoPooled_on_ABE8e-SpRY_D2_rep3_CRISPResso_on_HEK3	C	4.654280075957851e-05	0.0001489369624306	0.9998231373571136	0.9995904233533156	0.9988550471013145	3.7234240607662805e-05	4.654280075957851e-05	2.7925680455747105e-05	0.9998603715977212	0.0001210112819749	3.7234240607662805e-05	0.0001582455225825	3.7234240607662805e-05	0.9998324459172656	0.0	0.999888297278177	0.0001117027218229	0.0001582455225825	8.377704136724132e-05	7.446848121532561e-05
_scratch_st-cdeboer-1_asfar_VLPs_results_crispresso_aggregated_spacer_ABE8e-SpRY_rep3_.staging_CRISPRessoPooled_on_ABE8e-SpRY_D2_rep3_CRISPResso_on_HEK3	G	0.9997579774360502	0.9997021260751388	3.7234240607662805e-05	0.0001303198421268	0.0001396284022787	0.0365360985962691	0.9997486688758984	0.0267621104367576	9.3085601519157e-06	7.446848121532561e-05	0.9997579774360502	0.000214096883494	0.9998696801578733	1.86171203038314e-05	0.0001210112819749	0.0	0.9996742003946828	3.7234240607662805e-05	0.9998045202368098	0.0001210112819749
_scratch_st-cdeboer-1_asfar_VLPs_results_crispresso_aggregated_spacer_ABE8e-SpRY_rep3_.staging_CRISPRessoPooled_on_ABE8e-SpRY_D2_rep3_CRISPResso_on_HEK3	N	0.0	0.0	0.0	0.0	0.0	0.0	0.0	0.0	0.0	0.0	9.3085601519157e-06	0.0	0.0	0.0	0.0	0.0	0.0	0.0	0.0	0.0
_scratch_st-cdeboer-1_asfar_VLPs_results_crispresso_aggregated_spacer_ABE8e-SpRY_rep3_.staging_CRISPRessoPooled_on_ABE8e-SpRY_D2_rep3_CRISPResso_on_HEK3	-	1.86171203038314e-05	7.446848121532561e-05	1.86171203038314e-05	6.515992106340991e-05	8.377704136724132e-05	6.515992106340991e-05	6.515992106340991e-05	8.377704136724132e-05	6.515992106340991e-05	1.86171203038314e-05	2.7925680455747105e-05	1.86171203038314e-05	1.86171203038314e-05	1.86171203038314e-05	1.86171203038314e-05	1.86171203038314e-05	2.7925680455747105e-05	1.86171203038314e-05	1.86171203038314e-05	0.0
_scratch_st-cdeboer-1_asfar_VLPs_results_crispresso_aggregated_spacer_ABE8e-SpRY_rep3_.staging_CRISPRessoPooled_on_ABE8e-SpRY_D3_rep3_CRISPResso_on_HEK3	A	3.452919443389386e-05	0.0001208521805186	6.905838886778772e-05	0.0010704050274507	0.0021235454576844	0.6105279513828943	3.452919443389386e-05	0.6888574289561824	3.452919443389386e-05	0.0	3.452919443389386e-05	0.9984289216532578	0.0	5.179379165084079e-05	0.9992230931252374	3.452919443389386e-05	0.0	1.726459721694693e-05	5.179379165084079e-05	0.9995511204723594
_scratch_st-cdeboer-1_asfar_VLPs_results_crispresso_aggregated_spacer_ABE8e-SpRY_rep3_.staging_CRISPRessoPooled_on_ABE8e-SpRY_D3_rep3_CRISPResso_on_HEK3	T	0.0001035875833016	3.452919443389386e-05	0.0003280273471219	0.0026760125686267	0.002900452332447	0.0002244397638203	6.905838886778772e-05	0.0002589689582542	1.726459721694693e-05	0.999015917958634	0.0001381167777355	0.0	5.179379165084079e-05	0.0001899105693864	0.0	8.632298608473464e-05	8.632298608473464e-05	0.9994130036946238	5.179379165084079e-05	3.452919443389386e-05
_scratch_st-cdeboer-1_asfar_VLPs_results_crispresso_aggregated_spacer_ABE8e-SpRY_rep3_.staging_CRISPRessoPooled_on_ABE8e-SpRY_D3_rep3_CRISPResso_on_HEK3	C	3.452919443389386e-05	0.0001381167777355	0.9987914781948136	0.9943026829184076	0.9925762231967128	0.0002071751666033	3.452919443389386e-05	6.905838886778772e-05	0.9986706260142952	5.179379165084079e-05	6.905838886778772e-05	0.0001381167777355	0.0001035875833016	0.9992403577224545	3.452919443389386e-05	0.9994130036946238	0.0002071751666033	0.0001035875833016	6.905838886778772e-05	3.452919443389386e-05
_scratch_st-cdeboer-1_asfar_VLPs_results_crispresso_aggregated_spacer_ABE8e-SpRY_rep3_.staging_CRISPRessoPooled_on_ABE8e-SpRY_D3_rep3_CRISPResso_on_HEK3	G	0.9992058285280204	0.998722419805946	5.179379165084079e-05	0.0010013466385829	0.0013639031801388	0.3878319118814958	0.998687890611512	0.3094679051137737	0.0	5.179379165084079e-05	0.9989986533614172	0.0008114360691965	0.999326680708539	6.905838886778772e-05	0.0003625565415558	1.726459721694693e-05	0.9992748869168884	3.452919443389386e-05	0.9995683850695763	0.0001381167777355
_scratch_st-cdeboer-1_asfar_VLPs_results_crispresso_aggregated_spacer_ABE8e-SpRY_rep3_.staging_CRISPRessoPooled_on_ABE8e-SpRY_D3_rep3_CRISPResso_on_HEK3	N	0.0	0.0	0.0	0.0	0.0	0.0	0.0	0.0	0.0	0.0	0.0	0.0	0.0	0.0	0.0	0.0	0.0	0.0	0.0	0.0
_scratch_st-cdeboer-1_asfar_VLPs_results_crispresso_aggregated_spacer_ABE8e-SpRY_rep3_.staging_CRISPRessoPooled_on_ABE8e-SpRY_D3_rep3_CRISPResso_on_HEK3	-	0.00062152549981	0.0009840820413659	0.0007596422775456	0.000949552846932	0.0010358758330168	0.0012085218051862	0.0011739926107523	0.0013466385829218	0.001277580194054	0.0008804944580642	0.0007596422775456	0.00062152549981	0.0005179379165084	0.0004488795276406	0.0003798211387728	0.0004488795276406	0.0004316149304236	0.0004316149304236	0.0002589689582542	0.0002417043610372
_scratch_st-cdeboer-1_asfar_VLPs_results_crispresso_aggregated_spacer_ABE8e-SpRY_rep3_.staging_CRISPRessoPooled_on_ABE8e-SpRY_D4_rep3_CRISPResso_on_HEK3	A	6.066194312336213e-06	4.85295544986897e-05	2.426477724934485e-05	0.0003639716587401	0.0008007376492283	0.8700681840240707	3.0330971561681065e-05	0.8996772784625837	3.0330971561681065e-05	3.639716587401728e-05	2.426477724934485e-05	0.9995753663981364	6.066194312336213e-06	4.85295544986897e-05	0.9996542269241968	2.426477724934485e-05	6.066194312336213e-06	6.066194312336213e-06	4.246336018635349e-05	0.9997755508104436
_scratch_st-cdeboer-1_asfar_VLPs_results_crispresso_aggregated_spacer_ABE8e-SpRY_rep3_.staging_CRISPRessoPooled_on_ABE8e-SpRY_D4_rep3_CRISPResso_on_HEK3	T	0.0001334562748713	9.09929146850432e-05	0.0001577210521207	0.0007825390662913	0.0006976123459186	7.886052606037076e-05	0.0001152576919343	1.819858293700864e-05	3.639716587401728e-05	0.9997148888673202	5.459574881102592e-05	6.066194312336213e-06	4.85295544986897e-05	5.459574881102592e-05	6.066194312336213e-06	9.70591089973794e-05	0.000127390080559	0.9997148888673202	7.886052606037076e-05	1.2132388624672426e-05
_scratch_st-cdeboer-1_asfar_VLPs_results_crispresso_aggregated_spacer_ABE8e-SpRY_rep3_.staging_CRISPRessoPooled_on_ABE8e-SpRY_D4_rep3_CRISPResso_on_HEK3	C	3.0330971561681065e-05	0.0001213238862467	0.9996966902843832	0.9983135979811706	0.9977858390759972	3.0330971561681065e-05	0.0	4.246336018635349e-05	0.9996299621469474	5.459574881102592e-05	3.0330971561681065e-05	9.09929146850432e-05	3.639716587401728e-05	0.999708822673008	6.066194312336213e-06	0.9997391536445696	0.0001698534407454	9.09929146850432e-05	9.70591089973794e-05	4.85295544986897e-05
_scratch_st-cdeboer-1_asfar_VLPs_results_crispresso_aggregated_spacer_ABE8e-SpRY_rep3_.staging_CRISPRessoPooled_on_ABE8e-SpRY_D4_rep3_CRISPResso_on_HEK3	G	0.999708822673008	0.9994843734834514	1.2132388624672426e-05	0.0002972435213044	0.0004306997961758	0.1295193147626905	0.999599631175386	0.0998920217412404	2.426477724934485e-05	4.246336018635349e-05	0.9997391536445696	0.0001698534407454	0.9997512860331942	3.0330971561681065e-05	0.000200184412307	6.066194312336213e-06	0.9995874987867612	8.492672037270698e-05	0.9996906240900708	0.000109191497622
_scratch_st-cdeboer-1_asfar_VLPs_results_crispresso_aggregated_spacer_ABE8e-SpRY_rep3_.staging_CRISPRessoPooled_on_ABE8e-SpRY_D4_rep3_CRISPResso_on_HEK3	N	0.0	0.0	0.0	0.0	0.0	0.0	0.0	0.0	0.0	0.0	0.0	0.0	0.0	0.0	0.0	0.0	0.0	6.066194312336213e-06	0.0	0.0
_scratch_st-cdeboer-1_asfar_VLPs_results_crispresso_aggregated_spacer_ABE8e-SpRY_rep3_.staging_CRISPRessoPooled_on_ABE8e-SpRY_D4_rep3_CRISPResso_on_HEK3	-	0.0001213238862467	0.0002547801611181	0.000109191497622	0.0002426477724934	0.0002851111326798	0.0003033097156168	0.0002547801611181	0.0003700378530525	0.0002790449383674	0.0001516548578084	0.0001516548578084	0.0001577210521207	0.0001577210521207	0.0001577210521207	0.0001334562748713	0.0001334562748713	0.000109191497622	9.70591089973794e-05	9.09929146850432e-05	5.459574881102592e-05
_scratch_st-cdeboer-1_asfar_VLPs_results_crispresso_aggregated_spacer_ABE8e-SpRY_rep3_.staging_CRISPRessoPooled_on_ABE8e-SpRY_D5_rep3_CRISPResso_on_HEK3	A	1.6842388924445044e-05	8.421194462222522e-05	3.368477784889009e-05	0.0003200053895644	0.0009768585576178	0.755600094317378	1.6842388924445044e-05	0.8122073634924377	0.0	0.0	3.368477784889009e-05	0.9991747229427022	3.368477784889009e-05	3.368477784889009e-05	0.9996294674436622	1.6842388924445044e-05	3.368477784889009e-05	1.6842388924445044e-05	5.052716677333513e-05	0.9997642065550578
_scratch_st-cdeboer-1_asfar_VLPs_results_crispresso_aggregated_spacer_ABE8e-SpRY_rep3_.staging_CRISPRessoPooled_on_ABE8e-SpRY_D5_rep3_CRISPResso_on_HEK3	T	6.736955569778018e-05	0.00015158150032	0.00015158150032	0.0015831845588978	0.0026442550611378	0.0001684238892444	0.0001347391113955	8.421194462222522e-05	0.0	0.9996126250547378	6.736955569778018e-05	0.0	1.6842388924445044e-05	8.421194462222522e-05	0.0	5.052716677333513e-05	0.0001010543335466	0.9995957826658132	5.052716677333513e-05	0.0
_scratch_st-cdeboer-1_asfar_VLPs_results_crispresso_aggregated_spacer_ABE8e-SpRY_rep3_.staging_CRISPRessoPooled_on_ABE8e-SpRY_D5_rep3_CRISPResso_on_HEK3	C	1.6842388924445044e-05	8.421194462222522e-05	0.9995284131101156	0.9970357395492976	0.9948630713780444	0.0001178967224711	0.0001010543335466	8.421194462222522e-05	0.9995957826658132	6.736955569778018e-05	0.0	0.0001010543335466	6.736955569778018e-05	0.9996294674436622	1.6842388924445044e-05	0.9996799946104356	0.0001684238892444	0.0001178967224711	5.052716677333513e-05	8.421194462222522e-05
_scratch_st-cdeboer-1_asfar_VLPs_results_crispresso_aggregated_spacer_ABE8e-SpRY_rep3_.staging_CRISPRessoPooled_on_ABE8e-SpRY_D5_rep3_CRISPResso_on_HEK3	G	0.9997305217772088	0.99939367399872	1.6842388924445044e-05	0.0007242227237511	0.0011452824468622	0.2436083134031731	0.99939367399872	0.1871189409505844	0.0	8.421194462222522e-05	0.9996799946104356	0.0005052716677333	0.9996631522215113	1.6842388924445044e-05	0.0001347391113955	0.0	0.9994442011654932	8.421194462222522e-05	0.99969683699936	8.421194462222522e-05
_scratch_st-cdeboer-1_asfar_VLPs_results_crispresso_aggregated_spacer_ABE8e-SpRY_rep3_.staging_CRISPRessoPooled_on_ABE8e-SpRY_D5_rep3_CRISPResso_on_HEK3	N	0.0	0.0	0.0	0.0	0.0	0.0	0.0	0.0	0.0	0.0	0.0	0.0	0.0	0.0	0.0	0.0	0.0	0.0	0.0	0.0
_scratch_st-cdeboer-1_asfar_VLPs_results_crispresso_aggregated_spacer_ABE8e-SpRY_rep3_.staging_CRISPRessoPooled_on_ABE8e-SpRY_D5_rep3_CRISPResso_on_HEK3	-	0.0001684238892444	0.0002863206117155	0.0002694782227911	0.0003368477784889	0.0003705325563377	0.0005052716677333	0.0003536901674133	0.0005052716677333	0.0004042173341866	0.0002357934449422	0.0002189510560177	0.0002189510560177	0.0002189510560177	0.0002357934449422	0.0002189510560177	0.0002526358338666	0.0002526358338666	0.0001852662781688	0.00015158150032	6.736955569778018e-05
