Folder	Nucleotide	G	G	A	G	G	C	T	A	T	C	C	A	G	C	G	T	G	A	G	T
_scratch_st-cdeboer-1_asfar_VLPs_results_crispresso_aggregated_spacer_ABE8e_rep2_.staging_CRISPRessoPooled_on_ABE8e_D0_rep2_CRISPResso_on_B2M	A	0.0002241231182996	0.0	0.9998132307347504	0.0	0.0001494154121997	3.73538530499421e-05	0.0	0.9991782152329012	3.73538530499421e-05	7.47077060998842e-05	3.73538530499421e-05	0.9991408613798514	0.0024280004482462	7.47077060998842e-05	0.0029509543909454	3.73538530499421e-05	0.0015315079750476	0.999364984498151	7.47077060998842e-05	3.73538530499421e-05
_scratch_st-cdeboer-1_asfar_VLPs_results_crispresso_aggregated_spacer_ABE8e_rep2_.staging_CRISPRessoPooled_on_ABE8e_D0_rep2_CRISPResso_on_B2M	T	0.0003735385304994	0.0004108923835493	0.0	0.0002241231182996	0.0001120615591498	3.73538530499421e-05	0.9995517537634008	3.73538530499421e-05	0.9994770460573008	0.0002614769713495	0.0001120615591498	0.0	0.0015688618280975	7.47077060998842e-05	0.0010085540323484	0.9985431997310522	0.0002241231182996	0.0	0.0001867692652497	0.9994396922042508
_scratch_st-cdeboer-1_asfar_VLPs_results_crispresso_aggregated_spacer_ABE8e_rep2_.staging_CRISPRessoPooled_on_ABE8e_D0_rep2_CRISPResso_on_B2M	C	7.47077060998842e-05	3.73538530499421e-05	0.0	3.73538530499421e-05	0.0001120615591498	0.9997758768817004	0.0001120615591498	0.0001494154121997	0.0	0.999364984498151	0.9992902767920512	0.0001120615591498	0.0021665234768966	0.999327630645101	0.0008217847670987	0.0008591386201486	0.0014194464158978	0.0001120615591498	7.47077060998842e-05	3.73538530499421e-05
_scratch_st-cdeboer-1_asfar_VLPs_results_crispresso_aggregated_spacer_ABE8e_rep2_.staging_CRISPRessoPooled_on_ABE8e_D0_rep2_CRISPResso_on_B2M	G	0.999327630645101	0.9995143999103508	0.0001867692652497	0.9997385230286504	0.9994770460573008	0.0	0.0001120615591498	0.0002241231182996	0.0001867692652497	0.0	0.0	0.0002614769713495	0.9932763064510104	3.73538530499421e-05	0.9946957528669084	0.0001494154121997	0.9964140301072056	0.0002241231182996	0.999402338351201	0.0002241231182996
_scratch_st-cdeboer-1_asfar_VLPs_results_crispresso_aggregated_spacer_ABE8e_rep2_.staging_CRISPRessoPooled_on_ABE8e_D0_rep2_CRISPResso_on_B2M	N	0.0	0.0	0.0	0.0	0.0	0.0	0.0	0.0	0.0	0.0	0.0	0.0	0.0	0.0	0.0	0.0	0.0	0.0	0.0	0.0
_scratch_st-cdeboer-1_asfar_VLPs_results_crispresso_aggregated_spacer_ABE8e_rep2_.staging_CRISPRessoPooled_on_ABE8e_D0_rep2_CRISPResso_on_B2M	-	0.0	3.73538530499421e-05	0.0	0.0	0.0001494154121997	0.0001494154121997	0.0002241231182996	0.0004108923835493	0.0002988308243995	0.0002988308243995	0.0005603077957491	0.0004856000896492	0.0005603077957491	0.0004856000896492	0.0005229539426991	0.0004108923835493	0.0004108923835493	0.0002988308243995	0.0002614769713495	0.0002614769713495
_scratch_st-cdeboer-1_asfar_VLPs_results_crispresso_aggregated_spacer_ABE8e_rep2_.staging_CRISPRessoPooled_on_ABE8e_D1_rep2_CRISPResso_on_B2M	A	0.0001423325457599	2.846650915198269e-05	0.999886133963392	2.846650915198269e-05	5.693301830396538e-05	2.846650915198269e-05	0.0	0.999800734435936	2.846650915198269e-05	5.693301830396538e-05	5.693301830396538e-05	0.9996299353810242	0.0	0.0	8.539952745594807e-05	0.0001992655640638	5.693301830396538e-05	0.999772267926784	0.0	2.846650915198269e-05
_scratch_st-cdeboer-1_asfar_VLPs_results_crispresso_aggregated_spacer_ABE8e_rep2_.staging_CRISPRessoPooled_on_ABE8e_D1_rep2_CRISPResso_on_B2M	T	0.0001423325457599	0.0003700646189757	2.846650915198269e-05	0.0004269976372797	0.0	5.693301830396538e-05	0.9990321386888326	0.0	0.9974380141763216	0.0001138660366079	0.0001423325457599	0.0	8.539952745594807e-05	0.0001138660366079	2.846650915198269e-05	0.8877565544137322	0.0001707990549118	0.0	0.0002561985823678	0.9989182726522248
_scratch_st-cdeboer-1_asfar_VLPs_results_crispresso_aggregated_spacer_ABE8e_rep2_.staging_CRISPRessoPooled_on_ABE8e_D1_rep2_CRISPResso_on_B2M	C	0.0001423325457599	0.0001423325457599	0.0	0.0001423325457599	5.693301830396538e-05	0.999914600472544	0.0007401292379515	2.846650915198269e-05	0.0022773207321586	0.999772267926784	0.9997438014176322	8.539952745594807e-05	0.0001138660366079	0.999772267926784	0.0	0.111816447948988	0.0001707990549118	2.846650915198269e-05	5.693301830396538e-05	0.0009109282928634
_scratch_st-cdeboer-1_asfar_VLPs_results_crispresso_aggregated_spacer_ABE8e_rep2_.staging_CRISPRessoPooled_on_ABE8e_D1_rep2_CRISPResso_on_B2M	G	0.9995730023627204	0.9994591363261124	8.539952745594807e-05	0.9994022033078084	0.999886133963392	0.0	0.0002277320732158	0.0001707990549118	0.0002561985823678	5.693301830396538e-05	2.846650915198269e-05	0.0002846650915198	0.999800734435936	0.0001138660366079	0.999886133963392	0.0002277320732158	0.9996014688718724	0.0001992655640638	0.9996868683993282	0.0001423325457599
_scratch_st-cdeboer-1_asfar_VLPs_results_crispresso_aggregated_spacer_ABE8e_rep2_.staging_CRISPRessoPooled_on_ABE8e_D1_rep2_CRISPResso_on_B2M	N	0.0	0.0	0.0	0.0	0.0	0.0	0.0	0.0	0.0	0.0	2.846650915198269e-05	0.0	0.0	0.0	0.0	0.0	0.0	0.0	0.0	0.0
_scratch_st-cdeboer-1_asfar_VLPs_results_crispresso_aggregated_spacer_ABE8e_rep2_.staging_CRISPRessoPooled_on_ABE8e_D1_rep2_CRISPResso_on_B2M	-	0.0	0.0	0.0	0.0	0.0	0.0	0.0	0.0	0.0	0.0	0.0	0.0	0.0	0.0	0.0	0.0	0.0	0.0	0.0	0.0
_scratch_st-cdeboer-1_asfar_VLPs_results_crispresso_aggregated_spacer_ABE8e_rep2_.staging_CRISPRessoPooled_on_ABE8e_D2_rep2_CRISPResso_on_B2M	A	0.0002658945875679	2.954384306310565e-05	0.9989364216497282	2.954384306310565e-05	2.954384306310565e-05	5.90876861262113e-05	2.954384306310565e-05	0.9990841408650436	0.0	2.954384306310565e-05	8.863152918931695e-05	0.998877333963602	0.0001772630583786	8.863152918931695e-05	0.0001477192153155	2.954384306310565e-05	0.0001477192153155	0.9995568423540534	0.0	0.0
_scratch_st-cdeboer-1_asfar_VLPs_results_crispresso_aggregated_spacer_ABE8e_rep2_.staging_CRISPRessoPooled_on_ABE8e_D2_rep2_CRISPResso_on_B2M	T	0.0002363507445048	0.0003840699598203	2.954384306310565e-05	0.0003545261167572	0.0	0.0002068069014417	0.9902800756322382	0.0	0.9754786102576224	0.0001772630583786	0.0002363507445048	0.0001181753722524	8.863152918931695e-05	0.0002363507445048	0.000295438430631	0.1616048215551879	0.0002363507445048	0.0	0.0002363507445048	0.9929094776648546
_scratch_st-cdeboer-1_asfar_VLPs_results_crispresso_aggregated_spacer_ABE8e_rep2_.staging_CRISPRessoPooled_on_ABE8e_D2_rep2_CRISPResso_on_B2M	C	2.954384306310565e-05	8.863152918931695e-05	2.954384306310565e-05	5.90876861262113e-05	5.90876861262113e-05	0.9989364216497282	0.0088631529189316	0.0	0.023516899078232	0.9990250531789177	0.9987591585913496	0.0001477192153155	0.0002068069014417	0.9989659654927912	2.954384306310565e-05	0.8376270385251714	0.00085677144883	0.0	5.90876861262113e-05	0.006174663200189
_scratch_st-cdeboer-1_asfar_VLPs_results_crispresso_aggregated_spacer_ABE8e_rep2_.staging_CRISPRessoPooled_on_ABE8e_D2_rep2_CRISPResso_on_B2M	G	0.9989955093358543	0.9987887024344126	0.000295438430631	0.9988477901205388	0.9991727723942332	5.90876861262113e-05	8.863152918931695e-05	0.0001477192153155	0.0002658945875679	2.954384306310565e-05	0.0001477192153155	0.0001477192153155	0.9988477901205388	2.954384306310565e-05	0.998877333963602	5.90876861262113e-05	0.9980796502008982	0.0001181753722524	0.9993795792956748	0.0005908768612621
_scratch_st-cdeboer-1_asfar_VLPs_results_crispresso_aggregated_spacer_ABE8e_rep2_.staging_CRISPRessoPooled_on_ABE8e_D2_rep2_CRISPResso_on_B2M	N	0.0	0.0	0.0	0.0	0.0	0.0	0.0	0.0	0.0	0.0	0.0	0.0	0.0	0.0	0.0	0.0	0.0	0.0	0.0	0.0
_scratch_st-cdeboer-1_asfar_VLPs_results_crispresso_aggregated_spacer_ABE8e_rep2_.staging_CRISPRessoPooled_on_ABE8e_D2_rep2_CRISPResso_on_B2M	-	0.0004727014890096	0.0007090522335145	0.0007090522335145	0.0007090522335145	0.0007385960765776	0.0007385960765776	0.0007385960765776	0.0007681399196407	0.0007385960765776	0.0007385960765776	0.0007681399196407	0.0007090522335145	0.0006795083904514	0.0006795083904514	0.0006499645473883	0.0006795083904514	0.0006795083904514	0.0003249822736941	0.0003249822736941	0.0003249822736941
_scratch_st-cdeboer-1_asfar_VLPs_results_crispresso_aggregated_spacer_ABE8e_rep2_.staging_CRISPRessoPooled_on_ABE8e_D3_rep2_CRISPResso_on_B2M	A	0.0001694570595811	0.0	0.9997288687046704	0.0	0.0	3.389141191622043e-05	0.0	0.9996271944689216	0.0	0.0001694570595811	0.0002033484714973	0.9995933030570052	0.0	0.0001016742357486	0.0007456110621568	6.778282383244086e-05	0.0002711312953297	0.999389954585508	0.0	3.389141191622043e-05
_scratch_st-cdeboer-1_asfar_VLPs_results_crispresso_aggregated_spacer_ABE8e_rep2_.staging_CRISPRessoPooled_on_ABE8e_D3_rep2_CRISPResso_on_B2M	T	3.389141191622043e-05	0.0005083711787433	3.389141191622043e-05	0.0003050227072459	0.0	3.389141191622043e-05	0.9930183691452584	0.0	0.978309496373619	0.0001016742357486	0.0003728055310784	0.0	0.0001355656476648	0.0001355656476648	0.0001355656476648	0.2055514132718769	0.0002033484714973	0.0	0.0001355656476648	0.9931878262048396
_scratch_st-cdeboer-1_asfar_VLPs_results_crispresso_aggregated_spacer_ABE8e_rep2_.staging_CRISPRessoPooled_on_ABE8e_D3_rep2_CRISPResso_on_B2M	C	6.778282383244086e-05	0.0	3.389141191622043e-05	6.778282383244086e-05	3.389141191622043e-05	0.9997627601165864	0.0066766081474954	0.0	0.0210804582118891	0.9994238459974244	0.9990171490544296	3.389141191622043e-05	3.389141191622043e-05	0.9992204975259268	0.0001016742357486	0.7940079983732122	0.0009828509455703	0.0	6.778282383244086e-05	0.006303802616417
_scratch_st-cdeboer-1_asfar_VLPs_results_crispresso_aggregated_spacer_ABE8e_rep2_.staging_CRISPRessoPooled_on_ABE8e_D3_rep2_CRISPResso_on_B2M	G	0.9996271944689216	0.9993560631735918	0.0001016742357486	0.9995255202331728	0.9997966515285028	0.0	0.0001016742357486	6.778282383244086e-05	0.0003050227072459	0.0	0.0001016742357486	6.778282383244086e-05	0.9995255202331728	0.0	0.9985087778756864	0.0001016742357486	0.9982715379922728	0.0003389141191622	0.9995255202331728	0.0002711312953297
_scratch_st-cdeboer-1_asfar_VLPs_results_crispresso_aggregated_spacer_ABE8e_rep2_.staging_CRISPRessoPooled_on_ABE8e_D3_rep2_CRISPResso_on_B2M	N	0.0	0.0	0.0	0.0	0.0	0.0	0.0	0.0	0.0	0.0	0.0	0.0	0.0	0.0	0.0	0.0	0.0	0.0	0.0	0.0
_scratch_st-cdeboer-1_asfar_VLPs_results_crispresso_aggregated_spacer_ABE8e_rep2_.staging_CRISPRessoPooled_on_ABE8e_D3_rep2_CRISPResso_on_B2M	-	0.0001016742357486	0.0001355656476648	0.0001016742357486	0.0001016742357486	0.0001694570595811	0.0001694570595811	0.0002033484714973	0.0003050227072459	0.0003050227072459	0.0003050227072459	0.0003050227072459	0.0003050227072459	0.0003050227072459	0.0005422625906595	0.0005083711787433	0.0002711312953297	0.0002711312953297	0.0002711312953297	0.0002711312953297	0.0002033484714973
_scratch_st-cdeboer-1_asfar_VLPs_results_crispresso_aggregated_spacer_ABE8e_rep2_.staging_CRISPRessoPooled_on_ABE8e_D4_rep2_CRISPResso_on_B2M	A	6.515082415792559e-05	6.515082415792559e-05	0.9994787934067366	0.0	0.0	0.0001303016483158	0.0001303016483158	0.9996742458792104	0.0	0.0	0.0002606032966317	0.9992181901101048	0.0	6.515082415792559e-05	0.0006515082415792	0.0	0.0005863574174213	0.9994787934067366	0.0	6.515082415792559e-05
_scratch_st-cdeboer-1_asfar_VLPs_results_crispresso_aggregated_spacer_ABE8e_rep2_.staging_CRISPRessoPooled_on_ABE8e_D4_rep2_CRISPResso_on_B2M	T	0.0	0.0004560557691054	6.515082415792559e-05	0.0005863574174213	0.0	0.0001303016483158	0.9869046843442568	0.0	0.9607140530327708	0.0001303016483158	0.0	0.0	6.515082415792559e-05	0.0003257541207896	6.515082415792559e-05	0.0204573587855886	0.0002606032966317	0.0	6.515082415792559e-05	0.9852107629161508
_scratch_st-cdeboer-1_asfar_VLPs_results_crispresso_aggregated_spacer_ABE8e_rep2_.staging_CRISPRessoPooled_on_ABE8e_D4_rep2_CRISPResso_on_B2M	C	0.0	0.0001954524724737	6.515082415792559e-05	0.0001303016483158	0.0	0.9994787934067366	0.0126392598866375	0.0	0.0386995895498078	0.9995439442308944	0.999153039285947	0.0001303016483158	6.515082415792559e-05	0.9989575868134732	0.0	0.978891132972832	0.0011727148348426	0.0	0.0001954524724737	0.0138771255456381
_scratch_st-cdeboer-1_asfar_VLPs_results_crispresso_aggregated_spacer_ABE8e_rep2_.staging_CRISPRessoPooled_on_ABE8e_D4_rep2_CRISPResso_on_B2M	G	0.999934849175842	0.9992833409342629	0.0002606032966317	0.999153039285947	0.9998696983516842	0.0	0.0	0.0	0.0002606032966317	0.0	0.0001303016483158	0.0001954524724737	0.9994136425825788	0.0001303016483158	0.9987621343409994	0.0002606032966317	0.9976545703303148	0.0003257541207896	0.9996090950550524	0.0007166590657371
_scratch_st-cdeboer-1_asfar_VLPs_results_crispresso_aggregated_spacer_ABE8e_rep2_.staging_CRISPRessoPooled_on_ABE8e_D4_rep2_CRISPResso_on_B2M	N	0.0	0.0	0.0	0.0	0.0	0.0	0.0	0.0	0.0	0.0	0.0	0.0	0.0	0.0	0.0	0.0	0.0	0.0	0.0	0.0
_scratch_st-cdeboer-1_asfar_VLPs_results_crispresso_aggregated_spacer_ABE8e_rep2_.staging_CRISPRessoPooled_on_ABE8e_D4_rep2_CRISPResso_on_B2M	-	0.0	0.0	0.0001303016483158	0.0001303016483158	0.0001303016483158	0.0002606032966317	0.0003257541207896	0.0003257541207896	0.0003257541207896	0.0003257541207896	0.0004560557691054	0.0004560557691054	0.0004560557691054	0.0005212065932634	0.0005212065932634	0.0003909049449475	0.0003257541207896	0.0001954524724737	0.0001303016483158	0.0001303016483158
_scratch_st-cdeboer-1_asfar_VLPs_results_crispresso_aggregated_spacer_ABE8e_rep2_.staging_CRISPRessoPooled_on_ABE8e_D5_rep2_CRISPResso_on_B2M	A	0.0002518680211569	4.1978003526152295e-05	0.9996641759717908	8.395600705230459e-05	8.395600705230459e-05	0.0	0.0	0.9995382419612124	0.0	0.0001259340105784	0.0	0.9994123079506338	0.0002518680211569	4.1978003526152295e-05	0.0007136260599445	0.0003778020317353	0.0004197800352615	0.9994123079506338	0.0	4.1978003526152295e-05
_scratch_st-cdeboer-1_asfar_VLPs_results_crispresso_aggregated_spacer_ABE8e_rep2_.staging_CRISPRessoPooled_on_ABE8e_D5_rep2_CRISPResso_on_B2M	T	0.0	0.0001679120141046	0.0	0.0003358240282092	0.0	4.1978003526152295e-05	0.990638905213668	4.1978003526152295e-05	0.9719586936445302	8.395600705230459e-05	0.000293846024683	0.0	0.0004197800352615	0.0002098900176307	0.0001679120141046	0.0306439425740911	0.0002518680211569	0.0	0.0001679120141046	0.9885819830408866
_scratch_st-cdeboer-1_asfar_VLPs_results_crispresso_aggregated_spacer_ABE8e_rep2_.staging_CRISPRessoPooled_on_ABE8e_D5_rep2_CRISPResso_on_B2M	C	0.0001259340105784	0.0001679120141046	4.1978003526152295e-05	0.0001679120141046	8.395600705230459e-05	0.9994962639576862	0.0087734027369658	4.1978003526152295e-05	0.0274955923096297	0.9993703299471076	0.9992443959365293	4.1978003526152295e-05	0.0005037360423138	0.99890857190832	8.395600705230459e-05	0.9684745193518596	0.0012173621022584	0.0	4.1978003526152295e-05	0.0107043908991688
_scratch_st-cdeboer-1_asfar_VLPs_results_crispresso_aggregated_spacer_ABE8e_rep2_.staging_CRISPRessoPooled_on_ABE8e_D5_rep2_CRISPResso_on_B2M	G	0.99945428595416	0.9993703299471076	0.0001259340105784	0.9992443959365293	0.9995382419612124	0.0	0.0001259340105784	0.0	0.0001259340105784	0.0	0.0	8.395600705230459e-05	0.998320879858954	0.0	0.99836285786248	0.0001679120141046	0.9976072537990092	8.395600705230459e-05	0.9992863739400554	0.0002518680211569
_scratch_st-cdeboer-1_asfar_VLPs_results_crispresso_aggregated_spacer_ABE8e_rep2_.staging_CRISPRessoPooled_on_ABE8e_D5_rep2_CRISPResso_on_B2M	N	0.0	0.0	0.0	0.0	0.0	0.0	0.0	0.0	0.0	0.0	0.0	0.0	0.0	0.0	0.0	0.0	0.0	0.0	0.0	0.0
_scratch_st-cdeboer-1_asfar_VLPs_results_crispresso_aggregated_spacer_ABE8e_rep2_.staging_CRISPRessoPooled_on_ABE8e_D5_rep2_CRISPResso_on_B2M	-	0.0001679120141046	0.0002518680211569	0.0001679120141046	0.0001679120141046	0.000293846024683	0.0004617580387876	0.0004617580387876	0.0003778020317353	0.0004197800352615	0.0004197800352615	0.0004617580387876	0.0004617580387876	0.0005037360423138	0.000839560070523	0.0006716480564184	0.0003358240282092	0.0005037360423138	0.0005037360423138	0.0005037360423138	0.0004197800352615
