Folder	Nucleotide	G	G	C	C	C	A	G	A	C	T	G	A	G	C	A	C	G	T	G	A
_scratch_st-cdeboer-1_asfar_VLPs_results_crispresso_aggregated_spacer_ABE8e_rep2_.staging_CRISPRessoPooled_on_ABE8e_D0_rep2_CRISPResso_on_HEK3	A	0.0	0.0	0.0	0.0002205558006175	0.0001102779003087	0.9722651080723425	0.0	0.9779444199382444	0.0	0.0	0.0001102779003087	0.9995588883987648	5.513895015438906e-05	0.0	0.9998897220996912	0.0	0.0	0.0	5.513895015438906e-05	0.9996691662990737
_scratch_st-cdeboer-1_asfar_VLPs_results_crispresso_aggregated_spacer_ABE8e_rep2_.staging_CRISPRessoPooled_on_ABE8e_D0_rep2_CRISPResso_on_HEK3	T	0.0002205558006175	0.0002756947507719	0.0001102779003087	0.0002205558006175	0.0001102779003087	0.0	0.0001102779003087	0.0	0.0001102779003087	0.9998345831495368	0.0002756947507719	0.0	5.513895015438906e-05	5.513895015438906e-05	0.0	5.513895015438906e-05	0.0001102779003087	0.9998345831495368	0.0001102779003087	0.0
_scratch_st-cdeboer-1_asfar_VLPs_results_crispresso_aggregated_spacer_ABE8e_rep2_.staging_CRISPRessoPooled_on_ABE8e_D0_rep2_CRISPResso_on_HEK3	C	0.0	0.0001102779003087	0.9998897220996912	0.9995588883987648	0.9991729157476842	5.513895015438906e-05	0.0002205558006175	0.0	0.9998345831495368	0.0001102779003087	0.0	0.0001654168504631	0.0	0.9998897220996912	5.513895015438906e-05	0.9999448610498456	0.0	5.513895015438906e-05	5.513895015438906e-05	5.513895015438906e-05
_scratch_st-cdeboer-1_asfar_VLPs_results_crispresso_aggregated_spacer_ABE8e_rep2_.staging_CRISPRessoPooled_on_ABE8e_D0_rep2_CRISPResso_on_HEK3	G	0.9997794441993824	0.9995588883987648	0.0	0.0	0.0004411116012351	0.0276797529775033	0.9996691662990737	0.0217798853109836	5.513895015438906e-05	5.513895015438906e-05	0.9996140273489192	0.0002756947507719	0.9998897220996912	0.0	5.513895015438906e-05	0.0	0.9998897220996912	0.0001102779003087	0.9997794441993824	0.0002756947507719
_scratch_st-cdeboer-1_asfar_VLPs_results_crispresso_aggregated_spacer_ABE8e_rep2_.staging_CRISPRessoPooled_on_ABE8e_D0_rep2_CRISPResso_on_HEK3	N	0.0	0.0	0.0	0.0	0.0	0.0	0.0	0.0	0.0	0.0	0.0	0.0	0.0	0.0	0.0	0.0	0.0	0.0	0.0	0.0
_scratch_st-cdeboer-1_asfar_VLPs_results_crispresso_aggregated_spacer_ABE8e_rep2_.staging_CRISPRessoPooled_on_ABE8e_D0_rep2_CRISPResso_on_HEK3	-	0.0	5.513895015438906e-05	0.0	0.0	0.0001654168504631	0.0	0.0	0.0002756947507719	0.0	0.0	0.0	0.0	0.0	5.513895015438906e-05	0.0	0.0	0.0	0.0	0.0	0.0
_scratch_st-cdeboer-1_asfar_VLPs_results_crispresso_aggregated_spacer_ABE8e_rep2_.staging_CRISPRessoPooled_on_ABE8e_D1_rep2_CRISPResso_on_HEK3	A	0.0	2.767017155506364e-05	2.767017155506364e-05	0.0007747648035417	0.0024626452684006	0.4602656336469286	5.534034311012728e-05	0.564803541781959	5.534034311012728e-05	0.0	2.767017155506364e-05	0.9987271721084672	2.767017155506364e-05	8.301051466519092e-05	0.9992805755395684	5.534034311012728e-05	0.0	0.0	2.767017155506364e-05	0.9996956281128944
_scratch_st-cdeboer-1_asfar_VLPs_results_crispresso_aggregated_spacer_ABE8e_rep2_.staging_CRISPRessoPooled_on_ABE8e_D1_rep2_CRISPResso_on_HEK3	T	2.767017155506364e-05	0.0001106806862202	0.0002490315439955	0.0037631433314886	0.002628666297731	0.0002490315439955	8.301051466519092e-05	0.0001106806862202	5.534034311012728e-05	0.9990038738240176	2.767017155506364e-05	0.0	2.767017155506364e-05	5.534034311012728e-05	0.0	2.767017155506364e-05	0.0001383508577753	0.9996402877697842	2.767017155506364e-05	2.767017155506364e-05
_scratch_st-cdeboer-1_asfar_VLPs_results_crispresso_aggregated_spacer_ABE8e_rep2_.staging_CRISPRessoPooled_on_ABE8e_D1_rep2_CRISPResso_on_HEK3	C	0.0001383508577753	0.0001383508577753	0.9990315439955728	0.9933038184836744	0.9922523519645822	0.0003597122302158	8.301051466519092e-05	2.767017155506364e-05	0.998754842280022	8.301051466519092e-05	2.767017155506364e-05	0.0001106806862202	5.534034311012728e-05	0.999584947426674	0.0	0.999584947426674	0.0001383508577753	0.0001106806862202	2.767017155506364e-05	0.0
_scratch_st-cdeboer-1_asfar_VLPs_results_crispresso_aggregated_spacer_ABE8e_rep2_.staging_CRISPRessoPooled_on_ABE8e_D1_rep2_CRISPResso_on_HEK3	G	0.999169894853348	0.998699501936912	0.0	0.0012451577199778	0.0015771997786386	0.537825124515772	0.9986718317653568	0.4336192584394023	0.0001106806862202	0.0001936912008854	0.9991975650249032	0.0006087437742114	0.9995019369120088	0.0	0.000470392916436	0.0	0.9993912562257886	8.301051466519092e-05	0.9998339789706696	0.0001936912008854
_scratch_st-cdeboer-1_asfar_VLPs_results_crispresso_aggregated_spacer_ABE8e_rep2_.staging_CRISPRessoPooled_on_ABE8e_D1_rep2_CRISPResso_on_HEK3	N	0.0	0.0	0.0	0.0	0.0	0.0	0.0	0.0	0.0	0.0	0.0	0.0	0.0	0.0	0.0	0.0	0.0	0.0	0.0	0.0
_scratch_st-cdeboer-1_asfar_VLPs_results_crispresso_aggregated_spacer_ABE8e_rep2_.staging_CRISPRessoPooled_on_ABE8e_D1_rep2_CRISPResso_on_HEK3	-	0.0006640841173215	0.0010237963475373	0.0006917542888765	0.0009131156613171	0.0010791366906474	0.0013004980630879	0.0011068068622025	0.0014388489208633	0.0010237963475373	0.0007194244604316	0.0007194244604316	0.0005534034311012	0.0003873824017708	0.0002767017155506	0.0002490315439955	0.0003320420586607	0.0003320420586607	0.0001660210293303	8.301051466519092e-05	8.301051466519092e-05
_scratch_st-cdeboer-1_asfar_VLPs_results_crispresso_aggregated_spacer_ABE8e_rep2_.staging_CRISPRessoPooled_on_ABE8e_D2_rep2_CRISPResso_on_HEK3	A	0.0	0.0	0.0001834189288334	0.0026595744680851	0.0055942773294203	0.0542920029347028	0.0	0.1234409391049156	9.17094644167278e-05	0.0	0.0	0.9966984592809978	0.0	9.17094644167278e-05	0.9977989728539984	0.0	0.0	0.0	9.17094644167278e-05	0.9993580337490828
_scratch_st-cdeboer-1_asfar_VLPs_results_crispresso_aggregated_spacer_ABE8e_rep2_.staging_CRISPRessoPooled_on_ABE8e_D2_rep2_CRISPResso_on_HEK3	T	0.0	0.0	0.0011005135730007	0.0057776962582538	0.0059611151870873	0.0001834189288334	9.17094644167278e-05	9.17094644167278e-05	0.0	0.9985326485693324	0.0002751283932501	0.0	9.17094644167278e-05	0.0001834189288334	0.0	9.17094644167278e-05	0.0001834189288334	0.9992663242846662	0.0	0.0
_scratch_st-cdeboer-1_asfar_VLPs_results_crispresso_aggregated_spacer_ABE8e_rep2_.staging_CRISPRessoPooled_on_ABE8e_D2_rep2_CRISPResso_on_HEK3	C	9.17094644167278e-05	9.17094644167278e-05	0.9983492296404988	0.9883528980190756	0.982850330154072	9.17094644167278e-05	0.0	0.0	0.9981658107116654	9.17094644167278e-05	0.0	9.17094644167278e-05	0.0	0.9984409391049156	0.0	0.998624358033749	0.0	9.17094644167278e-05	0.0	0.0
_scratch_st-cdeboer-1_asfar_VLPs_results_crispresso_aggregated_spacer_ABE8e_rep2_.staging_CRISPRessoPooled_on_ABE8e_D2_rep2_CRISPResso_on_HEK3	G	0.9995414526779164	0.998624358033749	0.0	0.0023844460748349	0.0046771826852531	0.9443323550990462	0.9987160674981658	0.8744497432134997	0.0001834189288334	0.0004585473220836	0.9983492296404988	0.0018341892883345	0.998624358033749	0.0	0.0009170946441672	9.17094644167278e-05	0.9992663242846662	9.17094644167278e-05	0.9993580337490828	9.17094644167278e-05
_scratch_st-cdeboer-1_asfar_VLPs_results_crispresso_aggregated_spacer_ABE8e_rep2_.staging_CRISPRessoPooled_on_ABE8e_D2_rep2_CRISPResso_on_HEK3	N	0.0	0.0	0.0	0.0	0.0	0.0	0.0	0.0	0.0	0.0	0.0	0.0	0.0	0.0	0.0	0.0	0.0	0.0	0.0	0.0
_scratch_st-cdeboer-1_asfar_VLPs_results_crispresso_aggregated_spacer_ABE8e_rep2_.staging_CRISPRessoPooled_on_ABE8e_D2_rep2_CRISPResso_on_HEK3	-	0.0003668378576669	0.0012839325018341	0.0003668378576669	0.0008253851797505	0.0009170946441672	0.0011005135730007	0.0011922230374174	0.002017608217168	0.0015590608950843	0.0009170946441672	0.0013756419662509	0.0013756419662509	0.0012839325018341	0.0012839325018341	0.0012839325018341	0.0011922230374174	0.0005502567865003	0.0005502567865003	0.0005502567865003	0.0005502567865003
_scratch_st-cdeboer-1_asfar_VLPs_results_crispresso_aggregated_spacer_ABE8e_rep2_.staging_CRISPRessoPooled_on_ABE8e_D3_rep2_CRISPResso_on_HEK3	A	9.21234454168586e-05	0.0001228312605558	9.21234454168586e-05	0.0022109626900046	0.0062029786580684	0.0203592814371257	6.141563027790572e-05	0.0585290956548441	0.0	0.0	3.070781513895286e-05	0.9972670044526332	3.070781513895286e-05	3.070781513895286e-05	0.9971134653769383	0.0	3.070781513895286e-05	3.070781513895286e-05	6.141563027790572e-05	0.99941655151236
_scratch_st-cdeboer-1_asfar_VLPs_results_crispresso_aggregated_spacer_ABE8e_rep2_.staging_CRISPRessoPooled_on_ABE8e_D3_rep2_CRISPResso_on_HEK3	T	0.0002763703362505	0.0002149547059726	0.0008291110087517	0.009120221096269	0.0082296944572393	0.0005220328573621	0.0001228312605558	0.0003684937816674	0.0001535390756947	0.998587440503608	6.141563027790572e-05	0.0	6.141563027790572e-05	6.141563027790572e-05	0.0	9.21234454168586e-05	0.0001228312605558	0.9995700905880548	0.0001535390756947	3.070781513895286e-05
_scratch_st-cdeboer-1_asfar_VLPs_results_crispresso_aggregated_spacer_ABE8e_rep2_.staging_CRISPRessoPooled_on_ABE8e_D3_rep2_CRISPResso_on_HEK3	C	3.070781513895286e-05	6.141563027790572e-05	0.9984031936127744	0.9845539689851068	0.9802855826807922	0.0005220328573621	6.141563027790572e-05	0.0003070781513895	0.9983417779824966	9.21234454168586e-05	3.070781513895286e-05	0.0001228312605558	6.141563027790572e-05	0.9989559342852756	3.070781513895286e-05	0.9992630124366652	0.0001842468908337	6.141563027790572e-05	9.21234454168586e-05	9.21234454168586e-05
_scratch_st-cdeboer-1_asfar_VLPs_results_crispresso_aggregated_spacer_ABE8e_rep2_.staging_CRISPRessoPooled_on_ABE8e_D3_rep2_CRISPResso_on_HEK3	G	0.9990787655458314	0.9979118685705513	0.0	0.003193612774451	0.0043605097497313	0.9775218793182864	0.9985567326884692	0.9386764931675112	0.0002763703362505	0.0002763703362505	0.998771687394442	0.0015046829418086	0.998771687394442	0.0	0.0020574236143098	3.070781513895286e-05	0.9992015968063872	6.141563027790572e-05	0.9994779671426378	0.0003377859665284
_scratch_st-cdeboer-1_asfar_VLPs_results_crispresso_aggregated_spacer_ABE8e_rep2_.staging_CRISPRessoPooled_on_ABE8e_D3_rep2_CRISPResso_on_HEK3	N	0.0	0.0	0.0	0.0	0.0	0.0	0.0	0.0	0.0	0.0	0.0	0.0	0.0	0.0	0.0	0.0	0.0	0.0	0.0	0.0
_scratch_st-cdeboer-1_asfar_VLPs_results_crispresso_aggregated_spacer_ABE8e_rep2_.staging_CRISPRessoPooled_on_ABE8e_D3_rep2_CRISPResso_on_HEK3	-	0.0005220328573621	0.0016889298326424	0.0006755719330569	0.0009212344541685	0.0009212344541685	0.0010747735298633	0.0011976047904191	0.0021188392445877	0.0012283126055581	0.0010440657147243	0.0011054813450023	0.0011054813450023	0.0010747735298633	0.0009519422693075	0.0007984031936127	0.000614156302779	0.0004606172270842	0.0002763703362505	0.0002149547059726	0.0001228312605558
_scratch_st-cdeboer-1_asfar_VLPs_results_crispresso_aggregated_spacer_ABE8e_rep2_.staging_CRISPRessoPooled_on_ABE8e_D4_rep2_CRISPResso_on_HEK3	A	5.174912026495549e-05	0.0	0.0003104947215897	0.0030531980956323	0.0061581453115297	0.006934382115504	0.0	0.0235975988408197	0.0	0.0	5.174912026495549e-05	0.9962740633409232	0.0	0.0	0.997671289588077	0.0	0.0	0.0	5.174912026495549e-05	0.9996377561581452
_scratch_st-cdeboer-1_asfar_VLPs_results_crispresso_aggregated_spacer_ABE8e_rep2_.staging_CRISPRessoPooled_on_ABE8e_D4_rep2_CRISPResso_on_HEK3	T	0.0001034982405299	5.174912026495549e-05	0.0012937280066238	0.0070378803560339	0.0075036224384185	0.0005174912026495	0.0001552473607948	0.0001034982405299	0.0	0.9982405299109915	0.0003104947215897	0.0	0.0	0.0001034982405299	0.0	0.0001552473607948	0.0002069964810598	0.9991720140757608	0.0001034982405299	5.174912026495549e-05
_scratch_st-cdeboer-1_asfar_VLPs_results_crispresso_aggregated_spacer_ABE8e_rep2_.staging_CRISPRessoPooled_on_ABE8e_D4_rep2_CRISPResso_on_HEK3	C	5.174912026495549e-05	0.0003104947215897	0.9970503001448976	0.9843200165597183	0.9798178430966672	0.0001552473607948	0.0001034982405299	0.0004139929621196	0.9966363071827778	0.0001034982405299	0.0	5.174912026495549e-05	0.0001034982405299	0.998706271993376	0.0	0.999016766714966	5.174912026495549e-05	5.174912026495549e-05	0.0001034982405299	0.0
_scratch_st-cdeboer-1_asfar_VLPs_results_crispresso_aggregated_spacer_ABE8e_rep2_.staging_CRISPRessoPooled_on_ABE8e_D4_rep2_CRISPResso_on_HEK3	G	0.998913268474436	0.9981887807907266	0.0001552473607948	0.003415441937487	0.0036741875388118	0.989391430345684	0.996532808942248	0.9716932312150692	0.0002587456013247	0.0001034982405299	0.9980335334299316	0.0023804595321879	0.9986545228731112	0.0	0.0012419788863589	0.0001034982405299	0.9992237631960256	5.174912026495549e-05	0.9993272614365556	0.0001034982405299
_scratch_st-cdeboer-1_asfar_VLPs_results_crispresso_aggregated_spacer_ABE8e_rep2_.staging_CRISPRessoPooled_on_ABE8e_D4_rep2_CRISPResso_on_HEK3	N	0.0	0.0	0.0	0.0	0.0	0.0	0.0	0.0	0.0	0.0	0.0	0.0	0.0	0.0	0.0	0.0	0.0	0.0	0.0	0.0
_scratch_st-cdeboer-1_asfar_VLPs_results_crispresso_aggregated_spacer_ABE8e_rep2_.staging_CRISPRessoPooled_on_ABE8e_D4_rep2_CRISPResso_on_HEK3	-	0.0008797350445042	0.0014489753674187	0.0011902297660939	0.0021734630511281	0.0028462016145725	0.0030014489753674	0.0032084454564272	0.0041916787414613	0.0031049472158973	0.0015524736079486	0.0016042227282136	0.0012937280066238	0.0012419788863589	0.0011902297660939	0.001086731525564	0.0007244876837093	0.0005174912026495	0.0007244876837093	0.0004139929621196	0.0002069964810598
_scratch_st-cdeboer-1_asfar_VLPs_results_crispresso_aggregated_spacer_ABE8e_rep2_.staging_CRISPRessoPooled_on_ABE8e_D5_rep2_CRISPResso_on_HEK3	A	4.7641734159123394e-05	0.0	9.52834683182468e-05	0.003096712720343	0.0055740828966174	0.0105288232491662	0.0	0.0429252024773701	9.52834683182468e-05	0.0	0.0001429252024773	0.9966650786088612	4.7641734159123394e-05	0.0	0.9980943306336352	4.7641734159123394e-05	0.0	4.7641734159123394e-05	0.0	0.9991900905192947
_scratch_st-cdeboer-1_asfar_VLPs_results_crispresso_aggregated_spacer_ABE8e_rep2_.staging_CRISPRessoPooled_on_ABE8e_D5_rep2_CRISPResso_on_HEK3	T	9.52834683182468e-05	9.52834683182468e-05	0.0011434016198189	0.0084325869461648	0.0099094807050976	0.0005240590757503	9.52834683182468e-05	0.0001905669366364	0.0003334921391138	0.9981419723677942	4.7641734159123394e-05	0.0	0.0001429252024773	0.0003334921391138	0.0	0.0001429252024773	0.0001429252024773	0.999237732253454	0.0	0.0
_scratch_st-cdeboer-1_asfar_VLPs_results_crispresso_aggregated_spacer_ABE8e_rep2_.staging_CRISPRessoPooled_on_ABE8e_D5_rep2_CRISPResso_on_HEK3	C	9.52834683182468e-05	0.0001429252024773	0.9971891376846116	0.9829442591710338	0.9788470700333493	0.0005717008099094	0.0001429252024773	0.0003334921391138	0.9973320628870892	0.0001429252024773	0.0	0.0002858504049547	0.0	0.9985707479752264	4.7641734159123394e-05	0.9990471653168176	0.0001905669366364	4.7641734159123394e-05	0.0001429252024773	0.0001905669366364
_scratch_st-cdeboer-1_asfar_VLPs_results_crispresso_aggregated_spacer_ABE8e_rep2_.staging_CRISPRessoPooled_on_ABE8e_D5_rep2_CRISPResso_on_HEK3	G	0.998856598380181	0.997713196760362	0.0004764173415912	0.0039066222010481	0.0039066222010481	0.9862315388280132	0.9975702715578848	0.9537398761314912	0.0	0.0003811338732729	0.9983801810385898	0.0018103858980466	0.9987136731777037	0.0	0.0008575512148642	0.0	0.999237732253454	0.0001429252024773	0.9994759409242496	0.0002858504049547
_scratch_st-cdeboer-1_asfar_VLPs_results_crispresso_aggregated_spacer_ABE8e_rep2_.staging_CRISPRessoPooled_on_ABE8e_D5_rep2_CRISPResso_on_HEK3	N	0.0	0.0	0.0	0.0	0.0	0.0	0.0	0.0	0.0	0.0	0.0	0.0	0.0	0.0	0.0	0.0	0.0	0.0	0.0	0.0
_scratch_st-cdeboer-1_asfar_VLPs_results_crispresso_aggregated_spacer_ABE8e_rep2_.staging_CRISPRessoPooled_on_ABE8e_D5_rep2_CRISPResso_on_HEK3	-	0.0009051929490233	0.0020485945688423	0.0010957598856598	0.0016198189614101	0.0017627441638875	0.0021438780371605	0.0021915197713196	0.0028108623153882	0.0022391615054787	0.0013339685564554	0.0014292520247737	0.0012386850881372	0.0010957598856598	0.0010957598856598	0.0010004764173415	0.0007622677465459	0.0004287756074321	0.0005240590757503	0.0003811338732729	0.0003334921391138
