Folder	Nucleotide	C	A	C	C	T	A	C	C	T	A	A	G	A	A	C	C	A	T	C	C
_scratch_st-cdeboer-1_asfar_VLPs_results_crispresso_aggregated_spacer_ABE8e-SpRY_rep3_.staging_CRISPRessoPooled_on_ABE8e-SpRY_D0_rep3_CRISPResso_on_PDCD1	A	5.247360577629452e-05	0.9998635686249816	3.1484163465776714e-05	6.296832693155343e-05	0.0	0.9999055475096028	2.098944231051781e-05	5.247360577629452e-05	1.0494721155258904e-05	0.9998320844615158	0.9998425791826712	3.1484163465776714e-05	0.9997691161345844	0.999716642528808	3.1484163465776714e-05	4.197888462103562e-05	0.99980060029805	0.0	2.098944231051781e-05	3.1484163465776714e-05
_scratch_st-cdeboer-1_asfar_VLPs_results_crispresso_aggregated_spacer_ABE8e-SpRY_rep3_.staging_CRISPRessoPooled_on_ABE8e-SpRY_D0_rep3_CRISPResso_on_PDCD1	T	3.1484163465776714e-05	0.0	0.0001049472115525	4.197888462103562e-05	0.9998110950192052	2.098944231051781e-05	3.1484163465776714e-05	3.1484163465776714e-05	0.9998740633461368	0.0	0.0	0.0001049472115525	0.0	0.0	3.1484163465776714e-05	4.197888462103562e-05	0.0	0.999632684759566	3.1484163465776714e-05	6.296832693155343e-05
_scratch_st-cdeboer-1_asfar_VLPs_results_crispresso_aggregated_spacer_ABE8e-SpRY_rep3_.staging_CRISPRessoPooled_on_ABE8e-SpRY_D0_rep3_CRISPResso_on_PDCD1	C	0.9998635686249816	6.296832693155343e-05	0.9998635686249816	0.9998740633461368	0.0001574208173288	2.098944231051781e-05	0.9999265369519132	0.999916042230758	7.346304808681233e-05	2.098944231051781e-05	2.098944231051781e-05	6.296832693155343e-05	7.346304808681233e-05	7.346304808681233e-05	0.9999055475096028	0.9999055475096028	6.296832693155343e-05	0.0003358310769682	0.9999475263942236	0.9999055475096028
_scratch_st-cdeboer-1_asfar_VLPs_results_crispresso_aggregated_spacer_ABE8e-SpRY_rep3_.staging_CRISPRessoPooled_on_ABE8e-SpRY_D0_rep3_CRISPResso_on_PDCD1	G	1.0494721155258904e-05	7.346304808681233e-05	0.0	2.098944231051781e-05	2.098944231051781e-05	5.247360577629452e-05	2.098944231051781e-05	0.0	3.1484163465776714e-05	0.0001469260961736	8.395776924207124e-05	0.99980060029805	0.0001574208173288	0.0001993997019499	3.1484163465776714e-05	1.0494721155258904e-05	0.0001364313750183	3.1484163465776714e-05	0.0	0.0
_scratch_st-cdeboer-1_asfar_VLPs_results_crispresso_aggregated_spacer_ABE8e-SpRY_rep3_.staging_CRISPRessoPooled_on_ABE8e-SpRY_D0_rep3_CRISPResso_on_PDCD1	N	0.0	0.0	0.0	0.0	0.0	0.0	0.0	0.0	0.0	0.0	0.0	0.0	0.0	0.0	0.0	0.0	0.0	0.0	0.0	0.0
_scratch_st-cdeboer-1_asfar_VLPs_results_crispresso_aggregated_spacer_ABE8e-SpRY_rep3_.staging_CRISPRessoPooled_on_ABE8e-SpRY_D0_rep3_CRISPResso_on_PDCD1	-	4.197888462103562e-05	0.0	0.0	0.0	1.0494721155258904e-05	0.0	0.0	0.0	1.0494721155258904e-05	0.0	5.247360577629452e-05	0.0	0.0	1.0494721155258904e-05	0.0	0.0	0.0	0.0	0.0	0.0
_scratch_st-cdeboer-1_asfar_VLPs_results_crispresso_aggregated_spacer_ABE8e-SpRY_rep3_.staging_CRISPRessoPooled_on_ABE8e-SpRY_D1_rep3_CRISPResso_on_PDCD1	A	0.0	0.9997886281969984	5.28429507503699e-05	5.28429507503699e-05	0.0	0.9999207355738744	7.926442612555485e-05	0.0001321073768759	2.642147537518495e-05	0.999867892623124	0.9998150496723736	7.926442612555485e-05	0.9997886281969984	0.9999735785246248	2.642147537518495e-05	5.28429507503699e-05	0.9997886281969984	2.642147537518495e-05	2.642147537518495e-05	2.642147537518495e-05
_scratch_st-cdeboer-1_asfar_VLPs_results_crispresso_aggregated_spacer_ABE8e-SpRY_rep3_.staging_CRISPRessoPooled_on_ABE8e-SpRY_D1_rep3_CRISPResso_on_PDCD1	T	5.28429507503699e-05	0.0	5.28429507503699e-05	5.28429507503699e-05	0.9997886281969984	0.0	0.0001321073768759	0.0	0.999867892623124	0.0	0.0	7.926442612555485e-05	0.0	0.0	0.0	2.642147537518495e-05	0.0	0.9996300993447474	0.0	5.28429507503699e-05
_scratch_st-cdeboer-1_asfar_VLPs_results_crispresso_aggregated_spacer_ABE8e-SpRY_rep3_.staging_CRISPRessoPooled_on_ABE8e-SpRY_D1_rep3_CRISPResso_on_PDCD1	C	0.999867892623124	5.28429507503699e-05	0.9998943140984992	0.999867892623124	0.0001056859015007	0.0	0.9997886281969984	0.9997886281969984	0.0001056859015007	5.28429507503699e-05	2.642147537518495e-05	2.642147537518495e-05	7.926442612555485e-05	0.0	0.9999735785246248	0.9999207355738744	7.926442612555485e-05	0.0002113718030014	0.9999735785246248	0.9998414711477488
_scratch_st-cdeboer-1_asfar_VLPs_results_crispresso_aggregated_spacer_ABE8e-SpRY_rep3_.staging_CRISPRessoPooled_on_ABE8e-SpRY_D1_rep3_CRISPResso_on_PDCD1	G	5.28429507503699e-05	0.0001585288522511	0.0	2.642147537518495e-05	0.0001056859015007	5.28429507503699e-05	0.0	7.926442612555485e-05	0.0	7.926442612555485e-05	0.0001321073768759	0.9998150496723736	0.0001321073768759	2.642147537518495e-05	0.0	0.0	0.0001321073768759	0.0001321073768759	0.0	7.926442612555485e-05
_scratch_st-cdeboer-1_asfar_VLPs_results_crispresso_aggregated_spacer_ABE8e-SpRY_rep3_.staging_CRISPRessoPooled_on_ABE8e-SpRY_D1_rep3_CRISPResso_on_PDCD1	N	0.0	0.0	0.0	0.0	0.0	0.0	0.0	0.0	0.0	0.0	0.0	0.0	0.0	0.0	0.0	0.0	0.0	0.0	0.0	0.0
_scratch_st-cdeboer-1_asfar_VLPs_results_crispresso_aggregated_spacer_ABE8e-SpRY_rep3_.staging_CRISPRessoPooled_on_ABE8e-SpRY_D1_rep3_CRISPResso_on_PDCD1	-	2.642147537518495e-05	0.0	0.0	0.0	0.0	2.642147537518495e-05	0.0	0.0	0.0	0.0	2.642147537518495e-05	0.0	0.0	0.0	0.0	0.0	0.0	0.0	0.0	0.0
_scratch_st-cdeboer-1_asfar_VLPs_results_crispresso_aggregated_spacer_ABE8e-SpRY_rep3_.staging_CRISPRessoPooled_on_ABE8e-SpRY_D2_rep3_CRISPResso_on_PDCD1	A	0.0001344989912575	0.999495628782784	6.724949562878279e-05	3.362474781439139e-05	0.0	0.9980497646267652	3.362474781439139e-05	0.0002017484868863	0.0	0.9991930060524546	0.9997982515131136	6.724949562878279e-05	0.999663752521856	0.9998655010087424	0.0	0.0	0.9998991257565568	3.362474781439139e-05	3.362474781439139e-05	0.0001344989912575
_scratch_st-cdeboer-1_asfar_VLPs_results_crispresso_aggregated_spacer_ABE8e-SpRY_rep3_.staging_CRISPRessoPooled_on_ABE8e-SpRY_D2_rep3_CRISPResso_on_PDCD1	T	6.724949562878279e-05	3.362474781439139e-05	0.0001681237390719	6.724949562878279e-05	0.9997646267652992	0.0	0.0	0.0001008742434431	0.9998991257565568	0.0	3.362474781439139e-05	6.724949562878279e-05	0.0	3.362474781439139e-05	3.362474781439139e-05	0.0001681237390719	0.0	0.9998991257565568	6.724949562878279e-05	3.362474781439139e-05
_scratch_st-cdeboer-1_asfar_VLPs_results_crispresso_aggregated_spacer_ABE8e-SpRY_rep3_.staging_CRISPRessoPooled_on_ABE8e-SpRY_D2_rep3_CRISPResso_on_PDCD1	C	0.9997646267652992	0.0	0.9997646267652992	0.9998655010087424	0.0001008742434431	0.0	0.9999663752521856	0.9996973772696705	6.724949562878279e-05	0.0	0.0	3.362474781439139e-05	0.0001008742434431	3.362474781439139e-05	0.9999663752521856	0.9997982515131136	3.362474781439139e-05	6.724949562878279e-05	0.999831876260928	0.9997982515131136
_scratch_st-cdeboer-1_asfar_VLPs_results_crispresso_aggregated_spacer_ABE8e-SpRY_rep3_.staging_CRISPRessoPooled_on_ABE8e-SpRY_D2_rep3_CRISPResso_on_PDCD1	G	0.0	0.0004707464694014	0.0	3.362474781439139e-05	0.0001344989912575	0.0019502353732347	0.0	0.0	3.362474781439139e-05	0.0008069939475453	0.0001344989912575	0.999831876260928	0.0002353732347007	6.724949562878279e-05	0.0	3.362474781439139e-05	6.724949562878279e-05	0.0	6.724949562878279e-05	0.0
_scratch_st-cdeboer-1_asfar_VLPs_results_crispresso_aggregated_spacer_ABE8e-SpRY_rep3_.staging_CRISPRessoPooled_on_ABE8e-SpRY_D2_rep3_CRISPResso_on_PDCD1	N	0.0	0.0	0.0	0.0	0.0	0.0	0.0	0.0	0.0	0.0	0.0	0.0	0.0	0.0	0.0	0.0	0.0	0.0	0.0	0.0
_scratch_st-cdeboer-1_asfar_VLPs_results_crispresso_aggregated_spacer_ABE8e-SpRY_rep3_.staging_CRISPRessoPooled_on_ABE8e-SpRY_D2_rep3_CRISPResso_on_PDCD1	-	3.362474781439139e-05	0.0	0.0	0.0	0.0	0.0	0.0	0.0	0.0	0.0	3.362474781439139e-05	0.0	0.0	0.0	0.0	0.0	0.0	0.0	0.0	3.362474781439139e-05
_scratch_st-cdeboer-1_asfar_VLPs_results_crispresso_aggregated_spacer_ABE8e-SpRY_rep3_.staging_CRISPRessoPooled_on_ABE8e-SpRY_D3_rep3_CRISPResso_on_PDCD1	A	1.86250954536142e-05	0.9980071147864632	5.58752863608426e-05	5.58752863608426e-05	0.0	0.9828649121826748	0.0	1.86250954536142e-05	0.0	0.9929224637276266	0.99912462051368	5.58752863608426e-05	0.9997392486636494	0.9998509992363712	1.86250954536142e-05	3.72501909072284e-05	0.999757873759103	0.0	0.0	3.72501909072284e-05
_scratch_st-cdeboer-1_asfar_VLPs_results_crispresso_aggregated_spacer_ABE8e-SpRY_rep3_.staging_CRISPRessoPooled_on_ABE8e-SpRY_D3_rep3_CRISPResso_on_PDCD1	T	1.86250954536142e-05	3.72501909072284e-05	5.58752863608426e-05	0.0	0.9998137490454638	1.86250954536142e-05	7.45003818144568e-05	9.3125477268071e-05	0.9998509992363712	3.72501909072284e-05	1.86250954536142e-05	7.45003818144568e-05	0.0	0.0	3.72501909072284e-05	0.0	0.0	0.9997019984727422	0.0	0.0
_scratch_st-cdeboer-1_asfar_VLPs_results_crispresso_aggregated_spacer_ABE8e-SpRY_rep3_.staging_CRISPRessoPooled_on_ABE8e-SpRY_D3_rep3_CRISPResso_on_PDCD1	C	0.9999254996181856	3.72501909072284e-05	0.9998696243318248	0.9998509992363712	0.0001490007636289	0.0	0.999906874522732	0.9998323741409176	0.0001117505727216	1.86250954536142e-05	0.0	3.72501909072284e-05	7.45003818144568e-05	3.72501909072284e-05	0.9999254996181856	0.9999627498090928	0.0001117505727216	0.0002980015272578	1.0	0.9999441247136392
_scratch_st-cdeboer-1_asfar_VLPs_results_crispresso_aggregated_spacer_ABE8e-SpRY_rep3_.staging_CRISPRessoPooled_on_ABE8e-SpRY_D3_rep3_CRISPResso_on_PDCD1	G	3.72501909072284e-05	0.0019183848317222	1.86250954536142e-05	9.3125477268071e-05	3.72501909072284e-05	0.0171164627218714	1.86250954536142e-05	5.58752863608426e-05	3.72501909072284e-05	0.0070216609860125	0.0008381292954126	0.9998323741409176	0.0001862509545361	9.3125477268071e-05	1.86250954536142e-05	0.0	0.0001303756681752	0.0	0.0	1.86250954536142e-05
_scratch_st-cdeboer-1_asfar_VLPs_results_crispresso_aggregated_spacer_ABE8e-SpRY_rep3_.staging_CRISPRessoPooled_on_ABE8e-SpRY_D3_rep3_CRISPResso_on_PDCD1	N	0.0	0.0	0.0	0.0	0.0	0.0	0.0	0.0	0.0	0.0	0.0	0.0	0.0	0.0	0.0	0.0	0.0	0.0	0.0	0.0
_scratch_st-cdeboer-1_asfar_VLPs_results_crispresso_aggregated_spacer_ABE8e-SpRY_rep3_.staging_CRISPRessoPooled_on_ABE8e-SpRY_D3_rep3_CRISPResso_on_PDCD1	-	0.0	0.0	0.0	0.0	0.0	0.0	0.0	0.0	0.0	0.0	1.86250954536142e-05	0.0	0.0	1.86250954536142e-05	0.0	0.0	0.0	0.0	0.0	0.0
_scratch_st-cdeboer-1_asfar_VLPs_results_crispresso_aggregated_spacer_ABE8e-SpRY_rep3_.staging_CRISPRessoPooled_on_ABE8e-SpRY_D4_rep3_CRISPResso_on_PDCD1	A	0.0001255776572232	0.999221418525216	7.53465943339361e-05	7.53465943339361e-05	0.0	0.9921262808921036	5.023106288929074e-05	0.0001004621257785	3.767329716696805e-05	0.996421036769138	0.9995228049025516	6.278882861161342e-05	0.9996734980912196	0.9998869801084992	2.511553144464537e-05	0.0001130198915009	0.999849306811332	0.0	8.790436005625879e-05	7.53465943339361e-05
_scratch_st-cdeboer-1_asfar_VLPs_results_crispresso_aggregated_spacer_ABE8e-SpRY_rep3_.staging_CRISPRessoPooled_on_ABE8e-SpRY_D4_rep3_CRISPResso_on_PDCD1	T	3.767329716696805e-05	1.2557765722322683e-05	5.023106288929074e-05	1.2557765722322683e-05	0.9998241912798876	1.2557765722322683e-05	0.0001506931886678	0.0	0.9997739602169982	0.0	0.0	8.790436005625879e-05	1.2557765722322683e-05	0.0	7.53465943339361e-05	3.767329716696805e-05	0.0	0.9997990757484428	5.023106288929074e-05	5.023106288929074e-05
_scratch_st-cdeboer-1_asfar_VLPs_results_crispresso_aggregated_spacer_ABE8e-SpRY_rep3_.staging_CRISPRessoPooled_on_ABE8e-SpRY_D4_rep3_CRISPResso_on_PDCD1	C	0.9997990757484428	1.2557765722322683e-05	0.9998744223427768	0.9998995378742214	0.0001004621257785	0.0	0.9997865179827206	0.9998618645770544	0.0001004621257785	0.0	1.2557765722322683e-05	6.278882861161342e-05	0.0001758087201125	5.023106288929074e-05	0.9998995378742214	0.9998241912798876	5.023106288929074e-05	0.0001506931886678	0.999849306811332	0.9998618645770544
_scratch_st-cdeboer-1_asfar_VLPs_results_crispresso_aggregated_spacer_ABE8e-SpRY_rep3_.staging_CRISPRessoPooled_on_ABE8e-SpRY_D4_rep3_CRISPResso_on_PDCD1	G	3.767329716696805e-05	0.000740908177617	0.0	1.2557765722322683e-05	7.53465943339361e-05	0.007861161342174	0.0	2.511553144464537e-05	5.023106288929074e-05	0.0035664054651396	0.0004395218002812	0.9997865179827206	0.0001381354229455	5.023106288929074e-05	0.0	1.2557765722322683e-05	0.0001004621257785	3.767329716696805e-05	1.2557765722322683e-05	0.0
_scratch_st-cdeboer-1_asfar_VLPs_results_crispresso_aggregated_spacer_ABE8e-SpRY_rep3_.staging_CRISPRessoPooled_on_ABE8e-SpRY_D4_rep3_CRISPResso_on_PDCD1	N	0.0	0.0	0.0	0.0	0.0	0.0	0.0	0.0	0.0	0.0	0.0	0.0	0.0	0.0	0.0	0.0	0.0	0.0	0.0	0.0
_scratch_st-cdeboer-1_asfar_VLPs_results_crispresso_aggregated_spacer_ABE8e-SpRY_rep3_.staging_CRISPRessoPooled_on_ABE8e-SpRY_D4_rep3_CRISPResso_on_PDCD1	-	0.0	1.2557765722322683e-05	0.0	0.0	0.0	0.0	1.2557765722322683e-05	1.2557765722322683e-05	3.767329716696805e-05	1.2557765722322683e-05	2.511553144464537e-05	0.0	0.0	1.2557765722322683e-05	0.0	1.2557765722322683e-05	0.0	1.2557765722322683e-05	0.0	1.2557765722322683e-05
_scratch_st-cdeboer-1_asfar_VLPs_results_crispresso_aggregated_spacer_ABE8e-SpRY_rep3_.staging_CRISPRessoPooled_on_ABE8e-SpRY_D5_rep3_CRISPResso_on_PDCD1	A	6.263152620503056e-05	0.9973193706784248	3.757891572301834e-05	8.768413668704278e-05	0.0	0.9829767511774729	2.5052610482012225e-05	6.263152620503056e-05	0.0	0.9913819019941876	0.9991607375488526	5.010522096402445e-05	0.999799579116144	0.999849684337108	3.757891572301834e-05	0.000100210441928	0.9998371580318668	3.757891572301834e-05	3.757891572301834e-05	7.515783144603668e-05
_scratch_st-cdeboer-1_asfar_VLPs_results_crispresso_aggregated_spacer_ABE8e-SpRY_rep3_.staging_CRISPRessoPooled_on_ABE8e-SpRY_D5_rep3_CRISPResso_on_PDCD1	T	6.263152620503056e-05	2.5052610482012225e-05	7.515783144603668e-05	2.5052610482012225e-05	0.99974947389518	1.2526305241006113e-05	5.010522096402445e-05	7.515783144603668e-05	0.9997620002004208	1.2526305241006113e-05	0.0	0.000137789357651	0.0	1.2526305241006113e-05	3.757891572301834e-05	1.2526305241006113e-05	1.2526305241006113e-05	0.9996743160637338	3.757891572301834e-05	5.010522096402445e-05
_scratch_st-cdeboer-1_asfar_VLPs_results_crispresso_aggregated_spacer_ABE8e-SpRY_rep3_.staging_CRISPRessoPooled_on_ABE8e-SpRY_D5_rep3_CRISPResso_on_PDCD1	C	0.9998121054213848	7.515783144603668e-05	0.99987473694759	0.9998371580318668	0.000150315662892	6.263152620503056e-05	0.999899789558072	0.999849684337108	0.000137789357651	0.0	6.263152620503056e-05	3.757891572301834e-05	6.263152620503056e-05	5.010522096402445e-05	0.999924842168554	0.9998622106423488	8.768413668704278e-05	0.0002630524100611	0.99987473694759	0.9998622106423488
_scratch_st-cdeboer-1_asfar_VLPs_results_crispresso_aggregated_spacer_ABE8e-SpRY_rep3_.staging_CRISPRessoPooled_on_ABE8e-SpRY_D5_rep3_CRISPResso_on_PDCD1	G	2.5052610482012225e-05	0.0025678925744062	1.2526305241006113e-05	5.010522096402445e-05	0.000100210441928	0.0169480909910812	2.5052610482012225e-05	1.2526305241006113e-05	0.000100210441928	0.0086055717005712	0.0007265257039783	0.999774526505662	0.000137789357651	8.768413668704278e-05	0.0	1.2526305241006113e-05	6.263152620503056e-05	2.5052610482012225e-05	3.757891572301834e-05	1.2526305241006113e-05
_scratch_st-cdeboer-1_asfar_VLPs_results_crispresso_aggregated_spacer_ABE8e-SpRY_rep3_.staging_CRISPRessoPooled_on_ABE8e-SpRY_D5_rep3_CRISPResso_on_PDCD1	N	0.0	0.0	0.0	0.0	0.0	0.0	0.0	0.0	0.0	0.0	0.0	0.0	0.0	0.0	0.0	0.0	0.0	0.0	1.2526305241006113e-05	0.0
_scratch_st-cdeboer-1_asfar_VLPs_results_crispresso_aggregated_spacer_ABE8e-SpRY_rep3_.staging_CRISPRessoPooled_on_ABE8e-SpRY_D5_rep3_CRISPResso_on_PDCD1	-	3.757891572301834e-05	1.2526305241006113e-05	0.0	0.0	0.0	0.0	0.0	0.0	0.0	0.0	5.010522096402445e-05	0.0	0.0	0.0	0.0	1.2526305241006113e-05	0.0	0.0	0.0	0.0
