Folder	Nucleotide	C	A	C	C	T	A	C	C	T	A	A	G	A	A	C	C	A	T	C	C
_scratch_st-cdeboer-1_asfar_VLPs_results_crispresso_aggregated_spacer_ABE8e-SpRY_rep1_.staging_CRISPRessoPooled_on_ABE8e-SpRY_D0_rep1_CRISPResso_on_PDCD1	A	2.277281836400073e-05	0.999908908726544	2.277281836400073e-05	6.831845509200219e-05	0.0	0.999908908726544	0.0	0.00022772818364	0.0	0.999817817453088	0.999726726179632	6.831845509200219e-05	0.999681180542904	0.999817817453088	0.0	4.554563672800146e-05	0.999908908726544	0.0	2.277281836400073e-05	4.554563672800146e-05
_scratch_st-cdeboer-1_asfar_VLPs_results_crispresso_aggregated_spacer_ABE8e-SpRY_rep1_.staging_CRISPRessoPooled_on_ABE8e-SpRY_D0_rep1_CRISPResso_on_PDCD1	T	6.831845509200219e-05	2.277281836400073e-05	6.831845509200219e-05	2.277281836400073e-05	0.999795044634724	0.0	4.554563672800146e-05	0.0	0.999817817453088	2.277281836400073e-05	2.277281836400073e-05	0.00022772818364	4.554563672800146e-05	2.277281836400073e-05	4.554563672800146e-05	2.277281836400073e-05	2.277281836400073e-05	0.99977227181636	0.0	0.0
_scratch_st-cdeboer-1_asfar_VLPs_results_crispresso_aggregated_spacer_ABE8e-SpRY_rep1_.staging_CRISPRessoPooled_on_ABE8e-SpRY_D0_rep1_CRISPResso_on_PDCD1	C	0.999863363089816	2.277281836400073e-05	0.99988613590818	0.999908908726544	0.000159409728548	0.0	0.999954454363272	0.99977227181636	2.277281836400073e-05	4.554563672800146e-05	6.831845509200219e-05	2.277281836400073e-05	4.554563672800146e-05	2.277281836400073e-05	0.999931681544908	0.99988613590818	0.0	0.000136636910184	0.999977227181636	0.999931681544908
_scratch_st-cdeboer-1_asfar_VLPs_results_crispresso_aggregated_spacer_ABE8e-SpRY_rep1_.staging_CRISPRessoPooled_on_ABE8e-SpRY_D0_rep1_CRISPResso_on_PDCD1	G	2.277281836400073e-05	4.554563672800146e-05	2.277281836400073e-05	0.0	4.554563672800146e-05	9.109127345600292e-05	0.0	0.0	0.000136636910184	0.00011386409182	0.000136636910184	0.999681180542904	0.00022772818364	0.000136636910184	2.277281836400073e-05	2.277281836400073e-05	6.831845509200219e-05	9.109127345600292e-05	0.0	2.277281836400073e-05
_scratch_st-cdeboer-1_asfar_VLPs_results_crispresso_aggregated_spacer_ABE8e-SpRY_rep1_.staging_CRISPRessoPooled_on_ABE8e-SpRY_D0_rep1_CRISPResso_on_PDCD1	N	0.0	0.0	0.0	0.0	0.0	0.0	0.0	0.0	0.0	0.0	0.0	0.0	0.0	0.0	0.0	0.0	0.0	0.0	0.0	0.0
_scratch_st-cdeboer-1_asfar_VLPs_results_crispresso_aggregated_spacer_ABE8e-SpRY_rep1_.staging_CRISPRessoPooled_on_ABE8e-SpRY_D0_rep1_CRISPResso_on_PDCD1	-	2.277281836400073e-05	0.0	0.0	0.0	0.0	0.0	0.0	0.0	2.277281836400073e-05	0.0	4.554563672800146e-05	0.0	0.0	0.0	0.0	2.277281836400073e-05	0.0	0.0	0.0	0.0
_scratch_st-cdeboer-1_asfar_VLPs_results_crispresso_aggregated_spacer_ABE8e-SpRY_rep1_.staging_CRISPRessoPooled_on_ABE8e-SpRY_D1_rep1_CRISPResso_on_PDCD1	A	0.0001082602576594	0.9998556529897874	7.217350510627549e-05	0.0001263036339359	0.0	0.9999097831186172	3.608675255313775e-05	5.413012882970661e-05	0.0	0.9998556529897874	0.9998376096135108	3.608675255313775e-05	0.9998015228609576	0.9998195662372344	5.413012882970661e-05	3.608675255313775e-05	0.999747392732128	1.8043376276568876e-05	5.413012882970661e-05	5.413012882970661e-05
_scratch_st-cdeboer-1_asfar_VLPs_results_crispresso_aggregated_spacer_ABE8e-SpRY_rep1_.staging_CRISPRessoPooled_on_ABE8e-SpRY_D1_rep1_CRISPResso_on_PDCD1	T	5.413012882970661e-05	1.8043376276568876e-05	9.021688138284436e-05	3.608675255313775e-05	0.9998556529897874	0.0	7.217350510627549e-05	3.608675255313775e-05	0.9996752192270216	0.0	0.0	0.0001443470102125	0.0	1.8043376276568876e-05	1.8043376276568876e-05	7.217350510627549e-05	0.0	0.9997654361084046	3.608675255313775e-05	0.0
_scratch_st-cdeboer-1_asfar_VLPs_results_crispresso_aggregated_spacer_ABE8e-SpRY_rep1_.staging_CRISPRessoPooled_on_ABE8e-SpRY_D1_rep1_CRISPResso_on_PDCD1	C	0.9997654361084046	1.8043376276568876e-05	0.9998376096135108	0.9998376096135108	5.413012882970661e-05	0.0	0.9998917397423406	0.9998917397423406	0.0001984771390422	1.8043376276568876e-05	1.8043376276568876e-05	1.8043376276568876e-05	7.217350510627549e-05	7.217350510627549e-05	0.9999278264948938	0.9998917397423406	7.217350510627549e-05	0.0001082602576594	0.9999097831186172	0.9999278264948938
_scratch_st-cdeboer-1_asfar_VLPs_results_crispresso_aggregated_spacer_ABE8e-SpRY_rep1_.staging_CRISPRessoPooled_on_ABE8e-SpRY_D1_rep1_CRISPResso_on_PDCD1	G	0.0	0.0001082602576594	0.0	0.0	7.217350510627549e-05	9.021688138284436e-05	0.0	1.8043376276568876e-05	0.0001263036339359	0.0001263036339359	0.0001263036339359	0.9998015228609576	0.0001263036339359	9.021688138284436e-05	0.0	0.0	0.0001804337627656	0.0001082602576594	0.0	0.0
_scratch_st-cdeboer-1_asfar_VLPs_results_crispresso_aggregated_spacer_ABE8e-SpRY_rep1_.staging_CRISPRessoPooled_on_ABE8e-SpRY_D1_rep1_CRISPResso_on_PDCD1	N	0.0	0.0	0.0	0.0	0.0	0.0	0.0	0.0	0.0	0.0	0.0	0.0	0.0	0.0	0.0	0.0	0.0	0.0	0.0	0.0
_scratch_st-cdeboer-1_asfar_VLPs_results_crispresso_aggregated_spacer_ABE8e-SpRY_rep1_.staging_CRISPRessoPooled_on_ABE8e-SpRY_D1_rep1_CRISPResso_on_PDCD1	-	7.217350510627549e-05	0.0	0.0	0.0	1.8043376276568876e-05	0.0	0.0	0.0	0.0	0.0	1.8043376276568876e-05	0.0	0.0	0.0	0.0	0.0	0.0	0.0	0.0	1.8043376276568876e-05
_scratch_st-cdeboer-1_asfar_VLPs_results_crispresso_aggregated_spacer_ABE8e-SpRY_rep1_.staging_CRISPRessoPooled_on_ABE8e-SpRY_D2_rep1_CRISPResso_on_PDCD1	A	3.403241587612201e-05	0.999727740672991	6.806483175224402e-05	4.254051984515251e-05	0.0	0.9984004764538222	9.358914365933551e-05	6.806483175224402e-05	1.7016207938061004e-05	0.9992087463308802	0.999753264984898	8.508103969030502e-05	0.999719232569022	0.9998043136087122	3.403241587612201e-05	5.104862381418301e-05	0.9998468541285574	2.5524311907091506e-05	1.7016207938061004e-05	7.657293572127451e-05
_scratch_st-cdeboer-1_asfar_VLPs_results_crispresso_aggregated_spacer_ABE8e-SpRY_rep1_.staging_CRISPRessoPooled_on_ABE8e-SpRY_D2_rep1_CRISPResso_on_PDCD1	T	5.955672778321351e-05	2.5524311907091506e-05	0.0001020972476283	1.7016207938061004e-05	0.9998723784404644	0.0	5.955672778321351e-05	4.254051984515251e-05	0.9997107244650528	8.508103969030502e-06	0.0	0.0001361296635044	8.508103969030502e-06	0.0	2.5524311907091506e-05	3.403241587612201e-05	8.508103969030502e-06	0.999719232569022	3.403241587612201e-05	5.955672778321351e-05
_scratch_st-cdeboer-1_asfar_VLPs_results_crispresso_aggregated_spacer_ABE8e-SpRY_rep1_.staging_CRISPRessoPooled_on_ABE8e-SpRY_D2_rep1_CRISPResso_on_PDCD1	C	0.9998638703364956	5.104862381418301e-05	0.9998213298166504	0.9999149189603096	5.955672778321351e-05	2.5524311907091506e-05	0.9998213298166504	0.9998723784404644	0.0001276215595354	3.403241587612201e-05	3.403241587612201e-05	8.508103969030502e-06	0.0001020972476283	5.955672778321351e-05	0.9999234270642788	0.9998979027523716	4.254051984515251e-05	0.0001871782873186	0.9999319351682476	0.9998468541285574
_scratch_st-cdeboer-1_asfar_VLPs_results_crispresso_aggregated_spacer_ABE8e-SpRY_rep1_.staging_CRISPRessoPooled_on_ABE8e-SpRY_D2_rep1_CRISPResso_on_PDCD1	G	1.7016207938061004e-05	0.0001956863912877	8.508103969030502e-06	2.5524311907091506e-05	6.806483175224402e-05	0.0015739992342706	2.5524311907091506e-05	1.7016207938061004e-05	0.0001361296635044	0.0007487131492746	0.0001786701833496	0.9997702811928362	0.0001701620793806	0.0001361296635044	1.7016207938061004e-05	8.508103969030502e-06	0.0001020972476283	6.806483175224402e-05	1.7016207938061004e-05	1.7016207938061004e-05
_scratch_st-cdeboer-1_asfar_VLPs_results_crispresso_aggregated_spacer_ABE8e-SpRY_rep1_.staging_CRISPRessoPooled_on_ABE8e-SpRY_D2_rep1_CRISPResso_on_PDCD1	N	0.0	0.0	0.0	0.0	0.0	0.0	0.0	0.0	0.0	0.0	0.0	0.0	0.0	0.0	0.0	0.0	0.0	0.0	0.0	0.0
_scratch_st-cdeboer-1_asfar_VLPs_results_crispresso_aggregated_spacer_ABE8e-SpRY_rep1_.staging_CRISPRessoPooled_on_ABE8e-SpRY_D2_rep1_CRISPResso_on_PDCD1	-	2.5524311907091506e-05	0.0	0.0	0.0	0.0	0.0	0.0	0.0	8.508103969030502e-06	0.0	3.403241587612201e-05	0.0	0.0	0.0	0.0	8.508103969030502e-06	0.0	0.0	0.0	0.0
_scratch_st-cdeboer-1_asfar_VLPs_results_crispresso_aggregated_spacer_ABE8e-SpRY_rep1_.staging_CRISPRessoPooled_on_ABE8e-SpRY_D3_rep1_CRISPResso_on_PDCD1	A	6.258102007062716e-05	0.999812256939788	9.834160296812836e-05	8.940145724375308e-06	0.0	0.9994904116937106	2.682043717312592e-05	4.470072862187653e-05	0.0	0.999758616065442	0.9997764963568906	8.046131151937777e-05	0.999758616065442	0.99985695766841	8.940145724375308e-06	5.364087434625184e-05	0.999785436502615	8.940145724375308e-06	9.834160296812836e-05	5.364087434625184e-05
_scratch_st-cdeboer-1_asfar_VLPs_results_crispresso_aggregated_spacer_ABE8e-SpRY_rep1_.staging_CRISPRessoPooled_on_ABE8e-SpRY_D3_rep1_CRISPResso_on_PDCD1	T	4.470072862187653e-05	1.7880291448750616e-05	7.152116579500246e-05	2.682043717312592e-05	0.9998301372312368	8.940145724375308e-06	7.152116579500246e-05	1.7880291448750616e-05	0.9997675562111662	0.0	0.0	0.0001251620401412	8.940145724375308e-06	8.940145724375308e-06	3.576058289750123e-05	4.470072862187653e-05	0.0	0.9995976934424032	8.940145724375308e-06	2.682043717312592e-05
_scratch_st-cdeboer-1_asfar_VLPs_results_crispresso_aggregated_spacer_ABE8e-SpRY_rep1_.staging_CRISPRessoPooled_on_ABE8e-SpRY_D3_rep1_CRISPResso_on_PDCD1	C	0.9998748379598588	2.682043717312592e-05	0.9998211970855124	0.9999463591256538	9.834160296812836e-05	1.7880291448750616e-05	0.9998927182513077	0.9999105985427562	0.0001341021858656	2.682043717312592e-05	4.470072862187653e-05	1.7880291448750616e-05	8.046131151937777e-05	5.364087434625184e-05	0.9999552992713782	0.9998748379598588	6.258102007062716e-05	0.000357605828975	0.9998837781055832	0.9999105985427562
_scratch_st-cdeboer-1_asfar_VLPs_results_crispresso_aggregated_spacer_ABE8e-SpRY_rep1_.staging_CRISPRessoPooled_on_ABE8e-SpRY_D3_rep1_CRISPResso_on_PDCD1	G	0.0	0.0001341021858656	8.940145724375308e-06	1.7880291448750616e-05	7.152116579500246e-05	0.0004827678691162	8.940145724375308e-06	1.7880291448750616e-05	8.940145724375307e-05	0.000214563497385	0.0001519824773143	0.9997764963568906	0.0001519824773143	8.046131151937777e-05	0.0	1.7880291448750616e-05	0.0001519824773143	3.576058289750123e-05	8.940145724375308e-06	8.940145724375308e-06
_scratch_st-cdeboer-1_asfar_VLPs_results_crispresso_aggregated_spacer_ABE8e-SpRY_rep1_.staging_CRISPRessoPooled_on_ABE8e-SpRY_D3_rep1_CRISPResso_on_PDCD1	N	0.0	8.940145724375308e-06	0.0	0.0	0.0	0.0	0.0	0.0	0.0	0.0	0.0	0.0	0.0	0.0	0.0	0.0	0.0	0.0	0.0	0.0
_scratch_st-cdeboer-1_asfar_VLPs_results_crispresso_aggregated_spacer_ABE8e-SpRY_rep1_.staging_CRISPRessoPooled_on_ABE8e-SpRY_D3_rep1_CRISPResso_on_PDCD1	-	1.7880291448750616e-05	0.0	0.0	0.0	0.0	0.0	0.0	8.940145724375308e-06	8.940145724375308e-06	0.0	2.682043717312592e-05	0.0	0.0	0.0	0.0	8.940145724375308e-06	0.0	0.0	0.0	0.0
_scratch_st-cdeboer-1_asfar_VLPs_results_crispresso_aggregated_spacer_ABE8e-SpRY_rep1_.staging_CRISPRessoPooled_on_ABE8e-SpRY_D4_rep1_CRISPResso_on_PDCD1	A	2.93797925786644e-05	0.9983547316155948	2.93797925786644e-05	8.813937773599318e-05	0.0	0.9841349120075212	2.93797925786644e-05	8.813937773599318e-05	2.93797925786644e-05	0.9924200135147044	0.9992655051855334	5.875958515732879e-05	0.9995886829038988	0.9996180626964772	2.93797925786644e-05	0.0001175191703146	0.9997649616593708	0.0	2.93797925786644e-05	8.813937773599318e-05
_scratch_st-cdeboer-1_asfar_VLPs_results_crispresso_aggregated_spacer_ABE8e-SpRY_rep1_.staging_CRISPRessoPooled_on_ABE8e-SpRY_D4_rep1_CRISPResso_on_PDCD1	T	2.93797925786644e-05	2.93797925786644e-05	8.813937773599318e-05	5.875958515732879e-05	0.9998824808296852	5.875958515732879e-05	0.0002350383406293	2.93797925786644e-05	0.9996768222816348	0.0	0.0	0.0001175191703146	0.0	0.0	2.93797925786644e-05	0.0	0.0	0.9995886829038988	0.0	2.93797925786644e-05
_scratch_st-cdeboer-1_asfar_VLPs_results_crispresso_aggregated_spacer_ABE8e-SpRY_rep1_.staging_CRISPRessoPooled_on_ABE8e-SpRY_D4_rep1_CRISPResso_on_PDCD1	C	0.9998531010371068	8.813937773599318e-05	0.9998531010371068	0.9994124041484268	5.875958515732879e-05	2.93797925786644e-05	0.9997062020742132	0.9998531010371068	8.813937773599318e-05	2.93797925786644e-05	5.875958515732879e-05	2.93797925786644e-05	0.0002350383406293	0.0001175191703146	0.999911860622264	0.9998531010371068	5.875958515732879e-05	0.0001762787554719	0.9999412404148428	0.9997943414519492
_scratch_st-cdeboer-1_asfar_VLPs_results_crispresso_aggregated_spacer_ABE8e-SpRY_rep1_.staging_CRISPRessoPooled_on_ABE8e-SpRY_D4_rep1_CRISPResso_on_PDCD1	G	2.93797925786644e-05	0.0014983694215118	0.0	0.0004113170961013	2.93797925786644e-05	0.0157475688221641	0.0	0.0	0.0001762787554719	0.007521226900138	0.0005875958515732	0.9997649616593708	0.0001468989628933	0.0002056585480506	0.0	0.0	0.0001468989628933	0.0002056585480506	0.0	5.875958515732879e-05
_scratch_st-cdeboer-1_asfar_VLPs_results_crispresso_aggregated_spacer_ABE8e-SpRY_rep1_.staging_CRISPRessoPooled_on_ABE8e-SpRY_D4_rep1_CRISPResso_on_PDCD1	N	0.0	0.0	0.0	0.0	0.0	0.0	0.0	0.0	0.0	0.0	0.0	0.0	0.0	0.0	0.0	0.0	0.0	0.0	0.0	0.0
_scratch_st-cdeboer-1_asfar_VLPs_results_crispresso_aggregated_spacer_ABE8e-SpRY_rep1_.staging_CRISPRessoPooled_on_ABE8e-SpRY_D4_rep1_CRISPResso_on_PDCD1	-	5.875958515732879e-05	2.93797925786644e-05	2.93797925786644e-05	2.93797925786644e-05	2.93797925786644e-05	2.93797925786644e-05	2.93797925786644e-05	2.93797925786644e-05	2.93797925786644e-05	2.93797925786644e-05	8.813937773599318e-05	2.93797925786644e-05	2.93797925786644e-05	5.875958515732879e-05	2.93797925786644e-05	2.93797925786644e-05	2.93797925786644e-05	2.93797925786644e-05	2.93797925786644e-05	2.93797925786644e-05
_scratch_st-cdeboer-1_asfar_VLPs_results_crispresso_aggregated_spacer_ABE8e-SpRY_rep1_.staging_CRISPRessoPooled_on_ABE8e-SpRY_D5_rep1_CRISPResso_on_PDCD1	A	0.0001049584585469	0.9981217960049495	7.7337811560898e-05	6.628955276648401e-05	0.0	0.987487846915326	8.2861940958105e-05	8.2861940958105e-05	5.524129397207e-06	0.9944703464733958	0.9991658564610216	9.3910199752519e-05	0.9996685522361676	0.9997293176595368	1.6572388191621002e-05	8.838607035531201e-05	0.9997293176595368	2.2096517588828e-05	8.838607035531201e-05	8.2861940958105e-05
_scratch_st-cdeboer-1_asfar_VLPs_results_crispresso_aggregated_spacer_ABE8e-SpRY_rep1_.staging_CRISPRessoPooled_on_ABE8e-SpRY_D5_rep1_CRISPResso_on_PDCD1	T	6.628955276648401e-05	4.9717164574863e-05	8.838607035531201e-05	3.8668905780449e-05	0.9998232278592892	1.1048258794414e-05	9.3910199752519e-05	7.1813682163691e-05	0.9997182694007424	0.0	1.1048258794414e-05	0.0001049584585469	1.1048258794414e-05	0.0	6.0765423369277e-05	9.3910199752519e-05	2.7620646986035e-05	0.9995912144246066	3.3144776383242004e-05	6.628955276648401e-05
_scratch_st-cdeboer-1_asfar_VLPs_results_crispresso_aggregated_spacer_ABE8e-SpRY_rep1_.staging_CRISPRessoPooled_on_ABE8e-SpRY_D5_rep1_CRISPResso_on_PDCD1	C	0.9997679865653172	4.4193035177656e-05	0.999812179600495	0.9998729450238644	8.2861940958105e-05	5.524129397207e-05	0.9997956072123032	0.9997900830829062	0.0001049584585469	1.6572388191621002e-05	3.8668905780449e-05	7.1813682163691e-05	9.9434329149726e-05	7.7337811560898e-05	0.9999060898002476	0.9997956072123032	7.7337811560898e-05	0.0002927788580519	0.9998453243768782	0.9998066554710976
_scratch_st-cdeboer-1_asfar_VLPs_results_crispresso_aggregated_spacer_ABE8e-SpRY_rep1_.staging_CRISPRessoPooled_on_ABE8e-SpRY_D5_rep1_CRISPResso_on_PDCD1	G	2.2096517588828e-05	0.0017787696659006	1.6572388191621002e-05	1.6572388191621002e-05	7.7337811560898e-05	0.0124403394025101	2.2096517588828e-05	4.9717164574863e-05	0.0001657238819162	0.0055075570090153	0.0007126126922397	0.9997237935301396	0.000215441046491	0.000187820399505	1.1048258794414e-05	1.6572388191621002e-05	0.000160199752519	8.2861940958105e-05	2.7620646986035e-05	3.3144776383242004e-05
_scratch_st-cdeboer-1_asfar_VLPs_results_crispresso_aggregated_spacer_ABE8e-SpRY_rep1_.staging_CRISPRessoPooled_on_ABE8e-SpRY_D5_rep1_CRISPResso_on_PDCD1	N	0.0	0.0	0.0	0.0	0.0	0.0	0.0	0.0	0.0	0.0	0.0	0.0	0.0	0.0	0.0	0.0	0.0	0.0	0.0	0.0
_scratch_st-cdeboer-1_asfar_VLPs_results_crispresso_aggregated_spacer_ABE8e-SpRY_rep1_.staging_CRISPRessoPooled_on_ABE8e-SpRY_D5_rep1_CRISPResso_on_PDCD1	-	3.8668905780449e-05	5.524129397207e-06	5.524129397207e-06	5.524129397207e-06	1.6572388191621002e-05	5.524129397207e-06	5.524129397207e-06	5.524129397207e-06	5.524129397207e-06	5.524129397207e-06	7.1813682163691e-05	5.524129397207e-06	5.524129397207e-06	5.524129397207e-06	5.524129397207e-06	5.524129397207e-06	5.524129397207e-06	1.1048258794414e-05	5.524129397207e-06	1.1048258794414e-05
