Folder	Nucleotide	G	G	C	C	C	A	G	A	C	T	G	A	G	C	A	C	G	T	G	A
_scratch_st-cdeboer-1_asfar_VLPs_results_crispresso_aggregated_spacer_ABE8e_rep1_.staging_CRISPRessoPooled_on_ABE8e_D0_rep1_CRISPResso_on_HEK3	A	0.0	0.0	5.104645227156713e-05	5.104645227156713e-05	0.0	0.9996937212863706	0.0001020929045431	0.9995916283818276	5.104645227156713e-05	0.0	0.0001531393568147	0.9995916283818276	0.0	5.104645227156713e-05	0.9999489535477284	5.104645227156713e-05	0.0	5.104645227156713e-05	0.0001020929045431	0.9997447677386422
_scratch_st-cdeboer-1_asfar_VLPs_results_crispresso_aggregated_spacer_ABE8e_rep1_.staging_CRISPRessoPooled_on_ABE8e_D0_rep1_CRISPResso_on_HEK3	T	0.0002041858090862	5.104645227156713e-05	0.0	0.0001020929045431	5.104645227156713e-05	0.0	0.0001020929045431	0.0	0.0001020929045431	0.9998468606431852	5.104645227156713e-05	0.0	5.104645227156713e-05	0.0001531393568147	0.0	0.0	0.0001020929045431	0.9998468606431852	0.0	0.0
_scratch_st-cdeboer-1_asfar_VLPs_results_crispresso_aggregated_spacer_ABE8e_rep1_.staging_CRISPRessoPooled_on_ABE8e_D0_rep1_CRISPResso_on_HEK3	C	0.0001020929045431	5.104645227156713e-05	0.9999489535477284	0.9998468606431852	0.9998979070954568	5.104645227156713e-05	0.0001020929045431	5.104645227156713e-05	0.9998468606431852	0.0001020929045431	5.104645227156713e-05	0.0001020929045431	5.104645227156713e-05	0.9997447677386422	0.0	0.9998979070954568	0.0003062787136294	0.0001020929045431	0.0	0.0
_scratch_st-cdeboer-1_asfar_VLPs_results_crispresso_aggregated_spacer_ABE8e_rep1_.staging_CRISPRessoPooled_on_ABE8e_D0_rep1_CRISPResso_on_HEK3	G	0.9996937212863706	0.9997447677386422	0.0	0.0	0.0	0.0002552322613578	0.9996937212863706	0.0003573251659009	0.0	5.104645227156713e-05	0.9997447677386422	0.0003062787136294	0.9998979070954568	5.104645227156713e-05	5.104645227156713e-05	5.104645227156713e-05	0.9995916283818276	0.0	0.9998979070954568	0.0002552322613578
_scratch_st-cdeboer-1_asfar_VLPs_results_crispresso_aggregated_spacer_ABE8e_rep1_.staging_CRISPRessoPooled_on_ABE8e_D0_rep1_CRISPResso_on_HEK3	N	0.0	0.0	0.0	0.0	0.0	0.0	0.0	0.0	0.0	0.0	0.0	0.0	0.0	0.0	0.0	0.0	0.0	0.0	0.0	0.0
_scratch_st-cdeboer-1_asfar_VLPs_results_crispresso_aggregated_spacer_ABE8e_rep1_.staging_CRISPRessoPooled_on_ABE8e_D0_rep1_CRISPResso_on_HEK3	-	0.0	0.0001531393568147	0.0	0.0	5.104645227156713e-05	0.0	0.0	0.0	0.0	0.0	0.0	0.0	0.0	0.0	0.0	0.0	0.0	0.0	0.0	0.0
_scratch_st-cdeboer-1_asfar_VLPs_results_crispresso_aggregated_spacer_ABE8e_rep1_.staging_CRISPRessoPooled_on_ABE8e_D1_rep1_CRISPResso_on_HEK3	A	0.0	0.0002016860957605	0.0002016860957605	0.0026622564640393	0.0037110241619942	0.194748094066395	4.0337219152111657e-05	0.3228994393126538	0.0001210116574563	0.0	0.0	0.9972167318785043	4.0337219152111657e-05	0.0001210116574563	0.9987898834254366	0.0	0.0	0.0	0.0	0.9993949417127184
_scratch_st-cdeboer-1_asfar_VLPs_results_crispresso_aggregated_spacer_ABE8e_rep1_.staging_CRISPRessoPooled_on_ABE8e_D1_rep1_CRISPResso_on_HEK3	T	0.000363034972369	0.0	0.0006050582872816	0.0045984429833407	0.0042354080109717	0.0005243838489774	0.0004033721915211	4.0337219152111657e-05	4.0337219152111657e-05	0.9987092089871324	8.067443830422331e-05	0.0	0.0	0.0002016860957605	8.067443830422331e-05	0.0001613488766084	0.0001210116574563	0.9991529183978056	0.0	0.0
_scratch_st-cdeboer-1_asfar_VLPs_results_crispresso_aggregated_spacer_ABE8e_rep1_.staging_CRISPRessoPooled_on_ABE8e_D1_rep1_CRISPResso_on_HEK3	C	0.0001210116574563	0.0001210116574563	0.9979024646040902	0.9895526602396032	0.987334113186237	0.000363034972369	4.0337219152111657e-05	8.067443830422331e-05	0.9984671856722196	0.0001210116574563	0.0	4.0337219152111657e-05	0.0001613488766084	0.9989512323020452	8.067443830422331e-05	0.999314267274414	0.0001210116574563	0.0001210116574563	8.067443830422331e-05	0.0001210116574563
_scratch_st-cdeboer-1_asfar_VLPs_results_crispresso_aggregated_spacer_ABE8e_rep1_.staging_CRISPRessoPooled_on_ABE8e_D1_rep1_CRISPResso_on_HEK3	G	0.9982654995764592	0.9979428018232424	0.0	0.0014924771086281	0.002904279778952	0.802387963373805	0.9977007785083296	0.6749223508531322	4.0337219152111657e-05	0.0001210116574563	0.9991125811786536	0.0019361865193013	0.9990319067403494	4.0337219152111657e-05	0.0005243838489774	0.0	0.9991125811786536	8.067443830422331e-05	0.9993949417127184	0.0001613488766084
_scratch_st-cdeboer-1_asfar_VLPs_results_crispresso_aggregated_spacer_ABE8e_rep1_.staging_CRISPRessoPooled_on_ABE8e_D1_rep1_CRISPResso_on_HEK3	N	0.0	0.0	0.0	0.0	0.0	0.0	0.0	0.0	0.0	0.0	0.0	0.0	0.0	0.0	0.0	0.0	0.0	0.0	0.0	0.0
_scratch_st-cdeboer-1_asfar_VLPs_results_crispresso_aggregated_spacer_ABE8e_rep1_.staging_CRISPRessoPooled_on_ABE8e_D1_rep1_CRISPResso_on_HEK3	-	0.0012504537937154	0.0017345004235408	0.0012907910128675	0.0016941632043886	0.001815174861845	0.0019765237384534	0.001815174861845	0.0020571981767576	0.0013311282320196	0.0010487676979549	0.0008067443830422	0.0008067443830422	0.0007664071638901	0.0006857327255858	0.0005243838489774	0.0005243838489774	0.0006453955064337	0.0006453955064337	0.0005243838489774	0.0003226977532168
_scratch_st-cdeboer-1_asfar_VLPs_results_crispresso_aggregated_spacer_ABE8e_rep1_.staging_CRISPRessoPooled_on_ABE8e_D2_rep1_CRISPResso_on_HEK3	A	0.0	0.0001006086825293	0.0	0.002012173650586	0.0049298254439358	0.0302329091000553	0.0	0.0978419437597464	0.0001006086825293	0.0	0.0	0.9962774787464158	5.030434126465114e-05	0.0	0.9974847829367676	0.0	0.0	0.0	0.0001509130237939	0.9995975652698827
_scratch_st-cdeboer-1_asfar_VLPs_results_crispresso_aggregated_spacer_ABE8e_rep1_.staging_CRISPRessoPooled_on_ABE8e_D2_rep1_CRISPResso_on_HEK3	T	0.0002012173650586	0.0001006086825293	0.000855173801499	0.0056843905629055	0.0067910860707279	0.0004527390713818	0.0002515217063232	0.0002012173650586	0.0001509130237939	0.9984908697620604	0.0001509130237939	0.0001006086825293	0.0	0.0001509130237939	0.0	0.0001006086825293	0.0001006086825293	0.9992454348810302	0.0001006086825293	0.0
_scratch_st-cdeboer-1_asfar_VLPs_results_crispresso_aggregated_spacer_ABE8e_rep1_.staging_CRISPRessoPooled_on_ABE8e_D2_rep1_CRISPResso_on_HEK3	C	5.030434126465114e-05	0.0001006086825293	0.9983399567382664	0.9884803058503948	0.9824940892399014	0.0002012173650586	0.0	0.0003018260475879	0.997535087278032	5.030434126465114e-05	0.0001006086825293	5.030434126465114e-05	0.0001006086825293	0.9983902610795312	0.0	0.9990442175159716	5.030434126465114e-05	0.0001006086825293	5.030434126465114e-05	5.030434126465114e-05
_scratch_st-cdeboer-1_asfar_VLPs_results_crispresso_aggregated_spacer_ABE8e_rep1_.staging_CRISPRessoPooled_on_ABE8e_D2_rep1_CRISPResso_on_HEK3	G	0.9990945218572362	0.997987826349414	0.0001006086825293	0.0025655214044972	0.0042255646662306	0.9671512651541828	0.99783691332562	0.8985864480104633	0.0001006086825293	0.0	0.998138739373208	0.0020624779918506	0.9982896523970018	5.030434126465114e-05	0.0014588258966748	0.0	0.999144826198501	0.0001006086825293	0.9993460435635596	5.030434126465114e-05
_scratch_st-cdeboer-1_asfar_VLPs_results_crispresso_aggregated_spacer_ABE8e_rep1_.staging_CRISPRessoPooled_on_ABE8e_D2_rep1_CRISPResso_on_HEK3	N	0.0	0.0	0.0	0.0	0.0	0.0	0.0	0.0	0.0	0.0	0.0	0.0	0.0	0.0	0.0	0.0	0.0	0.0	0.0	0.0
_scratch_st-cdeboer-1_asfar_VLPs_results_crispresso_aggregated_spacer_ABE8e_rep1_.staging_CRISPRessoPooled_on_ABE8e_D2_rep1_CRISPResso_on_HEK3	-	0.0006539564364404	0.0017103476029981	0.0007042607777051	0.0012576085316162	0.0015594345792041	0.0019618693093213	0.0019115649680567	0.0030685648171437	0.0021127823331153	0.0014588258966748	0.0016097389204688	0.0015091302379395	0.0015594345792041	0.0014085215554102	0.0010563911665576	0.000855173801499	0.0007042607777051	0.0005533477539111	0.0003521303888525	0.0003018260475879
_scratch_st-cdeboer-1_asfar_VLPs_results_crispresso_aggregated_spacer_ABE8e_rep1_.staging_CRISPRessoPooled_on_ABE8e_D3_rep1_CRISPResso_on_HEK3	A	9.202171712524156e-05	0.000153369528542	0.0001840434342504	0.0030060427594245	0.0056746725560565	0.0216864513358485	0.0001226956228336	0.0618999417195791	0.0002760651513757	0.0	6.134781141682771e-05	0.9970246311462838	9.202171712524156e-05	0.0001226956228336	0.9977608048832858	3.0673905708413856e-05	3.0673905708413856e-05	3.0673905708413856e-05	0.0	0.9993251740744148
_scratch_st-cdeboer-1_asfar_VLPs_results_crispresso_aggregated_spacer_ABE8e_rep1_.staging_CRISPRessoPooled_on_ABE8e_D3_rep1_CRISPResso_on_HEK3	T	0.0002760651513757	3.0673905708413856e-05	0.0015950430968375	0.0083739762583969	0.0088340848440231	0.0010122388883776	0.0001226956228336	0.0003987607742093	0.0	0.9986196742431214	9.202171712524156e-05	0.0	3.0673905708413856e-05	9.202171712524156e-05	0.0	6.134781141682771e-05	0.0001226956228336	0.9993865218858318	3.0673905708413856e-05	0.0
_scratch_st-cdeboer-1_asfar_VLPs_results_crispresso_aggregated_spacer_ABE8e_rep1_.staging_CRISPRessoPooled_on_ABE8e_D3_rep1_CRISPResso_on_HEK3	C	6.134781141682771e-05	0.000153369528542	0.9970859789577008	0.98414159074875	0.9792337658354038	0.0003067390570841	6.134781141682771e-05	0.0	0.9976994570718688	6.134781141682771e-05	0.0	3.0673905708413856e-05	9.202171712524156e-05	0.9990491089230392	0.0	0.9993865218858318	6.134781141682771e-05	3.0673905708413856e-05	3.0673905708413856e-05	0.0001226956228336
_scratch_st-cdeboer-1_asfar_VLPs_results_crispresso_aggregated_spacer_ABE8e_rep1_.staging_CRISPRessoPooled_on_ABE8e_D3_rep1_CRISPResso_on_HEK3	G	0.9986196742431214	0.9982515873746204	0.0002147173399588	0.0029140210422993	0.0045090641391368	0.9749394190362258	0.997331370203368	0.9338670592926598	3.0673905708413856e-05	0.0001840434342504	0.9986196742431214	0.0017484126253795	0.9987730437716634	0.0	0.0015030213797122	0.0	0.9993865218858318	0.0001226956228336	0.9996012392257906	0.0002760651513757
_scratch_st-cdeboer-1_asfar_VLPs_results_crispresso_aggregated_spacer_ABE8e_rep1_.staging_CRISPRessoPooled_on_ABE8e_D3_rep1_CRISPResso_on_HEK3	N	0.0	0.0	0.0	0.0	0.0	0.0	0.0	0.0	0.0	0.0	0.0	0.0	0.0	0.0	0.0	0.0	0.0	0.0	0.0	0.0
_scratch_st-cdeboer-1_asfar_VLPs_results_crispresso_aggregated_spacer_ABE8e_rep1_.staging_CRISPRessoPooled_on_ABE8e_D3_rep1_CRISPResso_on_HEK3	-	0.0009508910769608	0.001410999662587	0.0009202171712524	0.0015643691911291	0.0017484126253795	0.0020551516824637	0.0023618907395478	0.0038342382135517	0.0019938038710469	0.0011349345112113	0.0012269562283365	0.0011962823226281	0.0010122388883776	0.0007361737370019	0.0007361737370019	0.000521456397043	0.0003987607742093	0.0004294346799177	0.0003374129627925	0.0002760651513757
_scratch_st-cdeboer-1_asfar_VLPs_results_crispresso_aggregated_spacer_ABE8e_rep1_.staging_CRISPRessoPooled_on_ABE8e_D4_rep1_CRISPResso_on_HEK3	A	1.927525057825752e-05	8.673862760215882e-05	0.0003180416345412	0.0041152659984579	0.0054163454124903	0.0078835774865073	2.8912875867386275e-05	0.0271299151888974	2.8912875867386275e-05	0.0	4.818812644564379e-05	0.9968677717810333	0.0002505782575173	3.855050115651503e-05	0.9974267540478026	0.0	0.0002891287586738	9.637625289128758e-06	9.637625289128758e-06	0.9994506553585196
_scratch_st-cdeboer-1_asfar_VLPs_results_crispresso_aggregated_spacer_ABE8e_rep1_.staging_CRISPRessoPooled_on_ABE8e_D4_rep1_CRISPResso_on_HEK3	T	8.673862760215882e-05	0.0002602158828064	0.0016576715497301	0.0096376252891287	0.0102062451811873	0.0003565921356977	0.0001252891287586	1.927525057825752e-05	3.855050115651503e-05	0.998429067077872	0.0001060138781804	1.927525057825752e-05	7.710100231303006e-05	0.000375867386276	0.0	9.637625289128758e-05	0.0003373168851195	0.9994313801079414	8.673862760215882e-05	1.927525057825752e-05
_scratch_st-cdeboer-1_asfar_VLPs_results_crispresso_aggregated_spacer_ABE8e_rep1_.staging_CRISPRessoPooled_on_ABE8e_D4_rep1_CRISPResso_on_HEK3	C	4.818812644564379e-05	0.0001252891287586	0.9973207401696222	0.9836738627602158	0.9778141865844256	0.0006360832690824	5.782575173477255e-05	0.0002505782575173	0.998429067077872	6.746337702390132e-05	0.0	0.0001156515034695	4.818812644564379e-05	0.9985639938319198	0.0002602158828064	0.9995181187355436	0.000154202004626	8.673862760215882e-05	4.818812644564379e-05	8.673862760215882e-05
_scratch_st-cdeboer-1_asfar_VLPs_results_crispresso_aggregated_spacer_ABE8e_rep1_.staging_CRISPRessoPooled_on_ABE8e_D4_rep1_CRISPResso_on_HEK3	G	0.9995855821125674	0.9983808789514264	0.0002023901310717	0.0016287586738627	0.0049633770239013	0.98915767154973	0.998139938319198	0.9701233616037008	0.0	0.0002987663839629	0.9986314572089438	0.0017540478026214	0.9986314572089438	2.8912875867386275e-05	0.0016673091750192	0.0	0.9989013107170394	0.000154202004626	0.9995373939861218	0.0001349267540478
_scratch_st-cdeboer-1_asfar_VLPs_results_crispresso_aggregated_spacer_ABE8e_rep1_.staging_CRISPRessoPooled_on_ABE8e_D4_rep1_CRISPResso_on_HEK3	N	0.0	0.0	0.0	0.0	0.0	0.0	0.0	0.0	0.0	0.0	0.0	0.0	0.0	0.0	0.0	0.0	0.0	0.0	0.0	0.0
_scratch_st-cdeboer-1_asfar_VLPs_results_crispresso_aggregated_spacer_ABE8e_rep1_.staging_CRISPRessoPooled_on_ABE8e_D4_rep1_CRISPResso_on_HEK3	-	0.0002602158828064	0.0011468774094063	0.0005011565150346	0.0009444872783346	0.0015998457979953	0.0019660755589822	0.001648033924441	0.002476869699306	0.001503469545104	0.001204703161141	0.0012143407864302	0.0012432536622976	0.0009926754047802	0.0009926754047802	0.0006457208943716	0.0003855050115651	0.0003180416345412	0.0003180416345412	0.0003180416345412	0.0003084040092521
_scratch_st-cdeboer-1_asfar_VLPs_results_crispresso_aggregated_spacer_ABE8e_rep1_.staging_CRISPRessoPooled_on_ABE8e_D5_rep1_CRISPResso_on_HEK3	A	0.0	3.0050785828049403e-05	6.010157165609881e-05	0.003065180154461	0.0072121885987318	0.0136731075517624	3.0050785828049403e-05	0.0481714096823631	3.0050785828049403e-05	0.0	6.010157165609881e-05	0.993809538119422	3.0050785828049403e-05	6.010157165609881e-05	0.993929741262734	0.0	0.0	0.0	3.0050785828049403e-05	0.9970550229888512
_scratch_st-cdeboer-1_asfar_VLPs_results_crispresso_aggregated_spacer_ABE8e_rep1_.staging_CRISPRessoPooled_on_ABE8e_D5_rep1_CRISPResso_on_HEK3	T	0.0001803047149682	0.0003906602157646	0.0003305586441085	0.0081738137452294	0.0108483336839258	0.0010818282898097	0.0001202031433121	3.0050785828049403e-05	0.0001202031433121	0.9962136009856658	0.0001202031433121	3.0050785828049403e-05	3.0050785828049403e-05	6.010157165609881e-05	0.0	0.0	9.01523574841482e-05	0.996243651771494	0.0001502539291402	3.0050785828049403e-05
_scratch_st-cdeboer-1_asfar_VLPs_results_crispresso_aggregated_spacer_ABE8e_rep1_.staging_CRISPRessoPooled_on_ABE8e_D5_rep1_CRISPResso_on_HEK3	C	6.010157165609881e-05	0.0001803047149682	0.9985876130660816	0.98290110286384	0.9773717582714788	0.0001202031433121	0.0001202031433121	0.0001202031433121	0.9949514679808876	6.010157165609881e-05	3.0050785828049403e-05	9.01523574841482e-05	9.01523574841482e-05	0.9959431439132134	3.0050785828049403e-05	0.995762839198245	0.0001202031433121	0.0001502539291402	3.0050785828049403e-05	3.0050785828049403e-05
_scratch_st-cdeboer-1_asfar_VLPs_results_crispresso_aggregated_spacer_ABE8e_rep1_.staging_CRISPRessoPooled_on_ABE8e_D5_rep1_CRISPResso_on_HEK3	G	0.9984373591369414	0.996994921417195	0.0	0.0036361450851939	0.0023439612945878	0.9828710520780118	0.9966042612014304	0.9468401598701806	0.0	9.01523574841482e-05	0.995161823481684	0.0021336057937915	0.9959130931273852	0.0	0.0018030471496829	0.0	0.9958830423415572	0.0001502539291402	0.996994921417195	9.01523574841482e-05
_scratch_st-cdeboer-1_asfar_VLPs_results_crispresso_aggregated_spacer_ABE8e_rep1_.staging_CRISPRessoPooled_on_ABE8e_D5_rep1_CRISPResso_on_HEK3	N	0.0	0.0	0.0	0.0	0.0	0.0	0.0	0.0	0.0	0.0	0.0	0.0	0.0	0.0	0.0	0.0	0.0	0.0	0.0	0.0
_scratch_st-cdeboer-1_asfar_VLPs_results_crispresso_aggregated_spacer_ABE8e_rep1_.staging_CRISPRessoPooled_on_ABE8e_D5_rep1_CRISPResso_on_HEK3	-	0.0013222345764341	0.0024040628662439	0.0010217267181536	0.0022237581512756	0.0022237581512756	0.0022538089371037	0.0031252817261171	0.0048381765183159	0.004898278089972	0.0036361450851939	0.0046278210175196	0.0039366529434744	0.0039366529434744	0.0039366529434744	0.0042371608017549	0.0042371608017549	0.0039066021576464	0.0034558403702256	0.0027947230820085	0.0027947230820085
