Folder	Nucleotide	G	G	A	G	G	C	T	A	T	C	C	A	G	C	G	T	G	A	G	T
_scratch_st-cdeboer-1_asfar_VLPs_results_crispresso_aggregated_spacer_ABE8e-SpRY_rep1_.staging_CRISPRessoPooled_on_ABE8e-SpRY_D0_rep1_CRISPResso_on_B2M	A	0.0001045355355486	1.3066941943576943e-05	0.9996079917416928	3.920082583073084e-05	1.3066941943576943e-05	9.146859360503862e-05	0.0	0.99981706281279	0.0	0.0001176024774921	7.840165166146167e-05	0.9997125272772414	0.0	9.146859360503862e-05	2.613388388715389e-05	0.0	1.3066941943576943e-05	0.9996863933933542	0.0	1.3066941943576943e-05
_scratch_st-cdeboer-1_asfar_VLPs_results_crispresso_aggregated_spacer_ABE8e-SpRY_rep1_.staging_CRISPRessoPooled_on_ABE8e-SpRY_D0_rep1_CRISPResso_on_B2M	T	9.146859360503862e-05	0.0004965437938559	1.3066941943576943e-05	0.0002613388388715	0.00018293718721	5.226776777430778e-05	0.9996994603352978	1.3066941943576943e-05	0.9995295900900312	0.0001045355355486	0.0001568033033229	0.0	3.920082583073084e-05	0.0001306694194357	6.533470971788472e-05	0.9997125272772414	7.840165166146167e-05	1.3066941943576943e-05	0.0002613388388715	0.99963412562558
_scratch_st-cdeboer-1_asfar_VLPs_results_crispresso_aggregated_spacer_ABE8e-SpRY_rep1_.staging_CRISPRessoPooled_on_ABE8e-SpRY_D0_rep1_CRISPResso_on_B2M	C	0.0001045355355486	6.533470971788472e-05	5.226776777430778e-05	1.3066941943576943e-05	2.613388388715389e-05	0.9998431966966772	0.0001176024774921	1.3066941943576943e-05	0.0001306694194357	0.9997778619869592	0.999751728103072	7.840165166146167e-05	5.226776777430778e-05	0.9997255942191848	3.920082583073084e-05	0.0001437363613793	0.0001045355355486	2.613388388715389e-05	5.226776777430778e-05	0.0001306694194357
_scratch_st-cdeboer-1_asfar_VLPs_results_crispresso_aggregated_spacer_ABE8e-SpRY_rep1_.staging_CRISPRessoPooled_on_ABE8e-SpRY_D0_rep1_CRISPResso_on_B2M	G	0.9996994603352978	0.999385853728652	0.0003266735485894	0.9996863933933542	0.9997778619869592	1.3066941943576943e-05	0.00018293718721	0.0001568033033229	0.000339740490533	0.0	0.0	0.0002090710710972	0.9999085314063948	5.226776777430778e-05	0.9998693305805644	0.0001437363613793	0.9998039958708465	0.0002744057808151	0.9996863933933542	0.0002221380130408
_scratch_st-cdeboer-1_asfar_VLPs_results_crispresso_aggregated_spacer_ABE8e-SpRY_rep1_.staging_CRISPRessoPooled_on_ABE8e-SpRY_D0_rep1_CRISPResso_on_B2M	N	0.0	0.0	0.0	0.0	0.0	0.0	0.0	0.0	0.0	0.0	0.0	0.0	0.0	0.0	0.0	0.0	0.0	0.0	0.0	0.0
_scratch_st-cdeboer-1_asfar_VLPs_results_crispresso_aggregated_spacer_ABE8e-SpRY_rep1_.staging_CRISPRessoPooled_on_ABE8e-SpRY_D0_rep1_CRISPResso_on_B2M	-	0.0	3.920082583073084e-05	0.0	0.0	0.0	0.0	0.0	0.0	0.0	0.0	1.3066941943576943e-05	0.0	0.0	0.0	0.0	0.0	0.0	0.0	0.0	0.0
_scratch_st-cdeboer-1_asfar_VLPs_results_crispresso_aggregated_spacer_ABE8e-SpRY_rep1_.staging_CRISPRessoPooled_on_ABE8e-SpRY_D1_rep1_CRISPResso_on_B2M	A	0.0001451947787957	4.355843363872635e-05	0.9997676883539268	1.4519477879575453e-05	7.259738939787725e-05	0.000101636345157	0.0	0.9997096104424084	2.9038955759150905e-05	7.259738939787725e-05	2.9038955759150905e-05	0.9996515325308902	1.4519477879575453e-05	4.355843363872635e-05	1.4519477879575453e-05	0.0	4.355843363872635e-05	0.9997676883539268	1.4519477879575453e-05	0.0
_scratch_st-cdeboer-1_asfar_VLPs_results_crispresso_aggregated_spacer_ABE8e-SpRY_rep1_.staging_CRISPRessoPooled_on_ABE8e-SpRY_D1_rep1_CRISPResso_on_B2M	T	0.0001597142566753	0.0005372206815442	1.4519477879575453e-05	0.0001887532124344	8.71168672774527e-05	4.355843363872635e-05	0.9996805714866492	2.9038955759150905e-05	0.999622493575131	2.9038955759150905e-05	8.71168672774527e-05	1.4519477879575453e-05	0.000101636345157	0.0001306753009161	2.9038955759150905e-05	0.991244754838616	0.0001306753009161	0.0	0.0002177921681936	0.9995789351414924
_scratch_st-cdeboer-1_asfar_VLPs_results_crispresso_aggregated_spacer_ABE8e-SpRY_rep1_.staging_CRISPRessoPooled_on_ABE8e-SpRY_D1_rep1_CRISPResso_on_B2M	C	7.259738939787725e-05	0.0001161558230366	4.355843363872635e-05	7.259738939787725e-05	2.9038955759150905e-05	0.9998257662654452	0.0001451947787957	7.259738939787725e-05	0.000101636345157	0.999869324699084	0.999869324699084	5.80779115183018e-05	5.80779115183018e-05	0.9997676883539268	1.4519477879575453e-05	0.0086826477719861	0.0001451947787957	2.9038955759150905e-05	0.000101636345157	0.0001887532124344
_scratch_st-cdeboer-1_asfar_VLPs_results_crispresso_aggregated_spacer_ABE8e-SpRY_rep1_.staging_CRISPRessoPooled_on_ABE8e-SpRY_D1_rep1_CRISPResso_on_B2M	G	0.9996079740972514	0.999244987150262	0.0001597142566753	0.999724129920288	0.9998112467875656	1.4519477879575453e-05	0.0001597142566753	0.0001887532124344	0.0002468311239527	2.9038955759150905e-05	0.0	0.0002758700797119	0.9998257662654452	4.355843363872635e-05	0.9999419220884816	7.259738939787725e-05	0.9996805714866492	0.000203272690314	0.9996660520087698	0.0002323116460732
_scratch_st-cdeboer-1_asfar_VLPs_results_crispresso_aggregated_spacer_ABE8e-SpRY_rep1_.staging_CRISPRessoPooled_on_ABE8e-SpRY_D1_rep1_CRISPResso_on_B2M	N	0.0	0.0	0.0	0.0	0.0	0.0	0.0	0.0	0.0	0.0	0.0	0.0	0.0	1.4519477879575453e-05	0.0	0.0	0.0	0.0	0.0	0.0
_scratch_st-cdeboer-1_asfar_VLPs_results_crispresso_aggregated_spacer_ABE8e-SpRY_rep1_.staging_CRISPRessoPooled_on_ABE8e-SpRY_D1_rep1_CRISPResso_on_B2M	-	1.4519477879575453e-05	5.80779115183018e-05	1.4519477879575453e-05	0.0	0.0	1.4519477879575453e-05	1.4519477879575453e-05	0.0	0.0	0.0	1.4519477879575453e-05	0.0	0.0	0.0	0.0	0.0	0.0	0.0	0.0	0.0
_scratch_st-cdeboer-1_asfar_VLPs_results_crispresso_aggregated_spacer_ABE8e-SpRY_rep1_.staging_CRISPRessoPooled_on_ABE8e-SpRY_D2_rep1_CRISPResso_on_B2M	A	3.924492759310859e-05	3.924492759310859e-05	0.9995683057964758	3.924492759310859e-05	0.0001177347827793	0.0	0.0	0.9997252855068482	3.924492759310859e-05	3.924492759310859e-05	0.0001962246379655	0.999646795651662	0.0001177347827793	0.0	0.0	0.0	3.924492759310859e-05	0.999254346375731	0.0	0.0
_scratch_st-cdeboer-1_asfar_VLPs_results_crispresso_aggregated_spacer_ABE8e-SpRY_rep1_.staging_CRISPRessoPooled_on_ABE8e-SpRY_D2_rep1_CRISPResso_on_B2M	T	0.0001962246379655	0.0005886739138966	0.0	0.0003139594207448	7.848985518621718e-05	0.0001177347827793	0.9997645304344414	0.0	0.999254346375731	3.924492759310859e-05	7.848985518621718e-05	3.924492759310859e-05	7.848985518621718e-05	0.0001962246379655	0.0	0.9640908912523056	0.0	0.000392449275931	0.0002354695655586	0.9997645304344414
_scratch_st-cdeboer-1_asfar_VLPs_results_crispresso_aggregated_spacer_ABE8e-SpRY_rep1_.staging_CRISPRessoPooled_on_ABE8e-SpRY_D2_rep1_CRISPResso_on_B2M	C	0.0	3.924492759310859e-05	3.924492759310859e-05	0.0001569797103724	0.0	0.9998822652172208	7.848985518621718e-05	0.0	0.0003532043483379	0.9999215101448138	0.9997252855068482	7.848985518621718e-05	3.924492759310859e-05	0.9998037753620344	0.0	0.0356736391821357	3.924492759310859e-05	0.0	0.0001569797103724	0.0001177347827793
_scratch_st-cdeboer-1_asfar_VLPs_results_crispresso_aggregated_spacer_ABE8e-SpRY_rep1_.staging_CRISPRessoPooled_on_ABE8e-SpRY_D2_rep1_CRISPResso_on_B2M	G	0.9997645304344414	0.999293591303324	0.000392449275931	0.9994898159412896	0.9998037753620344	0.0	0.0001569797103724	0.0002747144931517	0.0003532043483379	0.0	0.0	0.0002354695655586	0.9997645304344414	0.0	1.0	0.0002354695655586	0.9999215101448138	0.0003532043483379	0.9996075507240688	0.0001177347827793
_scratch_st-cdeboer-1_asfar_VLPs_results_crispresso_aggregated_spacer_ABE8e-SpRY_rep1_.staging_CRISPRessoPooled_on_ABE8e-SpRY_D2_rep1_CRISPResso_on_B2M	N	0.0	0.0	0.0	0.0	0.0	0.0	0.0	0.0	0.0	0.0	0.0	0.0	0.0	0.0	0.0	0.0	0.0	0.0	0.0	0.0
_scratch_st-cdeboer-1_asfar_VLPs_results_crispresso_aggregated_spacer_ABE8e-SpRY_rep1_.staging_CRISPRessoPooled_on_ABE8e-SpRY_D2_rep1_CRISPResso_on_B2M	-	0.0	3.924492759310859e-05	0.0	0.0	0.0	0.0	0.0	0.0	0.0	0.0	0.0	0.0	0.0	0.0	0.0	0.0	0.0	0.0	0.0	0.0
_scratch_st-cdeboer-1_asfar_VLPs_results_crispresso_aggregated_spacer_ABE8e-SpRY_rep1_.staging_CRISPRessoPooled_on_ABE8e-SpRY_D3_rep1_CRISPResso_on_B2M	A	4.978282243711808e-05	0.0	0.9997013030653772	2.489141121855904e-05	2.489141121855904e-05	1.244570560927952e-05	1.244570560927952e-05	0.9998506515326886	3.733711682783855e-05	3.733711682783855e-05	7.46742336556771e-05	0.9996764116541588	0.0002738055234041	4.978282243711808e-05	0.0001120113504835	4.978282243711808e-05	2.489141121855904e-05	0.9997635315934236	1.244570560927952e-05	0.0
_scratch_st-cdeboer-1_asfar_VLPs_results_crispresso_aggregated_spacer_ABE8e-SpRY_rep1_.staging_CRISPRessoPooled_on_ABE8e-SpRY_D3_rep1_CRISPResso_on_B2M	T	0.0001120113504835	0.0003111426402319	1.244570560927952e-05	0.0001244570560927	2.489141121855904e-05	6.222852804639758e-05	0.9987429837334628	1.244570560927952e-05	0.9958929171489378	6.222852804639758e-05	6.222852804639758e-05	0.0	6.222852804639758e-05	0.0002115769953577	4.978282243711808e-05	0.8660095334104967	8.711993926495663e-05	0.0	0.0002738055234041	0.9984691782100586
_scratch_st-cdeboer-1_asfar_VLPs_results_crispresso_aggregated_spacer_ABE8e-SpRY_rep1_.staging_CRISPRessoPooled_on_ABE8e-SpRY_D3_rep1_CRISPResso_on_B2M	C	8.711993926495663e-05	9.956564487423616e-05	4.978282243711808e-05	7.46742336556771e-05	8.711993926495663e-05	0.9999128800607352	0.001070330682398	4.978282243711808e-05	0.0038830601500952	0.9999004343551258	0.9998506515326886	7.46742336556771e-05	4.978282243711808e-05	0.9997013030653772	2.489141121855904e-05	0.1338411181221919	0.0005476110468082	3.733711682783855e-05	6.222852804639758e-05	0.0013939190282393
_scratch_st-cdeboer-1_asfar_VLPs_results_crispresso_aggregated_spacer_ABE8e-SpRY_rep1_.staging_CRISPRessoPooled_on_ABE8e-SpRY_D3_rep1_CRISPResso_on_B2M	G	0.9997510858878144	0.9995021717756288	0.0002364684065763	0.999775977299033	0.9998506515326886	1.244570560927952e-05	0.0001742398785299	8.711993926495663e-05	0.0001866855841391	0.0	0.0	0.0002489141121855	0.9996141831261124	3.733711682783855e-05	0.9998133144158609	9.956564487423616e-05	0.9993403776027082	0.0001991312897484	0.99965152024294	0.000136902761702
_scratch_st-cdeboer-1_asfar_VLPs_results_crispresso_aggregated_spacer_ABE8e-SpRY_rep1_.staging_CRISPRessoPooled_on_ABE8e-SpRY_D3_rep1_CRISPResso_on_B2M	N	0.0	0.0	0.0	0.0	1.244570560927952e-05	0.0	0.0	0.0	0.0	0.0	0.0	0.0	0.0	0.0	0.0	0.0	0.0	0.0	0.0	0.0
_scratch_st-cdeboer-1_asfar_VLPs_results_crispresso_aggregated_spacer_ABE8e-SpRY_rep1_.staging_CRISPRessoPooled_on_ABE8e-SpRY_D3_rep1_CRISPResso_on_B2M	-	0.0	8.711993926495663e-05	0.0	0.0	0.0	0.0	0.0	0.0	0.0	0.0	1.244570560927952e-05	0.0	0.0	0.0	0.0	0.0	0.0	0.0	0.0	0.0
_scratch_st-cdeboer-1_asfar_VLPs_results_crispresso_aggregated_spacer_ABE8e-SpRY_rep1_.staging_CRISPRessoPooled_on_ABE8e-SpRY_D4_rep1_CRISPResso_on_B2M	A	7.945493911765291e-05	1.9863734779413227e-05	0.9997814989174264	1.9863734779413227e-05	7.945493911765291e-05	7.945493911765291e-05	1.9863734779413227e-05	0.9997417714478676	0.0	0.0001390461434558	5.959120433823968e-05	0.99966231650875	0.0	7.945493911765291e-05	0.0002185010825735	9.931867389706612e-05	1.9863734779413227e-05	0.9995828615696324	0.0	0.0
_scratch_st-cdeboer-1_asfar_VLPs_results_crispresso_aggregated_spacer_ABE8e-SpRY_rep1_.staging_CRISPRessoPooled_on_ABE8e-SpRY_D4_rep1_CRISPResso_on_B2M	T	9.931867389706612e-05	0.0003178197564706	1.9863734779413227e-05	0.0001390461434558	3.972746955882645e-05	3.972746955882645e-05	0.9978149891742646	1.9863734779413227e-05	0.9892934469538964	3.972746955882645e-05	9.931867389706612e-05	1.9863734779413227e-05	1.9863734779413227e-05	0.0001390461434558	7.945493911765291e-05	0.6154579584053393	5.959120433823968e-05	1.9863734779413227e-05	7.945493911765291e-05	0.9968615299048528
_scratch_st-cdeboer-1_asfar_VLPs_results_crispresso_aggregated_spacer_ABE8e-SpRY_rep1_.staging_CRISPRessoPooled_on_ABE8e-SpRY_D4_rep1_CRISPResso_on_B2M	C	0.0001191824086764	7.945493911765291e-05	3.972746955882645e-05	0.0001191824086764	5.959120433823968e-05	0.9998410901217648	0.0019466460083824	1.9863734779413227e-05	0.0103092783505154	0.9997814989174264	0.999801362652206	9.931867389706612e-05	3.972746955882645e-05	0.9997417714478676	3.972746955882645e-05	0.3843036767773076	0.0007945493911765	5.959120433823968e-05	5.959120433823968e-05	0.0029199690125737
_scratch_st-cdeboer-1_asfar_VLPs_results_crispresso_aggregated_spacer_ABE8e-SpRY_rep1_.staging_CRISPRessoPooled_on_ABE8e-SpRY_D4_rep1_CRISPResso_on_B2M	G	0.9996821802435294	0.9995431341000734	0.0001390461434558	0.9997020439783088	0.999801362652206	0.0	0.0001986373477941	0.0001986373477941	0.0003575472260294	1.9863734779413227e-05	0.0	0.0001787736130147	0.9999006813261028	0.0	0.9996225890391912	7.945493911765291e-05	0.9990664044653677	0.0002979560216911	0.9998212263869852	0.0001787736130147
_scratch_st-cdeboer-1_asfar_VLPs_results_crispresso_aggregated_spacer_ABE8e-SpRY_rep1_.staging_CRISPRessoPooled_on_ABE8e-SpRY_D4_rep1_CRISPResso_on_B2M	N	0.0	0.0	0.0	0.0	0.0	0.0	0.0	0.0	0.0	0.0	0.0	0.0	0.0	0.0	0.0	0.0	0.0	0.0	0.0	0.0
_scratch_st-cdeboer-1_asfar_VLPs_results_crispresso_aggregated_spacer_ABE8e-SpRY_rep1_.staging_CRISPRessoPooled_on_ABE8e-SpRY_D4_rep1_CRISPResso_on_B2M	-	1.9863734779413227e-05	3.972746955882645e-05	1.9863734779413227e-05	1.9863734779413227e-05	1.9863734779413227e-05	3.972746955882645e-05	1.9863734779413227e-05	1.9863734779413227e-05	3.972746955882645e-05	1.9863734779413227e-05	3.972746955882645e-05	3.972746955882645e-05	3.972746955882645e-05	3.972746955882645e-05	3.972746955882645e-05	5.959120433823968e-05	5.959120433823968e-05	3.972746955882645e-05	3.972746955882645e-05	3.972746955882645e-05
_scratch_st-cdeboer-1_asfar_VLPs_results_crispresso_aggregated_spacer_ABE8e-SpRY_rep1_.staging_CRISPRessoPooled_on_ABE8e-SpRY_D5_rep1_CRISPResso_on_B2M	A	0.0001545799841003	3.312428230721668e-05	0.9997350057415424	5.520713717869447e-05	5.520713717869447e-05	5.520713717869447e-05	0.0	0.9995583429025704	2.2082854871477785e-05	0.0001104142743573	0.000165621411536	0.9995252186202632	2.2082854871477785e-05	4.416570974295557e-05	7.728999205017225e-05	3.312428230721668e-05	0.0003754085328151	0.9993485557812914	1.1041427435738893e-05	1.1041427435738893e-05
_scratch_st-cdeboer-1_asfar_VLPs_results_crispresso_aggregated_spacer_ABE8e-SpRY_rep1_.staging_CRISPRessoPooled_on_ABE8e-SpRY_D5_rep1_CRISPResso_on_B2M	T	0.0001214557017931	0.0001987456938433	2.2082854871477785e-05	0.0001545799841003	6.624856461443335e-05	0.0001104142743573	0.9968531931808144	2.2082854871477785e-05	0.9905485381150076	7.728999205017225e-05	0.0001877042664075	0.0	0.0001214557017931	0.0001766628389718	6.624856461443335e-05	0.6618673262079322	8.833141948591114e-05	0.0	0.0001877042664075	0.9965550746400494
_scratch_st-cdeboer-1_asfar_VLPs_results_crispresso_aggregated_spacer_ABE8e-SpRY_rep1_.staging_CRISPRessoPooled_on_ABE8e-SpRY_D5_rep1_CRISPResso_on_B2M	C	4.416570974295557e-05	3.312428230721668e-05	4.416570974295557e-05	4.416570974295557e-05	1.1041427435738893e-05	0.9996908400317992	0.0028045225686776	6.624856461443335e-05	0.0090318876424344	0.9996245914671849	0.9994479286282132	7.728999205017225e-05	0.000209787121279	0.999580425757442	5.520713717869447e-05	0.3376689338397668	0.0002870771133292	3.312428230721668e-05	7.728999205017225e-05	0.0028928539881635
_scratch_st-cdeboer-1_asfar_VLPs_results_crispresso_aggregated_spacer_ABE8e-SpRY_rep1_.staging_CRISPRessoPooled_on_ABE8e-SpRY_D5_rep1_CRISPResso_on_B2M	G	0.9996687571769278	0.9996687571769278	0.0001877042664075	0.9997350057415424	0.9997681300238496	0.0	0.000165621411536	0.0001766628389718	0.0002208285487147	1.1041427435738893e-05	1.1041427435738893e-05	0.0002208285487147	0.9994700114830846	2.2082854871477785e-05	0.9995252186202632	6.624856461443335e-05	0.9989289815387332	0.0002981185407649	0.99940376291847	0.0003091599682006
_scratch_st-cdeboer-1_asfar_VLPs_results_crispresso_aggregated_spacer_ABE8e-SpRY_rep1_.staging_CRISPRessoPooled_on_ABE8e-SpRY_D5_rep1_CRISPResso_on_B2M	N	0.0	0.0	0.0	0.0	0.0	0.0	0.0	0.0	0.0	0.0	0.0	0.0	0.0	0.0	0.0	0.0	0.0	0.0	0.0	0.0
_scratch_st-cdeboer-1_asfar_VLPs_results_crispresso_aggregated_spacer_ABE8e-SpRY_rep1_.staging_CRISPRessoPooled_on_ABE8e-SpRY_D5_rep1_CRISPResso_on_B2M	-	1.1041427435738893e-05	6.624856461443335e-05	1.1041427435738893e-05	1.1041427435738893e-05	9.937284692165004e-05	0.0001435385566646	0.0001766628389718	0.0001766628389718	0.0001766628389718	0.0001766628389718	0.0001877042664075	0.0001766628389718	0.0001766628389718	0.0001766628389718	0.0002760356858934	0.0003643671053793	0.0003202013956364	0.0003202013956364	0.0003202013956364	0.0002318699761505
