Folder	Nucleotide	G	G	A	G	G	C	T	A	T	C	C	A	G	C	G	T	G	A	G	T
_scratch_st-cdeboer-1_asfar_VLPs_results_crispresso_aggregated_spacer_ABE8e-SpRY_rep2_.staging_CRISPRessoPooled_on_ABE8e-SpRY_D0_rep2_CRISPResso_on_B2M	A	0.0001783866709479	0.0	0.9997145813264832	3.567733418958936e-05	0.0002140640051375	0.0001783866709479	0.0	0.9997145813264832	7.135466837917871e-05	3.567733418958936e-05	7.135466837917871e-05	0.9996075493239144	3.567733418958936e-05	3.567733418958936e-05	7.135466837917871e-05	0.0	0.0	0.9996789039922936	3.567733418958936e-05	0.0
_scratch_st-cdeboer-1_asfar_VLPs_results_crispresso_aggregated_spacer_ABE8e-SpRY_rep2_.staging_CRISPRessoPooled_on_ABE8e-SpRY_D0_rep2_CRISPResso_on_B2M	T	0.0001427093367583	0.0003924506760854	0.0	0.0003924506760854	0.0	0.0001070320025687	0.999643226658104	3.567733418958936e-05	0.9995005173213456	0.0001070320025687	0.0001070320025687	0.0	0.0	0.0002140640051375	3.567733418958936e-05	0.999821613329052	3.567733418958936e-05	0.0	0.0002497413393271	0.9995361946555352
_scratch_st-cdeboer-1_asfar_VLPs_results_crispresso_aggregated_spacer_ABE8e-SpRY_rep2_.staging_CRISPRessoPooled_on_ABE8e-SpRY_D0_rep2_CRISPResso_on_B2M	C	3.567733418958936e-05	7.135466837917871e-05	7.135466837917871e-05	7.135466837917871e-05	3.567733418958936e-05	0.9997145813264832	0.0002854186735167	3.567733418958936e-05	3.567733418958936e-05	0.9998572906632416	0.999821613329052	7.135466837917871e-05	0.0001070320025687	0.9997145813264832	3.567733418958936e-05	7.135466837917871e-05	0.0001070320025687	0.0001070320025687	0.0001783866709479	0.0002497413393271
_scratch_st-cdeboer-1_asfar_VLPs_results_crispresso_aggregated_spacer_ABE8e-SpRY_rep2_.staging_CRISPRessoPooled_on_ABE8e-SpRY_D0_rep2_CRISPResso_on_B2M	G	0.999643226658104	0.9995005173213456	0.0002140640051375	0.9995005173213456	0.9997502586606728	0.0	7.135466837917871e-05	0.0002140640051375	0.0003567733418958	0.0	0.0	0.0003210960077063	0.9998572906632416	3.567733418958936e-05	0.9998572906632416	0.0001070320025687	0.9998572906632416	0.0002140640051375	0.9995361946555352	0.0002140640051375
_scratch_st-cdeboer-1_asfar_VLPs_results_crispresso_aggregated_spacer_ABE8e-SpRY_rep2_.staging_CRISPRessoPooled_on_ABE8e-SpRY_D0_rep2_CRISPResso_on_B2M	N	0.0	0.0	0.0	0.0	0.0	0.0	0.0	0.0	0.0	0.0	0.0	0.0	0.0	0.0	0.0	0.0	0.0	0.0	0.0	0.0
_scratch_st-cdeboer-1_asfar_VLPs_results_crispresso_aggregated_spacer_ABE8e-SpRY_rep2_.staging_CRISPRessoPooled_on_ABE8e-SpRY_D0_rep2_CRISPResso_on_B2M	-	0.0	3.567733418958936e-05	0.0	0.0	0.0	0.0	0.0	0.0	3.567733418958936e-05	0.0	0.0	0.0	0.0	0.0	0.0	0.0	0.0	0.0	0.0	0.0
_scratch_st-cdeboer-1_asfar_VLPs_results_crispresso_aggregated_spacer_ABE8e-SpRY_rep2_.staging_CRISPRessoPooled_on_ABE8e-SpRY_D1_rep2_CRISPResso_on_B2M	A	0.0003018959062915	0.0	0.9998792416374834	0.0	0.0001207583625166	0.0003018959062915	0.0	0.9997584832749667	6.0379181258302136e-05	6.0379181258302136e-05	0.0	0.9998188624562252	0.0	0.0001207583625166	6.0379181258302136e-05	0.0	0.0	0.9996377249124502	0.0	0.0
_scratch_st-cdeboer-1_asfar_VLPs_results_crispresso_aggregated_spacer_ABE8e-SpRY_rep2_.staging_CRISPRessoPooled_on_ABE8e-SpRY_D1_rep2_CRISPResso_on_B2M	T	0.0003018959062915	0.0003622750875498	0.0	0.0003622750875498	0.0	6.0379181258302136e-05	0.9996981040937084	0.0	0.9990943122811254	6.0379181258302136e-05	0.0	0.0	0.0	0.0003018959062915	0.0001811375437749	0.9882260596546312	6.0379181258302136e-05	0.0	0.0001207583625166	0.9994565873686752
_scratch_st-cdeboer-1_asfar_VLPs_results_crispresso_aggregated_spacer_ABE8e-SpRY_rep2_.staging_CRISPRessoPooled_on_ABE8e-SpRY_D1_rep2_CRISPResso_on_B2M	C	0.0001207583625166	0.0003018959062915	6.0379181258302136e-05	6.0379181258302136e-05	6.0379181258302136e-05	0.9996377249124502	0.0001207583625166	0.0	0.0006641709938413	0.9998792416374834	1.0	0.0	0.0	0.9995169665499336	0.0	0.0117135611641106	0.0003018959062915	6.0379181258302136e-05	6.0379181258302136e-05	0.0002415167250332
_scratch_st-cdeboer-1_asfar_VLPs_results_crispresso_aggregated_spacer_ABE8e-SpRY_rep2_.staging_CRISPRessoPooled_on_ABE8e-SpRY_D1_rep2_CRISPResso_on_B2M	G	0.9992754498249004	0.9993358290061588	6.0379181258302136e-05	0.9995773457311918	0.9998188624562252	0.0	0.0001811375437749	0.0002415167250332	0.0001811375437749	0.0	0.0	0.0001811375437749	1.0	6.0379181258302136e-05	0.9997584832749667	6.0379181258302136e-05	0.9996377249124502	0.0003018959062915	0.9998188624562252	0.0003018959062915
_scratch_st-cdeboer-1_asfar_VLPs_results_crispresso_aggregated_spacer_ABE8e-SpRY_rep2_.staging_CRISPRessoPooled_on_ABE8e-SpRY_D1_rep2_CRISPResso_on_B2M	N	0.0	0.0	0.0	0.0	0.0	0.0	0.0	0.0	0.0	0.0	0.0	0.0	0.0	0.0	0.0	0.0	0.0	0.0	0.0	0.0
_scratch_st-cdeboer-1_asfar_VLPs_results_crispresso_aggregated_spacer_ABE8e-SpRY_rep2_.staging_CRISPRessoPooled_on_ABE8e-SpRY_D1_rep2_CRISPResso_on_B2M	-	0.0	0.0	0.0	0.0	0.0	0.0	0.0	0.0	0.0	0.0	0.0	0.0	0.0	0.0	0.0	0.0	0.0	0.0	0.0	0.0
_scratch_st-cdeboer-1_asfar_VLPs_results_crispresso_aggregated_spacer_ABE8e-SpRY_rep2_.staging_CRISPRessoPooled_on_ABE8e-SpRY_D2_rep2_CRISPResso_on_B2M	A	0.0003004536850644	3.004536850644473e-05	0.9997596370519484	6.009073701288946e-05	0.0001802722110386	0.0	0.0	0.9999399092629871	3.004536850644473e-05	9.01361055193342e-05	3.004536850644473e-05	0.9997596370519484	3.004536850644473e-05	0.0	3.004536850644473e-05	0.0	3.004536850644473e-05	0.9996394555779228	0.0	3.004536850644473e-05
_scratch_st-cdeboer-1_asfar_VLPs_results_crispresso_aggregated_spacer_ABE8e-SpRY_rep2_.staging_CRISPRessoPooled_on_ABE8e-SpRY_D2_rep2_CRISPResso_on_B2M	T	0.0001502268425322	0.0002403629480515	3.004536850644473e-05	0.0003905897905837	9.01361055193342e-05	6.009073701288946e-05	0.999188775050326	0.0	0.9984075954691584	0.0	3.004536850644473e-05	0.0	0.0001201814740257	0.0001502268425322	0.0	0.9499744614367696	0.0001201814740257	6.009073701288946e-05	9.01361055193342e-05	0.9992188204188324
_scratch_st-cdeboer-1_asfar_VLPs_results_crispresso_aggregated_spacer_ABE8e-SpRY_rep2_.staging_CRISPRessoPooled_on_ABE8e-SpRY_D2_rep2_CRISPResso_on_B2M	C	0.0	3.004536850644473e-05	0.0	3.004536850644473e-05	9.01361055193342e-05	0.9999399092629871	0.0007811795811675	3.004536850644473e-05	0.00135204158279	0.9999098638944808	0.9999098638944808	6.009073701288946e-05	0.0	0.9998497731574678	3.004536850644473e-05	0.0498753117206982	0.0001201814740257	3.004536850644473e-05	0.0001502268425322	0.000540816633116
_scratch_st-cdeboer-1_asfar_VLPs_results_crispresso_aggregated_spacer_ABE8e-SpRY_rep2_.staging_CRISPRessoPooled_on_ABE8e-SpRY_D2_rep2_CRISPResso_on_B2M	G	0.9995493194724032	0.9996394555779228	0.0002103175795451	0.9995192741038968	0.9996394555779228	0.0	3.004536850644473e-05	3.004536850644473e-05	0.0002103175795451	0.0	0.0	0.0001802722110386	0.9998497731574678	0.0	0.9999399092629871	0.0001502268425322	0.999729591683442	0.000270408316558	0.9997596370519484	0.0002103175795451
_scratch_st-cdeboer-1_asfar_VLPs_results_crispresso_aggregated_spacer_ABE8e-SpRY_rep2_.staging_CRISPRessoPooled_on_ABE8e-SpRY_D2_rep2_CRISPResso_on_B2M	N	0.0	0.0	0.0	0.0	0.0	0.0	0.0	0.0	0.0	0.0	0.0	0.0	0.0	0.0	0.0	0.0	0.0	0.0	0.0	0.0
_scratch_st-cdeboer-1_asfar_VLPs_results_crispresso_aggregated_spacer_ABE8e-SpRY_rep2_.staging_CRISPRessoPooled_on_ABE8e-SpRY_D2_rep2_CRISPResso_on_B2M	-	0.0	6.009073701288946e-05	0.0	0.0	0.0	0.0	0.0	0.0	0.0	0.0	3.004536850644473e-05	0.0	0.0	0.0	0.0	0.0	0.0	0.0	0.0	0.0
_scratch_st-cdeboer-1_asfar_VLPs_results_crispresso_aggregated_spacer_ABE8e-SpRY_rep2_.staging_CRISPRessoPooled_on_ABE8e-SpRY_D3_rep2_CRISPResso_on_B2M	A	8.628499935286251e-05	8.628499935286251e-05	0.9997411450019414	0.0	8.628499935286251e-05	4.3142499676431255e-05	0.0	0.9998274300012944	0.0	0.0	4.3142499676431255e-05	0.9996548600025884	4.3142499676431255e-05	8.628499935286251e-05	0.0001725699987057	0.0001294274990292	0.0	0.9996980025022648	0.0	0.0
_scratch_st-cdeboer-1_asfar_VLPs_results_crispresso_aggregated_spacer_ABE8e-SpRY_rep2_.staging_CRISPRessoPooled_on_ABE8e-SpRY_D3_rep2_CRISPResso_on_B2M	T	0.0	0.000301997497735	0.0	0.000301997497735	4.3142499676431255e-05	4.3142499676431255e-05	0.9991371500064714	4.3142499676431255e-05	0.9958583200310626	0.0001294274990292	4.3142499676431255e-05	0.0	0.0	0.0001725699987057	4.3142499676431255e-05	0.8703567884723241	8.628499935286251e-05	0.0	0.0002157124983821	0.9992234350058242
_scratch_st-cdeboer-1_asfar_VLPs_results_crispresso_aggregated_spacer_ABE8e-SpRY_rep2_.staging_CRISPRessoPooled_on_ABE8e-SpRY_D3_rep2_CRISPResso_on_B2M	C	4.3142499676431255e-05	0.0002157124983821	4.3142499676431255e-05	0.0001725699987057	8.628499935286251e-05	0.9999137150006472	0.0007334224944993	0.0	0.0038828249708788	0.9998705725009708	0.9999137150006472	4.3142499676431255e-05	0.0001294274990292	0.999611717502912	0.0	0.1293843565296173	4.3142499676431255e-05	0.0	0.0	0.0003882824970878
_scratch_st-cdeboer-1_asfar_VLPs_results_crispresso_aggregated_spacer_ABE8e-SpRY_rep2_.staging_CRISPRessoPooled_on_ABE8e-SpRY_D3_rep2_CRISPResso_on_B2M	G	0.9998705725009708	0.99939600500453	0.0002157124983821	0.9995254325035592	0.999784287501618	0.0	0.0001294274990292	0.0001294274990292	0.0002588549980585	0.0	0.0	0.000301997497735	0.9998274300012944	0.0001294274990292	0.999784287501618	8.628499935286251e-05	0.9998705725009708	0.000301997497735	0.999784287501618	0.0003882824970878
_scratch_st-cdeboer-1_asfar_VLPs_results_crispresso_aggregated_spacer_ABE8e-SpRY_rep2_.staging_CRISPRessoPooled_on_ABE8e-SpRY_D3_rep2_CRISPResso_on_B2M	N	0.0	0.0	0.0	0.0	0.0	0.0	0.0	0.0	0.0	0.0	0.0	0.0	0.0	0.0	0.0	0.0	0.0	0.0	0.0	0.0
_scratch_st-cdeboer-1_asfar_VLPs_results_crispresso_aggregated_spacer_ABE8e-SpRY_rep2_.staging_CRISPRessoPooled_on_ABE8e-SpRY_D3_rep2_CRISPResso_on_B2M	-	0.0	0.0	0.0	0.0	0.0	0.0	0.0	0.0	0.0	0.0	0.0	0.0	0.0	0.0	0.0	4.3142499676431255e-05	0.0	0.0	0.0	0.0
_scratch_st-cdeboer-1_asfar_VLPs_results_crispresso_aggregated_spacer_ABE8e-SpRY_rep2_.staging_CRISPRessoPooled_on_ABE8e-SpRY_D4_rep2_CRISPResso_on_B2M	A	0.0001322795065974	0.0	0.9997354409868052	6.61397532987202e-05	3.30698766493601e-05	9.920962994808028e-05	0.0	0.9995700916035584	0.0	0.0	3.30698766493601e-05	0.999537021726909	9.920962994808028e-05	9.920962994808028e-05	6.61397532987202e-05	0.0	0.0001653493832468	0.9996693012335064	3.30698766493601e-05	0.0
_scratch_st-cdeboer-1_asfar_VLPs_results_crispresso_aggregated_spacer_ABE8e-SpRY_rep2_.staging_CRISPRessoPooled_on_ABE8e-SpRY_D4_rep2_CRISPResso_on_B2M	T	0.0001322795065974	0.0004299083964416	0.0	0.0003637686431429	9.920962994808028e-05	0.0	0.9972552002381032	3.30698766493601e-05	0.989351499718906	6.61397532987202e-05	3.30698766493601e-05	0.0	0.0001653493832468	0.0001984192598961	0.0001322795065974	0.6436059393498462	0.0002645590131948	0.0	9.920962994808028e-05	0.9961969641853236
_scratch_st-cdeboer-1_asfar_VLPs_results_crispresso_aggregated_spacer_ABE8e-SpRY_rep2_.staging_CRISPRessoPooled_on_ABE8e-SpRY_D4_rep2_CRISPResso_on_B2M	C	0.0001322795065974	9.920962994808028e-05	3.30698766493601e-05	3.30698766493601e-05	6.61397532987202e-05	0.9998346506167533	0.0024141009954032	6.61397532987202e-05	0.0102516617613016	0.9997023711101558	0.9996693012335064	9.920962994808028e-05	0.0001322795065974	0.9994047422203116	0.0001322795065974	0.3560302920070108	0.0006944674096365	0.0	9.920962994808028e-05	0.0035384768014815
_scratch_st-cdeboer-1_asfar_VLPs_results_crispresso_aggregated_spacer_ABE8e-SpRY_rep2_.staging_CRISPRessoPooled_on_ABE8e-SpRY_D4_rep2_CRISPResso_on_B2M	G	0.9995700916035584	0.9993716723436622	0.0001984192598961	0.9995039518502596	0.9997354409868052	0.0	0.0001984192598961	0.0001322795065974	0.0001984192598961	3.30698766493601e-05	3.30698766493601e-05	0.0001653493832468	0.9994047422203116	0.0001322795065974	0.9995700916035584	0.0002645590131948	0.9987764145639736	0.0002314891365455	0.9996693012335064	0.0001653493832468
_scratch_st-cdeboer-1_asfar_VLPs_results_crispresso_aggregated_spacer_ABE8e-SpRY_rep2_.staging_CRISPRessoPooled_on_ABE8e-SpRY_D4_rep2_CRISPResso_on_B2M	N	0.0	0.0	0.0	0.0	0.0	0.0	0.0	0.0	0.0	0.0	0.0	0.0	0.0	0.0	0.0	0.0	0.0	0.0	0.0	0.0
_scratch_st-cdeboer-1_asfar_VLPs_results_crispresso_aggregated_spacer_ABE8e-SpRY_rep2_.staging_CRISPRessoPooled_on_ABE8e-SpRY_D4_rep2_CRISPResso_on_B2M	-	3.30698766493601e-05	9.920962994808028e-05	3.30698766493601e-05	3.30698766493601e-05	6.61397532987202e-05	6.61397532987202e-05	0.0001322795065974	0.0001984192598961	0.0001984192598961	0.0001984192598961	0.0002314891365455	0.0001984192598961	0.0001984192598961	0.0001653493832468	9.920962994808028e-05	9.920962994808028e-05	9.920962994808028e-05	9.920962994808028e-05	9.920962994808028e-05	9.920962994808028e-05
_scratch_st-cdeboer-1_asfar_VLPs_results_crispresso_aggregated_spacer_ABE8e-SpRY_rep2_.staging_CRISPRessoPooled_on_ABE8e-SpRY_D5_rep2_CRISPResso_on_B2M	A	3.6297640653357535e-05	3.6297640653357535e-05	0.9997459165154264	0.00010889292196	0.0001451905626134	3.6297640653357535e-05	0.0	0.9998185117967332	0.0	3.6297640653357535e-05	0.0001451905626134	0.999382940108893	0.0	7.259528130671507e-05	0.0001451905626134	7.259528130671507e-05	0.0002540834845735	0.9994555353901996	0.0	0.0
_scratch_st-cdeboer-1_asfar_VLPs_results_crispresso_aggregated_spacer_ABE8e-SpRY_rep2_.staging_CRISPRessoPooled_on_ABE8e-SpRY_D5_rep2_CRISPResso_on_B2M	T	0.0001814882032667	0.0003629764065335	0.0	0.0001814882032667	0.0	0.0	0.9953901996370236	0.0	0.9902722323049	0.0	0.00010889292196	3.6297640653357535e-05	3.6297640653357535e-05	0.0001451905626134	3.6297640653357535e-05	0.6753176043557169	0.0001451905626134	3.6297640653357535e-05	0.0001814882032667	0.9976043557168784
_scratch_st-cdeboer-1_asfar_VLPs_results_crispresso_aggregated_spacer_ABE8e-SpRY_rep2_.staging_CRISPRessoPooled_on_ABE8e-SpRY_D5_rep2_CRISPResso_on_B2M	C	0.00010889292196	7.259528130671507e-05	0.0	7.259528130671507e-05	0.0	0.99989110707804	0.0043557168784029	3.6297640653357535e-05	0.0094736842105263	0.9998185117967332	0.9996733212341198	0.0002903811252268	7.259528130671507e-05	0.9996733212341198	3.6297640653357535e-05	0.3242831215970962	0.0001451905626134	3.6297640653357535e-05	3.6297640653357535e-05	0.002032667876588
_scratch_st-cdeboer-1_asfar_VLPs_results_crispresso_aggregated_spacer_ABE8e-SpRY_rep2_.staging_CRISPRessoPooled_on_ABE8e-SpRY_D5_rep2_CRISPResso_on_B2M	G	0.9996733212341198	0.9995281306715064	0.0002540834845735	0.9996370235934664	0.9998548094373866	3.6297640653357535e-05	0.0002177858439201	7.259528130671507e-05	0.0001814882032667	7.259528130671507e-05	0.0	0.0002177858439201	0.9998185117967332	3.6297640653357535e-05	0.9997096188747732	0.0002177858439201	0.9992377495462796	0.0002540834845735	0.9995644283121596	0.0002903811252268
_scratch_st-cdeboer-1_asfar_VLPs_results_crispresso_aggregated_spacer_ABE8e-SpRY_rep2_.staging_CRISPRessoPooled_on_ABE8e-SpRY_D5_rep2_CRISPResso_on_B2M	N	0.0	0.0	0.0	0.0	0.0	0.0	0.0	0.0	0.0	0.0	0.0	0.0	0.0	0.0	0.0	0.0	0.0	0.0	0.0	0.0
_scratch_st-cdeboer-1_asfar_VLPs_results_crispresso_aggregated_spacer_ABE8e-SpRY_rep2_.staging_CRISPRessoPooled_on_ABE8e-SpRY_D5_rep2_CRISPResso_on_B2M	-	0.0	0.0	0.0	0.0	0.0	3.6297640653357535e-05	3.6297640653357535e-05	7.259528130671507e-05	7.259528130671507e-05	7.259528130671507e-05	7.259528130671507e-05	7.259528130671507e-05	7.259528130671507e-05	7.259528130671507e-05	7.259528130671507e-05	0.00010889292196	0.0002177858439201	0.0002177858439201	0.0002177858439201	7.259528130671507e-05
