Folder	Nucleotide	G	G	C	C	C	A	G	A	C	T	G	A	G	C	A	C	G	T	G	A
_scratch_st-cdeboer-1_asfar_VLPs_results_crispresso_aggregated_spacer_ABE8e-SpRY_rep1_.staging_CRISPRessoPooled_on_ABE8e-SpRY_D0_rep1_CRISPResso_on_HEK3	A	0.0	0.0	0.0	0.0	0.0	1.0	0.0	1.0	0.0	0.0	0.0	1.0	0.0	0.0	1.0	0.0	0.0	0.0	0.0	1.0
_scratch_st-cdeboer-1_asfar_VLPs_results_crispresso_aggregated_spacer_ABE8e-SpRY_rep1_.staging_CRISPRessoPooled_on_ABE8e-SpRY_D0_rep1_CRISPResso_on_HEK3	T	0.0	0.0	0.0	0.0	0.0	0.0	0.0	0.0	0.0	0.9992548435171386	0.0	0.0	0.0	0.0	0.0	0.0	0.0	1.0	0.0	0.0
_scratch_st-cdeboer-1_asfar_VLPs_results_crispresso_aggregated_spacer_ABE8e-SpRY_rep1_.staging_CRISPRessoPooled_on_ABE8e-SpRY_D0_rep1_CRISPResso_on_HEK3	C	0.0	0.0	1.0	1.0	1.0	0.0	0.0	0.0	1.0	0.0007451564828614	0.0	0.0	0.0	1.0	0.0	1.0	0.0007451564828614	0.0	0.0	0.0
_scratch_st-cdeboer-1_asfar_VLPs_results_crispresso_aggregated_spacer_ABE8e-SpRY_rep1_.staging_CRISPRessoPooled_on_ABE8e-SpRY_D0_rep1_CRISPResso_on_HEK3	G	1.0	1.0	0.0	0.0	0.0	0.0	1.0	0.0	0.0	0.0	1.0	0.0	1.0	0.0	0.0	0.0	0.9992548435171386	0.0	1.0	0.0
_scratch_st-cdeboer-1_asfar_VLPs_results_crispresso_aggregated_spacer_ABE8e-SpRY_rep1_.staging_CRISPRessoPooled_on_ABE8e-SpRY_D0_rep1_CRISPResso_on_HEK3	N	0.0	0.0	0.0	0.0	0.0	0.0	0.0	0.0	0.0	0.0	0.0	0.0	0.0	0.0	0.0	0.0	0.0	0.0	0.0	0.0
_scratch_st-cdeboer-1_asfar_VLPs_results_crispresso_aggregated_spacer_ABE8e-SpRY_rep1_.staging_CRISPRessoPooled_on_ABE8e-SpRY_D0_rep1_CRISPResso_on_HEK3	-	0.0	0.0	0.0	0.0	0.0	0.0	0.0	0.0	0.0	0.0	0.0	0.0	0.0	0.0	0.0	0.0	0.0	0.0	0.0	0.0
_scratch_st-cdeboer-1_asfar_VLPs_results_crispresso_aggregated_spacer_ABE8e-SpRY_rep1_.staging_CRISPRessoPooled_on_ABE8e-SpRY_D1_rep1_CRISPResso_on_HEK3	A	0.0	0.0	6.973014434139879e-05	6.973014434139879e-05	0.0	0.9966529530716128	0.0001394602886827	0.997559444948051	0.0	0.0	0.0	0.999651349278293	0.0	6.973014434139879e-05	0.9995816191339516	0.0	0.0	0.0	0.0	0.9997210794226344
_scratch_st-cdeboer-1_asfar_VLPs_results_crispresso_aggregated_spacer_ABE8e-SpRY_rep1_.staging_CRISPRessoPooled_on_ABE8e-SpRY_D1_rep1_CRISPResso_on_HEK3	T	6.973014434139879e-05	0.0	0.0	0.0	6.973014434139879e-05	0.0	0.0001394602886827	0.0	0.0001394602886827	0.9997210794226344	0.0001394602886827	0.0	0.0	0.0001394602886827	0.0	6.973014434139879e-05	0.0002091904330241	0.9995816191339516	6.973014434139879e-05	0.0
_scratch_st-cdeboer-1_asfar_VLPs_results_crispresso_aggregated_spacer_ABE8e-SpRY_rep1_.staging_CRISPRessoPooled_on_ABE8e-SpRY_D1_rep1_CRISPResso_on_HEK3	C	0.0	0.0	0.999790809566976	0.9998605397113172	0.999790809566976	0.0	0.0	6.973014434139879e-05	0.999790809566976	0.0	6.973014434139879e-05	6.973014434139879e-05	6.973014434139879e-05	0.9997210794226344	0.0001394602886827	0.9998605397113172	6.973014434139879e-05	0.0002091904330241	0.0	6.973014434139879e-05
_scratch_st-cdeboer-1_asfar_VLPs_results_crispresso_aggregated_spacer_ABE8e-SpRY_rep1_.staging_CRISPRessoPooled_on_ABE8e-SpRY_D1_rep1_CRISPResso_on_HEK3	G	0.9998605397113172	0.9998605397113172	6.973014434139879e-05	0.0	6.973014434139879e-05	0.0032773167840457	0.999651349278293	0.0023010947632661	0.0	0.0002091904330241	0.9997210794226344	0.0002091904330241	0.9998605397113172	0.0	0.0002091904330241	0.0	0.999651349278293	0.0001394602886827	0.9998605397113172	0.0001394602886827
_scratch_st-cdeboer-1_asfar_VLPs_results_crispresso_aggregated_spacer_ABE8e-SpRY_rep1_.staging_CRISPRessoPooled_on_ABE8e-SpRY_D1_rep1_CRISPResso_on_HEK3	N	0.0	0.0	0.0	0.0	0.0	0.0	0.0	0.0	0.0	0.0	0.0	0.0	0.0	0.0	0.0	0.0	0.0	0.0	0.0	0.0
_scratch_st-cdeboer-1_asfar_VLPs_results_crispresso_aggregated_spacer_ABE8e-SpRY_rep1_.staging_CRISPRessoPooled_on_ABE8e-SpRY_D1_rep1_CRISPResso_on_HEK3	-	6.973014434139879e-05	0.0001394602886827	6.973014434139879e-05	6.973014434139879e-05	6.973014434139879e-05	6.973014434139879e-05	6.973014434139879e-05	6.973014434139879e-05	6.973014434139879e-05	6.973014434139879e-05	6.973014434139879e-05	6.973014434139879e-05	6.973014434139879e-05	6.973014434139879e-05	6.973014434139879e-05	6.973014434139879e-05	6.973014434139879e-05	6.973014434139879e-05	6.973014434139879e-05	6.973014434139879e-05
_scratch_st-cdeboer-1_asfar_VLPs_results_crispresso_aggregated_spacer_ABE8e-SpRY_rep1_.staging_CRISPRessoPooled_on_ABE8e-SpRY_D2_rep1_CRISPResso_on_HEK3	A	6.586964397457431e-05	0.0	0.0	9.880446596186147e-05	3.293482198728716e-05	0.9635082172380858	6.586964397457431e-05	0.9733557290122848	0.0	0.0	6.586964397457431e-05	0.9997365214241016	3.293482198728716e-05	6.586964397457431e-05	0.9998023910680762	0.0	6.586964397457431e-05	0.0	0.0	0.9996706517801272
_scratch_st-cdeboer-1_asfar_VLPs_results_crispresso_aggregated_spacer_ABE8e-SpRY_rep1_.staging_CRISPRessoPooled_on_ABE8e-SpRY_D2_rep1_CRISPResso_on_HEK3	T	0.0001317392879491	0.0001646741099364	3.293482198728716e-05	0.0003293482198728	0.0002964133978855	3.293482198728716e-05	0.0001317392879491	0.0	0.0001646741099364	0.999769456246089	6.586964397457431e-05	0.0	0.0	3.293482198728716e-05	0.0	9.880446596186147e-05	3.293482198728716e-05	0.999769456246089	3.293482198728716e-05	3.293482198728716e-05
_scratch_st-cdeboer-1_asfar_VLPs_results_crispresso_aggregated_spacer_ABE8e-SpRY_rep1_.staging_CRISPRessoPooled_on_ABE8e-SpRY_D2_rep1_CRISPResso_on_HEK3	C	3.293482198728716e-05	9.880446596186147e-05	0.9999670651780128	0.9992754339162796	0.9994730428482034	6.586964397457431e-05	3.293482198728716e-05	0.0	0.9998353258900636	9.880446596186147e-05	6.586964397457431e-05	0.0001317392879491	0.0	0.9998682607120508	3.293482198728716e-05	0.9998682607120508	0.0001646741099364	6.586964397457431e-05	0.0001317392879491	9.880446596186147e-05
_scratch_st-cdeboer-1_asfar_VLPs_results_crispresso_aggregated_spacer_ABE8e-SpRY_rep1_.staging_CRISPRessoPooled_on_ABE8e-SpRY_D2_rep1_CRISPResso_on_HEK3	G	0.999769456246089	0.9997035866021144	0.0	0.0002964133978855	0.0001317392879491	0.0362941738299904	0.999769456246089	0.0266442709877153	0.0	0.0001317392879491	0.9998023910680762	0.0001317392879491	0.9999670651780128	3.293482198728716e-05	0.0001646741099364	3.293482198728716e-05	0.9997365214241016	0.0001646741099364	0.9998353258900636	0.0001976089319237
_scratch_st-cdeboer-1_asfar_VLPs_results_crispresso_aggregated_spacer_ABE8e-SpRY_rep1_.staging_CRISPRessoPooled_on_ABE8e-SpRY_D2_rep1_CRISPResso_on_HEK3	N	0.0	0.0	0.0	0.0	0.0	0.0	0.0	0.0	0.0	0.0	0.0	0.0	0.0	0.0	0.0	0.0	0.0	0.0	0.0	0.0
_scratch_st-cdeboer-1_asfar_VLPs_results_crispresso_aggregated_spacer_ABE8e-SpRY_rep1_.staging_CRISPRessoPooled_on_ABE8e-SpRY_D2_rep1_CRISPResso_on_HEK3	-	0.0	3.293482198728716e-05	0.0	0.0	6.586964397457431e-05	9.880446596186147e-05	0.0	0.0	0.0	0.0	0.0	0.0	0.0	0.0	0.0	0.0	0.0	0.0	0.0	0.0
_scratch_st-cdeboer-1_asfar_VLPs_results_crispresso_aggregated_spacer_ABE8e-SpRY_rep1_.staging_CRISPRessoPooled_on_ABE8e-SpRY_D3_rep1_CRISPResso_on_HEK3	A	0.0	6.6842685739113e-05	0.0001671067143477	0.0001671067143477	0.0001002640286086	0.9598609672136628	3.34213428695565e-05	0.9693192072457472	3.34213428695565e-05	0.0	6.6842685739113e-05	0.9994986798569566	0.0	3.34213428695565e-05	0.9998328932856522	3.34213428695565e-05	0.0	0.0	0.0001002640286086	0.9997994719427826
_scratch_st-cdeboer-1_asfar_VLPs_results_crispresso_aggregated_spacer_ABE8e-SpRY_rep1_.staging_CRISPRessoPooled_on_ABE8e-SpRY_D3_rep1_CRISPResso_on_HEK3	T	6.6842685739113e-05	0.0001336853714782	0.0001336853714782	0.0001336853714782	0.0001336853714782	0.0	0.0001336853714782	0.0	0.0	0.9997326292570436	0.0001336853714782	0.0	0.0	0.0001336853714782	3.34213428695565e-05	0.0001671067143477	0.0	0.999699207914174	6.6842685739113e-05	0.0
_scratch_st-cdeboer-1_asfar_VLPs_results_crispresso_aggregated_spacer_ABE8e-SpRY_rep1_.staging_CRISPRessoPooled_on_ABE8e-SpRY_D3_rep1_CRISPResso_on_HEK3	C	3.34213428695565e-05	0.0001336853714782	0.9995655225426958	0.9995321011998262	0.9992647304568698	0.0001002640286086	0.0001002640286086	0.0	0.9999665786571303	0.0001336853714782	0.0001336853714782	6.6842685739113e-05	6.6842685739113e-05	0.9997326292570436	0.0	0.999699207914174	6.6842685739113e-05	6.6842685739113e-05	6.6842685739113e-05	3.34213428695565e-05
_scratch_st-cdeboer-1_asfar_VLPs_results_crispresso_aggregated_spacer_ABE8e-SpRY_rep1_.staging_CRISPRessoPooled_on_ABE8e-SpRY_D3_rep1_CRISPResso_on_HEK3	G	0.9997994719427826	0.9994986798569566	3.34213428695565e-05	6.6842685739113e-05	0.0003342134286955	0.0399050833862504	0.9996323652284348	0.0305805287256441	0.0	3.34213428695565e-05	0.9995655225426958	0.0003342134286955	0.9997994719427826	0.0	3.34213428695565e-05	0.0	0.9998328932856522	0.0001336853714782	0.9997660505999132	0.0001671067143477
_scratch_st-cdeboer-1_asfar_VLPs_results_crispresso_aggregated_spacer_ABE8e-SpRY_rep1_.staging_CRISPRessoPooled_on_ABE8e-SpRY_D3_rep1_CRISPResso_on_HEK3	N	0.0	0.0	0.0	0.0	0.0	0.0	0.0	0.0	0.0	0.0	0.0	0.0	0.0	0.0	0.0	0.0	0.0	0.0	0.0	0.0
_scratch_st-cdeboer-1_asfar_VLPs_results_crispresso_aggregated_spacer_ABE8e-SpRY_rep1_.staging_CRISPRessoPooled_on_ABE8e-SpRY_D3_rep1_CRISPResso_on_HEK3	-	0.0001002640286086	0.0001671067143477	0.0001002640286086	0.0001002640286086	0.0001671067143477	0.0001336853714782	0.0001002640286086	0.0001002640286086	0.0	0.0001002640286086	0.0001002640286086	0.0001002640286086	0.0001336853714782	0.0001002640286086	0.0001002640286086	0.0001002640286086	0.0001002640286086	0.0001002640286086	0.0	0.0
_scratch_st-cdeboer-1_asfar_VLPs_results_crispresso_aggregated_spacer_ABE8e-SpRY_rep1_.staging_CRISPRessoPooled_on_ABE8e-SpRY_D4_rep1_CRISPResso_on_HEK3	A	0.0	6.757822179172393e-05	0.0001351564435834	0.0005631518482643	0.0023201856148491	0.6151645529700629	2.252607393057464e-05	0.6949293807582276	4.505214786114928e-05	0.0	4.505214786114928e-05	0.9987610659338184	4.505214786114928e-05	2.252607393057464e-05	0.9997071610389026	4.505214786114928e-05	2.252607393057464e-05	0.0	9.010429572229855e-05	0.9997972653346248
_scratch_st-cdeboer-1_asfar_VLPs_results_crispresso_aggregated_spacer_ABE8e-SpRY_rep1_.staging_CRISPRessoPooled_on_ABE8e-SpRY_D4_rep1_CRISPResso_on_HEK3	T	0.0002027346653751	9.010429572229855e-05	0.0007208343657783	0.0035591196810307	0.0022075552451963	6.757822179172393e-05	0.0002252607393057	0.0001126303696528	4.505214786114928e-05	0.9994368481517356	2.252607393057464e-05	2.252607393057464e-05	6.757822179172393e-05	6.757822179172393e-05	2.252607393057464e-05	4.505214786114928e-05	0.0001126303696528	0.999684634964972	4.505214786114928e-05	2.252607393057464e-05
_scratch_st-cdeboer-1_asfar_VLPs_results_crispresso_aggregated_spacer_ABE8e-SpRY_rep1_.staging_CRISPRessoPooled_on_ABE8e-SpRY_D4_rep1_CRISPResso_on_HEK3	C	6.757822179172393e-05	0.0001351564435834	0.9988736963034712	0.9944135336652176	0.9930844953033136	0.0002027346653751	2.252607393057464e-05	6.757822179172393e-05	0.9994368481517356	0.000157682517514	2.252607393057464e-05	6.757822179172393e-05	2.252607393057464e-05	0.9998873696303472	0.0	0.9998873696303472	0.0001802085914445	0.000157682517514	6.757822179172393e-05	2.252607393057464e-05
_scratch_st-cdeboer-1_asfar_VLPs_results_crispresso_aggregated_spacer_ABE8e-SpRY_rep1_.staging_CRISPRessoPooled_on_ABE8e-SpRY_D4_rep1_CRISPResso_on_HEK3	G	0.9994819002995968	0.9992791656342216	2.252607393057464e-05	0.0011037776225981	0.0019372423580294	0.3841371387380893	0.9993016917081522	0.3042371545063411	0.0	0.0001126303696528	0.9996170567431802	0.0008785168832924	0.9998648435564166	2.252607393057464e-05	0.0002703128871668	2.252607393057464e-05	0.999684634964972	0.000157682517514	0.9997747392606944	0.000157682517514
_scratch_st-cdeboer-1_asfar_VLPs_results_crispresso_aggregated_spacer_ABE8e-SpRY_rep1_.staging_CRISPRessoPooled_on_ABE8e-SpRY_D4_rep1_CRISPResso_on_HEK3	N	0.0	0.0	0.0	0.0	0.0	0.0	0.0	0.0	0.0	0.0	0.0	0.0	0.0	0.0	0.0	0.0	0.0	0.0	0.0	0.0
_scratch_st-cdeboer-1_asfar_VLPs_results_crispresso_aggregated_spacer_ABE8e-SpRY_rep1_.staging_CRISPRessoPooled_on_ABE8e-SpRY_D4_rep1_CRISPResso_on_HEK3	-	0.0002477868132363	0.0004279954046809	0.0002477868132363	0.0003604171828891	0.0004505214786114	0.0004279954046809	0.0004279954046809	0.0006532561439866	0.000473047552542	0.0002928389610974	0.0002928389610974	0.0002703128871668	0.0	0.0	0.0	0.0	0.0	0.0	2.252607393057464e-05	0.0
_scratch_st-cdeboer-1_asfar_VLPs_results_crispresso_aggregated_spacer_ABE8e-SpRY_rep1_.staging_CRISPRessoPooled_on_ABE8e-SpRY_D5_rep1_CRISPResso_on_HEK3	A	1.6696720764041943e-05	3.339344152808389e-05	0.0	0.0007179589928538	0.0013691311026514	0.7129332799038269	3.339344152808389e-05	0.7761470647164896	0.0001669672076404	0.0	1.6696720764041943e-05	0.9989815000333936	0.0	3.339344152808389e-05	0.9993488278902024	1.6696720764041943e-05	0.0	3.339344152808389e-05	3.339344152808389e-05	0.9998330327923596
_scratch_st-cdeboer-1_asfar_VLPs_results_crispresso_aggregated_spacer_ABE8e-SpRY_rep1_.staging_CRISPRessoPooled_on_ABE8e-SpRY_D5_rep1_CRISPResso_on_HEK3	T	0.0001502704868763	5.009016229212583e-05	8.348360382020971e-05	0.0015360983102918	0.0022540573031456	0.0002003606491685	0.0001001803245842	0.0001502704868763	6.678688305616777e-05	0.9996994590262472	0.0001001803245842	0.0	1.6696720764041943e-05	0.0001001803245842	5.009016229212583e-05	0.0001335737661123	0.0001168770453482	0.999582581980899	3.339344152808389e-05	0.0
_scratch_st-cdeboer-1_asfar_VLPs_results_crispresso_aggregated_spacer_ABE8e-SpRY_rep1_.staging_CRISPRessoPooled_on_ABE8e-SpRY_D5_rep1_CRISPResso_on_HEK3	C	8.348360382020971e-05	0.0002170573699325	0.9998163360715956	0.9965938689641356	0.994840713283911	0.0002170573699325	0.0001168770453482	0.0001001803245842	0.9992820410071462	3.339344152808389e-05	5.009016229212583e-05	0.0001502704868763	6.678688305616777e-05	0.9995658852601348	3.339344152808389e-05	0.9996493688639552	0.0001001803245842	6.678688305616777e-05	8.348360382020971e-05	0.0
_scratch_st-cdeboer-1_asfar_VLPs_results_crispresso_aggregated_spacer_ABE8e-SpRY_rep1_.staging_CRISPRessoPooled_on_ABE8e-SpRY_D5_rep1_CRISPResso_on_HEK3	G	0.9996660655847192	0.9994490082147868	0.0	0.0010018032458425	0.0013691311026514	0.2863654578240833	0.9994490082147868	0.2231683697321846	0.0001836639284044	6.678688305616777e-05	0.9995658852601348	0.0006177786682695	0.9996159754224272	1.6696720764041943e-05	0.0002838442529887	0.0	0.9995491885393708	0.0001335737661123	0.9997996393508316	0.0001168770453482
_scratch_st-cdeboer-1_asfar_VLPs_results_crispresso_aggregated_spacer_ABE8e-SpRY_rep1_.staging_CRISPRessoPooled_on_ABE8e-SpRY_D5_rep1_CRISPResso_on_HEK3	N	0.0	0.0	0.0	0.0	0.0	0.0	0.0	0.0	0.0	0.0	0.0	0.0	0.0	0.0	0.0	0.0	0.0	0.0	0.0	0.0
_scratch_st-cdeboer-1_asfar_VLPs_results_crispresso_aggregated_spacer_ABE8e-SpRY_rep1_.staging_CRISPRessoPooled_on_ABE8e-SpRY_D5_rep1_CRISPResso_on_HEK3	-	8.348360382020971e-05	0.0002504508114606	0.0001001803245842	0.0001502704868763	0.0001669672076404	0.0002838442529887	0.0003005409737527	0.000434114739865	0.0003005409737527	0.0002003606491685	0.0002671475322246	0.0002504508114606	0.0003005409737527	0.0002838442529887	0.0002838442529887	0.0002003606491685	0.0002337540906965	0.0001836639284044	5.009016229212583e-05	5.009016229212583e-05
