Folder	Nucleotide	G	G	A	G	G	C	T	A	T	C	C	A	G	C	G	T	G	A	G	T
_scratch_st-cdeboer-1_asfar_VLPs_results_crispresso_aggregated_spacer_ABE8e_rep3_.staging_CRISPRessoPooled_on_ABE8e_D0_rep3_CRISPResso_on_B2M	A	0.0001012991617494	3.798718565603869e-05	0.999683440119533	6.331197609339783e-05	0.0002025983234988	8.863676653075696e-05	0.0	0.9998607136525944	1.2662395218679566e-05	2.532479043735913e-05	6.331197609339783e-05	0.9997467520956264	0.0	5.064958087471826e-05	3.798718565603869e-05	1.2662395218679566e-05	7.597437131207739e-05	0.9996961025147516	0.0	0.0
_scratch_st-cdeboer-1_asfar_VLPs_results_crispresso_aggregated_spacer_ABE8e_rep3_.staging_CRISPRessoPooled_on_ABE8e_D0_rep3_CRISPResso_on_B2M	T	0.0002785726948109	0.0004938334135285	2.532479043735913e-05	0.0002405855091549	1.2662395218679566e-05	1.2662395218679566e-05	0.9998227264669384	0.0	0.999645452933877	0.0001012991617494	5.064958087471826e-05	0.0	7.597437131207739e-05	6.331197609339783e-05	7.597437131207739e-05	0.9995948033530022	0.0001139615569681	0.0	8.863676653075696e-05	0.9996581153290957
_scratch_st-cdeboer-1_asfar_VLPs_results_crispresso_aggregated_spacer_ABE8e_rep3_.staging_CRISPRessoPooled_on_ABE8e_D0_rep3_CRISPResso_on_B2M	C	8.863676653075696e-05	6.331197609339783e-05	3.798718565603869e-05	1.2662395218679566e-05	5.064958087471826e-05	0.9998607136525944	0.0001012991617494	2.532479043735913e-05	0.0001519487426241	0.9998353888621572	0.9998227264669384	7.597437131207739e-05	7.597437131207739e-05	0.9998353888621572	3.798718565603869e-05	0.0001392863474054	0.0001772735330615	6.331197609339783e-05	7.597437131207739e-05	0.0001139615569681
_scratch_st-cdeboer-1_asfar_VLPs_results_crispresso_aggregated_spacer_ABE8e_rep3_.staging_CRISPRessoPooled_on_ABE8e_D0_rep3_CRISPResso_on_B2M	G	0.9995061665864716	0.99932889305341	0.0002279231139362	0.9996581153290957	0.9996961025147516	1.2662395218679566e-05	5.064958087471826e-05	8.863676653075696e-05	0.0001646111378428	1.2662395218679566e-05	1.2662395218679566e-05	0.0001392863474054	0.9998100640717198	1.2662395218679566e-05	0.9998100640717198	0.0002152607187175	0.9995821409577836	0.0002152607187175	0.9998100640717198	0.0002025983234988
_scratch_st-cdeboer-1_asfar_VLPs_results_crispresso_aggregated_spacer_ABE8e_rep3_.staging_CRISPRessoPooled_on_ABE8e_D0_rep3_CRISPResso_on_B2M	N	0.0	0.0	0.0	0.0	0.0	0.0	0.0	0.0	0.0	0.0	1.2662395218679566e-05	0.0	0.0	0.0	0.0	0.0	0.0	0.0	0.0	0.0
_scratch_st-cdeboer-1_asfar_VLPs_results_crispresso_aggregated_spacer_ABE8e_rep3_.staging_CRISPRessoPooled_on_ABE8e_D0_rep3_CRISPResso_on_B2M	-	2.532479043735913e-05	7.597437131207739e-05	2.532479043735913e-05	2.532479043735913e-05	3.798718565603869e-05	2.532479043735913e-05	2.532479043735913e-05	2.532479043735913e-05	2.532479043735913e-05	2.532479043735913e-05	3.798718565603869e-05	3.798718565603869e-05	3.798718565603869e-05	3.798718565603869e-05	3.798718565603869e-05	3.798718565603869e-05	5.064958087471826e-05	2.532479043735913e-05	2.532479043735913e-05	2.532479043735913e-05
_scratch_st-cdeboer-1_asfar_VLPs_results_crispresso_aggregated_spacer_ABE8e_rep3_.staging_CRISPRessoPooled_on_ABE8e_D1_rep3_CRISPResso_on_B2M	A	0.0002537169533668	5.074339067336479e-05	0.9996701679606232	0.0	0.00015223017202	0.0	0.0	0.9997462830466332	0.0	5.074339067336479e-05	0.0	0.9997209113512964	0.0001268584766834	0.0001014867813467	2.53716953366824e-05	2.53716953366824e-05	2.53716953366824e-05	0.9996955396559598	0.0	2.53716953366824e-05
_scratch_st-cdeboer-1_asfar_VLPs_results_crispresso_aggregated_spacer_ABE8e_rep3_.staging_CRISPRessoPooled_on_ABE8e_D1_rep3_CRISPResso_on_B2M	T	0.0002537169533668	0.0003805754300502	7.611508601004719e-05	0.0003298320393768	2.53716953366824e-05	5.074339067336479e-05	0.9985791850611456	5.074339067336479e-05	0.9972344852083016	0.0001014867813467	0.0001014867813467	0.0	5.074339067336479e-05	5.074339067336479e-05	7.611508601004719e-05	0.8685492464606485	0.0001014867813467	0.0	0.0003044603440401	0.998731415233166
_scratch_st-cdeboer-1_asfar_VLPs_results_crispresso_aggregated_spacer_ABE8e_rep3_.staging_CRISPRessoPooled_on_ABE8e_D1_rep3_CRISPResso_on_B2M	C	7.611508601004719e-05	0.0001014867813467	0.0	0.00015223017202	7.611508601004719e-05	0.99984776982798	0.0011670979854873	2.53716953366824e-05	0.0025371695336682	0.9997462830466332	0.99984776982798	7.611508601004719e-05	0.0	0.9997716547419698	2.53716953366824e-05	0.1311462931953113	5.074339067336479e-05	2.53716953366824e-05	2.53716953366824e-05	0.0010402395088039
_scratch_st-cdeboer-1_asfar_VLPs_results_crispresso_aggregated_spacer_ABE8e_rep3_.staging_CRISPRessoPooled_on_ABE8e_D1_rep3_CRISPResso_on_B2M	G	0.9993657076165828	0.9993910793119196	0.0001776018673567	0.9994671943979296	0.9996955396559598	5.074339067336479e-05	0.0002029735626934	0.0001268584766834	0.0001776018673567	5.074339067336479e-05	0.0	0.0001268584766834	0.9997462830466332	0.0	0.9997970264373064	0.0001268584766834	0.9996955396559598	0.0002283452580301	0.9996194245699498	0.00015223017202
_scratch_st-cdeboer-1_asfar_VLPs_results_crispresso_aggregated_spacer_ABE8e_rep3_.staging_CRISPRessoPooled_on_ABE8e_D1_rep3_CRISPResso_on_B2M	N	0.0	0.0	2.53716953366824e-05	0.0	0.0	0.0	0.0	0.0	0.0	0.0	0.0	0.0	0.0	0.0	0.0	0.0	0.0	0.0	0.0	0.0
_scratch_st-cdeboer-1_asfar_VLPs_results_crispresso_aggregated_spacer_ABE8e_rep3_.staging_CRISPRessoPooled_on_ABE8e_D1_rep3_CRISPResso_on_B2M	-	5.074339067336479e-05	7.611508601004719e-05	5.074339067336479e-05	5.074339067336479e-05	5.074339067336479e-05	5.074339067336479e-05	5.074339067336479e-05	5.074339067336479e-05	5.074339067336479e-05	5.074339067336479e-05	5.074339067336479e-05	7.611508601004719e-05	7.611508601004719e-05	7.611508601004719e-05	7.611508601004719e-05	0.00015223017202	0.0001268584766834	5.074339067336479e-05	5.074339067336479e-05	5.074339067336479e-05
_scratch_st-cdeboer-1_asfar_VLPs_results_crispresso_aggregated_spacer_ABE8e_rep3_.staging_CRISPRessoPooled_on_ABE8e_D2_rep3_CRISPResso_on_B2M	A	0.0001540700162629	0.0	0.9994521954977318	6.847556278353162e-05	0.000136951125567	0.0001027133441752	1.7118890695882905e-05	0.99941795771634	1.7118890695882905e-05	8.559445347941454e-05	6.847556278353162e-05	0.9993666010442523	0.0	5.135667208764872e-05	0.0001883077976547	0.0001540700162629	0.0001883077976547	0.9996233844046906	0.000136951125567	0.000136951125567
_scratch_st-cdeboer-1_asfar_VLPs_results_crispresso_aggregated_spacer_ABE8e_rep3_.staging_CRISPRessoPooled_on_ABE8e_D2_rep3_CRISPResso_on_B2M	T	0.0002739022511341	0.0004108533767011	1.7118890695882905e-05	0.0007874689720106	8.559445347941454e-05	5.135667208764872e-05	0.996935718565437	0.0	0.990207994521955	1.7118890695882905e-05	0.000136951125567	0.0	0.0001711889069588	6.847556278353162e-05	0.000136951125567	0.6144312248566293	0.0001027133441752	0.0	0.0001198322348711	0.9969528374561328
_scratch_st-cdeboer-1_asfar_VLPs_results_crispresso_aggregated_spacer_ABE8e_rep3_.staging_CRISPRessoPooled_on_ABE8e_D2_rep3_CRISPResso_on_B2M	C	8.559445347941454e-05	0.0001027133441752	3.423778139176581e-05	1.7118890695882905e-05	8.559445347941454e-05	0.9995035521698192	0.002482239150903	3.423778139176581e-05	0.0090216553967302	0.9992810065907728	0.9992296499186852	8.559445347941454e-05	0.0001198322348711	0.999554908841907	0.0	0.3851408028759736	0.0004622100487888	8.559445347941454e-05	5.135667208764872e-05	0.0027561414020371
_scratch_st-cdeboer-1_asfar_VLPs_results_crispresso_aggregated_spacer_ABE8e_rep3_.staging_CRISPRessoPooled_on_ABE8e_D2_rep3_CRISPResso_on_B2M	G	0.999435076607036	0.9993837199349482	0.0002739022511341	0.9989215098861594	0.9993494821535563	0.0	0.0001198322348711	0.0001027133441752	0.0001540700162629	0.0	1.7118890695882905e-05	8.559445347941454e-05	0.9994521954977318	6.847556278353162e-05	0.99941795771634	6.847556278353162e-05	0.9991782932465976	0.0002225455790464	0.9996405032953865	0.000136951125567
_scratch_st-cdeboer-1_asfar_VLPs_results_crispresso_aggregated_spacer_ABE8e_rep3_.staging_CRISPRessoPooled_on_ABE8e_D2_rep3_CRISPResso_on_B2M	N	0.0	0.0	0.0	0.0	0.0	0.0	0.0	0.0	0.0	0.0	0.0	0.0	0.0	0.0	0.0	0.0	0.0	0.0	0.0	0.0
_scratch_st-cdeboer-1_asfar_VLPs_results_crispresso_aggregated_spacer_ABE8e_rep3_.staging_CRISPRessoPooled_on_ABE8e_D2_rep3_CRISPResso_on_B2M	-	5.135667208764872e-05	0.0001027133441752	0.0002225455790464	0.0002054266883505	0.0003423778139176	0.0003423778139176	0.0004450911580929	0.0004450911580929	0.0005991611743559	0.0006162800650517	0.0005478045022682	0.0004622100487888	0.0002567833604382	0.0002567833604382	0.0002567833604382	0.0002054266883505	6.847556278353162e-05	6.847556278353162e-05	5.135667208764872e-05	1.7118890695882905e-05
_scratch_st-cdeboer-1_asfar_VLPs_results_crispresso_aggregated_spacer_ABE8e_rep3_.staging_CRISPRessoPooled_on_ABE8e_D3_rep3_CRISPResso_on_B2M	A	9.202171712524156e-05	3.0673905708413856e-05	0.9993865218858318	0.0	3.0673905708413856e-05	6.134781141682771e-05	0.0	0.999263826262998	3.0673905708413856e-05	3.0673905708413856e-05	0.0	0.9992945001687064	3.0673905708413856e-05	9.202171712524156e-05	0.0003067390570841	0.0001840434342504	0.0007975215484187	0.9995398914143738	3.0673905708413856e-05	0.0
_scratch_st-cdeboer-1_asfar_VLPs_results_crispresso_aggregated_spacer_ABE8e_rep3_.staging_CRISPRessoPooled_on_ABE8e_D3_rep3_CRISPResso_on_B2M	T	0.0002147173399588	0.0002147173399588	0.0	0.0004601085856262	3.0673905708413856e-05	3.0673905708413856e-05	0.990061654550474	0.0	0.9687739639888348	0.0001840434342504	6.134781141682771e-05	0.0	9.202171712524156e-05	9.202171712524156e-05	0.0003374129627925	0.0808564154473789	0.0007054998312935	0.0	6.134781141682771e-05	0.9908591760988926
_scratch_st-cdeboer-1_asfar_VLPs_results_crispresso_aggregated_spacer_ABE8e_rep3_.staging_CRISPRessoPooled_on_ABE8e_D3_rep3_CRISPResso_on_B2M	C	6.134781141682771e-05	6.134781141682771e-05	0.0001226956228336	0.0001226956228336	3.0673905708413856e-05	0.99941719579154	0.0093862151467746	0.0	0.0305205361798717	0.999263826262998	0.9993558479801232	0.000153369528542	0.0003067390570841	0.9991411306401644	9.202171712524156e-05	0.918315389098494	0.0006748259255851	0.0	6.134781141682771e-05	0.0088034109383147
_scratch_st-cdeboer-1_asfar_VLPs_results_crispresso_aggregated_spacer_ABE8e_rep3_.staging_CRISPRessoPooled_on_ABE8e_D3_rep3_CRISPResso_on_B2M	G	0.9993558479801232	0.9993865218858318	0.0001226956228336	0.9990491089230392	0.99941719579154	0.0	6.134781141682771e-05	0.0002453912456673	0.0001840434342504	3.0673905708413856e-05	3.0673905708413856e-05	0.000153369528542	0.9991718045458728	9.202171712524156e-05	0.9987730437716634	0.0002760651513757	0.9974540658262016	0.0001840434342504	0.9995705653200824	0.0002147173399588
_scratch_st-cdeboer-1_asfar_VLPs_results_crispresso_aggregated_spacer_ABE8e_rep3_.staging_CRISPRessoPooled_on_ABE8e_D3_rep3_CRISPResso_on_B2M	N	0.0	0.0	0.0	0.0	0.0	0.0	0.0	0.0	0.0	0.0	0.0	0.0	0.0	3.0673905708413856e-05	0.0	0.0	0.0	0.0	0.0	0.0
_scratch_st-cdeboer-1_asfar_VLPs_results_crispresso_aggregated_spacer_ABE8e_rep3_.staging_CRISPRessoPooled_on_ABE8e_D3_rep3_CRISPResso_on_B2M	-	0.0002760651513757	0.0003067390570841	0.0003680868685009	0.0003680868685009	0.0004907824913346	0.0004907824913346	0.0004907824913346	0.0004907824913346	0.0004907824913346	0.0004907824913346	0.0005521303027514	0.0003987607742093	0.0003987607742093	0.0005521303027514	0.0004907824913346	0.0003680868685009	0.0003680868685009	0.0002760651513757	0.0002760651513757	0.0001226956228336
_scratch_st-cdeboer-1_asfar_VLPs_results_crispresso_aggregated_spacer_ABE8e_rep3_.staging_CRISPRessoPooled_on_ABE8e_D4_rep3_CRISPResso_on_B2M	A	0.0002197748528729	2.441942809699397e-05	0.9993162560132842	7.32582842909819e-05	9.767771238797587e-05	4.883885619398794e-05	0.0	0.9992674171570902	0.0	0.0001220971404849	2.441942809699397e-05	0.9988034480232472	7.32582842909819e-05	0.0001220971404849	0.0002197748528729	0.0001220971404849	0.0005128079900368	0.9993406754413812	0.0	7.32582842909819e-05
_scratch_st-cdeboer-1_asfar_VLPs_results_crispresso_aggregated_spacer_ABE8e_rep3_.staging_CRISPRessoPooled_on_ABE8e_D4_rep3_CRISPResso_on_B2M	T	9.767771238797587e-05	0.0003418719933579	2.441942809699397e-05	0.0002930331371639	2.441942809699397e-05	9.767771238797587e-05	0.988010060804376	2.441942809699397e-05	0.963346438426412	7.32582842909819e-05	0.0002197748528729	2.441942809699397e-05	2.441942809699397e-05	0.0	0.0001465165685819	0.0317696759541891	0.0002686137090669	7.32582842909819e-05	0.0001709359966789	0.9887182242191888
_scratch_st-cdeboer-1_asfar_VLPs_results_crispresso_aggregated_spacer_ABE8e_rep3_.staging_CRISPRessoPooled_on_ABE8e_D4_rep3_CRISPResso_on_B2M	C	7.32582842909819e-05	9.767771238797587e-05	4.883885619398794e-05	9.767771238797587e-05	4.883885619398794e-05	0.9992185783008962	0.0113550340651021	2.441942809699397e-05	0.0356279455935142	0.9991209005885082	0.9988522868794412	0.0001709359966789	0.0001465165685819	0.9990476423042172	0.0001953554247759	0.9673512246343192	0.0006593245586188	9.767771238797587e-05	9.767771238797587e-05	0.0107445483626773
_scratch_st-cdeboer-1_asfar_VLPs_results_crispresso_aggregated_spacer_ABE8e_rep3_.staging_CRISPRessoPooled_on_ABE8e_D4_rep3_CRISPResso_on_B2M	G	0.999365094869478	0.9992185783008962	0.0002441942809699	0.9991697394447022	0.9992429977289932	4.883885619398794e-05	7.32582842909819e-05	7.32582842909819e-05	0.0003174525652609	0.0	4.883885619398794e-05	0.0001709359966789	0.9989499645918292	7.32582842909819e-05	0.9987546091670532	2.441942809699397e-05	0.9981197040365316	0.0001465165685819	0.9993895142975752	0.0002930331371639
_scratch_st-cdeboer-1_asfar_VLPs_results_crispresso_aggregated_spacer_ABE8e_rep3_.staging_CRISPRessoPooled_on_ABE8e_D4_rep3_CRISPResso_on_B2M	N	0.0	0.0	0.0	0.0	0.0	0.0	0.0	0.0	0.0	0.0	2.441942809699397e-05	0.0	0.0	0.0	0.0	0.0	0.0	0.0	0.0	0.0
_scratch_st-cdeboer-1_asfar_VLPs_results_crispresso_aggregated_spacer_ABE8e_rep3_.staging_CRISPRessoPooled_on_ABE8e_D4_rep3_CRISPResso_on_B2M	-	0.0002441942809699	0.0003174525652609	0.0003662914214549	0.0003662914214549	0.0005860662743278	0.0005860662743278	0.0005616468462308	0.0006104857024248	0.0007081634148128	0.0006837439867158	0.0008302605552977	0.0008302605552977	0.0008058411272008	0.0007570022710068	0.0006837439867158	0.0007325828429098	0.0004395497057458	0.0003418719933579	0.0003418719933579	0.0001709359966789
_scratch_st-cdeboer-1_asfar_VLPs_results_crispresso_aggregated_spacer_ABE8e_rep3_.staging_CRISPRessoPooled_on_ABE8e_D5_rep3_CRISPResso_on_B2M	A	0.000206568890725	1.877899006591425e-05	0.9994178513079568	5.6336970197742766e-05	0.0002441268708568	1.877899006591425e-05	0.0	0.9988920395861112	0.0	0.0001126739403954	5.6336970197742766e-05	0.99866669170532	3.755798013182851e-05	3.755798013182851e-05	0.0001502319205273	5.6336970197742766e-05	0.0004131377814501	0.999117387466902	0.0	0.0
_scratch_st-cdeboer-1_asfar_VLPs_results_crispresso_aggregated_spacer_ABE8e_rep3_.staging_CRISPRessoPooled_on_ABE8e_D5_rep3_CRISPResso_on_B2M	T	5.6336970197742766e-05	0.0002253478807909	3.755798013182851e-05	0.0004131377814501	7.511596026365702e-05	5.6336970197742766e-05	0.9902349251657244	0.0001314529304613	0.9700850688249986	7.511596026365702e-05	0.000206568890725	0.0	0.0001314529304613	7.511596026365702e-05	0.0001690109105932	0.0267788398339937	9.389495032957128e-05	0.0	5.6336970197742766e-05	0.9885072580796604
_scratch_st-cdeboer-1_asfar_VLPs_results_crispresso_aggregated_spacer_ABE8e_rep3_.staging_CRISPRessoPooled_on_ABE8e_D5_rep3_CRISPResso_on_B2M	C	5.6336970197742766e-05	7.511596026365702e-05	3.755798013182851e-05	0.0001126739403954	3.755798013182851e-05	0.9994178513079568	0.0091453681621002	5.6336970197742766e-05	0.0289572026816397	0.9990047135265064	0.9984789018046608	0.0001690109105932	0.0001126739403954	0.9988169236258474	5.6336970197742766e-05	0.9721507577322492	0.0010516234436911	1.877899006591425e-05	0.0	0.0110232671686916
_scratch_st-cdeboer-1_asfar_VLPs_results_crispresso_aggregated_spacer_ABE8e_rep3_.staging_CRISPRessoPooled_on_ABE8e_D5_rep3_CRISPResso_on_B2M	G	0.9996056412086158	0.9994929672682203	0.0003192428311205	0.9992863983774952	0.9991925034271656	0.0	7.511596026365702e-05	0.0002629058609227	0.0001314529304613	0.0	5.6336970197742766e-05	0.0001502319205273	0.998704249685452	3.755798013182851e-05	0.998685470695386	7.511596026365702e-05	0.9975399523013652	0.0001502319205273	0.9992863983774952	9.389495032957128e-05
_scratch_st-cdeboer-1_asfar_VLPs_results_crispresso_aggregated_spacer_ABE8e_rep3_.staging_CRISPRessoPooled_on_ABE8e_D5_rep3_CRISPResso_on_B2M	N	0.0	1.877899006591425e-05	0.0	0.0	0.0	0.0	0.0	0.0	0.0	0.0	1.877899006591425e-05	0.0	0.0	1.877899006591425e-05	0.0	0.0	0.0	0.0	0.0	0.0
_scratch_st-cdeboer-1_asfar_VLPs_results_crispresso_aggregated_spacer_ABE8e_rep3_.staging_CRISPRessoPooled_on_ABE8e_D5_rep3_CRISPResso_on_B2M	-	7.511596026365702e-05	0.0001690109105932	0.0001877899006591	0.0001314529304613	0.0004506957615819	0.0005070327317796	0.0005445907119115	0.0006572646523069	0.0008262755629002	0.0008074965728343	0.0011830763741525	0.0010140654635593	0.0010140654635593	0.0010140654635593	0.0009389495032957	0.0009389495032957	0.0009013915231638	0.0007136016225047	0.0006572646523069	0.0003755798013182
