Folder	Nucleotide	C	A	C	C	T	A	C	C	T	A	A	G	A	A	C	C	A	T	C	C
_scratch_st-cdeboer-1_asfar_VLPs_results_crispresso_aggregated_spacer_ABE8e_rep1_.staging_CRISPRessoPooled_on_ABE8e_D0_rep1_CRISPResso_on_PDCD1	A	4.391647087240069e-05	0.999780417645638	7.685382402670121e-05	5.489558859050087e-05	0.0	0.999780417645638	5.489558859050087e-05	0.0002415405897982	0.0	0.9998243341165104	0.9998353132342284	4.391647087240069e-05	0.9997474802924836	0.9997584594102018	4.391647087240069e-05	0.000109791177181	0.9998572714696649	1.0979117718100172e-05	7.685382402670121e-05	3.293735315430052e-05
_scratch_st-cdeboer-1_asfar_VLPs_results_crispresso_aggregated_spacer_ABE8e_rep1_.staging_CRISPRessoPooled_on_ABE8e_D0_rep1_CRISPResso_on_PDCD1	T	2.1958235436200343e-05	3.293735315430052e-05	1.0979117718100172e-05	2.1958235436200343e-05	0.9997584594102018	2.1958235436200343e-05	7.685382402670121e-05	5.489558859050087e-05	0.9995169188204036	0.0	0.0	7.685382402670121e-05	3.293735315430052e-05	1.0979117718100172e-05	4.391647087240069e-05	4.391647087240069e-05	1.0979117718100172e-05	0.9995827935267122	3.293735315430052e-05	3.293735315430052e-05
_scratch_st-cdeboer-1_asfar_VLPs_results_crispresso_aggregated_spacer_ABE8e_rep1_.staging_CRISPRessoPooled_on_ABE8e_D0_rep1_CRISPResso_on_PDCD1	C	0.9998792297051008	5.489558859050087e-05	0.9999121670582553	0.9999121670582553	0.0001537076480534	1.0979117718100172e-05	0.9998682505873828	0.9996816055861752	0.000109791177181	2.1958235436200343e-05	3.293735315430052e-05	7.685382402670121e-05	7.685382402670121e-05	7.685382402670121e-05	0.9999121670582553	0.9998462923519466	6.587470630860104e-05	0.0003074152961068	0.999890208822819	0.9999231461759732
_scratch_st-cdeboer-1_asfar_VLPs_results_crispresso_aggregated_spacer_ABE8e_rep1_.staging_CRISPRessoPooled_on_ABE8e_D0_rep1_CRISPResso_on_PDCD1	G	2.1958235436200343e-05	0.0001317494126172	0.0	1.0979117718100172e-05	8.783294174480139e-05	0.0001866450012077	0.0	2.1958235436200343e-05	0.0003732900024154	0.0001537076480534	7.685382402670121e-05	0.9998023758810742	0.0001427285303353	0.0001537076480534	0.0	0.0	6.587470630860104e-05	9.881205946290156e-05	0.0	0.0
_scratch_st-cdeboer-1_asfar_VLPs_results_crispresso_aggregated_spacer_ABE8e_rep1_.staging_CRISPRessoPooled_on_ABE8e_D0_rep1_CRISPResso_on_PDCD1	N	0.0	0.0	0.0	0.0	0.0	0.0	0.0	0.0	0.0	0.0	0.0	0.0	0.0	0.0	0.0	0.0	0.0	0.0	0.0	0.0
_scratch_st-cdeboer-1_asfar_VLPs_results_crispresso_aggregated_spacer_ABE8e_rep1_.staging_CRISPRessoPooled_on_ABE8e_D0_rep1_CRISPResso_on_PDCD1	-	3.293735315430052e-05	0.0	0.0	0.0	0.0	0.0	0.0	0.0	0.0	0.0	5.489558859050087e-05	0.0	0.0	0.0	0.0	0.0	0.0	0.0	0.0	1.0979117718100172e-05
_scratch_st-cdeboer-1_asfar_VLPs_results_crispresso_aggregated_spacer_ABE8e_rep1_.staging_CRISPRessoPooled_on_ABE8e_D1_rep1_CRISPResso_on_PDCD1	A	4.346833874876387e-05	0.9988589561078448	7.606959281033677e-05	1.0867084687190968e-05	0.0	0.9867856250203758	3.26012540615729e-05	0.0001086708468719	2.1734169374381933e-05	0.9956966344638724	0.999543582443138	8.693667749752773e-05	0.9996631203746972	0.999717455798133	3.26012540615729e-05	5.433542343595484e-05	0.9998152595603178	3.26012540615729e-05	7.606959281033677e-05	0.0001412721009334
_scratch_st-cdeboer-1_asfar_VLPs_results_crispresso_aggregated_spacer_ABE8e_rep1_.staging_CRISPRessoPooled_on_ABE8e_D1_rep1_CRISPResso_on_PDCD1	T	5.433542343595484e-05	0.0	0.0001195379315591	4.346833874876387e-05	0.9996522532900098	2.1734169374381933e-05	9.780376218471873e-05	2.1734169374381933e-05	0.9998043924756306	0.0	0.0	7.606959281033677e-05	1.0867084687190968e-05	0.0	6.52025081231458e-05	8.693667749752773e-05	1.0867084687190968e-05	0.999706588713446	5.433542343595484e-05	8.693667749752773e-05
_scratch_st-cdeboer-1_asfar_VLPs_results_crispresso_aggregated_spacer_ABE8e_rep1_.staging_CRISPRessoPooled_on_ABE8e_D1_rep1_CRISPResso_on_PDCD1	C	0.9998478608143794	4.346833874876387e-05	0.999771791221569	0.999945664576564	0.000228208778431	4.346833874876387e-05	0.9998695949837536	0.9998695949837536	5.433542343595484e-05	1.0867084687190968e-05	7.606959281033677e-05	4.346833874876387e-05	7.606959281033677e-05	0.0001195379315591	0.999891329153128	0.9998261266450048	6.52025081231458e-05	0.0001630062703078	0.9998587278990664	0.999771791221569
_scratch_st-cdeboer-1_asfar_VLPs_results_crispresso_aggregated_spacer_ABE8e_rep1_.staging_CRISPRessoPooled_on_ABE8e_D1_rep1_CRISPResso_on_PDCD1	G	3.26012540615729e-05	0.001086708468719	2.1734169374381933e-05	0.0	0.0001195379315591	0.013149172471501	0.0	0.0	0.0001086708468719	0.0042924984514404	0.0002499429478053	0.9996739874593844	0.0002390758631182	0.0001630062703078	0.0	3.26012540615729e-05	0.0001086708468719	8.693667749752773e-05	1.0867084687190968e-05	0.0
_scratch_st-cdeboer-1_asfar_VLPs_results_crispresso_aggregated_spacer_ABE8e_rep1_.staging_CRISPRessoPooled_on_ABE8e_D1_rep1_CRISPResso_on_PDCD1	N	0.0	0.0	1.0867084687190968e-05	0.0	0.0	0.0	0.0	0.0	0.0	0.0	0.0	0.0	1.0867084687190968e-05	0.0	1.0867084687190968e-05	0.0	0.0	1.0867084687190968e-05	0.0	0.0
_scratch_st-cdeboer-1_asfar_VLPs_results_crispresso_aggregated_spacer_ABE8e_rep1_.staging_CRISPRessoPooled_on_ABE8e_D1_rep1_CRISPResso_on_PDCD1	-	2.1734169374381933e-05	1.0867084687190968e-05	0.0	0.0	0.0	0.0	0.0	0.0	1.0867084687190968e-05	0.0	0.0001304050162462	0.0001195379315591	0.0	0.0	0.0	0.0	0.0	0.0	0.0	0.0
_scratch_st-cdeboer-1_asfar_VLPs_results_crispresso_aggregated_spacer_ABE8e_rep1_.staging_CRISPRessoPooled_on_ABE8e_D2_rep1_CRISPResso_on_PDCD1	A	6.15839389087326e-05	0.9892536026604262	6.15839389087326e-05	0.0001847518167261	0.0	0.9141211971917724	6.15839389087326e-05	9.23759083630989e-05	3.07919694543663e-05	0.9715482202241656	0.9977521862298312	6.15839389087326e-05	0.9995689124276388	0.999661288336002	0.0	9.23759083630989e-05	0.9998460401527282	0.0	0.0001231678778174	0.0001539598472718
_scratch_st-cdeboer-1_asfar_VLPs_results_crispresso_aggregated_spacer_ABE8e_rep1_.staging_CRISPRessoPooled_on_ABE8e_D2_rep1_CRISPResso_on_PDCD1	T	6.15839389087326e-05	3.07919694543663e-05	3.07919694543663e-05	6.15839389087326e-05	0.9996304963665475	3.07919694543663e-05	6.15839389087326e-05	9.23759083630989e-05	0.9996304963665475	3.07919694543663e-05	0.0	0.0001231678778174	0.0	0.0	0.0	0.0001231678778174	0.0	0.9995997043970932	0.0	0.0
_scratch_st-cdeboer-1_asfar_VLPs_results_crispresso_aggregated_spacer_ABE8e_rep1_.staging_CRISPRessoPooled_on_ABE8e_D2_rep1_CRISPResso_on_PDCD1	C	0.9996920803054564	6.15839389087326e-05	0.9998152481832738	0.9991378248552776	0.0001847518167261	0.0	0.9998460401527282	0.9995689124276388	9.23759083630989e-05	0.0	0.0	6.15839389087326e-05	0.0002155437861805	6.15839389087326e-05	0.9999384160610912	0.9997228722749107	6.15839389087326e-05	0.0002463357556349	0.9998460401527282	0.9997844562138194
_scratch_st-cdeboer-1_asfar_VLPs_results_crispresso_aggregated_spacer_ABE8e_rep1_.staging_CRISPRessoPooled_on_ABE8e_D2_rep1_CRISPResso_on_PDCD1	G	0.0	0.0105616455228476	0.0	0.0005234634807242	0.0001539598472718	0.0858172188693188	0.0	0.0002155437861805	0.0002155437861805	0.0283901958369257	0.0022170218007143	0.9997228722749107	0.0001847518167261	0.0002155437861805	0.0	0.0	3.07919694543663e-05	0.0001231678778174	0.0	3.07919694543663e-05
_scratch_st-cdeboer-1_asfar_VLPs_results_crispresso_aggregated_spacer_ABE8e_rep1_.staging_CRISPRessoPooled_on_ABE8e_D2_rep1_CRISPResso_on_PDCD1	N	0.0	0.0	0.0	0.0	0.0	0.0	0.0	0.0	0.0	0.0	0.0	0.0	0.0	0.0	0.0	0.0	0.0	0.0	0.0	0.0
_scratch_st-cdeboer-1_asfar_VLPs_results_crispresso_aggregated_spacer_ABE8e_rep1_.staging_CRISPRessoPooled_on_ABE8e_D2_rep1_CRISPResso_on_PDCD1	-	0.0001847518167261	9.23759083630989e-05	9.23759083630989e-05	9.23759083630989e-05	3.07919694543663e-05	3.07919694543663e-05	3.07919694543663e-05	3.07919694543663e-05	3.07919694543663e-05	3.07919694543663e-05	3.07919694543663e-05	3.07919694543663e-05	3.07919694543663e-05	6.15839389087326e-05	6.15839389087326e-05	6.15839389087326e-05	6.15839389087326e-05	3.07919694543663e-05	3.07919694543663e-05	3.07919694543663e-05
_scratch_st-cdeboer-1_asfar_VLPs_results_crispresso_aggregated_spacer_ABE8e_rep1_.staging_CRISPRessoPooled_on_ABE8e_D3_rep1_CRISPResso_on_PDCD1	A	5.117520195927916e-05	0.958226413714954	1.462148627407976e-05	0.0004167123588112	7.31074313703988e-06	0.6555982015571883	0.000745695799978	0.0003947801294001	2.193222941111964e-05	0.8744379866213401	0.9929158899002084	5.117520195927916e-05	0.9988010381255256	0.9995613554117776	7.31074313703988e-06	7.31074313703988e-05	0.9997002595313814	1.462148627407976e-05	0.0001023504039185	0.0001023504039185
_scratch_st-cdeboer-1_asfar_VLPs_results_crispresso_aggregated_spacer_ABE8e_rep1_.staging_CRISPRessoPooled_on_ABE8e_D3_rep1_CRISPResso_on_PDCD1	T	4.386445882223928e-05	1.462148627407976e-05	7.31074313703988e-05	0.0003216726980297	0.9996856380451072	9.503966078151845e-05	0.0009065321489929	0.0001608363490148	0.9994297620353108	3.65537156851994e-05	1.462148627407976e-05	0.0001389041196037	2.924297254815952e-05	0.0	5.848594509631904e-05	7.31074313703988e-05	0.0	0.9995832876411888	6.579668823335893e-05	0.0001535256058778
_scratch_st-cdeboer-1_asfar_VLPs_results_crispresso_aggregated_spacer_ABE8e_rep1_.staging_CRISPRessoPooled_on_ABE8e_D3_rep1_CRISPResso_on_PDCD1	C	0.9996563950725592	5.117520195927916e-05	0.9997221917607924	0.9984793654274956	0.0001535256058778	3.65537156851994e-05	0.9980407208392732	0.998705998464744	9.503966078151845e-05	0.0002558760097963	3.65537156851994e-05	3.65537156851994e-05	0.0001315933764667	5.848594509631904e-05	0.9997660562196148	0.9996563950725592	8.772891764447856e-05	0.0002193222941111	0.9997221917607924	0.999634462843148
_scratch_st-cdeboer-1_asfar_VLPs_results_crispresso_aggregated_spacer_ABE8e_rep1_.staging_CRISPRessoPooled_on_ABE8e_D3_rep1_CRISPResso_on_PDCD1	G	2.924297254815952e-05	0.0415396425046606	2.924297254815952e-05	0.0006287239097854	6.579668823335893e-05	0.3441678546624264	0.0001023504039185	0.0004678875607705	9.503966078151845e-05	0.1249259787257374	0.0067624374017618	0.9995394231823664	0.0008041817450743	0.0002120115509741	7.31074313703988e-06	3.65537156851994e-05	0.0001315933764667	0.0001096611470555	2.924297254815952e-05	2.924297254815952e-05
_scratch_st-cdeboer-1_asfar_VLPs_results_crispresso_aggregated_spacer_ABE8e_rep1_.staging_CRISPRessoPooled_on_ABE8e_D3_rep1_CRISPResso_on_PDCD1	N	7.31074313703988e-06	0.0	0.0	0.0	0.0	0.0	0.0	7.31074313703988e-06	0.0	0.0	0.0	0.0	0.0	0.0	0.0	0.0	7.31074313703988e-06	0.0	0.0	0.0
_scratch_st-cdeboer-1_asfar_VLPs_results_crispresso_aggregated_spacer_ABE8e_rep1_.staging_CRISPRessoPooled_on_ABE8e_D3_rep1_CRISPResso_on_PDCD1	-	0.0002120115509741	0.0001681470921519	0.0001608363490148	0.0001535256058778	8.772891764447856e-05	0.0001023504039185	0.0002047008078371	0.0002631867529334	0.0003582264137149	0.0003436049274408	0.0002704974960704	0.0002339437803852	0.0002339437803852	0.0001681470921519	0.0001608363490148	0.0001608363490148	7.31074313703988e-05	7.31074313703988e-05	8.041817450743868e-05	8.041817450743868e-05
_scratch_st-cdeboer-1_asfar_VLPs_results_crispresso_aggregated_spacer_ABE8e_rep1_.staging_CRISPRessoPooled_on_ABE8e_D4_rep1_CRISPResso_on_PDCD1	A	0.0001519968587315	0.9133934565352316	0.0001203308464958	0.0005256558031134	2.5332809788597703e-05	0.3261219268135125	0.0008613155328123	0.0004623237786419	1.2666404894298852e-05	0.7405350289427352	0.9860922874260598	4.433241713004598e-05	0.9987903583325944	0.9993096809332608	3.799921468289656e-05	3.799921468289656e-05	0.9994426781846508	3.166601223574713e-05	5.699882202434483e-05	5.699882202434483e-05
_scratch_st-cdeboer-1_asfar_VLPs_results_crispresso_aggregated_spacer_ABE8e_rep1_.staging_CRISPRessoPooled_on_ABE8e_D4_rep1_CRISPResso_on_PDCD1	T	4.433241713004598e-05	3.799921468289656e-05	5.0665619577195406e-05	0.0012286412747469	0.9994870106017808	6.966522691864368e-05	0.0015959670166816	0.0005889878275848	0.9986510278787571	9.49980367072414e-05	1.2666404894298852e-05	8.233163181294254e-05	0.0	6.333202447149426e-06	5.699882202434483e-05	3.799921468289656e-05	0.0	0.9993540133503908	2.5332809788597703e-05	5.699882202434483e-05
_scratch_st-cdeboer-1_asfar_VLPs_results_crispresso_aggregated_spacer_ABE8e_rep1_.staging_CRISPRessoPooled_on_ABE8e_D4_rep1_CRISPResso_on_PDCD1	C	0.9996833398776426	4.433241713004598e-05	0.9995946750433824	0.997036061254734	0.0001773296685201	9.49980367072414e-05	0.996529405058962	0.99715639210123	0.0001836628709673	0.0001519968587315	6.333202447149426e-05	3.166601223574713e-05	8.866483426009196e-05	4.433241713004598e-05	0.9996516738654068	0.9995946750433824	7.599842936579311e-05	0.0003736589443818	0.9997656715094556	0.9997403386996668
_scratch_st-cdeboer-1_asfar_VLPs_results_crispresso_aggregated_spacer_ABE8e_rep1_.staging_CRISPRessoPooled_on_ABE8e_D4_rep1_CRISPResso_on_PDCD1	G	6.333202447149426e-06	0.0864165473913539	0.0001393304538372	0.0009879795817553	9.49980367072414e-05	0.6733967498005041	0.0001266640489429	0.0008866483426009	0.0002469948954388	0.2582679957947535	0.0131793942925179	0.9994806773993338	0.0008676487352594	0.0003799921468289	0.0	0.0	0.0001963292758616	5.699882202434483e-05	2.5332809788597703e-05	1.899960734144828e-05
_scratch_st-cdeboer-1_asfar_VLPs_results_crispresso_aggregated_spacer_ABE8e_rep1_.staging_CRISPRessoPooled_on_ABE8e_D4_rep1_CRISPResso_on_PDCD1	N	0.0	0.0	0.0	0.0	0.0	0.0	0.0	0.0	0.0	0.0	0.0	6.333202447149426e-06	0.0	0.0	0.0	0.0	0.0	0.0	0.0	0.0
_scratch_st-cdeboer-1_asfar_VLPs_results_crispresso_aggregated_spacer_ABE8e_rep1_.staging_CRISPRessoPooled_on_ABE8e_D4_rep1_CRISPResso_on_PDCD1	-	0.0001139976440486	0.0001076644416015	9.49980367072414e-05	0.0002216620856502	0.000215328883203	0.0003166601223574	0.0008866483426009	0.0009056479499423	0.0009056479499423	0.0009499803670724	0.0006523198520563	0.0003546593370403	0.0002533280978859	0.0002596613003331	0.0002533280978859	0.0003293265272517	0.0002849941101217	0.0001836628709673	0.0001266640489429	0.0001266640489429
_scratch_st-cdeboer-1_asfar_VLPs_results_crispresso_aggregated_spacer_ABE8e_rep1_.staging_CRISPRessoPooled_on_ABE8e_D5_rep1_CRISPResso_on_PDCD1	A	7.721858651377386e-05	0.9232447250053089	0.0	0.0004247022258257	0.0	0.3591822551688191	0.0007721858651377	0.0001351325263991	0.0	0.7680932800525087	0.9861199590741492	9.652323314221732e-05	0.99913129090172	0.9992857280747476	3.860929325688693e-05	5.79139398853304e-05	0.9994015559545184	5.79139398853304e-05	7.721858651377386e-05	7.721858651377386e-05
_scratch_st-cdeboer-1_asfar_VLPs_results_crispresso_aggregated_spacer_ABE8e_rep1_.staging_CRISPRessoPooled_on_ABE8e_D5_rep1_CRISPResso_on_PDCD1	T	3.860929325688693e-05	0.0	7.721858651377386e-05	0.0003667882859404	0.9992857280747476	9.652323314221732e-05	0.0011389741510781	0.0007721858651377	0.998996158375321	0.0001737418196559	0.0	9.652323314221732e-05	1.9304646628443465e-05	0.0	3.860929325688693e-05	3.860929325688693e-05	0.0	0.9992664234281192	7.721858651377386e-05	5.79139398853304e-05
_scratch_st-cdeboer-1_asfar_VLPs_results_crispresso_aggregated_spacer_ABE8e_rep1_.staging_CRISPRessoPooled_on_ABE8e_D5_rep1_CRISPResso_on_PDCD1	C	0.9994401652477752	9.652323314221732e-05	0.9995366884809174	0.9977992702843574	0.0001737418196559	7.721858651377386e-05	0.9973552634119032	0.997471091291674	9.652323314221732e-05	1.9304646628443465e-05	0.0001158278797706	0.0	0.0	5.79139398853304e-05	0.9994401652477752	0.9994208606011468	5.79139398853304e-05	0.0001737418196559	0.9994594698944036	0.9995173838342888
_scratch_st-cdeboer-1_asfar_VLPs_results_crispresso_aggregated_spacer_ABE8e_rep1_.staging_CRISPRessoPooled_on_ABE8e_D5_rep1_CRISPResso_on_PDCD1	G	7.721858651377386e-05	0.0763305727688654	0.0	0.0010231462713075	0.0001544371730275	0.6400262543194147	1.9304646628443465e-05	0.0007721858651377	0.0001737418196559	0.2309414876160692	0.0130499411208277	0.9993822513078898	0.0004247022258257	0.0001930464662844	0.0	0.0	0.0001544371730275	0.0001351325263991	3.860929325688693e-05	0.0
_scratch_st-cdeboer-1_asfar_VLPs_results_crispresso_aggregated_spacer_ABE8e_rep1_.staging_CRISPRessoPooled_on_ABE8e_D5_rep1_CRISPResso_on_PDCD1	N	0.0	0.0	0.0	0.0	0.0	0.0	0.0	0.0	1.9304646628443465e-05	0.0	0.0	0.0	0.0	0.0	0.0	0.0	0.0	0.0	0.0	0.0
_scratch_st-cdeboer-1_asfar_VLPs_results_crispresso_aggregated_spacer_ABE8e_rep1_.staging_CRISPRessoPooled_on_ABE8e_D5_rep1_CRISPResso_on_PDCD1	-	0.0003667882859404	0.0003281789926835	0.0003860929325688	0.0003860929325688	0.0003860929325688	0.0006177486921101	0.0007142719252524	0.0008494044516515	0.0007142719252524	0.0007721858651377	0.0007142719252524	0.0004247022258257	0.0004247022258257	0.0004633115190826	0.000482616165711	0.000482616165711	0.0003860929325688	0.0003667882859404	0.0003474836393119	0.0003474836393119
