Folder	Nucleotide	C	A	C	C	T	A	C	C	T	A	A	G	A	A	C	C	A	T	C	C
_scratch_st-cdeboer-1_asfar_VLPs_results_crispresso_aggregated_spacer_ABE8e-SpRY_rep2_.staging_CRISPRessoPooled_on_ABE8e-SpRY_D0_rep2_CRISPResso_on_PDCD1	A	1.5928385976648985e-05	0.99985664452621	4.778515792994696e-05	6.371354390659594e-05	1.5928385976648985e-05	0.9998407161402336	0.0	4.778515792994696e-05	3.185677195329797e-05	0.99990442968414	0.9998407161402336	9.557031585989393e-05	0.9997451458243736	0.9998407161402336	1.5928385976648985e-05	3.185677195329797e-05	0.999777002596327	0.0	3.185677195329797e-05	3.185677195329797e-05
_scratch_st-cdeboer-1_asfar_VLPs_results_crispresso_aggregated_spacer_ABE8e-SpRY_rep2_.staging_CRISPRessoPooled_on_ABE8e-SpRY_D0_rep2_CRISPResso_on_PDCD1	T	1.5928385976648985e-05	1.5928385976648985e-05	9.557031585989393e-05	1.5928385976648985e-05	0.9998088593682802	0.0	3.185677195329797e-05	1.5928385976648985e-05	0.9998088593682802	0.0	1.5928385976648985e-05	9.557031585989393e-05	0.0	1.5928385976648985e-05	3.185677195329797e-05	4.778515792994696e-05	1.5928385976648985e-05	0.9996973606664435	7.964192988324493e-05	6.371354390659594e-05
_scratch_st-cdeboer-1_asfar_VLPs_results_crispresso_aggregated_spacer_ABE8e-SpRY_rep2_.staging_CRISPRessoPooled_on_ABE8e-SpRY_D0_rep2_CRISPResso_on_PDCD1	C	0.9998885012981634	6.371354390659594e-05	0.9998247877542568	0.9998885012981634	0.0001752122457431	0.0	0.9999681432280468	0.9999362864560934	9.557031585989393e-05	3.185677195329797e-05	1.5928385976648985e-05	6.371354390659594e-05	7.964192988324493e-05	4.778515792994696e-05	0.99995221484207	0.9998725729121868	6.371354390659594e-05	0.000222997403673	0.9998725729121868	0.9998247877542568
_scratch_st-cdeboer-1_asfar_VLPs_results_crispresso_aggregated_spacer_ABE8e-SpRY_rep2_.staging_CRISPRessoPooled_on_ABE8e-SpRY_D0_rep2_CRISPResso_on_PDCD1	G	1.5928385976648985e-05	6.371354390659594e-05	3.185677195329797e-05	3.185677195329797e-05	0.0	0.0001592838597664	0.0	0.0	6.371354390659594e-05	6.371354390659594e-05	0.0001114987018365	0.9997451458243736	0.0001752122457431	9.557031585989393e-05	0.0	4.778515792994696e-05	0.0001433554737898	6.371354390659594e-05	1.5928385976648985e-05	7.964192988324493e-05
_scratch_st-cdeboer-1_asfar_VLPs_results_crispresso_aggregated_spacer_ABE8e-SpRY_rep2_.staging_CRISPRessoPooled_on_ABE8e-SpRY_D0_rep2_CRISPResso_on_PDCD1	N	0.0	0.0	0.0	0.0	0.0	0.0	0.0	0.0	0.0	0.0	0.0	0.0	0.0	0.0	0.0	0.0	0.0	0.0	0.0	0.0
_scratch_st-cdeboer-1_asfar_VLPs_results_crispresso_aggregated_spacer_ABE8e-SpRY_rep2_.staging_CRISPRessoPooled_on_ABE8e-SpRY_D0_rep2_CRISPResso_on_PDCD1	-	6.371354390659594e-05	0.0	0.0	0.0	0.0	0.0	0.0	0.0	0.0	0.0	1.5928385976648985e-05	0.0	0.0	0.0	0.0	0.0	0.0	1.5928385976648985e-05	0.0	0.0
_scratch_st-cdeboer-1_asfar_VLPs_results_crispresso_aggregated_spacer_ABE8e-SpRY_rep2_.staging_CRISPRessoPooled_on_ABE8e-SpRY_D1_rep2_CRISPResso_on_PDCD1	A	0.00012465719272	0.9997328774441714	3.561634077714856e-05	0.0003027388966057	0.0	0.9998931509776684	3.561634077714856e-05	0.0001602735334971	0.0	0.99987534280728	0.9997863019553372	0.0001068490223314	0.9998219182961142	0.99975068561456	3.561634077714856e-05	3.561634077714856e-05	0.9998931509776684	0.0	3.561634077714856e-05	3.561634077714856e-05
_scratch_st-cdeboer-1_asfar_VLPs_results_crispresso_aggregated_spacer_ABE8e-SpRY_rep2_.staging_CRISPRessoPooled_on_ABE8e-SpRY_D1_rep2_CRISPResso_on_PDCD1	T	3.561634077714856e-05	1.780817038857428e-05	3.561634077714856e-05	5.342451116572284e-05	0.99987534280728	0.0	1.780817038857428e-05	3.561634077714856e-05	0.9998219182961142	0.0	0.0	0.0001780817038857	0.0	0.0	1.780817038857428e-05	7.123268155429712e-05	1.780817038857428e-05	0.9996972611033942	5.342451116572284e-05	5.342451116572284e-05
_scratch_st-cdeboer-1_asfar_VLPs_results_crispresso_aggregated_spacer_ABE8e-SpRY_rep2_.staging_CRISPRessoPooled_on_ABE8e-SpRY_D1_rep2_CRISPResso_on_PDCD1	C	0.9998041101257256	0.0	0.9999109591480572	0.99962602842184	0.0001068490223314	0.0	0.9999109591480572	0.9997863019553372	0.0001068490223314	1.780817038857428e-05	5.342451116572284e-05	1.780817038857428e-05	3.561634077714856e-05	0.0001068490223314	0.9999465754888344	0.9998397264665028	5.342451116572284e-05	0.0002671225558286	0.9999109591480572	0.9998931509776684
_scratch_st-cdeboer-1_asfar_VLPs_results_crispresso_aggregated_spacer_ABE8e-SpRY_rep2_.staging_CRISPRessoPooled_on_ABE8e-SpRY_D1_rep2_CRISPResso_on_PDCD1	G	1.780817038857428e-05	0.0002315062150514	0.0	1.780817038857428e-05	1.780817038857428e-05	0.0001068490223314	3.561634077714856e-05	1.780817038857428e-05	7.123268155429712e-05	0.0001068490223314	0.0001068490223314	0.9996972611033942	0.0001424653631085	0.0001424653631085	0.0	1.780817038857428e-05	3.561634077714856e-05	3.561634077714856e-05	0.0	1.780817038857428e-05
_scratch_st-cdeboer-1_asfar_VLPs_results_crispresso_aggregated_spacer_ABE8e-SpRY_rep2_.staging_CRISPRessoPooled_on_ABE8e-SpRY_D1_rep2_CRISPResso_on_PDCD1	N	0.0	0.0	0.0	0.0	0.0	0.0	0.0	0.0	0.0	0.0	0.0	0.0	0.0	0.0	0.0	0.0	0.0	0.0	0.0	0.0
_scratch_st-cdeboer-1_asfar_VLPs_results_crispresso_aggregated_spacer_ABE8e-SpRY_rep2_.staging_CRISPRessoPooled_on_ABE8e-SpRY_D1_rep2_CRISPResso_on_PDCD1	-	1.780817038857428e-05	1.780817038857428e-05	1.780817038857428e-05	0.0	0.0	0.0	0.0	0.0	0.0	0.0	5.342451116572284e-05	0.0	0.0	0.0	0.0	3.561634077714856e-05	0.0	0.0	0.0	0.0
_scratch_st-cdeboer-1_asfar_VLPs_results_crispresso_aggregated_spacer_ABE8e-SpRY_rep2_.staging_CRISPRessoPooled_on_ABE8e-SpRY_D2_rep2_CRISPResso_on_PDCD1	A	8.974545944066142e-05	0.999472745425786	2.2436364860165355e-05	6.730909458049607e-05	0.0	0.998104127169316	5.609091215041339e-05	0.0001009636418707	2.2436364860165355e-05	0.9990015817637228	0.9996410181622374	6.730909458049607e-05	0.9997756363513984	0.9997868545338284	2.2436364860165355e-05	7.852727701057874e-05	0.9998429454459788	0.0	0.0001234000067309	1.1218182430082678e-05
_scratch_st-cdeboer-1_asfar_VLPs_results_crispresso_aggregated_spacer_ABE8e-SpRY_rep2_.staging_CRISPRessoPooled_on_ABE8e-SpRY_D2_rep2_CRISPResso_on_PDCD1	T	5.609091215041339e-05	2.2436364860165355e-05	4.487272972033071e-05	1.1218182430082678e-05	0.9997868545338284	0.0	3.365454729024803e-05	0.0	0.9997531999865382	0.0	0.0	7.852727701057874e-05	0.0	0.0	1.1218182430082678e-05	5.609091215041339e-05	0.0	0.999730763621678	2.2436364860165355e-05	3.365454729024803e-05
_scratch_st-cdeboer-1_asfar_VLPs_results_crispresso_aggregated_spacer_ABE8e-SpRY_rep2_.staging_CRISPRessoPooled_on_ABE8e-SpRY_D2_rep2_CRISPResso_on_PDCD1	C	0.9998317272635489	0.0	0.9999326909054196	0.9999102545405594	0.0001570545540211	1.1218182430082678e-05	0.9999102545405594	0.9998878181756992	0.0001346181891609	0.0	6.730909458049607e-05	2.2436364860165355e-05	8.974545944066142e-05	3.365454729024803e-05	0.9999663454527098	0.999854163628409	6.730909458049607e-05	0.0002355818310317	0.9998429454459788	0.9999551272702796
_scratch_st-cdeboer-1_asfar_VLPs_results_crispresso_aggregated_spacer_ABE8e-SpRY_rep2_.staging_CRISPRessoPooled_on_ABE8e-SpRY_D2_rep2_CRISPResso_on_PDCD1	G	2.2436364860165355e-05	0.0005048182093537	0.0	1.1218182430082678e-05	5.609091215041339e-05	0.0018846546482538	0.0	0.0	7.852727701057874e-05	0.0009984182362773	0.000280454560752	0.9998317272635489	0.0001346181891609	0.0001794909188813	0.0	1.1218182430082678e-05	8.974545944066142e-05	3.365454729024803e-05	1.1218182430082678e-05	0.0
_scratch_st-cdeboer-1_asfar_VLPs_results_crispresso_aggregated_spacer_ABE8e-SpRY_rep2_.staging_CRISPRessoPooled_on_ABE8e-SpRY_D2_rep2_CRISPResso_on_PDCD1	N	0.0	0.0	0.0	0.0	0.0	0.0	0.0	0.0	0.0	0.0	0.0	0.0	0.0	0.0	0.0	0.0	0.0	0.0	0.0	0.0
_scratch_st-cdeboer-1_asfar_VLPs_results_crispresso_aggregated_spacer_ABE8e-SpRY_rep2_.staging_CRISPRessoPooled_on_ABE8e-SpRY_D2_rep2_CRISPResso_on_PDCD1	-	0.0	0.0	0.0	0.0	0.0	0.0	0.0	1.1218182430082678e-05	1.1218182430082678e-05	0.0	1.1218182430082678e-05	0.0	0.0	0.0	0.0	0.0	0.0	0.0	0.0	0.0
_scratch_st-cdeboer-1_asfar_VLPs_results_crispresso_aggregated_spacer_ABE8e-SpRY_rep2_.staging_CRISPRessoPooled_on_ABE8e-SpRY_D3_rep2_CRISPResso_on_PDCD1	A	0.0	0.9997352396081546	3.114828139357411e-05	3.114828139357411e-05	0.0	0.9993147378093412	3.114828139357411e-05	3.114828139357411e-05	0.0	0.9996106464825804	0.9998131103116386	9.344484418072232e-05	0.9997663878895482	0.9998442585930322	3.114828139357411e-05	0.0001245931255742	0.9997975361709418	0.0	4.672242209036116e-05	0.0001090189848775
_scratch_st-cdeboer-1_asfar_VLPs_results_crispresso_aggregated_spacer_ABE8e-SpRY_rep2_.staging_CRISPRessoPooled_on_ABE8e-SpRY_D3_rep2_CRISPResso_on_PDCD1	T	6.229656278714822e-05	1.5574140696787056e-05	6.229656278714822e-05	3.114828139357411e-05	0.9998598327337288	0.0	0.0	3.114828139357411e-05	0.9999065551558192	1.5574140696787056e-05	1.5574140696787056e-05	7.787070348393527e-05	1.5574140696787056e-05	0.0	3.114828139357411e-05	6.229656278714822e-05	0.0	0.9998442585930322	3.114828139357411e-05	7.787070348393527e-05
_scratch_st-cdeboer-1_asfar_VLPs_results_crispresso_aggregated_spacer_ABE8e-SpRY_rep2_.staging_CRISPRessoPooled_on_ABE8e-SpRY_D3_rep2_CRISPResso_on_PDCD1	C	0.9998909810151224	4.672242209036116e-05	0.9999065551558192	0.999922129296516	7.787070348393527e-05	4.672242209036116e-05	0.9999377034372128	0.999922129296516	7.787070348393527e-05	3.114828139357411e-05	3.114828139357411e-05	4.672242209036116e-05	9.344484418072232e-05	7.787070348393527e-05	0.9999065551558192	0.9998131103116386	0.0001090189848775	9.344484418072232e-05	0.9999065551558192	0.9997352396081546
_scratch_st-cdeboer-1_asfar_VLPs_results_crispresso_aggregated_spacer_ABE8e-SpRY_rep2_.staging_CRISPRessoPooled_on_ABE8e-SpRY_D3_rep2_CRISPResso_on_PDCD1	G	3.114828139357411e-05	0.0002024638290582	0.0	1.5574140696787056e-05	4.672242209036116e-05	0.0006385397685682	3.114828139357411e-05	1.5574140696787056e-05	1.5574140696787056e-05	0.0003426310953293	9.344484418072232e-05	0.9997819620302448	0.0001245931255742	4.672242209036116e-05	3.114828139357411e-05	0.0	9.344484418072232e-05	6.229656278714822e-05	1.5574140696787056e-05	6.229656278714822e-05
_scratch_st-cdeboer-1_asfar_VLPs_results_crispresso_aggregated_spacer_ABE8e-SpRY_rep2_.staging_CRISPRessoPooled_on_ABE8e-SpRY_D3_rep2_CRISPResso_on_PDCD1	N	0.0	0.0	0.0	0.0	0.0	0.0	0.0	0.0	0.0	0.0	0.0	0.0	0.0	0.0	0.0	0.0	0.0	0.0	0.0	0.0
_scratch_st-cdeboer-1_asfar_VLPs_results_crispresso_aggregated_spacer_ABE8e-SpRY_rep2_.staging_CRISPRessoPooled_on_ABE8e-SpRY_D3_rep2_CRISPResso_on_PDCD1	-	1.5574140696787056e-05	0.0	0.0	0.0	1.5574140696787056e-05	0.0	0.0	0.0	0.0	0.0	4.672242209036116e-05	0.0	0.0	3.114828139357411e-05	0.0	0.0	0.0	0.0	0.0	1.5574140696787056e-05
_scratch_st-cdeboer-1_asfar_VLPs_results_crispresso_aggregated_spacer_ABE8e-SpRY_rep2_.staging_CRISPRessoPooled_on_ABE8e-SpRY_D4_rep2_CRISPResso_on_PDCD1	A	2.4872218975015856e-05	0.9984952307520116	3.730832846252378e-05	0.000124361094875	1.2436109487507928e-05	0.9820298217905512	6.218054743753964e-05	0.0001119249853875	0.0	0.9925880787454452	0.999191652883312	6.218054743753964e-05	0.99975127781025	0.9996393528248624	2.4872218975015856e-05	7.461665692504757e-05	0.9998134583576874	1.2436109487507928e-05	2.4872218975015856e-05	4.974443795003171e-05
_scratch_st-cdeboer-1_asfar_VLPs_results_crispresso_aggregated_spacer_ABE8e-SpRY_rep2_.staging_CRISPRessoPooled_on_ABE8e-SpRY_D4_rep2_CRISPResso_on_PDCD1	T	1.2436109487507928e-05	1.2436109487507928e-05	3.730832846252378e-05	8.70527664125555e-05	0.9997637139197374	0.0	3.730832846252378e-05	7.461665692504757e-05	0.9997761500292248	2.4872218975015856e-05	1.2436109487507928e-05	9.948887590006342e-05	0.0	2.4872218975015856e-05	3.730832846252378e-05	2.4872218975015856e-05	0.0	0.9995896083869122	3.730832846252378e-05	2.4872218975015856e-05
_scratch_st-cdeboer-1_asfar_VLPs_results_crispresso_aggregated_spacer_ABE8e-SpRY_rep2_.staging_CRISPRessoPooled_on_ABE8e-SpRY_D4_rep2_CRISPResso_on_PDCD1	C	0.9998880750146124	4.974443795003171e-05	0.9999005111241	0.9997637139197374	0.0001989777518001	2.4872218975015856e-05	0.9998258944671748	0.9997388417007624	9.948887590006342e-05	1.2436109487507928e-05	2.4872218975015856e-05	3.730832846252378e-05	6.218054743753964e-05	0.0001119249853875	0.99985076668615	0.9997885861387124	6.218054743753964e-05	0.0002487221897501	0.9998258944671748	0.9998632027956376
_scratch_st-cdeboer-1_asfar_VLPs_results_crispresso_aggregated_spacer_ABE8e-SpRY_rep2_.staging_CRISPRessoPooled_on_ABE8e-SpRY_D4_rep2_CRISPResso_on_PDCD1	G	2.4872218975015856e-05	0.0014425887005509	2.4872218975015856e-05	1.2436109487507928e-05	2.4872218975015856e-05	0.0178831254430364	1.2436109487507928e-05	1.2436109487507928e-05	6.218054743753964e-05	0.0073124323786546	0.0006093693648878	0.9997388417007624	0.000124361094875	0.0001367972043625	2.4872218975015856e-05	2.4872218975015856e-05	6.218054743753964e-05	8.70527664125555e-05	4.974443795003171e-05	0.0
_scratch_st-cdeboer-1_asfar_VLPs_results_crispresso_aggregated_spacer_ABE8e-SpRY_rep2_.staging_CRISPRessoPooled_on_ABE8e-SpRY_D4_rep2_CRISPResso_on_PDCD1	N	0.0	0.0	0.0	0.0	0.0	0.0	0.0	0.0	0.0	0.0	0.0	0.0	0.0	0.0	0.0	0.0	0.0	0.0	0.0	0.0
_scratch_st-cdeboer-1_asfar_VLPs_results_crispresso_aggregated_spacer_ABE8e-SpRY_rep2_.staging_CRISPRessoPooled_on_ABE8e-SpRY_D4_rep2_CRISPResso_on_PDCD1	-	4.974443795003171e-05	0.0	0.0	1.2436109487507928e-05	0.0	6.218054743753964e-05	6.218054743753964e-05	6.218054743753964e-05	6.218054743753964e-05	6.218054743753964e-05	0.0001616694233376	6.218054743753964e-05	6.218054743753964e-05	8.70527664125555e-05	6.218054743753964e-05	8.70527664125555e-05	6.218054743753964e-05	6.218054743753964e-05	6.218054743753964e-05	6.218054743753964e-05
_scratch_st-cdeboer-1_asfar_VLPs_results_crispresso_aggregated_spacer_ABE8e-SpRY_rep2_.staging_CRISPRessoPooled_on_ABE8e-SpRY_D5_rep2_CRISPResso_on_PDCD1	A	4.297440158145798e-05	0.9977223567161828	1.432480052715266e-05	0.0005586672205589	0.0	0.987236602730307	2.864960105430532e-05	0.00010027360369	2.864960105430532e-05	0.9925797533269348	0.9988540159578276	0.0001289232047443	0.9997564783910384	0.9997851279920928	8.594880316291596e-05	8.594880316291596e-05	0.9998567519947285	0.0	2.864960105430532e-05	0.0001145984042172
_scratch_st-cdeboer-1_asfar_VLPs_results_crispresso_aggregated_spacer_ABE8e-SpRY_rep2_.staging_CRISPRessoPooled_on_ABE8e-SpRY_D5_rep2_CRISPResso_on_PDCD1	T	4.297440158145798e-05	2.864960105430532e-05	8.594880316291596e-05	0.0002291968084344	0.999813777593147	1.432480052715266e-05	4.297440158145798e-05	5.729920210861064e-05	0.9997564783910384	0.0	0.0	0.0001145984042172	0.0	0.0	4.297440158145798e-05	1.432480052715266e-05	0.0	0.9997135039894568	1.432480052715266e-05	4.297440158145798e-05
_scratch_st-cdeboer-1_asfar_VLPs_results_crispresso_aggregated_spacer_ABE8e-SpRY_rep2_.staging_CRISPRessoPooled_on_ABE8e-SpRY_D5_rep2_CRISPResso_on_PDCD1	C	0.9998567519947285	0.00010027360369	0.9998710767952556	0.9990402383646808	0.0001145984042172	4.297440158145798e-05	0.99989972639631	0.9997708031915656	0.0001289232047443	1.432480052715266e-05	2.864960105430532e-05	7.16240026357633e-05	0.00010027360369	5.729920210861064e-05	0.9998424271942014	0.9998567519947285	5.729920210861064e-05	0.0002291968084344	0.9999283759973644	0.999813777593147
_scratch_st-cdeboer-1_asfar_VLPs_results_crispresso_aggregated_spacer_ABE8e-SpRY_rep2_.staging_CRISPRessoPooled_on_ABE8e-SpRY_D5_rep2_CRISPResso_on_PDCD1	G	0.0	0.0021343952785457	1.432480052715266e-05	0.0001575728057986	4.297440158145798e-05	0.0126917732670572	1.432480052715266e-05	5.729920210861064e-05	7.16240026357633e-05	0.0073915970720107	0.0010170608374278	0.9996705295878756	0.0001289232047443	0.0001432480052715	1.432480052715266e-05	2.864960105430532e-05	7.16240026357633e-05	4.297440158145798e-05	1.432480052715266e-05	0.0
_scratch_st-cdeboer-1_asfar_VLPs_results_crispresso_aggregated_spacer_ABE8e-SpRY_rep2_.staging_CRISPRessoPooled_on_ABE8e-SpRY_D5_rep2_CRISPResso_on_PDCD1	N	0.0	0.0	0.0	0.0	0.0	0.0	0.0	0.0	0.0	0.0	0.0	0.0	0.0	0.0	0.0	0.0	0.0	0.0	0.0	0.0
_scratch_st-cdeboer-1_asfar_VLPs_results_crispresso_aggregated_spacer_ABE8e-SpRY_rep2_.staging_CRISPRessoPooled_on_ABE8e-SpRY_D5_rep2_CRISPResso_on_PDCD1	-	5.729920210861064e-05	1.432480052715266e-05	1.432480052715266e-05	1.432480052715266e-05	2.864960105430532e-05	1.432480052715266e-05	1.432480052715266e-05	1.432480052715266e-05	1.432480052715266e-05	1.432480052715266e-05	0.00010027360369	1.432480052715266e-05	1.432480052715266e-05	1.432480052715266e-05	1.432480052715266e-05	1.432480052715266e-05	1.432480052715266e-05	1.432480052715266e-05	1.432480052715266e-05	2.864960105430532e-05
