Folder	Nucleotide	G	G	A	G	G	C	T	A	T	C	C	A	G	C	G	T	G	A	G	T
_scratch_st-cdeboer-1_asfar_VLPs_results_crispresso_aggregated_spacer_ABE8e-SpRY_rep3_.staging_CRISPRessoPooled_on_ABE8e-SpRY_D0_rep3_CRISPResso_on_B2M	A	0.0002421307506053	0.0	0.9997578692493948	0.0	0.0002421307506053	0.0	0.0	0.9997578692493948	0.0	0.0	0.0	0.9995157384987894	0.0002421307506053	0.0	0.0002421307506053	0.0	0.0	1.0	0.0	0.0
_scratch_st-cdeboer-1_asfar_VLPs_results_crispresso_aggregated_spacer_ABE8e-SpRY_rep3_.staging_CRISPRessoPooled_on_ABE8e-SpRY_D0_rep3_CRISPResso_on_B2M	T	0.0	0.0004842615012106	0.0	0.0002421307506053	0.0	0.0002421307506053	0.9997578692493948	0.0002421307506053	0.999273607748184	0.0002421307506053	0.0002421307506053	0.0	0.0	0.0	0.0	1.0	0.0	0.0	0.0	0.9995157384987894
_scratch_st-cdeboer-1_asfar_VLPs_results_crispresso_aggregated_spacer_ABE8e-SpRY_rep3_.staging_CRISPRessoPooled_on_ABE8e-SpRY_D0_rep3_CRISPResso_on_B2M	C	0.0	0.0	0.0002421307506053	0.0	0.0	0.9997578692493948	0.0002421307506053	0.0	0.0004842615012106	0.9997578692493948	0.9997578692493948	0.0002421307506053	0.0	1.0	0.0	0.0	0.0	0.0	0.0	0.0
_scratch_st-cdeboer-1_asfar_VLPs_results_crispresso_aggregated_spacer_ABE8e-SpRY_rep3_.staging_CRISPRessoPooled_on_ABE8e-SpRY_D0_rep3_CRISPResso_on_B2M	G	0.9997578692493948	0.9995157384987894	0.0	0.9997578692493948	0.9997578692493948	0.0	0.0	0.0	0.0002421307506053	0.0	0.0	0.0002421307506053	0.9997578692493948	0.0	0.9997578692493948	0.0	1.0	0.0	1.0	0.0004842615012106
_scratch_st-cdeboer-1_asfar_VLPs_results_crispresso_aggregated_spacer_ABE8e-SpRY_rep3_.staging_CRISPRessoPooled_on_ABE8e-SpRY_D0_rep3_CRISPResso_on_B2M	N	0.0	0.0	0.0	0.0	0.0	0.0	0.0	0.0	0.0	0.0	0.0	0.0	0.0	0.0	0.0	0.0	0.0	0.0	0.0	0.0
_scratch_st-cdeboer-1_asfar_VLPs_results_crispresso_aggregated_spacer_ABE8e-SpRY_rep3_.staging_CRISPRessoPooled_on_ABE8e-SpRY_D0_rep3_CRISPResso_on_B2M	-	0.0	0.0	0.0	0.0	0.0	0.0	0.0	0.0	0.0	0.0	0.0	0.0	0.0	0.0	0.0	0.0	0.0	0.0	0.0	0.0
_scratch_st-cdeboer-1_asfar_VLPs_results_crispresso_aggregated_spacer_ABE8e-SpRY_rep3_.staging_CRISPRessoPooled_on_ABE8e-SpRY_D1_rep3_CRISPResso_on_B2M	A	8.672597071140075e-05	4.9557697549371854e-05	0.9997398220878658	3.716827316202889e-05	0.0002725673365215	6.194712193671482e-05	0.0	0.9998389374829646	2.4778848774685927e-05	4.9557697549371854e-05	6.194712193671482e-05	0.9997274326634784	3.716827316202889e-05	3.716827316202889e-05	2.4778848774685927e-05	0.0	1.2389424387342964e-05	0.9996159278439924	0.0	0.0
_scratch_st-cdeboer-1_asfar_VLPs_results_crispresso_aggregated_spacer_ABE8e-SpRY_rep3_.staging_CRISPRessoPooled_on_ABE8e-SpRY_D1_rep3_CRISPResso_on_B2M	T	0.000111504819486	0.0004584087023316	4.9557697549371854e-05	0.000433629853557	4.9557697549371854e-05	3.716827316202889e-05	0.9995911489952176	2.4778848774685927e-05	0.999132740292886	6.194712193671482e-05	0.000111504819486	0.0	0.000111504819486	0.0001486730926481	7.433654632405779e-05	0.9888619074757786	7.433654632405779e-05	0.0	0.0001238942438734	0.9997026538147038
_scratch_st-cdeboer-1_asfar_VLPs_results_crispresso_aggregated_spacer_ABE8e-SpRY_rep3_.staging_CRISPRessoPooled_on_ABE8e-SpRY_D1_rep3_CRISPResso_on_B2M	C	2.4778848774685927e-05	8.672597071140075e-05	3.716827316202889e-05	4.9557697549371854e-05	3.716827316202889e-05	0.999851326907352	0.0001982307901974	2.4778848774685927e-05	0.0006814183413038	0.9998761057561266	0.9998017692098023	9.911539509874372e-05	6.194712193671482e-05	0.999776990361028	3.716827316202889e-05	0.0109770300071858	0.0001486730926481	7.433654632405779e-05	9.911539509874372e-05	0.0001238942438734
_scratch_st-cdeboer-1_asfar_VLPs_results_crispresso_aggregated_spacer_ABE8e-SpRY_rep3_.staging_CRISPRessoPooled_on_ABE8e-SpRY_D1_rep3_CRISPResso_on_B2M	G	0.999776990361028	0.9993557499318582	0.0001734519414228	0.9994796441757317	0.9996407066927672	0.0	0.0001610625170354	0.000111504819486	0.0001610625170354	1.2389424387342964e-05	2.4778848774685927e-05	0.0001734519414228	0.9997893797854152	3.716827316202889e-05	0.9998637163317392	0.0001610625170354	0.9997646009366404	0.0003097356096835	0.999776990361028	0.0001734519414228
_scratch_st-cdeboer-1_asfar_VLPs_results_crispresso_aggregated_spacer_ABE8e-SpRY_rep3_.staging_CRISPRessoPooled_on_ABE8e-SpRY_D1_rep3_CRISPResso_on_B2M	N	0.0	0.0	0.0	0.0	0.0	0.0	0.0	0.0	0.0	0.0	0.0	0.0	0.0	0.0	0.0	0.0	0.0	0.0	0.0	0.0
_scratch_st-cdeboer-1_asfar_VLPs_results_crispresso_aggregated_spacer_ABE8e-SpRY_rep3_.staging_CRISPRessoPooled_on_ABE8e-SpRY_D1_rep3_CRISPResso_on_B2M	-	0.0	4.9557697549371854e-05	0.0	0.0	0.0	4.9557697549371854e-05	4.9557697549371854e-05	0.0	0.0	0.0	0.0	0.0	0.0	0.0	0.0	0.0	0.0	0.0	0.0	0.0
_scratch_st-cdeboer-1_asfar_VLPs_results_crispresso_aggregated_spacer_ABE8e-SpRY_rep3_.staging_CRISPRessoPooled_on_ABE8e-SpRY_D2_rep3_CRISPResso_on_B2M	A	0.0001019506558825	3.398355196085095e-05	0.9996941480323523	1.6991775980425475e-05	0.0003908108475497	5.097532794127642e-05	0.0	0.9998300822401958	0.0	8.495887990212736e-05	3.398355196085095e-05	0.999762115136274	0.0	8.495887990212736e-05	1.6991775980425475e-05	0.0	0.0001019506558825	0.9997960986882348	0.0	0.0
_scratch_st-cdeboer-1_asfar_VLPs_results_crispresso_aggregated_spacer_ABE8e-SpRY_rep3_.staging_CRISPRessoPooled_on_ABE8e-SpRY_D2_rep3_CRISPResso_on_B2M	T	0.0001869095357846	0.0002888601916672	1.6991775980425475e-05	0.0002039013117651	6.79671039217019e-05	0.0	0.9995752056004894	3.398355196085095e-05	0.9991334194249984	0.0001019506558825	3.398355196085095e-05	0.0	5.097532794127642e-05	0.0001699177598042	0.0001019506558825	0.9842826072181065	0.0001189424318629	1.6991775980425475e-05	8.495887990212736e-05	0.9996601644803916
_scratch_st-cdeboer-1_asfar_VLPs_results_crispresso_aggregated_spacer_ABE8e-SpRY_rep3_.staging_CRISPRessoPooled_on_ABE8e-SpRY_D2_rep3_CRISPResso_on_B2M	C	3.398355196085095e-05	0.0001019506558825	3.398355196085095e-05	5.097532794127642e-05	5.097532794127642e-05	0.999915041120098	0.0002208930877455	5.097532794127642e-05	0.0006456874872561	0.9997791069122544	0.999881057568137	0.0001019506558825	6.79671039217019e-05	0.999643172704411	1.6991775980425475e-05	0.015615442126011	0.0001359342078434	0.0	5.097532794127642e-05	0.0001869095357846
_scratch_st-cdeboer-1_asfar_VLPs_results_crispresso_aggregated_spacer_ABE8e-SpRY_rep3_.staging_CRISPRessoPooled_on_ABE8e-SpRY_D2_rep3_CRISPResso_on_B2M	G	0.999643172704411	0.9995072384965676	0.0002208930877455	0.9996941480323523	0.9994562631686263	0.0	0.0001699177598042	5.097532794127642e-05	0.0001869095357846	0.0	1.6991775980425475e-05	0.0001019506558825	0.999847074016176	6.79671039217019e-05	0.9998300822401958	6.79671039217019e-05	0.9996091891524502	0.0001529259838238	0.9998300822401958	0.0001189424318629
_scratch_st-cdeboer-1_asfar_VLPs_results_crispresso_aggregated_spacer_ABE8e-SpRY_rep3_.staging_CRISPRessoPooled_on_ABE8e-SpRY_D2_rep3_CRISPResso_on_B2M	N	0.0	0.0	0.0	0.0	0.0	0.0	0.0	0.0	0.0	0.0	0.0	0.0	0.0	0.0	0.0	0.0	0.0	0.0	0.0	0.0
_scratch_st-cdeboer-1_asfar_VLPs_results_crispresso_aggregated_spacer_ABE8e-SpRY_rep3_.staging_CRISPRessoPooled_on_ABE8e-SpRY_D2_rep3_CRISPResso_on_B2M	-	3.398355196085095e-05	6.79671039217019e-05	3.398355196085095e-05	3.398355196085095e-05	3.398355196085095e-05	3.398355196085095e-05	3.398355196085095e-05	3.398355196085095e-05	3.398355196085095e-05	3.398355196085095e-05	3.398355196085095e-05	3.398355196085095e-05	3.398355196085095e-05	3.398355196085095e-05	3.398355196085095e-05	3.398355196085095e-05	3.398355196085095e-05	3.398355196085095e-05	3.398355196085095e-05	3.398355196085095e-05
_scratch_st-cdeboer-1_asfar_VLPs_results_crispresso_aggregated_spacer_ABE8e-SpRY_rep3_.staging_CRISPRessoPooled_on_ABE8e-SpRY_D3_rep3_CRISPResso_on_B2M	A	6.411283859592884e-05	6.411283859592884e-05	0.9997756050649144	3.205641929796442e-05	0.0001121974675428	6.411283859592884e-05	1.602820964898221e-05	0.9997595768552652	1.602820964898221e-05	8.014104824491104e-05	4.808462894694662e-05	0.9995992947587754	3.205641929796442e-05	3.205641929796442e-05	1.602820964898221e-05	3.205641929796442e-05	0.0	0.9996313511780734	1.602820964898221e-05	0.0
_scratch_st-cdeboer-1_asfar_VLPs_results_crispresso_aggregated_spacer_ABE8e-SpRY_rep3_.staging_CRISPRessoPooled_on_ABE8e-SpRY_D3_rep3_CRISPResso_on_B2M	T	0.0001282256771918	0.0002724795640326	1.602820964898221e-05	0.0003365924026286	1.602820964898221e-05	4.808462894694662e-05	0.999102420259657	1.602820964898221e-05	0.9970988940535342	1.602820964898221e-05	9.616925789389325e-05	0.0	6.411283859592884e-05	0.0002243949350857	6.411283859592884e-05	0.9065875941657316	0.0002564513543837	0.0	0.0001282256771918	0.998990222792114
_scratch_st-cdeboer-1_asfar_VLPs_results_crispresso_aggregated_spacer_ABE8e-SpRY_rep3_.staging_CRISPRessoPooled_on_ABE8e-SpRY_D3_rep3_CRISPResso_on_B2M	C	4.808462894694662e-05	0.0001121974675428	1.602820964898221e-05	4.808462894694662e-05	3.205641929796442e-05	0.9997756050649144	0.0006892130149062	3.205641929796442e-05	0.0025965699631351	0.9997756050649144	0.9997114922263184	4.808462894694662e-05	6.411283859592884e-05	0.9995992947587754	0.0	0.0931880108991825	0.0001282256771918	0.0	9.616925789389325e-05	0.0007533258535021
_scratch_st-cdeboer-1_asfar_VLPs_results_crispresso_aggregated_spacer_ABE8e-SpRY_rep3_.staging_CRISPRessoPooled_on_ABE8e-SpRY_D3_rep3_CRISPResso_on_B2M	G	0.9997435486456164	0.9994550408719346	0.0001763103061388	0.9995672383394776	0.9997435486456164	1.602820964898221e-05	9.616925789389325e-05	9.616925789389325e-05	0.0001923385157877	1.602820964898221e-05	0.0	0.0002564513543837	0.9997435486456164	4.808462894694662e-05	0.9998236896938612	9.616925789389325e-05	0.9995191537105306	0.0002724795640326	0.9996634075973714	0.0002404231447347
_scratch_st-cdeboer-1_asfar_VLPs_results_crispresso_aggregated_spacer_ABE8e-SpRY_rep3_.staging_CRISPRessoPooled_on_ABE8e-SpRY_D3_rep3_CRISPResso_on_B2M	N	0.0	3.205641929796442e-05	0.0	0.0	0.0	0.0	0.0	0.0	0.0	0.0	1.602820964898221e-05	0.0	0.0	0.0	0.0	0.0	0.0	0.0	0.0	0.0
_scratch_st-cdeboer-1_asfar_VLPs_results_crispresso_aggregated_spacer_ABE8e-SpRY_rep3_.staging_CRISPRessoPooled_on_ABE8e-SpRY_D3_rep3_CRISPResso_on_B2M	-	1.602820964898221e-05	6.411283859592884e-05	1.602820964898221e-05	1.602820964898221e-05	9.616925789389325e-05	9.616925789389325e-05	9.616925789389325e-05	9.616925789389325e-05	9.616925789389325e-05	0.0001121974675428	0.0001282256771918	9.616925789389325e-05	9.616925789389325e-05	9.616925789389325e-05	9.616925789389325e-05	9.616925789389325e-05	9.616925789389325e-05	9.616925789389325e-05	9.616925789389325e-05	1.602820964898221e-05
_scratch_st-cdeboer-1_asfar_VLPs_results_crispresso_aggregated_spacer_ABE8e-SpRY_rep3_.staging_CRISPRessoPooled_on_ABE8e-SpRY_D4_rep3_CRISPResso_on_B2M	A	0.0001237191429902	2.9110386585933866e-05	0.9995124010246856	3.638798323241733e-05	9.460875640428505e-05	8.005356311131811e-05	7.2775966464834656e-06	0.9994760130414532	1.4555193292966933e-05	7.277596646483466e-05	4.366557987890079e-05	0.9994469026548672	7.2775966464834656e-06	5.822077317186773e-05	0.0001382743362831	3.638798323241733e-05	0.0001455519329296	0.9995269562179786	7.2775966464834656e-06	0.0
_scratch_st-cdeboer-1_asfar_VLPs_results_crispresso_aggregated_spacer_ABE8e-SpRY_rep3_.staging_CRISPRessoPooled_on_ABE8e-SpRY_D4_rep3_CRISPResso_on_B2M	T	0.0001382743362831	0.000436655798789	1.4555193292966933e-05	0.0002328830926874	7.277596646483466e-05	8.733115975780159e-05	0.9971617373078716	7.2775966464834656e-06	0.9890836050302748	0.0001018863530507	0.0001018863530507	0.0	6.549836981835118e-05	0.0001237191429902	0.0001673847228691	0.652953248719143	0.0002183278993945	0.0	8.005356311131811e-05	0.997380065207266
_scratch_st-cdeboer-1_asfar_VLPs_results_crispresso_aggregated_spacer_ABE8e-SpRY_rep3_.staging_CRISPRessoPooled_on_ABE8e-SpRY_D4_rep3_CRISPResso_on_B2M	C	6.549836981835118e-05	5.094317652538426e-05	7.2775966464834656e-06	5.822077317186773e-05	5.822077317186773e-05	0.9996142873777364	0.0024161620866325	2.9110386585933866e-05	0.0103341872380065	0.9994832906380996	0.9994687354448069	7.277596646483466e-05	8.005356311131811e-05	0.9995124010246856	2.18327899394504e-05	0.3466610386585934	0.0002619934792734	3.638798323241733e-05	0.0001091639496972	0.0022269445738239
_scratch_st-cdeboer-1_asfar_VLPs_results_crispresso_aggregated_spacer_ABE8e-SpRY_rep3_.staging_CRISPRessoPooled_on_ABE8e-SpRY_D4_rep3_CRISPResso_on_B2M	G	0.9995560666045644	0.9993013507219376	0.0002911038658593	0.9994978458313928	0.999577899394504	2.18327899394504e-05	0.0001309967396367	0.0002037727061015	0.0002474382859804	1.4555193292966933e-05	7.2775966464834656e-06	0.0001237191429902	0.9995269562179786	0.0	0.9994032370749883	8.005356311131811e-05	0.999097578015836	0.0001673847228691	0.999534233814625	0.000181939916162
_scratch_st-cdeboer-1_asfar_VLPs_results_crispresso_aggregated_spacer_ABE8e-SpRY_rep3_.staging_CRISPRessoPooled_on_ABE8e-SpRY_D4_rep3_CRISPResso_on_B2M	N	0.0	0.0	0.0	0.0	0.0	0.0	0.0	0.0	0.0	7.2775966464834656e-06	0.0	0.0	0.0	7.2775966464834656e-06	0.0	0.0	0.0	0.0	0.0	0.0
_scratch_st-cdeboer-1_asfar_VLPs_results_crispresso_aggregated_spacer_ABE8e-SpRY_rep3_.staging_CRISPRessoPooled_on_ABE8e-SpRY_D4_rep3_CRISPResso_on_B2M	-	0.0001164415463437	0.000181939916162	0.0001746623195156	0.0001746623195156	0.000196495109455	0.000196495109455	0.0002838262692128	0.0002838262692128	0.0003202142524452	0.0003202142524452	0.0003784350256171	0.0003566022356776	0.0003202142524452	0.0002983814625058	0.0002692710759198	0.0002692710759198	0.0002765486725663	0.0002692710759198	0.0002692710759198	0.000211050302748
_scratch_st-cdeboer-1_asfar_VLPs_results_crispresso_aggregated_spacer_ABE8e-SpRY_rep3_.staging_CRISPRessoPooled_on_ABE8e-SpRY_D5_rep3_CRISPResso_on_B2M	A	7.601094557616297e-05	3.800547278808149e-05	0.999721293199554	2.533698185872099e-05	0.0002280328367284	5.067396371744198e-05	0.0	0.9997719671632715	1.2668490929360494e-05	6.334245464680247e-05	0.0001013479274348	0.9996579507449072	1.2668490929360494e-05	2.533698185872099e-05	0.0002913752913752	1.2668490929360494e-05	0.0002913752913752	0.999683287726766	0.0	0.0
_scratch_st-cdeboer-1_asfar_VLPs_results_crispresso_aggregated_spacer_ABE8e-SpRY_rep3_.staging_CRISPRessoPooled_on_ABE8e-SpRY_D5_rep3_CRISPResso_on_B2M	T	0.0001266849092936	0.0002913752913752	0.0	0.0002533698185872	6.334245464680247e-05	8.867943650552347e-05	0.9971369210499644	3.800547278808149e-05	0.9894978210195602	7.601094557616297e-05	0.0001140164183642	0.0	5.067396371744198e-05	0.0002026958548697	3.800547278808149e-05	0.6734696462957332	0.0001140164183642	1.2668490929360494e-05	5.067396371744198e-05	0.9971622580318232
_scratch_st-cdeboer-1_asfar_VLPs_results_crispresso_aggregated_spacer_ABE8e-SpRY_rep3_.staging_CRISPRessoPooled_on_ABE8e-SpRY_D5_rep3_CRISPResso_on_B2M	C	0.0001013479274348	2.533698185872099e-05	1.2668490929360494e-05	7.601094557616297e-05	5.067396371744198e-05	0.9997719671632715	0.0026857200770244	0.0	0.0101094557616296	0.999683287726766	0.999645282253978	8.867943650552347e-05	0.0002280328367284	0.9995312658356136	5.067396371744198e-05	0.3264036687949731	0.0004814026553156	5.067396371744198e-05	0.0001900273639404	0.0025210296949427
_scratch_st-cdeboer-1_asfar_VLPs_results_crispresso_aggregated_spacer_ABE8e-SpRY_rep3_.staging_CRISPRessoPooled_on_ABE8e-SpRY_D5_rep3_CRISPResso_on_B2M	G	0.9996199452721192	0.999543934326543	0.0001900273639404	0.9995692713084018	0.9995692713084018	0.0	7.601094557616297e-05	8.867943650552347e-05	0.0002280328367284	2.533698185872099e-05	1.2668490929360494e-05	0.000177358873011	0.9996326137630486	2.533698185872099e-05	0.999442586399108	5.067396371744198e-05	0.999049863180298	0.0002280328367284	0.9997339616904836	0.0003040437823046
_scratch_st-cdeboer-1_asfar_VLPs_results_crispresso_aggregated_spacer_ABE8e-SpRY_rep3_.staging_CRISPRessoPooled_on_ABE8e-SpRY_D5_rep3_CRISPResso_on_B2M	N	0.0	0.0	0.0	0.0	0.0	0.0	0.0	0.0	0.0	0.0	0.0	0.0	0.0	2.533698185872099e-05	0.0	0.0	0.0	0.0	0.0	0.0
_scratch_st-cdeboer-1_asfar_VLPs_results_crispresso_aggregated_spacer_ABE8e-SpRY_rep3_.staging_CRISPRessoPooled_on_ABE8e-SpRY_D5_rep3_CRISPResso_on_B2M	-	7.601094557616297e-05	0.0001013479274348	7.601094557616297e-05	7.601094557616297e-05	8.867943650552347e-05	8.867943650552347e-05	0.0001013479274348	0.0001013479274348	0.0001520218911523	0.0001520218911523	0.0001266849092936	7.601094557616297e-05	7.601094557616297e-05	0.0001900273639404	0.000177358873011	6.334245464680247e-05	6.334245464680247e-05	2.533698185872099e-05	2.533698185872099e-05	1.2668490929360494e-05
