Folder	Nucleotide	G	G	C	C	C	A	G	A	C	T	G	A	G	C	A	C	G	T	G	A
_scratch_st-cdeboer-1_asfar_VLPs_results_crispresso_aggregated_spacer_ABE8e-SpRY_rep2_.staging_CRISPRessoPooled_on_ABE8e-SpRY_D0_rep2_CRISPResso_on_HEK3	A	0.0	0.0001783590963139	0.0	0.0001189060642092	0.0	0.9998810939357908	0.0	0.9998810939357908	0.0	0.0	0.0	0.999821640903686	0.0	0.0	0.9999405469678954	5.945303210463734e-05	5.945303210463734e-05	0.0	5.945303210463734e-05	0.9996432818073722
_scratch_st-cdeboer-1_asfar_VLPs_results_crispresso_aggregated_spacer_ABE8e-SpRY_rep2_.staging_CRISPRessoPooled_on_ABE8e-SpRY_D0_rep2_CRISPResso_on_HEK3	T	0.0001783590963139	0.0	0.0	0.0	0.0001189060642092	0.0	0.0001783590963139	5.945303210463734e-05	5.945303210463734e-05	0.999821640903686	0.0001783590963139	0.0	0.0	0.0002972651605231	0.0	0.0001189060642092	0.0001783590963139	0.999821640903686	0.0	0.0
_scratch_st-cdeboer-1_asfar_VLPs_results_crispresso_aggregated_spacer_ABE8e-SpRY_rep2_.staging_CRISPRessoPooled_on_ABE8e-SpRY_D0_rep2_CRISPResso_on_HEK3	C	0.0	0.0001189060642092	1.0	0.9998810939357908	0.9998810939357908	0.0	0.0001189060642092	5.945303210463734e-05	0.9999405469678954	0.0001189060642092	5.945303210463734e-05	0.0	0.0001189060642092	0.9996432818073722	0.0	0.9997621878715814	5.945303210463734e-05	0.0001189060642092	0.0001189060642092	0.0
_scratch_st-cdeboer-1_asfar_VLPs_results_crispresso_aggregated_spacer_ABE8e-SpRY_rep2_.staging_CRISPRessoPooled_on_ABE8e-SpRY_D0_rep2_CRISPResso_on_HEK3	G	0.999821640903686	0.9995838287752676	0.0	0.0	0.0	0.0001189060642092	0.9997027348394768	0.0	0.0	5.945303210463734e-05	0.9997621878715814	0.0001783590963139	0.9998810939357908	5.945303210463734e-05	5.945303210463734e-05	5.945303210463734e-05	0.9997027348394768	5.945303210463734e-05	0.999821640903686	0.0003567181926278
_scratch_st-cdeboer-1_asfar_VLPs_results_crispresso_aggregated_spacer_ABE8e-SpRY_rep2_.staging_CRISPRessoPooled_on_ABE8e-SpRY_D0_rep2_CRISPResso_on_HEK3	N	0.0	0.0	0.0	0.0	0.0	0.0	0.0	0.0	0.0	0.0	0.0	0.0	0.0	0.0	0.0	0.0	0.0	0.0	0.0	0.0
_scratch_st-cdeboer-1_asfar_VLPs_results_crispresso_aggregated_spacer_ABE8e-SpRY_rep2_.staging_CRISPRessoPooled_on_ABE8e-SpRY_D0_rep2_CRISPResso_on_HEK3	-	0.0	0.0001189060642092	0.0	0.0	0.0	0.0	0.0	0.0	0.0	0.0	0.0	0.0	0.0	0.0	0.0	0.0	0.0	0.0	0.0	0.0
_scratch_st-cdeboer-1_asfar_VLPs_results_crispresso_aggregated_spacer_ABE8e-SpRY_rep2_.staging_CRISPRessoPooled_on_ABE8e-SpRY_D1_rep2_CRISPResso_on_HEK3	A	0.0	6.113590511707526e-05	0.0	6.113590511707526e-05	0.0001222718102341	0.9970654765543804	6.113590511707526e-05	0.997554563795317	0.0	0.0	6.113590511707526e-05	0.9996943204744146	6.113590511707526e-05	6.113590511707526e-05	0.9998777281897658	0.0	6.113590511707526e-05	0.0	6.113590511707526e-05	0.999938864094883
_scratch_st-cdeboer-1_asfar_VLPs_results_crispresso_aggregated_spacer_ABE8e-SpRY_rep2_.staging_CRISPRessoPooled_on_ABE8e-SpRY_D1_rep2_CRISPResso_on_HEK3	T	0.0001222718102341	0.0	6.113590511707526e-05	0.0001222718102341	6.113590511707526e-05	6.113590511707526e-05	0.0	0.0	0.0	0.9998165922846488	6.113590511707526e-05	0.0	0.0	6.113590511707526e-05	0.0	0.0	0.0001222718102341	0.9997554563795316	6.113590511707526e-05	0.0
_scratch_st-cdeboer-1_asfar_VLPs_results_crispresso_aggregated_spacer_ABE8e-SpRY_rep2_.staging_CRISPRessoPooled_on_ABE8e-SpRY_D1_rep2_CRISPResso_on_HEK3	C	6.113590511707526e-05	0.0	0.999938864094883	0.9998165922846488	0.9998165922846488	0.0	0.0001222718102341	0.0	1.0	0.0001222718102341	0.0	0.0001834077153512	0.0	0.9998165922846488	0.0	1.0	0.0	0.0001222718102341	6.113590511707526e-05	6.113590511707526e-05
_scratch_st-cdeboer-1_asfar_VLPs_results_crispresso_aggregated_spacer_ABE8e-SpRY_rep2_.staging_CRISPRessoPooled_on_ABE8e-SpRY_D1_rep2_CRISPResso_on_HEK3	G	0.9998165922846488	0.9998165922846488	0.0	0.0	0.0	0.0028733875405025	0.9998165922846488	0.002445436204683	0.0	6.113590511707526e-05	0.9998777281897658	0.0001222718102341	0.999938864094883	6.113590511707526e-05	0.0001222718102341	0.0	0.9998165922846488	0.0001222718102341	0.9998165922846488	0.0
_scratch_st-cdeboer-1_asfar_VLPs_results_crispresso_aggregated_spacer_ABE8e-SpRY_rep2_.staging_CRISPRessoPooled_on_ABE8e-SpRY_D1_rep2_CRISPResso_on_HEK3	N	0.0	0.0	0.0	0.0	0.0	0.0	0.0	0.0	0.0	0.0	0.0	0.0	0.0	0.0	0.0	0.0	0.0	0.0	0.0	0.0
_scratch_st-cdeboer-1_asfar_VLPs_results_crispresso_aggregated_spacer_ABE8e-SpRY_rep2_.staging_CRISPRessoPooled_on_ABE8e-SpRY_D1_rep2_CRISPResso_on_HEK3	-	0.0	0.0001222718102341	0.0	0.0	0.0	0.0	0.0	0.0	0.0	0.0	0.0	0.0	0.0	0.0	0.0	0.0	0.0	0.0	0.0	0.0
_scratch_st-cdeboer-1_asfar_VLPs_results_crispresso_aggregated_spacer_ABE8e-SpRY_rep2_.staging_CRISPRessoPooled_on_ABE8e-SpRY_D2_rep2_CRISPResso_on_HEK3	A	8.721437292865864e-05	0.0	0.0	0.0002616431187859	8.721437292865864e-05	0.9525553811268096	8.721437292865864e-05	0.964503750218036	0.0	0.0	0.0	0.9996511425082854	0.0	0.0	0.9999127856270712	0.0	8.721437292865864e-05	0.0	0.0	0.9998255712541428
_scratch_st-cdeboer-1_asfar_VLPs_results_crispresso_aggregated_spacer_ABE8e-SpRY_rep2_.staging_CRISPRessoPooled_on_ABE8e-SpRY_D2_rep2_CRISPResso_on_HEK3	T	0.0	0.0	0.0001744287458573	0.0003488574917146	0.0002616431187859	0.0	0.0001744287458573	0.0	8.721437292865864e-05	0.999738356881214	0.0001744287458573	0.0	8.721437292865864e-05	0.0	0.0	0.0	0.0002616431187859	0.9999127856270712	8.721437292865864e-05	0.0
_scratch_st-cdeboer-1_asfar_VLPs_results_crispresso_aggregated_spacer_ABE8e-SpRY_rep2_.staging_CRISPRessoPooled_on_ABE8e-SpRY_D2_rep2_CRISPResso_on_HEK3	C	0.0	0.0001744287458573	0.9998255712541428	0.9993894993894994	0.999476713762428	0.0	8.721437292865864e-05	0.0	0.9999127856270712	0.0002616431187859	0.0	0.0002616431187859	0.0	1.0	0.0	1.0	0.0	0.0	8.721437292865864e-05	8.721437292865864e-05
_scratch_st-cdeboer-1_asfar_VLPs_results_crispresso_aggregated_spacer_ABE8e-SpRY_rep2_.staging_CRISPRessoPooled_on_ABE8e-SpRY_D2_rep2_CRISPResso_on_HEK3	G	0.9999127856270712	0.999738356881214	0.0	0.0	0.0001744287458573	0.0474446188731903	0.9996511425082854	0.035496249781964	0.0	0.0	0.9998255712541428	8.721437292865864e-05	0.9999127856270712	0.0	8.721437292865864e-05	0.0	0.9996511425082854	8.721437292865864e-05	0.9998255712541428	8.721437292865864e-05
_scratch_st-cdeboer-1_asfar_VLPs_results_crispresso_aggregated_spacer_ABE8e-SpRY_rep2_.staging_CRISPRessoPooled_on_ABE8e-SpRY_D2_rep2_CRISPResso_on_HEK3	N	0.0	0.0	0.0	0.0	0.0	0.0	0.0	0.0	0.0	0.0	0.0	0.0	0.0	0.0	0.0	0.0	0.0	0.0	0.0	0.0
_scratch_st-cdeboer-1_asfar_VLPs_results_crispresso_aggregated_spacer_ABE8e-SpRY_rep2_.staging_CRISPRessoPooled_on_ABE8e-SpRY_D2_rep2_CRISPResso_on_HEK3	-	0.0	8.721437292865864e-05	0.0	0.0	0.0	0.0	0.0	0.0	0.0	0.0	0.0	0.0	0.0	0.0	0.0	0.0	0.0	0.0	0.0	0.0
_scratch_st-cdeboer-1_asfar_VLPs_results_crispresso_aggregated_spacer_ABE8e-SpRY_rep2_.staging_CRISPRessoPooled_on_ABE8e-SpRY_D3_rep2_CRISPResso_on_HEK3	A	0.0	8.2223318533136e-05	0.0	5.481554568875733e-05	0.0004111165926656	0.9280271885106616	5.481554568875733e-05	0.943402949076358	2.7407772844378667e-05	0.0	0.0	0.9997533300444006	0.0	0.0	0.9999177766814668	8.2223318533136e-05	0.0	0.0	2.7407772844378667e-05	0.999862961135778
_scratch_st-cdeboer-1_asfar_VLPs_results_crispresso_aggregated_spacer_ABE8e-SpRY_rep2_.staging_CRISPRessoPooled_on_ABE8e-SpRY_D3_rep2_CRISPResso_on_HEK3	T	8.2223318533136e-05	0.0001370388642218	0.0	0.0004933399111988	0.0009318642767088	0.0	0.0001644466370662	5.481554568875733e-05	2.7407772844378667e-05	0.9999177766814668	0.0	0.0	0.0	8.2223318533136e-05	0.0	0.0001096310913775	8.2223318533136e-05	0.9998355533629336	8.2223318533136e-05	0.0
_scratch_st-cdeboer-1_asfar_VLPs_results_crispresso_aggregated_spacer_ABE8e-SpRY_rep2_.staging_CRISPRessoPooled_on_ABE8e-SpRY_D3_rep2_CRISPResso_on_HEK3	C	0.0	2.7407772844378667e-05	1.0	0.9993696212245792	0.9984651647207148	0.0001644466370662	0.0	8.2223318533136e-05	0.999862961135778	5.481554568875733e-05	2.7407772844378667e-05	5.481554568875733e-05	0.0001096310913775	0.9999177766814668	2.7407772844378667e-05	0.999780737817245	0.0001644466370662	5.481554568875733e-05	0.0001644466370662	5.481554568875733e-05
_scratch_st-cdeboer-1_asfar_VLPs_results_crispresso_aggregated_spacer_ABE8e-SpRY_rep2_.staging_CRISPRessoPooled_on_ABE8e-SpRY_D3_rep2_CRISPResso_on_HEK3	G	0.999862961135778	0.9995888834073344	0.0	8.2223318533136e-05	0.0001644466370662	0.0718083648522721	0.999780737817245	0.05646001205942	8.2223318533136e-05	2.7407772844378667e-05	0.9999725922271556	0.0001918544099106	0.9998903689086224	0.0	5.481554568875733e-05	2.7407772844378667e-05	0.9997533300444006	0.0001096310913775	0.9997259222715562	8.2223318533136e-05
_scratch_st-cdeboer-1_asfar_VLPs_results_crispresso_aggregated_spacer_ABE8e-SpRY_rep2_.staging_CRISPRessoPooled_on_ABE8e-SpRY_D3_rep2_CRISPResso_on_HEK3	N	0.0	0.0	0.0	0.0	0.0	0.0	0.0	0.0	0.0	0.0	0.0	0.0	0.0	0.0	0.0	0.0	0.0	0.0	0.0	0.0
_scratch_st-cdeboer-1_asfar_VLPs_results_crispresso_aggregated_spacer_ABE8e-SpRY_rep2_.staging_CRISPRessoPooled_on_ABE8e-SpRY_D3_rep2_CRISPResso_on_HEK3	-	5.481554568875733e-05	0.0001644466370662	0.0	0.0	2.7407772844378667e-05	0.0	0.0	0.0	0.0	0.0	0.0	0.0	0.0	0.0	0.0	0.0	0.0	0.0	0.0	0.0
_scratch_st-cdeboer-1_asfar_VLPs_results_crispresso_aggregated_spacer_ABE8e-SpRY_rep2_.staging_CRISPRessoPooled_on_ABE8e-SpRY_D4_rep2_CRISPResso_on_HEK3	A	0.0	5.754733268113023e-05	5.754733268113023e-05	0.0006330206594924	0.0021292513092018	0.677447200322265	0.0	0.748115324854693	5.754733268113023e-05	0.0	0.0	0.9990216953444208	5.754733268113023e-05	0.0001150946653622	0.9996547160039132	0.0001150946653622	0.0001150946653622	0.0	0.0	0.9998273580019568
_scratch_st-cdeboer-1_asfar_VLPs_results_crispresso_aggregated_spacer_ABE8e-SpRY_rep2_.staging_CRISPRessoPooled_on_ABE8e-SpRY_D4_rep2_CRISPResso_on_HEK3	T	5.754733268113023e-05	0.0	0.0002877366634056	0.0023018933072452	0.0016113253150716	0.0001150946653622	0.0002877366634056	0.0	5.754733268113023e-05	0.9993669793405076	0.0001726419980433	0.0	0.0001150946653622	0.0001150946653622	0.0	0.0001150946653622	0.0	0.99948207400587	5.754733268113023e-05	0.0
_scratch_st-cdeboer-1_asfar_VLPs_results_crispresso_aggregated_spacer_ABE8e-SpRY_rep2_.staging_CRISPRessoPooled_on_ABE8e-SpRY_D4_rep2_CRISPResso_on_HEK3	C	0.0	0.0001150946653622	0.99948207400587	0.9962018760430454	0.9934971514070324	0.0003452839960867	0.0001726419980433	0.0	0.9991943373424642	0.0	0.0	5.754733268113023e-05	5.754733268113023e-05	0.999539621338551	0.0	0.99948207400587	0.0001150946653622	5.754733268113023e-05	0.0001726419980433	0.0
_scratch_st-cdeboer-1_asfar_VLPs_results_crispresso_aggregated_spacer_ABE8e-SpRY_rep2_.staging_CRISPRessoPooled_on_ABE8e-SpRY_D4_rep2_CRISPResso_on_HEK3	G	0.9997698106692756	0.9993094320078264	0.0	0.0006330206594924	0.0023018933072452	0.3214594003567935	0.9990216953444208	0.2512516544858146	0.0001726419980433	0.0001150946653622	0.9993094320078264	0.0005179259941301	0.999539621338551	0.0	0.0001150946653622	5.754733268113023e-05	0.999539621338551	0.0002301893307245	0.999539621338551	0.0
_scratch_st-cdeboer-1_asfar_VLPs_results_crispresso_aggregated_spacer_ABE8e-SpRY_rep2_.staging_CRISPRessoPooled_on_ABE8e-SpRY_D4_rep2_CRISPResso_on_HEK3	N	0.0	0.0	0.0	0.0	0.0	0.0	0.0	0.0	0.0	0.0	0.0	0.0	0.0	0.0	0.0	0.0	0.0	0.0	0.0	0.0
_scratch_st-cdeboer-1_asfar_VLPs_results_crispresso_aggregated_spacer_ABE8e-SpRY_rep2_.staging_CRISPRessoPooled_on_ABE8e-SpRY_D4_rep2_CRISPResso_on_HEK3	-	0.0001726419980433	0.0005179259941301	0.0001726419980433	0.0002301893307245	0.000460378661449	0.0006330206594924	0.0005179259941301	0.0006330206594924	0.0005179259941301	0.0005179259941301	0.0005179259941301	0.0004028313287679	0.0002301893307245	0.0002301893307245	0.0002301893307245	0.0002301893307245	0.0002301893307245	0.0002301893307245	0.0002301893307245	0.0001726419980433
_scratch_st-cdeboer-1_asfar_VLPs_results_crispresso_aggregated_spacer_ABE8e-SpRY_rep2_.staging_CRISPRessoPooled_on_ABE8e-SpRY_D5_rep2_CRISPResso_on_HEK3	A	5.396654074473826e-05	5.396654074473826e-05	0.0001079330814894	0.0007015650296815	0.00102536427415	0.738451160280626	2.698327037236913e-05	0.7999460334592553	5.396654074473826e-05	0.0	0.0	0.9990016189962224	2.698327037236913e-05	2.698327037236913e-05	0.9993254182406908	0.0	2.698327037236913e-05	0.0	2.698327037236913e-05	0.999568267674042
_scratch_st-cdeboer-1_asfar_VLPs_results_crispresso_aggregated_spacer_ABE8e-SpRY_rep2_.staging_CRISPRessoPooled_on_ABE8e-SpRY_D5_rep2_CRISPResso_on_HEK3	T	8.09498111171074e-05	2.698327037236913e-05	0.0001618996222342	0.0014301133297355	0.0022126281705342	0.0001079330814894	5.396654074473826e-05	0.0001079330814894	0.0001079330814894	0.9995143011332972	0.0001349163518618	0.0	5.396654074473826e-05	0.0	0.0	5.396654074473826e-05	5.396654074473826e-05	0.9993254182406908	0.0001079330814894	0.0
_scratch_st-cdeboer-1_asfar_VLPs_results_crispresso_aggregated_spacer_ABE8e-SpRY_rep2_.staging_CRISPRessoPooled_on_ABE8e-SpRY_D5_rep2_CRISPResso_on_HEK3	C	2.698327037236913e-05	2.698327037236913e-05	0.9996222342147868	0.9971397733405288	0.9955747436589316	0.0001079330814894	0.0001079330814894	0.0001888828926065	0.9993524015110632	5.396654074473826e-05	2.698327037236913e-05	8.09498111171074e-05	0.0	0.9994603345925526	5.396654074473826e-05	0.9994063680518078	0.0001888828926065	2.698327037236913e-05	0.0001079330814894	2.698327037236913e-05
_scratch_st-cdeboer-1_asfar_VLPs_results_crispresso_aggregated_spacer_ABE8e-SpRY_rep2_.staging_CRISPRessoPooled_on_ABE8e-SpRY_D5_rep2_CRISPResso_on_HEK3	G	0.999784133837021	0.999568267674042	0.0	0.0005396654074473	0.0009174311926605	0.2608472746896924	0.9994333513221804	0.1991365353480841	0.0	5.396654074473826e-05	0.9993254182406908	0.0004047490555855	0.9994063680518078	0.0	0.0001079330814894	2.698327037236913e-05	0.9992174851592012	8.09498111171074e-05	0.999271451699946	2.698327037236913e-05
_scratch_st-cdeboer-1_asfar_VLPs_results_crispresso_aggregated_spacer_ABE8e-SpRY_rep2_.staging_CRISPRessoPooled_on_ABE8e-SpRY_D5_rep2_CRISPResso_on_HEK3	N	0.0	0.0	0.0	0.0	0.0	0.0	0.0	0.0	0.0	0.0	0.0	0.0	0.0	0.0	0.0	0.0	0.0	0.0	0.0	0.0
_scratch_st-cdeboer-1_asfar_VLPs_results_crispresso_aggregated_spacer_ABE8e-SpRY_rep2_.staging_CRISPRessoPooled_on_ABE8e-SpRY_D5_rep2_CRISPResso_on_HEK3	-	5.396654074473826e-05	0.0003237992444684	0.0001079330814894	0.0001888828926065	0.0002698327037236	0.0004856988667026	0.0003777657852131	0.0006206152185644	0.0004856988667026	0.0003777657852131	0.000512682137075	0.000512682137075	0.000512682137075	0.000512682137075	0.000512682137075	0.000512682137075	0.000512682137075	0.0005666486778197	0.0004856988667026	0.0003777657852131
