Folder	Nucleotide	C	A	C	C	T	A	C	C	T	A	A	G	A	A	C	C	A	T	C	C
_scratch_st-cdeboer-1_asfar_VLPs_results_crispresso_aggregated_spacer_ABE8e_rep2_.staging_CRISPRessoPooled_on_ABE8e_D0_rep2_CRISPResso_on_PDCD1	A	6.04037993989822e-05	0.9998338895516528	3.0201899699491097e-05	7.550474924872775e-05	0.0	0.9998338895516528	9.060569909847328e-05	9.060569909847328e-05	1.5100949849745549e-05	0.999939596200601	0.999758384802404	6.04037993989822e-05	0.9997130819528548	0.9998640914513522	4.530284954923664e-05	1.5100949849745549e-05	0.9998640914513522	0.0	6.04037993989822e-05	0.0001057066489482
_scratch_st-cdeboer-1_asfar_VLPs_results_crispresso_aggregated_spacer_ABE8e_rep2_.staging_CRISPRessoPooled_on_ABE8e_D0_rep2_CRISPResso_on_PDCD1	T	3.0201899699491097e-05	1.5100949849745549e-05	4.530284954923664e-05	6.04037993989822e-05	0.9998036876519532	1.5100949849745549e-05	4.530284954923664e-05	6.04037993989822e-05	0.9995922743540568	0.0	0.0	0.0001057066489482	0.0	1.5100949849745549e-05	0.0	4.530284954923664e-05	0.0	0.9996677791033056	3.0201899699491097e-05	4.530284954923664e-05
_scratch_st-cdeboer-1_asfar_VLPs_results_crispresso_aggregated_spacer_ABE8e_rep2_.staging_CRISPRessoPooled_on_ABE8e_D0_rep2_CRISPResso_on_PDCD1	C	0.999879192401202	4.530284954923664e-05	0.9999093943009016	0.9998489905015026	0.0001359085486477	3.0201899699491097e-05	0.9998489905015026	0.9998036876519532	0.0001359085486477	0.0	4.530284954923664e-05	3.0201899699491097e-05	0.0001359085486477	6.04037993989822e-05	0.999939596200601	0.999879192401202	3.0201899699491097e-05	0.0002567161474456	0.9998942933510516	0.9998338895516528
_scratch_st-cdeboer-1_asfar_VLPs_results_crispresso_aggregated_spacer_ABE8e_rep2_.staging_CRISPRessoPooled_on_ABE8e_D0_rep2_CRISPResso_on_PDCD1	G	1.5100949849745549e-05	9.060569909847328e-05	0.0	0.0	4.530284954923664e-05	0.0001057066489482	0.0	3.0201899699491097e-05	0.0002265142477461	4.530284954923664e-05	0.0001208075987979	0.9997885867021036	0.0001359085486477	4.530284954923664e-05	0.0	4.530284954923664e-05	9.060569909847328e-05	6.04037993989822e-05	0.0	0.0
_scratch_st-cdeboer-1_asfar_VLPs_results_crispresso_aggregated_spacer_ABE8e_rep2_.staging_CRISPRessoPooled_on_ABE8e_D0_rep2_CRISPResso_on_PDCD1	N	0.0	0.0	0.0	0.0	0.0	0.0	0.0	0.0	0.0	0.0	0.0	0.0	0.0	0.0	0.0	0.0	0.0	0.0	0.0	0.0
_scratch_st-cdeboer-1_asfar_VLPs_results_crispresso_aggregated_spacer_ABE8e_rep2_.staging_CRISPRessoPooled_on_ABE8e_D0_rep2_CRISPResso_on_PDCD1	-	1.5100949849745549e-05	1.5100949849745549e-05	1.5100949849745549e-05	1.5100949849745549e-05	1.5100949849745549e-05	1.5100949849745549e-05	1.5100949849745549e-05	1.5100949849745549e-05	3.0201899699491097e-05	1.5100949849745549e-05	7.550474924872775e-05	1.5100949849745549e-05	1.5100949849745549e-05	1.5100949849745549e-05	1.5100949849745549e-05	1.5100949849745549e-05	1.5100949849745549e-05	1.5100949849745549e-05	1.5100949849745549e-05	1.5100949849745549e-05
_scratch_st-cdeboer-1_asfar_VLPs_results_crispresso_aggregated_spacer_ABE8e_rep2_.staging_CRISPRessoPooled_on_ABE8e_D1_rep2_CRISPResso_on_PDCD1	A	1.626227801990503e-05	0.9983575099199896	3.252455603981006e-05	6.504911207962011e-05	0.0	0.9861608014050608	1.626227801990503e-05	4.878683405971508e-05	0.0	0.9955116112665062	0.9996259676055422	0.0001951473362388	0.9997235412736616	0.9998861640538608	1.626227801990503e-05	6.504911207962011e-05	0.9998048526637612	1.626227801990503e-05	6.504911207962011e-05	8.131139009952515e-05
_scratch_st-cdeboer-1_asfar_VLPs_results_crispresso_aggregated_spacer_ABE8e_rep2_.staging_CRISPRessoPooled_on_ABE8e_D1_rep2_CRISPResso_on_PDCD1	T	1.626227801990503e-05	6.504911207962011e-05	9.757366811943016e-05	4.878683405971508e-05	0.9998048526637612	1.626227801990503e-05	6.504911207962011e-05	0.0001463605021791	0.9998373772198008	0.0	0.0	8.131139009952515e-05	3.252455603981006e-05	0.0	6.504911207962011e-05	3.252455603981006e-05	0.0	0.999658492161582	1.626227801990503e-05	3.252455603981006e-05
_scratch_st-cdeboer-1_asfar_VLPs_results_crispresso_aggregated_spacer_ABE8e_rep2_.staging_CRISPRessoPooled_on_ABE8e_D1_rep2_CRISPResso_on_PDCD1	C	0.9998373772198008	4.878683405971508e-05	0.9998048526637612	0.9998536394978208	9.757366811943016e-05	3.252455603981006e-05	0.9998861640538608	0.9997072789956416	8.131139009952515e-05	1.626227801990503e-05	8.131139009952515e-05	3.252455603981006e-05	6.504911207962011e-05	1.626227801990503e-05	0.9999186886099004	0.9998861640538608	4.878683405971508e-05	0.0002276718922786	0.9998861640538608	0.9998699017758408
_scratch_st-cdeboer-1_asfar_VLPs_results_crispresso_aggregated_spacer_ABE8e_rep2_.staging_CRISPRessoPooled_on_ABE8e_D1_rep2_CRISPResso_on_PDCD1	G	1.626227801990503e-05	0.0014961295778312	3.252455603981006e-05	0.0	6.504911207962011e-05	0.0137578872048396	0.0	6.504911207962011e-05	8.131139009952515e-05	0.0044721264554738	0.0002601964483184	0.9996910167176218	0.0001788850582189	9.757366811943016e-05	0.0	1.626227801990503e-05	0.0001463605021791	9.757366811943016e-05	3.252455603981006e-05	1.626227801990503e-05
_scratch_st-cdeboer-1_asfar_VLPs_results_crispresso_aggregated_spacer_ABE8e_rep2_.staging_CRISPRessoPooled_on_ABE8e_D1_rep2_CRISPResso_on_PDCD1	N	0.0	0.0	0.0	0.0	0.0	0.0	0.0	0.0	0.0	0.0	0.0	0.0	0.0	0.0	0.0	0.0	0.0	0.0	0.0	0.0
_scratch_st-cdeboer-1_asfar_VLPs_results_crispresso_aggregated_spacer_ABE8e_rep2_.staging_CRISPRessoPooled_on_ABE8e_D1_rep2_CRISPResso_on_PDCD1	-	0.0001138359461393	3.252455603981006e-05	3.252455603981006e-05	3.252455603981006e-05	3.252455603981006e-05	3.252455603981006e-05	3.252455603981006e-05	3.252455603981006e-05	0.0	0.0	3.252455603981006e-05	0.0	0.0	0.0	0.0	0.0	0.0	0.0	0.0	0.0
_scratch_st-cdeboer-1_asfar_VLPs_results_crispresso_aggregated_spacer_ABE8e_rep2_.staging_CRISPRessoPooled_on_ABE8e_D2_rep2_CRISPResso_on_PDCD1	A	4.830217842824711e-05	0.9770323141573684	0.0001449065352847	0.0003139641597836	0.0	0.8148819011737429	0.0003622663382118	0.0001932087137129	0.0	0.9356131961551466	0.9962324300825968	4.830217842824711e-05	0.999251316234362	0.9995652803941458	0.0	4.830217842824711e-05	0.9996860358402164	0.0	2.415108921412356e-05	4.830217842824711e-05
_scratch_st-cdeboer-1_asfar_VLPs_results_crispresso_aggregated_spacer_ABE8e_rep2_.staging_CRISPRessoPooled_on_ABE8e_D2_rep2_CRISPResso_on_PDCD1	T	4.830217842824711e-05	0.0	2.415108921412356e-05	0.0007728348548519	0.999613582572574	0.0001690576244988	0.0002173598029271	0.0001932087137129	0.9997826401970727	0.0	0.0	9.660435685649422e-05	2.415108921412356e-05	0.0	2.415108921412356e-05	9.660435685649422e-05	0.0	0.999613582572574	0.0	7.245326764237067e-05
_scratch_st-cdeboer-1_asfar_VLPs_results_crispresso_aggregated_spacer_ABE8e_rep2_.staging_CRISPRessoPooled_on_ABE8e_D2_rep2_CRISPResso_on_PDCD1	C	0.9997343380186446	4.830217842824711e-05	0.9996860358402164	0.9985509346471526	0.0001690576244988	2.415108921412356e-05	0.9991788629667198	0.998840747717722	7.245326764237067e-05	2.415108921412356e-05	0.0	2.415108921412356e-05	0.0001690576244988	4.830217842824711e-05	0.9997826401970727	0.9996860358402164	7.245326764237067e-05	0.0001932087137129	0.9998550934647152	0.9997584891078588
_scratch_st-cdeboer-1_asfar_VLPs_results_crispresso_aggregated_spacer_ABE8e_rep2_.staging_CRISPRessoPooled_on_ABE8e_D2_rep2_CRISPResso_on_PDCD1	G	4.830217842824711e-05	0.0227986282181326	2.415108921412356e-05	0.0002415108921412	0.0001207554460706	0.1848282857556875	0.0001207554460706	0.0006520794087813	2.415108921412356e-05	0.0642418973095686	0.0035985122929044	0.9997343380186446	0.0004588706950683	0.0002173598029271	2.415108921412356e-05	0.0	7.245326764237067e-05	9.660435685649422e-05	2.415108921412356e-05	2.415108921412356e-05
_scratch_st-cdeboer-1_asfar_VLPs_results_crispresso_aggregated_spacer_ABE8e_rep2_.staging_CRISPRessoPooled_on_ABE8e_D2_rep2_CRISPResso_on_PDCD1	N	0.0	0.0	0.0	0.0	0.0	0.0	0.0	0.0	0.0	0.0	0.0	0.0	0.0	0.0	0.0	0.0	0.0	0.0	0.0	0.0
_scratch_st-cdeboer-1_asfar_VLPs_results_crispresso_aggregated_spacer_ABE8e_rep2_.staging_CRISPRessoPooled_on_ABE8e_D2_rep2_CRISPResso_on_PDCD1	-	0.0001207554460706	0.0001207554460706	0.0001207554460706	0.0001207554460706	9.660435685649422e-05	9.660435685649422e-05	0.0001207554460706	0.0001207554460706	0.0001207554460706	0.0001207554460706	0.0001690576244988	9.660435685649422e-05	9.660435685649422e-05	0.0001690576244988	0.0001690576244988	0.0001690576244988	0.0001690576244988	9.660435685649422e-05	9.660435685649422e-05	9.660435685649422e-05
_scratch_st-cdeboer-1_asfar_VLPs_results_crispresso_aggregated_spacer_ABE8e_rep2_.staging_CRISPRessoPooled_on_ABE8e_D3_rep2_CRISPResso_on_PDCD1	A	8.550036032294708e-05	0.9589476127077964	2.442867437798488e-05	0.0001832150578348	0.0	0.6651195172893943	0.0004397161388037	0.0003542157784807	2.442867437798488e-05	0.877258125587815	0.991950751792454	0.0001221433718899	0.9992427110942824	0.9994869978380624	1.221433718899244e-05	3.664301156697732e-05	0.9997679275934092	1.221433718899244e-05	3.664301156697732e-05	6.107168594496219e-05
_scratch_st-cdeboer-1_asfar_VLPs_results_crispresso_aggregated_spacer_ABE8e_rep2_.staging_CRISPRessoPooled_on_ABE8e_D3_rep2_CRISPResso_on_PDCD1	T	4.885734875596976e-05	0.0	6.107168594496219e-05	0.0004763591503707	0.9996579985587082	0.0001221433718899	0.0010382186610643	0.0002320724065908	0.9994259261521172	2.442867437798488e-05	0.0	0.0001221433718899	1.221433718899244e-05	3.664301156697732e-05	4.885734875596976e-05	2.442867437798488e-05	0.0	0.9994747835008734	8.550036032294708e-05	2.442867437798488e-05
_scratch_st-cdeboer-1_asfar_VLPs_results_crispresso_aggregated_spacer_ABE8e_rep2_.staging_CRISPRessoPooled_on_ABE8e_D3_rep2_CRISPResso_on_PDCD1	C	0.9995847125355742	2.442867437798488e-05	0.9996824272330862	0.9989007096529908	9.771469751193952e-05	9.771469751193952e-05	0.9981678494216512	0.9985587082116988	6.107168594496219e-05	3.664301156697732e-05	3.664301156697732e-05	1.221433718899244e-05	8.550036032294708e-05	6.107168594496219e-05	0.99975571325622	0.99975571325622	6.107168594496219e-05	0.0002931440925358	0.9997923562677872	0.9997679275934092
_scratch_st-cdeboer-1_asfar_VLPs_results_crispresso_aggregated_spacer_ABE8e_rep2_.staging_CRISPRessoPooled_on_ABE8e_D3_rep2_CRISPResso_on_PDCD1	G	6.107168594496219e-05	0.0408081005484237	2.442867437798488e-05	0.0002442867437798	6.107168594496219e-05	0.334428552234613	4.885734875596976e-05	0.0004641448131817	0.0001221433718899	0.1223510156221372	0.0077561041150101	0.9995236408496292	0.0004763591503707	0.0002320724065908	0.0	0.0	0.0001099290347009	0.0001587863834569	2.442867437798488e-05	8.550036032294708e-05
_scratch_st-cdeboer-1_asfar_VLPs_results_crispresso_aggregated_spacer_ABE8e_rep2_.staging_CRISPRessoPooled_on_ABE8e_D3_rep2_CRISPResso_on_PDCD1	N	0.0	0.0	1.221433718899244e-05	0.0	0.0	0.0	0.0	0.0	0.0	0.0	0.0	0.0	0.0	0.0	0.0	0.0	0.0	0.0	0.0	0.0
_scratch_st-cdeboer-1_asfar_VLPs_results_crispresso_aggregated_spacer_ABE8e_rep2_.staging_CRISPRessoPooled_on_ABE8e_D3_rep2_CRISPResso_on_PDCD1	-	0.0002198580694018	0.0002198580694018	0.0001954293950238	0.0001954293950238	0.0001832150578348	0.0002320724065908	0.0003053584297248	0.0003908587900477	0.0003664301156697	0.0003297871041027	0.0002565010809688	0.0002198580694018	0.0001832150578348	0.0001832150578348	0.0001832150578348	0.0001832150578348	6.107168594496219e-05	6.107168594496219e-05	6.107168594496219e-05	6.107168594496219e-05
_scratch_st-cdeboer-1_asfar_VLPs_results_crispresso_aggregated_spacer_ABE8e_rep2_.staging_CRISPRessoPooled_on_ABE8e_D4_rep2_CRISPResso_on_PDCD1	A	7.029959343401798e-05	0.9342347303424762	7.029959343401798e-05	0.000210898780302	8.201619233968763e-05	0.4818685631934762	0.0007967287255855	0.0002226153792077	2.3433197811339324e-05	0.8055513245615062	0.9896893929630108	4.686639562267865e-05	0.9988166235105274	0.9993204372634712	3.514979671700899e-05	4.686639562267865e-05	0.9996016356372072	1.1716598905669662e-05	2.3433197811339324e-05	7.029959343401798e-05
_scratch_st-cdeboer-1_asfar_VLPs_results_crispresso_aggregated_spacer_ABE8e_rep2_.staging_CRISPRessoPooled_on_ABE8e_D4_rep2_CRISPResso_on_PDCD1	T	7.029959343401798e-05	2.3433197811339324e-05	5.858299452834831e-05	0.0005975465441891	0.9994961862470562	7.029959343401798e-05	0.0017809230336617	0.000246048577019	0.9994376032525278	5.858299452834831e-05	0.0	9.37327912453573e-05	3.514979671700899e-05	0.0	3.514979671700899e-05	4.686639562267865e-05	0.0	0.9995196194448676	2.3433197811339324e-05	2.3433197811339324e-05
_scratch_st-cdeboer-1_asfar_VLPs_results_crispresso_aggregated_spacer_ABE8e_rep2_.staging_CRISPRessoPooled_on_ABE8e_D4_rep2_CRISPResso_on_PDCD1	C	0.9997773846207922	4.686639562267865e-05	0.9997422348240752	0.998230793565244	0.000316348170453	3.514979671700899e-05	0.9969419676856204	0.9984534089444516	7.029959343401798e-05	0.0001874655824907	1.1716598905669662e-05	4.686639562267865e-05	3.514979671700899e-05	7.029959343401798e-05	0.9996367854339242	0.9996016356372072	3.514979671700899e-05	0.000175748983585	0.9997070850273584	0.9996367854339242
_scratch_st-cdeboer-1_asfar_VLPs_results_crispresso_aggregated_spacer_ABE8e_rep2_.staging_CRISPRessoPooled_on_ABE8e_D4_rep2_CRISPResso_on_PDCD1	G	0.0	0.0656129538717501	1.1716598905669662e-05	0.0008318785223025	2.3433197811339324e-05	0.517873671630599	0.0002226153792077	0.0005623967474721	7.029959343401798e-05	0.1937339629052478	0.0098888094763851	0.9994961862470562	0.0007967287255855	0.0003397813682644	2.3433197811339324e-05	2.3433197811339324e-05	0.0001171659890566	5.858299452834831e-05	1.1716598905669662e-05	2.3433197811339324e-05
_scratch_st-cdeboer-1_asfar_VLPs_results_crispresso_aggregated_spacer_ABE8e_rep2_.staging_CRISPRessoPooled_on_ABE8e_D4_rep2_CRISPResso_on_PDCD1	N	0.0	0.0	0.0	0.0	0.0	0.0	0.0	0.0	0.0	0.0	0.0	0.0	0.0	0.0	0.0	1.1716598905669662e-05	0.0	0.0	0.0	1.1716598905669662e-05
_scratch_st-cdeboer-1_asfar_VLPs_results_crispresso_aggregated_spacer_ABE8e_rep2_.staging_CRISPRessoPooled_on_ABE8e_D4_rep2_CRISPResso_on_PDCD1	-	8.201619233968763e-05	8.201619233968763e-05	0.0001171659890566	0.0001288825879623	8.201619233968763e-05	0.0001523157857737	0.0002577651759247	0.0005155303518494	0.0003983643627927	0.0004686639562267	0.0004100809616984	0.000316348170453	0.000316348170453	0.0002694817748304	0.0002694817748304	0.0002694817748304	0.000246048577019	0.0002343319781133	0.0002343319781133	0.0002343319781133
_scratch_st-cdeboer-1_asfar_VLPs_results_crispresso_aggregated_spacer_ABE8e_rep2_.staging_CRISPRessoPooled_on_ABE8e_D5_rep2_CRISPResso_on_PDCD1	A	9.261987959415652e-05	0.9170210078726898	7.577990148612806e-05	0.0003873194964846	3.367995621605692e-05	0.3557782174883173	0.0006735991243211	0.0003115395949985	0.0	0.7541363196227845	0.9860312381593904	9.261987959415652e-05	0.9990148612806804	0.999376920810003	8.41998905401423e-06	2.525996716204269e-05	0.9997305603502716	8.41998905401423e-06	6.735991243211384e-05	5.893992337809961e-05
_scratch_st-cdeboer-1_asfar_VLPs_results_crispresso_aggregated_spacer_ABE8e_rep2_.staging_CRISPRessoPooled_on_ABE8e_D5_rep2_CRISPResso_on_PDCD1	T	5.051993432408538e-05	8.41998905401423e-06	5.051993432408538e-05	0.0004546794089167	0.9996716204268934	0.0001768197701342	0.0015155980297225	0.0007998989601313	0.9995284806129752	0.0001347198248642	0.0	9.261987959415652e-05	0.0	8.41998905401423e-06	3.367995621605692e-05	5.893992337809961e-05	1.683997810802846e-05	0.9994695406895971	3.367995621605692e-05	3.367995621605692e-05
_scratch_st-cdeboer-1_asfar_VLPs_results_crispresso_aggregated_spacer_ABE8e_rep2_.staging_CRISPRessoPooled_on_ABE8e_D5_rep2_CRISPResso_on_PDCD1	C	0.9996547804487854	0.0001178798467561	0.9996968803940556	0.9980044625941986	8.419989054014229e-05	4.2099945270071146e-05	0.9974150633604176	0.9978950027364965	8.419989054014229e-05	0.0002694396497284	1.683997810802846e-05	2.525996716204269e-05	0.0001852397591883	2.525996716204269e-05	0.9997474003283796	0.9996968803940556	2.525996716204269e-05	0.0002189197154043	0.9996800404159476	0.9996968803940556
_scratch_st-cdeboer-1_asfar_VLPs_results_crispresso_aggregated_spacer_ABE8e_rep2_.staging_CRISPRessoPooled_on_ABE8e_D5_rep2_CRISPResso_on_PDCD1	G	1.683997810802846e-05	0.0826000926198795	8.41998905401423e-06	0.0009851387193196	4.2099945270071146e-05	0.6438260430261441	0.0001178798467561	0.0005304593104028	7.577990148612806e-05	0.2451479813076243	0.0138256220266913	0.9996884604050016	0.0006988590914831	0.0003957394855386	0.0	8.41998905401423e-06	7.577990148612806e-05	0.0001010398686481	1.683997810802846e-05	8.41998905401423e-06
_scratch_st-cdeboer-1_asfar_VLPs_results_crispresso_aggregated_spacer_ABE8e_rep2_.staging_CRISPRessoPooled_on_ABE8e_D5_rep2_CRISPResso_on_PDCD1	N	0.0	0.0	0.0	0.0	0.0	0.0	0.0	0.0	0.0	0.0	0.0	0.0	0.0	0.0	0.0	0.0	0.0	0.0	0.0	0.0
_scratch_st-cdeboer-1_asfar_VLPs_results_crispresso_aggregated_spacer_ABE8e_rep2_.staging_CRISPRessoPooled_on_ABE8e_D5_rep2_CRISPResso_on_PDCD1	-	0.0001852397591883	0.0002525996716204	0.0001683997810802	0.0001683997810802	0.0001683997810802	0.0001768197701342	0.0002778596387824	0.0004630993979707	0.0003115395949985	0.0003115395949985	0.0001262998358102	0.0001010398686481	0.0001010398686481	0.0001936597482423	0.0002104997263503	0.0002104997263503	0.0001515598029722	0.0002020797372963	0.0002020797372963	0.0002020797372963
