Folder	Nucleotide	G	G	A	G	G	C	T	A	T	C	C	A	G	C	G	T	G	A	G	T
_scratch_st-cdeboer-1_asfar_VLPs_results_crispresso_aggregated_spacer_ABE8e_rep1_.staging_CRISPRessoPooled_on_ABE8e_D0_rep1_CRISPResso_on_B2M	A	5.0867287247571086e-05	3.391152483171406e-05	0.9997202299201384	8.477881207928515e-06	0.0	2.5433643623785543e-05	0.0	0.9997202299201384	8.477881207928515e-06	5.0867287247571086e-05	0.0001017345744951	0.9996354511080592	1.695576241585703e-05	3.391152483171406e-05	4.238940603964257e-05	0.0	3.391152483171406e-05	0.9996015395832274	0.0	4.238940603964257e-05
_scratch_st-cdeboer-1_asfar_VLPs_results_crispresso_aggregated_spacer_ABE8e_rep1_.staging_CRISPRessoPooled_on_ABE8e_D0_rep1_CRISPResso_on_B2M	T	0.0002034691489902	0.0005510622785153	8.477881207928515e-06	8.477881207928515e-05	3.391152483171406e-05	5.0867287247571086e-05	0.9996693626328907	1.695576241585703e-05	0.9996608847516828	7.630093087135663e-05	0.0001186903369109	0.0	5.93451684554996e-05	0.0001865133865744	7.630093087135663e-05	0.9994319819590688	0.000110212455703	0.0	0.000228902792614	0.999643928989267
_scratch_st-cdeboer-1_asfar_VLPs_results_crispresso_aggregated_spacer_ABE8e_rep1_.staging_CRISPRessoPooled_on_ABE8e_D0_rep1_CRISPResso_on_B2M	C	3.391152483171406e-05	0.0001017345744951	4.238940603964257e-05	5.93451684554996e-05	1.695576241585703e-05	0.999881309663089	0.0001949912677823	5.0867287247571086e-05	9.325669328721368e-05	0.9998473981382572	0.9996947962765146	0.0001017345744951	0.0001186903369109	0.9997456635637622	0.000110212455703	0.0004323719416043	0.0001271682181189	6.782304966342812e-05	6.782304966342812e-05	0.0001526018617427
_scratch_st-cdeboer-1_asfar_VLPs_results_crispresso_aggregated_spacer_ABE8e_rep1_.staging_CRISPRessoPooled_on_ABE8e_D0_rep1_CRISPResso_on_B2M	G	0.9996947962765146	0.9992624243349102	0.0002034691489902	0.9998304423758414	0.9999321769503364	2.5433643623785543e-05	0.0001186903369109	0.0001949912677823	0.0002119470301982	8.477881207928515e-06	3.391152483171406e-05	0.0002458585550299	0.9997880529698018	1.695576241585703e-05	0.99975414144497	0.0001186903369109	0.9997117520389304	0.0003136816046933	0.9996863183953066	0.0001441239805347
_scratch_st-cdeboer-1_asfar_VLPs_results_crispresso_aggregated_spacer_ABE8e_rep1_.staging_CRISPRessoPooled_on_ABE8e_D0_rep1_CRISPResso_on_B2M	N	0.0	0.0	0.0	0.0	0.0	0.0	0.0	0.0	0.0	0.0	0.0	0.0	0.0	0.0	0.0	0.0	0.0	0.0	0.0	0.0
_scratch_st-cdeboer-1_asfar_VLPs_results_crispresso_aggregated_spacer_ABE8e_rep1_.staging_CRISPRessoPooled_on_ABE8e_D0_rep1_CRISPResso_on_B2M	-	1.695576241585703e-05	5.0867287247571086e-05	2.5433643623785543e-05	1.695576241585703e-05	1.695576241585703e-05	1.695576241585703e-05	1.695576241585703e-05	1.695576241585703e-05	2.5433643623785543e-05	1.695576241585703e-05	5.0867287247571086e-05	1.695576241585703e-05	1.695576241585703e-05	1.695576241585703e-05	1.695576241585703e-05	1.695576241585703e-05	1.695576241585703e-05	1.695576241585703e-05	1.695576241585703e-05	1.695576241585703e-05
_scratch_st-cdeboer-1_asfar_VLPs_results_crispresso_aggregated_spacer_ABE8e_rep1_.staging_CRISPRessoPooled_on_ABE8e_D1_rep1_CRISPResso_on_B2M	A	0.0001118773823889	3.995620799603634e-05	0.9997203065440278	1.598248319841454e-05	7.991241599207269e-05	3.995620799603634e-05	7.99124159920727e-06	0.9998241926848176	0.0	4.794744959524361e-05	6.392993279365816e-05	0.9996803503360318	7.99124159920727e-06	1.598248319841454e-05	4.794744959524361e-05	7.99124159920727e-06	3.196496639682908e-05	0.9997522715104246	3.995620799603634e-05	0.0
_scratch_st-cdeboer-1_asfar_VLPs_results_crispresso_aggregated_spacer_ABE8e_rep1_.staging_CRISPRessoPooled_on_ABE8e_D1_rep1_CRISPResso_on_B2M	T	0.0001518335903849	0.0005593869119445	7.99124159920727e-06	0.0002397372479762	6.392993279365816e-05	7.991241599207269e-05	0.9991289546656864	3.196496639682908e-05	0.997722496144226	9.589489919048722e-05	0.0001518335903849	0.0	0.0001358511071865	0.0001038861407896	7.192117439286541e-05	0.8934288020329718	7.991241599207269e-05	0.0	0.0003516146303651	0.9990570334912936
_scratch_st-cdeboer-1_asfar_VLPs_results_crispresso_aggregated_spacer_ABE8e_rep1_.staging_CRISPRessoPooled_on_ABE8e_D1_rep1_CRISPResso_on_B2M	C	8.790365759127996e-05	0.0001358511071865	6.392993279365816e-05	0.0001198686239881	4.794744959524361e-05	0.9998561576512144	0.0006632730527342	1.598248319841454e-05	0.002005801641401	0.9997842364768214	0.9997203065440278	0.0001118773823889	3.995620799603634e-05	0.9998162014432184	2.3973724797621805e-05	0.1064353468598416	0.0002077722815793	3.196496639682908e-05	8.790365759127996e-05	0.0007272029855278
_scratch_st-cdeboer-1_asfar_VLPs_results_crispresso_aggregated_spacer_ABE8e_rep1_.staging_CRISPRessoPooled_on_ABE8e_D1_rep1_CRISPResso_on_B2M	G	0.9996483853696349	0.9992488232896746	0.0002077722815793	0.9996244116448372	0.999808210201619	2.3973724797621805e-05	0.0001997810399801	0.0001278598655873	0.000271702214373	1.598248319841454e-05	7.99124159920727e-06	0.0001518335903849	0.9998162014432184	5.593869119445088e-05	0.9998561576512144	0.0001278598655873	0.9996803503360318	0.0002157635231785	0.9995205255040476	0.0002157635231785
_scratch_st-cdeboer-1_asfar_VLPs_results_crispresso_aggregated_spacer_ABE8e_rep1_.staging_CRISPRessoPooled_on_ABE8e_D1_rep1_CRISPResso_on_B2M	N	0.0	0.0	0.0	0.0	0.0	0.0	0.0	0.0	0.0	0.0	0.0	0.0	0.0	7.99124159920727e-06	0.0	0.0	0.0	0.0	0.0	0.0
_scratch_st-cdeboer-1_asfar_VLPs_results_crispresso_aggregated_spacer_ABE8e_rep1_.staging_CRISPRessoPooled_on_ABE8e_D1_rep1_CRISPResso_on_B2M	-	0.0	1.598248319841454e-05	0.0	0.0	0.0	0.0	0.0	0.0	0.0	5.593869119445088e-05	5.593869119445088e-05	5.593869119445088e-05	0.0	0.0	0.0	0.0	0.0	0.0	0.0	0.0
_scratch_st-cdeboer-1_asfar_VLPs_results_crispresso_aggregated_spacer_ABE8e_rep1_.staging_CRISPRessoPooled_on_ABE8e_D2_rep1_CRISPResso_on_B2M	A	0.0001813744888537	3.297717979158422e-05	0.9996372510222926	1.648858989579211e-05	4.9465769687376336e-05	6.595435958316844e-05	0.0	0.9995877852526052	0.0	4.9465769687376336e-05	4.9465769687376336e-05	0.9996372510222926	4.9465769687376336e-05	6.595435958316844e-05	6.595435958316844e-05	1.648858989579211e-05	0.0003792375676032	0.9997196939717716	0.0	4.9465769687376336e-05
_scratch_st-cdeboer-1_asfar_VLPs_results_crispresso_aggregated_spacer_ABE8e_rep1_.staging_CRISPRessoPooled_on_ABE8e_D2_rep1_CRISPResso_on_B2M	T	0.0002803060282284	0.0006595435958316	0.0	0.0001319087191663	4.9465769687376336e-05	6.595435958316844e-05	0.9969990766389658	0.0	0.9925141801873104	0.0001648858989579	0.0002638174383326	0.0	0.0001483973090621	0.0001154201292705	8.244294947896056e-05	0.644506001846722	3.297717979158422e-05	0.0	0.0001813744888537	0.9974112913863606
_scratch_st-cdeboer-1_asfar_VLPs_results_crispresso_aggregated_spacer_ABE8e_rep1_.staging_CRISPRessoPooled_on_ABE8e_D2_rep1_CRISPResso_on_B2M	C	3.297717979158422e-05	9.893153937475268e-05	1.648858989579211e-05	1.648858989579211e-05	1.648858989579211e-05	0.9997361825616672	0.0024403113045772	0.0	0.0069581849360242	0.9996537396121884	0.9995383194829178	6.595435958316844e-05	6.595435958316844e-05	0.99968671679198	1.648858989579211e-05	0.35532911225432	0.0001648858989579	0.0	8.244294947896056e-05	0.0023413797652024
_scratch_st-cdeboer-1_asfar_VLPs_results_crispresso_aggregated_spacer_ABE8e_rep1_.staging_CRISPRessoPooled_on_ABE8e_D2_rep1_CRISPResso_on_B2M	G	0.9994888537132304	0.9991096161456272	0.0002143516686452	0.9997196939717716	0.9997526711515632	0.0	0.00031328320802	0.0001813744888537	0.0003792375676032	0.0	0.0	0.0001813744888537	0.9996372510222926	3.297717979158422e-05	0.9998186255111464	0.0001483973090621	0.9994228993536473	0.0002803060282284	0.9997361825616672	0.0001978630787495
_scratch_st-cdeboer-1_asfar_VLPs_results_crispresso_aggregated_spacer_ABE8e_rep1_.staging_CRISPRessoPooled_on_ABE8e_D2_rep1_CRISPResso_on_B2M	N	0.0	0.0	0.0	0.0	0.0	0.0	0.0	0.0	0.0	0.0	1.648858989579211e-05	0.0	0.0	0.0	0.0	0.0	0.0	0.0	0.0	0.0
_scratch_st-cdeboer-1_asfar_VLPs_results_crispresso_aggregated_spacer_ABE8e_rep1_.staging_CRISPRessoPooled_on_ABE8e_D2_rep1_CRISPResso_on_B2M	-	1.648858989579211e-05	9.893153937475268e-05	0.0001319087191663	0.0001154201292705	0.0001319087191663	0.0001319087191663	0.0002473288484368	0.000230840258541	0.0001483973090621	0.0001319087191663	0.0001319087191663	0.0001154201292705	9.893153937475268e-05	9.893153937475268e-05	1.648858989579211e-05	0.0	0.0	0.0	0.0	0.0
_scratch_st-cdeboer-1_asfar_VLPs_results_crispresso_aggregated_spacer_ABE8e_rep1_.staging_CRISPRessoPooled_on_ABE8e_D3_rep1_CRISPResso_on_B2M	A	0.000164447763853	3.4259950802710644e-05	0.9996231405411702	3.4259950802710644e-05	5.481592128433704e-05	0.0001027798524081	3.4259950802710644e-05	0.9994586927773172	6.8519901605421296e-06	5.481592128433704e-05	8.222388192650555e-05	0.9993285049642668	8.907587208704769e-05	5.481592128433704e-05	0.0005344552325222	0.0002398196556189	0.0001438917933713	0.9994586927773172	0.0	6.8519901605421296e-06
_scratch_st-cdeboer-1_asfar_VLPs_results_crispresso_aggregated_spacer_ABE8e_rep1_.staging_CRISPRessoPooled_on_ABE8e_D3_rep1_CRISPResso_on_B2M	T	0.0001918557244951	0.0003151915473849	0.0	0.0002398196556189	6.851990160542129e-05	0.0001096318425686	0.993833208855512	6.8519901605421296e-06	0.9828426166380024	4.111194096325278e-05	0.0002740796064216	0.0	0.0001370398032108	0.0001370398032108	0.000328895527706	0.3119162960881988	0.0002740796064216	6.8519901605421296e-06	0.0002672276162611	0.9962245534215411
_scratch_st-cdeboer-1_asfar_VLPs_results_crispresso_aggregated_spacer_ABE8e_rep1_.staging_CRISPRessoPooled_on_ABE8e_D3_rep1_CRISPResso_on_B2M	C	4.79639311237949e-05	6.851990160542129e-05	5.481592128433704e-05	3.4259950802710644e-05	7.537189176596342e-05	0.9995546206395648	0.0057282637742132	3.4259950802710644e-05	0.0165749641983514	0.999520360688762	0.999177761180735	6.851990160542129e-05	0.0001987077146557	0.9993490609347484	2.740796064216852e-05	0.6874259128563891	0.000582419163646	2.055597048162639e-05	5.481592128433704e-05	0.0033985871196288
_scratch_st-cdeboer-1_asfar_VLPs_results_crispresso_aggregated_spacer_ABE8e_rep1_.staging_CRISPRessoPooled_on_ABE8e_D3_rep1_CRISPResso_on_B2M	G	0.999568324619886	0.999520360688762	0.0002603756261006	0.9996299925313308	0.9996231405411702	6.8519901605421296e-06	0.0001438917933713	0.0002398196556189	0.0001918557244951	1.370398032108426e-05	1.370398032108426e-05	0.000164447763853	0.9991709091905744	5.481592128433704e-05	0.9987392338104604	9.59278622475898e-05	0.998636453958052	0.0001438917933713	0.9993148009839458	0.0001575957736924
_scratch_st-cdeboer-1_asfar_VLPs_results_crispresso_aggregated_spacer_ABE8e_rep1_.staging_CRISPRessoPooled_on_ABE8e_D3_rep1_CRISPResso_on_B2M	N	0.0	0.0	0.0	0.0	0.0	0.0	0.0	0.0	0.0	0.0	6.8519901605421296e-06	0.0	0.0	0.0	0.0	0.0	0.0	0.0	0.0	0.0
_scratch_st-cdeboer-1_asfar_VLPs_results_crispresso_aggregated_spacer_ABE8e_rep1_.staging_CRISPRessoPooled_on_ABE8e_D3_rep1_CRISPResso_on_B2M	-	2.740796064216852e-05	6.166791144487917e-05	6.166791144487917e-05	6.166791144487917e-05	0.000178151744174	0.0002261156752978	0.0002603756261006	0.0002603756261006	0.0003837114489903	0.0003700074686692	0.0004453793604352	0.0004385273702746	0.0004042674194719	0.0004042674194719	0.0003700074686692	0.0003220435375454	0.0003631554785087	0.0003700074686692	0.0003631554785087	0.0002124116949768
_scratch_st-cdeboer-1_asfar_VLPs_results_crispresso_aggregated_spacer_ABE8e_rep1_.staging_CRISPRessoPooled_on_ABE8e_D4_rep1_CRISPResso_on_B2M	A	0.0001277373719632	1.5967171495405447e-05	0.9994810669263994	1.5967171495405447e-05	4.790151448621634e-05	9.580302897243268e-05	0.0	0.9994251818261654	2.395075724310817e-05	0.0001117702004678	3.193434299081089e-05	0.999193657839482	2.395075724310817e-05	3.9917928738513616e-05	0.000159671714954	0.0001117702004678	0.0001437045434586	0.9992415593539682	1.5967171495405447e-05	1.5967171495405447e-05
_scratch_st-cdeboer-1_asfar_VLPs_results_crispresso_aggregated_spacer_ABE8e_rep1_.staging_CRISPRessoPooled_on_ABE8e_D4_rep1_CRISPResso_on_B2M	T	0.0001357209577109	0.0002235404009356	2.395075724310817e-05	0.000159671714954	3.9917928738513616e-05	5.588510023391906e-05	0.9900045506438762	7.983585747702723e-06	0.9656705812848784	4.790151448621634e-05	9.580302897243268e-05	0.0	9.580302897243268e-05	4.790151448621634e-05	6.386868598162179e-05	0.0235435943699753	0.0004390972161236	0.0001357209577109	0.0002235404009356	0.9875456062335838
_scratch_st-cdeboer-1_asfar_VLPs_results_crispresso_aggregated_spacer_ABE8e_rep1_.staging_CRISPRessoPooled_on_ABE8e_D4_rep1_CRISPResso_on_B2M	C	6.386868598162179e-05	7.983585747702723e-05	2.395075724310817e-05	6.386868598162179e-05	0.0001197537862155	0.9994571161691562	0.0094844998682708	3.9917928738513616e-05	0.0336029124120807	0.9994012310689224	0.9993373623829408	0.0001117702004678	6.386868598162179e-05	0.9994491325834084	0.0001037866147201	0.9756899813982453	0.001261406548137	3.9917928738513616e-05	9.580302897243268e-05	0.0119833622073017
_scratch_st-cdeboer-1_asfar_VLPs_results_crispresso_aggregated_spacer_ABE8e_rep1_.staging_CRISPRessoPooled_on_ABE8e_D4_rep1_CRISPResso_on_B2M	G	0.9995050176836424	0.9994810669263994	0.0002794255011695	0.9995369520266332	0.9994730833406515	7.983585747702723e-06	0.0001437045434586	0.0001437045434586	0.0002315239866833	1.5967171495405447e-05	7.983585747702723e-06	0.0001756388864494	0.9993613131401836	3.9917928738513616e-05	0.999249542939716	0.0001117702004678	0.9976767765474184	0.0002474911581787	0.9993613131401836	0.0002315239866833
_scratch_st-cdeboer-1_asfar_VLPs_results_crispresso_aggregated_spacer_ABE8e_rep1_.staging_CRISPRessoPooled_on_ABE8e_D4_rep1_CRISPResso_on_B2M	N	0.0	0.0	0.0	0.0	0.0	0.0	0.0	7.983585747702723e-06	0.0	0.0	0.0	0.0	0.0	0.0	0.0	0.0	0.0	0.0	0.0	0.0
_scratch_st-cdeboer-1_asfar_VLPs_results_crispresso_aggregated_spacer_ABE8e_rep1_.staging_CRISPRessoPooled_on_ABE8e_D4_rep1_CRISPResso_on_B2M	-	0.0001676553007017	0.0001995896436925	0.0001916060579448	0.0002235404009356	0.0003193434299081	0.0003832121158897	0.0003672449443943	0.000375228530142	0.0004710315591144	0.0004231300446282	0.0005269166593483	0.0005189330736006	0.000455064387619	0.0004231300446282	0.0004231300446282	0.0005428838308437	0.0004790151448621	0.0003353106014035	0.0003033762584127	0.0002235404009356
_scratch_st-cdeboer-1_asfar_VLPs_results_crispresso_aggregated_spacer_ABE8e_rep1_.staging_CRISPRessoPooled_on_ABE8e_D5_rep1_CRISPResso_on_B2M	A	0.0001693037000554	2.3086868189373883e-05	0.9993920458043464	0.0	7.695622729791295e-06	8.465185002770424e-05	0.0	0.9989995690451272	1.539124545958259e-05	6.156498183833036e-05	1.539124545958259e-05	0.9986455703995568	0.0005002154774364	6.156498183833036e-05	0.000846518500277	0.000107738718217	0.0007849535184387	0.998822569722342	0.000107738718217	7.695622729791295e-06
_scratch_st-cdeboer-1_asfar_VLPs_results_crispresso_aggregated_spacer_ABE8e_rep1_.staging_CRISPRessoPooled_on_ABE8e_D5_rep1_CRISPResso_on_B2M	T	0.000107738718217	0.0003616942683001	1.539124545958259e-05	0.000146216831866	4.617373637874777e-05	7.695622729791295e-05	0.9898648648648648	2.3086868189373883e-05	0.969463769008188	7.695622729791295e-05	6.156498183833036e-05	0.0	0.0002308686818937	0.0001231299636766	0.0008234316320876	0.0202471834020808	6.156498183833036e-05	2.3086868189373883e-05	0.0001616080773256	0.9887797820599644
_scratch_st-cdeboer-1_asfar_VLPs_results_crispresso_aggregated_spacer_ABE8e_rep1_.staging_CRISPRessoPooled_on_ABE8e_D5_rep1_CRISPResso_on_B2M	C	9.234747275749552e-05	0.0001308255864064	3.847811364895648e-05	6.156498183833036e-05	5.386935910853906e-05	0.9991611771224528	0.0092963122575878	3.078249091916518e-05	0.0295127131687496	0.9990534384042355	0.9986840485132056	4.617373637874777e-05	0.0007387797820599	0.9983531367358248	0.0002616511728129	0.9784060826202056	0.0007695622729791	1.539124545958259e-05	0.0001000430954872	0.0102659607215415
_scratch_st-cdeboer-1_asfar_VLPs_results_crispresso_aggregated_spacer_ABE8e_rep1_.staging_CRISPRessoPooled_on_ABE8e_D5_rep1_CRISPResso_on_B2M	G	0.9993766545588868	0.999038047158776	0.0001539124545958	0.9993766545588868	0.9992381333497506	7.695622729791295e-06	0.0001539124545958	0.0001769993227851	0.0002154774364341	3.078249091916518e-05	1.539124545958259e-05	0.0001385212091362	0.997191097703626	5.386935910853906e-05	0.996760142830758	3.078249091916518e-05	0.9971834020808964	9.234747275749552e-05	0.9985840054177184	0.0002154774364341
_scratch_st-cdeboer-1_asfar_VLPs_results_crispresso_aggregated_spacer_ABE8e_rep1_.staging_CRISPRessoPooled_on_ABE8e_D5_rep1_CRISPResso_on_B2M	N	0.0	0.0	0.0	0.0	0.0	0.0	0.0	0.0	0.0	0.0	7.695622729791295e-06	0.0	0.0	0.0	0.0	0.0	0.0	0.0	0.0	0.0
_scratch_st-cdeboer-1_asfar_VLPs_results_crispresso_aggregated_spacer_ABE8e_rep1_.staging_CRISPRessoPooled_on_ABE8e_D5_rep1_CRISPResso_on_B2M	-	0.0002539555500831	0.0004463461183278	0.0004001723819491	0.0004155636274087	0.0006541279320322	0.0006695191774918	0.0006849104229514	0.0007695622729791	0.0007926491411685	0.0007772578957089	0.001215908391307	0.0011697346549282	0.0013390383549836	0.0014082989595518	0.0013082558640645	0.0012082127685772	0.0012005171458474	0.0010466046912516	0.0010466046912516	0.0007310841593301
