Folder	Nucleotide	G	G	C	C	C	A	G	A	C	T	G	A	G	C	A	C	G	T	G	A
_scratch_st-cdeboer-1_asfar_VLPs_results_crispresso_aggregated_spacer_ABE8e_rep3_.staging_CRISPRessoPooled_on_ABE8e_D0_rep3_CRISPResso_on_HEK3	A	2.4117888237705907e-05	9.647155295082364e-05	3.617683235655886e-05	1.2058944118852954e-05	4.8235776475411815e-05	0.9996985263970288	2.4117888237705907e-05	0.9996864674529098	0.0	0.0	4.8235776475411815e-05	0.9997105853411477	1.2058944118852954e-05	0.0	0.9999035284470492	2.4117888237705907e-05	0.0	3.617683235655886e-05	6.029472059426477e-05	0.9998191158382173
_scratch_st-cdeboer-1_asfar_VLPs_results_crispresso_aggregated_spacer_ABE8e_rep3_.staging_CRISPRessoPooled_on_ABE8e_D0_rep3_CRISPResso_on_HEK3	T	0.0001326483853073	0.0001085304970696	4.8235776475411815e-05	6.029472059426477e-05	7.235366471311772e-05	0.0	9.647155295082364e-05	0.0	6.029472059426477e-05	0.9998552926705736	7.235366471311772e-05	0.0	4.8235776475411815e-05	7.235366471311772e-05	1.2058944118852954e-05	3.617683235655886e-05	0.0001326483853073	0.9997347032293852	3.617683235655886e-05	2.4117888237705907e-05
_scratch_st-cdeboer-1_asfar_VLPs_results_crispresso_aggregated_spacer_ABE8e_rep3_.staging_CRISPRessoPooled_on_ABE8e_D0_rep3_CRISPResso_on_HEK3	C	8.441260883197067e-05	0.0001447073294262	0.9999035284470492	0.9999276463352867	0.9997829390058608	2.4117888237705907e-05	0.0001326483853073	4.8235776475411815e-05	0.9999397052794058	0.0001205894411885	3.617683235655886e-05	0.0001447073294262	4.8235776475411815e-05	0.9998552926705736	2.4117888237705907e-05	0.9999276463352867	0.0001929431059016	0.0001205894411885	9.647155295082364e-05	3.617683235655886e-05
_scratch_st-cdeboer-1_asfar_VLPs_results_crispresso_aggregated_spacer_ABE8e_rep3_.staging_CRISPRessoPooled_on_ABE8e_D0_rep3_CRISPResso_on_HEK3	G	0.999746762173504	0.9995658780117213	1.2058944118852954e-05	0.0	4.8235776475411815e-05	0.0002773557147336	0.999746762173504	0.0002652967706147	0.0	2.4117888237705907e-05	0.9998432337264548	0.0001447073294262	0.9998914695029304	7.235366471311772e-05	6.029472059426477e-05	1.2058944118852954e-05	0.999674408508791	8.441260883197067e-05	0.9998070568940984	0.0001205894411885
_scratch_st-cdeboer-1_asfar_VLPs_results_crispresso_aggregated_spacer_ABE8e_rep3_.staging_CRISPRessoPooled_on_ABE8e_D0_rep3_CRISPResso_on_HEK3	N	0.0	0.0	0.0	0.0	0.0	0.0	0.0	0.0	0.0	0.0	0.0	0.0	0.0	0.0	0.0	0.0	0.0	2.4117888237705907e-05	0.0	0.0
_scratch_st-cdeboer-1_asfar_VLPs_results_crispresso_aggregated_spacer_ABE8e_rep3_.staging_CRISPRessoPooled_on_ABE8e_D0_rep3_CRISPResso_on_HEK3	-	1.2058944118852954e-05	8.441260883197067e-05	0.0	0.0	4.8235776475411815e-05	0.0	0.0	0.0	0.0	0.0	0.0	0.0	0.0	0.0	0.0	0.0	0.0	0.0	0.0	0.0
_scratch_st-cdeboer-1_asfar_VLPs_results_crispresso_aggregated_spacer_ABE8e_rep3_.staging_CRISPRessoPooled_on_ABE8e_D1_rep3_CRISPResso_on_HEK3	A	0.0	2.2256843979523704e-05	0.0001335410638771	0.0023369686178499	0.0042733140440685	0.0705541954150901	0.0	0.1566214110839083	0.0001335410638771	0.0	2.2256843979523704e-05	0.9967505007789896	4.451368795904741e-05	4.451368795904741e-05	0.998686846205208	4.451368795904741e-05	0.0	0.0	0.0001112842198976	0.9997774315602048
_scratch_st-cdeboer-1_asfar_VLPs_results_crispresso_aggregated_spacer_ABE8e_rep3_.staging_CRISPRessoPooled_on_ABE8e_D1_rep3_CRISPResso_on_HEK3	T	6.677053193857111e-05	6.677053193857111e-05	0.0007789895392833	0.0068551079456933	0.0066547963498775	0.0006009347874471	0.0001780547518361	0.0002003115958157	0.0002670821277542	0.9987758735811262	4.451368795904741e-05	0.0	6.677053193857111e-05	8.902737591809482e-05	0.0	6.677053193857111e-05	0.0001112842198976	0.9997774315602048	4.451368795904741e-05	0.0
_scratch_st-cdeboer-1_asfar_VLPs_results_crispresso_aggregated_spacer_ABE8e_rep3_.staging_CRISPRessoPooled_on_ABE8e_D1_rep3_CRISPResso_on_HEK3	C	6.677053193857111e-05	2.2256843979523704e-05	0.9983084798575562	0.987714222123303	0.9838192744268862	0.0007567326953038	6.677053193857111e-05	0.0001557979078566	0.9973959492543956	0.0001335410638771	4.451368795904741e-05	0.0001335410638771	2.2256843979523704e-05	0.9993545515245938	0.0	0.9996884041842866	8.902737591809482e-05	6.677053193857111e-05	6.677053193857111e-05	6.677053193857111e-05
_scratch_st-cdeboer-1_asfar_VLPs_results_crispresso_aggregated_spacer_ABE8e_rep3_.staging_CRISPRessoPooled_on_ABE8e_D1_rep3_CRISPResso_on_HEK3	G	0.9994213220565324	0.9986200756732696	0.0002225684397952	0.0018473180503004	0.0038059203204985	0.9264188738036946	0.9984197640774538	0.8405964834186512	0.0003115958157133	4.451368795904741e-05	0.9988426441130648	0.0021366570220342	0.999243267304696	2.2256843979523704e-05	0.0011128421989761	2.2256843979523704e-05	0.9996661473403072	8.902737591809482e-05	0.9997329178722456	0.0001335410638771
_scratch_st-cdeboer-1_asfar_VLPs_results_crispresso_aggregated_spacer_ABE8e_rep3_.staging_CRISPRessoPooled_on_ABE8e_D1_rep3_CRISPResso_on_HEK3	N	0.0	0.0	0.0	0.0	0.0	0.0	0.0	0.0	0.0	0.0	0.0	0.0	0.0	0.0	0.0	0.0	0.0	0.0	0.0	0.0
_scratch_st-cdeboer-1_asfar_VLPs_results_crispresso_aggregated_spacer_ABE8e_rep3_.staging_CRISPRessoPooled_on_ABE8e_D1_rep3_CRISPResso_on_HEK3	-	0.0004451368795904	0.0012686401068328	0.000556421099488	0.0012463832628533	0.001446694858669	0.0016692632984642	0.0013354106387714	0.002425995993768	0.0018918317382595	0.0010460716670376	0.0010460716670376	0.000979301135099	0.0006231916314266	0.0004896505675495	0.0002003115958157	0.0001780547518361	0.0001335410638771	6.677053193857111e-05	4.451368795904741e-05	2.2256843979523704e-05
_scratch_st-cdeboer-1_asfar_VLPs_results_crispresso_aggregated_spacer_ABE8e_rep3_.staging_CRISPRessoPooled_on_ABE8e_D2_rep3_CRISPResso_on_HEK3	A	7.987645774535385e-05	5.32509718302359e-05	0.0001065019436604	0.0026785238830608	0.0065764950210341	0.035225517865701	3.195058309814154e-05	0.0935246818254433	4.792587464721231e-05	3.727568028116513e-05	2.662548591511795e-05	0.9966718142606102	3.195058309814154e-05	1.597529154907077e-05	0.9981521912774908	9.052665211140105e-05	1.597529154907077e-05	1.597529154907077e-05	2.662548591511795e-05	0.9994461898929656
_scratch_st-cdeboer-1_asfar_VLPs_results_crispresso_aggregated_spacer_ABE8e_rep3_.staging_CRISPRessoPooled_on_ABE8e_D2_rep3_CRISPResso_on_HEK3	T	0.0001704031098567	0.0001011768464774	0.0009585174929442	0.0071835560998988	0.007684115235103	0.0006496618563288	0.0001384525267586	0.0003567815112625	9.052665211140105e-05	0.99839714574791	7.455136056233026e-05	1.065019436604718e-05	3.195058309814154e-05	0.0001810533042228	0.0	0.0001011768464774	0.0001704031098567	0.9994302146014163	7.455136056233026e-05	0.0
_scratch_st-cdeboer-1_asfar_VLPs_results_crispresso_aggregated_spacer_ABE8e_rep3_.staging_CRISPRessoPooled_on_ABE8e_D2_rep3_CRISPResso_on_HEK3	C	7.987645774535385e-05	6.922626337930668e-05	0.998157516374674	0.9856541881889344	0.9798711326481708	0.0003301560253474	8.520155492837745e-05	0.0001065019436604	0.997736833697215	0.0001544278183076	5.857606901325949e-05	8.520155492837745e-05	3.727568028116513e-05	0.9987645774535384	1.597529154907077e-05	0.998865754300016	0.0001491027211246	7.987645774535385e-05	8.520155492837745e-05	8.520155492837745e-05
_scratch_st-cdeboer-1_asfar_VLPs_results_crispresso_aggregated_spacer_ABE8e_rep3_.staging_CRISPRessoPooled_on_ABE8e_D2_rep3_CRISPResso_on_HEK3	G	0.999073433090154	0.9983279194845306	4.792587464721231e-05	0.0030938814633367	0.0042760530379679	0.9620480323765908	0.9980456893338304	0.9030832312689706	7.455136056233026e-05	9.585174929442462e-05	0.9982586932211512	0.0018478087225091	0.9986740508014272	2.662548591511795e-05	0.0008360402577347	0.0	0.999062782895788	6.922626337930668e-05	0.9994089142126844	0.0001597529154907
_scratch_st-cdeboer-1_asfar_VLPs_results_crispresso_aggregated_spacer_ABE8e_rep3_.staging_CRISPRessoPooled_on_ABE8e_D2_rep3_CRISPResso_on_HEK3	N	0.0	0.0	0.0	0.0	0.0	5.32509718302359e-06	0.0	0.0	0.0	0.0	0.0	0.0	0.0	0.0	0.0	0.0	0.0	0.0	0.0	2.130038873209436e-05
_scratch_st-cdeboer-1_asfar_VLPs_results_crispresso_aggregated_spacer_ABE8e_rep3_.staging_CRISPRessoPooled_on_ABE8e_D2_rep3_CRISPResso_on_HEK3	-	0.0005964108844986	0.0014484264337824	0.0007295383140742	0.0013898503647691	0.001592204057724	0.0017413067788487	0.0016987060013845	0.0029288034506629	0.002050162415464	0.0013152990042068	0.001581553863358	0.0013845252675861	0.0012247723520954	0.0010117684647744	0.0009957931732254	0.0009425422013951	0.0006017359816816	0.0004047073859097	0.0004047073859097	0.0002875552478832
_scratch_st-cdeboer-1_asfar_VLPs_results_crispresso_aggregated_spacer_ABE8e_rep3_.staging_CRISPRessoPooled_on_ABE8e_D3_rep3_CRISPResso_on_HEK3	A	0.0002404532543845	0.0002254249259854	0.0001953682691874	0.0031108639785996	0.0050194616852767	0.0173426909724831	1.5028328399032176e-05	0.0527494326806029	4.508498519709653e-05	0.0	4.508498519709653e-05	0.9972798725597752	4.508498519709653e-05	4.508498519709653e-05	0.99767060909815	4.508498519709653e-05	1.5028328399032176e-05	0.0	3.0056656798064352e-05	0.999594235133226
_scratch_st-cdeboer-1_asfar_VLPs_results_crispresso_aggregated_spacer_ABE8e_rep3_.staging_CRISPRessoPooled_on_ABE8e_D3_rep3_CRISPResso_on_HEK3	T	0.0001502832839903	0.0001502832839903	0.0011722096151245	0.0089568837258231	0.0087765437850347	0.0004358215235719	0.0001051982987932	0.0003606798815767	0.0002254249259854	0.9989029320268706	0.0001051982987932	0.0	6.011331359612871e-05	3.0056656798064352e-05	3.0056656798064352e-05	0.0001202266271922	0.0001502832839903	0.9993838385356396	6.011331359612871e-05	1.5028328399032176e-05
_scratch_st-cdeboer-1_asfar_VLPs_results_crispresso_aggregated_spacer_ABE8e_rep3_.staging_CRISPRessoPooled_on_ABE8e_D3_rep3_CRISPResso_on_HEK3	C	6.011331359612871e-05	6.011331359612871e-05	0.9980162606513278	0.984115056882223	0.979892096602095	0.000510963165567	4.508498519709653e-05	0.0002103965975864	0.9984069971897026	0.0001051982987932	4.508498519709653e-05	0.0001653116123893	7.514164199516088e-05	0.9991283569528562	3.0056656798064352e-05	0.9993838385356396	0.0001051982987932	9.016997039419306e-05	0.0001051982987932	4.508498519709653e-05
_scratch_st-cdeboer-1_asfar_VLPs_results_crispresso_aggregated_spacer_ABE8e_rep3_.staging_CRISPRessoPooled_on_ABE8e_D3_rep3_CRISPResso_on_HEK3	G	0.999083271967659	0.998076373964924	7.514164199516088e-05	0.0028704107242151	0.0052298582828631	0.9804932297380562	0.998542252145294	0.9442298733111916	0.0	9.016997039419306e-05	0.9987676770712792	0.0015479178251003	0.9990081303256638	1.5028328399032176e-05	0.0016080311386964	1.5028328399032176e-05	0.9993387535504424	0.0001202266271922	0.9994138951924376	7.514164199516088e-05
_scratch_st-cdeboer-1_asfar_VLPs_results_crispresso_aggregated_spacer_ABE8e_rep3_.staging_CRISPRessoPooled_on_ABE8e_D3_rep3_CRISPResso_on_HEK3	N	0.0	0.0	0.0	0.0	0.0	0.0	0.0	0.0	0.0	0.0	0.0	0.0	0.0	0.0	0.0	0.0	0.0	0.0	0.0	0.0
_scratch_st-cdeboer-1_asfar_VLPs_results_crispresso_aggregated_spacer_ABE8e_rep3_.staging_CRISPRessoPooled_on_ABE8e_D3_rep3_CRISPResso_on_HEK3	-	0.0004658781803699	0.0014878045115041	0.0005410198223651	0.000946784689139	0.0010820396447303	0.0012172946003216	0.0012924362423167	0.0024496175290422	0.0013224928991148	0.0009016997039419	0.0010369546595332	0.0010068980027351	0.0008115297335477	0.0007814730767496	0.0006612464495574	0.0004358215235719	0.0003907365383748	0.0004057648667738	0.0003907365383748	0.0002705099111825
_scratch_st-cdeboer-1_asfar_VLPs_results_crispresso_aggregated_spacer_ABE8e_rep3_.staging_CRISPRessoPooled_on_ABE8e_D4_rep3_CRISPResso_on_HEK3	A	0.0	0.0004045307443365	0.0003033980582524	0.0031603964401294	0.0058909789644012	0.0075343851132686	2.52831715210356e-05	0.02490392394822	5.05663430420712e-05	0.0	5.05663430420712e-05	0.9966879045307444	7.584951456310679e-05	5.05663430420712e-05	0.9979773462783172	5.05663430420712e-05	0.0	0.0	5.05663430420712e-05	0.9996966019417476
_scratch_st-cdeboer-1_asfar_VLPs_results_crispresso_aggregated_spacer_ABE8e_rep3_.staging_CRISPRessoPooled_on_ABE8e_D4_rep3_CRISPResso_on_HEK3	T	7.584951456310679e-05	2.52831715210356e-05	0.0014158576051779	0.0097087378640776	0.0091525080906148	0.0006573624595469	5.05663430420712e-05	0.0004045307443365	0.0002528317152103	0.9982301779935276	7.584951456310679e-05	0.0	0.0	0.0001011326860841	0.0001264158576051	0.0001011326860841	7.584951456310679e-05	0.9994690533980582	5.05663430420712e-05	0.0
_scratch_st-cdeboer-1_asfar_VLPs_results_crispresso_aggregated_spacer_ABE8e_rep3_.staging_CRISPRessoPooled_on_ABE8e_D4_rep3_CRISPResso_on_HEK3	C	0.0	0.0002275485436893	0.9975980987055016	0.9831361245954692	0.9790908171521036	0.0006826456310679	2.52831715210356e-05	0.0001264158576051	0.9975475323624596	0.0001011326860841	2.52831715210356e-05	0.0001011326860841	7.584951456310679e-05	0.9988116909385112	5.05663430420712e-05	0.9994437702265372	5.05663430420712e-05	5.05663430420712e-05	0.0001516990291262	2.52831715210356e-05
_scratch_st-cdeboer-1_asfar_VLPs_results_crispresso_aggregated_spacer_ABE8e_rep3_.staging_CRISPRessoPooled_on_ABE8e_D4_rep3_CRISPResso_on_HEK3	G	0.9994184870550162	0.9980784789644012	5.05663430420712e-05	0.0028064320388349	0.0045004045307443	0.9896591828478964	0.9981543284789643	0.9717334142394822	0.0003539644012944	0.0002275485436893	0.9982048948220064	0.0017951051779935	0.998685275080906	0.0	0.0010366100323624	2.52831715210356e-05	0.9996460355987056	7.584951456310679e-05	0.999367920711974	0.0001769822006472
_scratch_st-cdeboer-1_asfar_VLPs_results_crispresso_aggregated_spacer_ABE8e_rep3_.staging_CRISPRessoPooled_on_ABE8e_D4_rep3_CRISPResso_on_HEK3	N	0.0	0.0	0.0	0.0	0.0	0.0	0.0	0.0	0.0	0.0	0.0	0.0	0.0	0.0	0.0	0.0	0.0	0.0	0.0	0.0
_scratch_st-cdeboer-1_asfar_VLPs_results_crispresso_aggregated_spacer_ABE8e_rep3_.staging_CRISPRessoPooled_on_ABE8e_D4_rep3_CRISPResso_on_HEK3	-	0.0005056634304207	0.0012641585760517	0.0006320792880258	0.0011883090614886	0.0013652912621359	0.00146642394822	0.0017445388349514	0.0028317152103559	0.0017951051779935	0.001441140776699	0.0016434061488673	0.0014158576051779	0.0011630258899676	0.0010366100323624	0.0008090614886731	0.0003792475728155	0.0002275485436893	0.0004045307443365	0.0003792475728155	0.0001011326860841
_scratch_st-cdeboer-1_asfar_VLPs_results_crispresso_aggregated_spacer_ABE8e_rep3_.staging_CRISPRessoPooled_on_ABE8e_D5_rep3_CRISPResso_on_HEK3	A	0.0	0.0	0.0	0.0025206725892225	0.0060250222864344	0.008269035689035	3.07399096246657e-05	0.0414066582644247	0.0	3.07399096246657e-05	0.0	0.9966186099412868	6.14798192493314e-05	3.07399096246657e-05	0.9975715471396516	3.07399096246657e-05	0.0	0.0	0.0	0.99953890135563
_scratch_st-cdeboer-1_asfar_VLPs_results_crispresso_aggregated_spacer_ABE8e_rep3_.staging_CRISPRessoPooled_on_ABE8e_D5_rep3_CRISPResso_on_HEK3	T	0.0001844394577479	0.0003688789154959	0.0015984753004826	0.0073468384002951	0.0081153361409117	0.0004918385539946	0.0001844394577479	0.0001844394577479	0.0	0.9987396637053888	6.14798192493314e-05	0.0	3.07399096246657e-05	6.14798192493314e-05	0.0	9.22197288739971e-05	9.22197288739971e-05	0.9994774215363806	6.14798192493314e-05	0.0
_scratch_st-cdeboer-1_asfar_VLPs_results_crispresso_aggregated_spacer_ABE8e_rep3_.staging_CRISPRessoPooled_on_ABE8e_D5_rep3_CRISPResso_on_HEK3	C	3.07399096246657e-05	6.14798192493314e-05	0.9976330269589008	0.9859826012111524	0.9790661215456028	0.0004303587347453	3.07399096246657e-05	0.0002459192769973	0.9984630045187668	3.07399096246657e-05	6.14798192493314e-05	3.07399096246657e-05	3.07399096246657e-05	0.999262242169008	6.14798192493314e-05	0.9994774215363806	0.0001229596384986	6.14798192493314e-05	0.0001229596384986	3.07399096246657e-05
_scratch_st-cdeboer-1_asfar_VLPs_results_crispresso_aggregated_spacer_ABE8e_rep3_.staging_CRISPRessoPooled_on_ABE8e_D5_rep3_CRISPResso_on_HEK3	G	0.999170022440134	0.9972641480434048	6.14798192493314e-05	0.0027973317758445	0.0052872644554425	0.989148811902493	0.998063385693646	0.9549967723094894	6.14798192493314e-05	0.0002459192769973	0.9990470628016354	0.0025206725892225	0.9991085426208848	0.0	0.0017829147582306	3.07399096246657e-05	0.9994774215363806	0.0001844394577479	0.9996003811748794	0.0002459192769973
_scratch_st-cdeboer-1_asfar_VLPs_results_crispresso_aggregated_spacer_ABE8e_rep3_.staging_CRISPRessoPooled_on_ABE8e_D5_rep3_CRISPResso_on_HEK3	N	0.0	0.0	0.0	0.0	0.0	0.0	0.0	0.0	0.0	0.0	0.0	0.0	0.0	0.0	0.0	0.0	0.0	0.0	0.0	0.0
_scratch_st-cdeboer-1_asfar_VLPs_results_crispresso_aggregated_spacer_ABE8e_rep3_.staging_CRISPRessoPooled_on_ABE8e_D5_rep3_CRISPResso_on_HEK3	-	0.0006147981924933	0.0023054932218499	0.0007070179213673	0.0013525560234852	0.0015062555716086	0.0016599551197319	0.0016906950293566	0.0031662106913405	0.0014755156619839	0.0009529371983646	0.0008299775598659	0.0008299775598659	0.0007684977406166	0.0006455381021179	0.0005840582828686	0.0003688789154959	0.0003073990962466	0.0002766591866219	0.0002151793673726	0.0001844394577479
