Folder	Nucleotide	C	A	C	C	T	A	C	C	T	A	A	G	A	A	C	C	A	T	C	C
_scratch_st-cdeboer-1_asfar_VLPs_results_crispresso_aggregated_spacer_ABE8e_rep3_.staging_CRISPRessoPooled_on_ABE8e_D0_rep3_CRISPResso_on_PDCD1	A	5.08646998982706e-05	0.999821973550356	2.54323499491353e-05	2.54323499491353e-05	0.0	0.9997456765005086	0.0002288911495422	0.0001271617497456	0.0	0.9999237029501526	0.9997202441505596	7.62970498474059e-05	0.999618514750763	0.9996693794506613	2.54323499491353e-05	5.08646998982706e-05	0.9997456765005086	2.54323499491353e-05	5.08646998982706e-05	5.08646998982706e-05
_scratch_st-cdeboer-1_asfar_VLPs_results_crispresso_aggregated_spacer_ABE8e_rep3_.staging_CRISPRessoPooled_on_ABE8e_D0_rep3_CRISPResso_on_PDCD1	T	7.62970498474059e-05	2.54323499491353e-05	0.0	0.0	0.9998728382502544	2.54323499491353e-05	7.62970498474059e-05	7.62970498474059e-05	0.999643947100712	2.54323499491353e-05	0.0	2.54323499491353e-05	2.54323499491353e-05	0.0	0.0	0.0001017293997965	0.0	0.9996948118006104	0.0001017293997965	7.62970498474059e-05
_scratch_st-cdeboer-1_asfar_VLPs_results_crispresso_aggregated_spacer_ABE8e_rep3_.staging_CRISPRessoPooled_on_ABE8e_D0_rep3_CRISPResso_on_PDCD1	C	0.999796541200407	5.08646998982706e-05	0.9999745676500508	0.9999745676500508	0.0001271617497456	0.0	0.9996693794506613	0.9997711088504578	0.0001271617497456	0.0	7.62970498474059e-05	5.08646998982706e-05	0.0001780264496439	0.0001017293997965	0.9999745676500508	0.9998474059003052	0.0001017293997965	0.0002797558494404	0.999821973550356	0.9998728382502544
_scratch_st-cdeboer-1_asfar_VLPs_results_crispresso_aggregated_spacer_ABE8e_rep3_.staging_CRISPRessoPooled_on_ABE8e_D0_rep3_CRISPResso_on_PDCD1	G	0.0	0.0001017293997965	0.0	0.0	0.0	0.0002288911495422	2.54323499491353e-05	2.54323499491353e-05	0.000203458799593	5.08646998982706e-05	0.0001271617497456	0.9998474059003052	0.0001780264496439	0.0002288911495422	0.0	0.0	0.0001525940996948	0.0	2.54323499491353e-05	0.0
_scratch_st-cdeboer-1_asfar_VLPs_results_crispresso_aggregated_spacer_ABE8e_rep3_.staging_CRISPRessoPooled_on_ABE8e_D0_rep3_CRISPResso_on_PDCD1	N	0.0	0.0	0.0	0.0	0.0	0.0	0.0	0.0	0.0	0.0	0.0	0.0	0.0	0.0	0.0	0.0	0.0	0.0	0.0	0.0
_scratch_st-cdeboer-1_asfar_VLPs_results_crispresso_aggregated_spacer_ABE8e_rep3_.staging_CRISPRessoPooled_on_ABE8e_D0_rep3_CRISPResso_on_PDCD1	-	7.62970498474059e-05	0.0	0.0	0.0	0.0	0.0	0.0	0.0	2.54323499491353e-05	0.0	7.62970498474059e-05	0.0	0.0	0.0	0.0	0.0	0.0	0.0	0.0	0.0
_scratch_st-cdeboer-1_asfar_VLPs_results_crispresso_aggregated_spacer_ABE8e_rep3_.staging_CRISPRessoPooled_on_ABE8e_D1_rep3_CRISPResso_on_PDCD1	A	7.485590238790328e-05	0.9988023055617936	7.485590238790328e-05	9.980786985053772e-05	0.0	0.9883723831624124	2.4951967462634428e-05	0.000199615739701	0.0	0.9956084537265764	0.9998003842602988	4.9903934925268855e-05	0.9997255283579112	0.9998003842602988	0.0	4.9903934925268855e-05	0.9997504803253736	4.9903934925268855e-05	9.980786985053772e-05	7.485590238790328e-05
_scratch_st-cdeboer-1_asfar_VLPs_results_crispresso_aggregated_spacer_ABE8e_rep3_.staging_CRISPRessoPooled_on_ABE8e_D1_rep3_CRISPResso_on_PDCD1	T	0.0	0.0	4.9903934925268855e-05	0.0	0.9997754322928364	0.0	0.0	2.4951967462634428e-05	0.999850288195224	0.0	0.0	0.0001247598373131	2.4951967462634428e-05	0.0	0.0	2.4951967462634428e-05	2.4951967462634428e-05	0.99952591261821	4.9903934925268855e-05	0.0
_scratch_st-cdeboer-1_asfar_VLPs_results_crispresso_aggregated_spacer_ABE8e_rep3_.staging_CRISPRessoPooled_on_ABE8e_D1_rep3_CRISPResso_on_PDCD1	C	0.9999001921301496	4.9903934925268855e-05	0.9998752401626868	0.9998752401626868	9.980786985053772e-05	2.4951967462634428e-05	0.9999750480325372	0.9996756244229856	7.485590238790328e-05	0.0	4.9903934925268855e-05	0.0	4.9903934925268855e-05	9.980786985053772e-05	0.9999750480325372	0.999925144097612	7.485590238790328e-05	0.0003742795119395	0.999850288195224	0.9999001921301496
_scratch_st-cdeboer-1_asfar_VLPs_results_crispresso_aggregated_spacer_ABE8e_rep3_.staging_CRISPRessoPooled_on_ABE8e_D1_rep3_CRISPResso_on_PDCD1	G	2.4951967462634428e-05	0.0011477905032811	0.0	2.4951967462634428e-05	9.980786985053772e-05	0.011602664870125	0.0	7.485590238790328e-05	7.485590238790328e-05	0.0043915462734236	9.980786985053772e-05	0.9997754322928364	0.000199615739701	7.485590238790328e-05	0.0	0.0	0.0001497118047758	2.4951967462634428e-05	0.0	2.4951967462634428e-05
_scratch_st-cdeboer-1_asfar_VLPs_results_crispresso_aggregated_spacer_ABE8e_rep3_.staging_CRISPRessoPooled_on_ABE8e_D1_rep3_CRISPResso_on_PDCD1	N	0.0	0.0	0.0	0.0	2.4951967462634428e-05	0.0	0.0	0.0	0.0	0.0	0.0	0.0	0.0	0.0	2.4951967462634428e-05	0.0	0.0	0.0	0.0	0.0
_scratch_st-cdeboer-1_asfar_VLPs_results_crispresso_aggregated_spacer_ABE8e_rep3_.staging_CRISPRessoPooled_on_ABE8e_D1_rep3_CRISPResso_on_PDCD1	-	0.0	0.0	0.0	0.0	0.0	0.0	0.0	2.4951967462634428e-05	0.0	0.0	4.9903934925268855e-05	4.9903934925268855e-05	0.0	2.4951967462634428e-05	0.0	0.0	0.0	2.4951967462634428e-05	0.0	0.0
_scratch_st-cdeboer-1_asfar_VLPs_results_crispresso_aggregated_spacer_ABE8e_rep3_.staging_CRISPRessoPooled_on_ABE8e_D2_rep3_CRISPResso_on_PDCD1	A	0.000112327096505	0.9972720562277352	1.604672807214609e-05	3.209345614429218e-05	1.604672807214609e-05	0.9727847491896402	8.023364036073044e-05	0.000112327096505	0.0	0.99229757052537	0.999566738342052	9.628036843287654e-05	0.9998716261754228	0.9997432523508456	0.0	8.023364036073044e-05	0.9998716261754228	1.604672807214609e-05	3.209345614429218e-05	0.000112327096505
_scratch_st-cdeboer-1_asfar_VLPs_results_crispresso_aggregated_spacer_ABE8e_rep3_.staging_CRISPRessoPooled_on_ABE8e_D2_rep3_CRISPResso_on_PDCD1	T	4.814018421643827e-05	0.0	4.814018421643827e-05	8.023364036073044e-05	0.99977534580699	1.604672807214609e-05	0.0001283738245771	1.604672807214609e-05	0.9998716261754228	1.604672807214609e-05	0.0	0.000112327096505	0.0	0.0	4.814018421643827e-05	3.209345614429218e-05	3.209345614429218e-05	0.9996469719824128	0.0	6.418691228858436e-05
_scratch_st-cdeboer-1_asfar_VLPs_results_crispresso_aggregated_spacer_ABE8e_rep3_.staging_CRISPRessoPooled_on_ABE8e_D2_rep3_CRISPResso_on_PDCD1	C	0.9997432523508456	6.418691228858436e-05	0.9999358130877114	0.9998395327192784	0.0001765140087936	4.814018421643827e-05	0.999791392535062	0.9997592990789178	8.023364036073044e-05	1.604672807214609e-05	3.209345614429218e-05	1.604672807214609e-05	4.814018421643827e-05	4.814018421643827e-05	0.9999197663596392	0.9998716261754228	4.814018421643827e-05	0.0002727943772264	0.9999358130877114	0.9998074392631342
_scratch_st-cdeboer-1_asfar_VLPs_results_crispresso_aggregated_spacer_ABE8e_rep3_.staging_CRISPRessoPooled_on_ABE8e_D2_rep3_CRISPResso_on_PDCD1	G	3.209345614429218e-05	0.0026637568599762	0.0	4.814018421643827e-05	3.209345614429218e-05	0.0271510638980711	0.0	0.000112327096505	4.814018421643827e-05	0.0076703360184858	0.0003851214737315	0.99977534580699	8.023364036073044e-05	0.0002086074649378	1.604672807214609e-05	1.604672807214609e-05	4.814018421643827e-05	4.814018421643827e-05	3.209345614429218e-05	1.604672807214609e-05
_scratch_st-cdeboer-1_asfar_VLPs_results_crispresso_aggregated_spacer_ABE8e_rep3_.staging_CRISPRessoPooled_on_ABE8e_D2_rep3_CRISPResso_on_PDCD1	N	0.0	0.0	0.0	0.0	0.0	0.0	0.0	0.0	0.0	0.0	0.0	0.0	0.0	0.0	1.604672807214609e-05	0.0	0.0	0.0	0.0	0.0
_scratch_st-cdeboer-1_asfar_VLPs_results_crispresso_aggregated_spacer_ABE8e_rep3_.staging_CRISPRessoPooled_on_ABE8e_D2_rep3_CRISPResso_on_PDCD1	-	6.418691228858436e-05	0.0	0.0	0.0	0.0	0.0	0.0	0.0	0.0	0.0	1.604672807214609e-05	0.0	0.0	0.0	0.0	0.0	0.0	1.604672807214609e-05	0.0	0.0
_scratch_st-cdeboer-1_asfar_VLPs_results_crispresso_aggregated_spacer_ABE8e_rep3_.staging_CRISPRessoPooled_on_ABE8e_D3_rep3_CRISPResso_on_PDCD1	A	3.83670963781461e-05	0.9629373848987108	6.714241866175568e-05	0.0001342848373235	4.795887047268263e-05	0.7088416973603437	0.0003644874155923	0.0001534683855125	1.918354818907305e-05	0.8908647943523634	0.9935351442602824	6.714241866175568e-05	0.9993765346838552	0.999606737262124	1.918354818907305e-05	2.8775322283609577e-05	0.9997026550030692	0.0	4.795887047268263e-05	3.83670963781461e-05
_scratch_st-cdeboer-1_asfar_VLPs_results_crispresso_aggregated_spacer_ABE8e_rep3_.staging_CRISPRessoPooled_on_ABE8e_D3_rep3_CRISPResso_on_PDCD1	T	2.8775322283609577e-05	9.591774094536525e-06	0.0001246930632289	0.0001822437077961	0.9996834714548803	8.632596685082873e-05	0.0008920349907918	0.0003453038674033	0.9993957182320442	9.591774094536525e-06	0.0	8.632596685082873e-05	0.0	9.591774094536525e-06	1.918354818907305e-05	3.83670963781461e-05	0.0	0.9996163290362186	3.83670963781461e-05	4.795887047268263e-05
_scratch_st-cdeboer-1_asfar_VLPs_results_crispresso_aggregated_spacer_ABE8e_rep3_.staging_CRISPRessoPooled_on_ABE8e_D3_rep3_CRISPResso_on_PDCD1	C	0.9998177562922038	5.755064456721916e-05	0.9996930632289748	0.9991559238796808	0.0001246930632289	6.714241866175568e-05	0.9983406230816452	0.998820211786372	0.0001342848373235	9.591774094536524e-05	9.591774094536525e-06	9.591774094536525e-06	7.67341927562922e-05	4.795887047268263e-05	0.9998081645181092	0.9997793891958257	7.67341927562922e-05	0.0002110190300798	0.9997602056476366	0.9997697974217312
_scratch_st-cdeboer-1_asfar_VLPs_results_crispresso_aggregated_spacer_ABE8e_rep3_.staging_CRISPRessoPooled_on_ABE8e_D3_rep3_CRISPResso_on_PDCD1	G	3.83670963781461e-05	0.0369283302639656	1.918354818907305e-05	0.0004316298342541	2.8775322283609577e-05	0.2908801411909146	2.8775322283609577e-05	0.0002781614487415	3.83670963781461e-05	0.1085980662983425	0.0062250613873542	0.9996930632289748	0.000412446286065	0.0002014272559852	1.918354818907305e-05	9.591774094536525e-06	0.0001246930632289	6.714241866175568e-05	2.8775322283609577e-05	9.591774094536525e-06
_scratch_st-cdeboer-1_asfar_VLPs_results_crispresso_aggregated_spacer_ABE8e_rep3_.staging_CRISPRessoPooled_on_ABE8e_D3_rep3_CRISPResso_on_PDCD1	N	0.0	0.0	0.0	0.0	0.0	0.0	0.0	0.0	0.0	0.0	0.0	9.591774094536525e-06	0.0	0.0	0.0	9.591774094536525e-06	0.0	0.0	0.0	0.0
_scratch_st-cdeboer-1_asfar_VLPs_results_crispresso_aggregated_spacer_ABE8e_rep3_.staging_CRISPRessoPooled_on_ABE8e_D3_rep3_CRISPResso_on_PDCD1	-	7.67341927562922e-05	6.714241866175568e-05	9.591774094536524e-05	9.591774094536524e-05	0.0001151012891344	0.0001246930632289	0.0003740791896869	0.0004028545119705	0.000412446286065	0.0004316298342541	0.0002302025782688	0.0001342848373235	0.0001342848373235	0.0001342848373235	0.0001342848373235	0.0001342848373235	9.591774094536524e-05	0.0001055095150399	0.0001246930632289	0.0001342848373235
_scratch_st-cdeboer-1_asfar_VLPs_results_crispresso_aggregated_spacer_ABE8e_rep3_.staging_CRISPRessoPooled_on_ABE8e_D4_rep3_CRISPResso_on_PDCD1	A	1.3944278662464793e-05	0.9649998605572134	4.183283598739437e-05	0.0001254985079621	0.0	0.7163594277268037	0.0003764955238865	0.0001394427866246	0.0	0.8981788772066821	0.9935577432579412	6.972139331232396e-05	0.999609560197451	0.9996235044761136	0.0	1.3944278662464793e-05	0.9996932258694258	1.3944278662464793e-05	1.3944278662464793e-05	0.0001673313439495
_scratch_st-cdeboer-1_asfar_VLPs_results_crispresso_aggregated_spacer_ABE8e_rep3_.staging_CRISPRessoPooled_on_ABE8e_D4_rep3_CRISPResso_on_PDCD1	T	5.577711464985917e-05	0.0	2.7888557324929586e-05	0.0004880497531862	0.999637448754776	1.3944278662464793e-05	0.0006135482611484	0.0002231084585994	0.9996235044761136	1.3944278662464793e-05	1.3944278662464793e-05	0.0001115542292997	0.0	0.0	1.3944278662464793e-05	1.3944278662464793e-05	0.0	0.9997071701480882	1.3944278662464793e-05	4.183283598739437e-05
_scratch_st-cdeboer-1_asfar_VLPs_results_crispresso_aggregated_spacer_ABE8e_rep3_.staging_CRISPRessoPooled_on_ABE8e_D4_rep3_CRISPResso_on_PDCD1	C	0.9998605572133752	2.7888557324929586e-05	0.9998884457707002	0.9989541791003153	0.0002231084585994	0.0001394427866246	0.9987589591990408	0.999219120394902	0.0001254985079621	0.0001533870652871	1.3944278662464793e-05	4.183283598739437e-05	1.3944278662464793e-05	8.366567197478874e-05	0.9998326686560504	0.9998047800987256	4.183283598739437e-05	8.366567197478874e-05	0.999790835820063	0.999609560197451
_scratch_st-cdeboer-1_asfar_VLPs_results_crispresso_aggregated_spacer_ABE8e_rep3_.staging_CRISPRessoPooled_on_ABE8e_D4_rep3_CRISPResso_on_PDCD1	G	1.3944278662464793e-05	0.0349443623281367	2.7888557324929586e-05	0.0004183283598739	6.972139331232396e-05	0.2833895752572719	6.972139331232396e-05	0.0002370527372619	9.760995063725352e-05	0.1014306829907688	0.0062609811194466	0.9996513930334384	0.0002509970159243	0.0001394427866246	0.0	1.3944278662464793e-05	0.0001115542292997	4.183283598739437e-05	2.7888557324929586e-05	2.7888557324929586e-05
_scratch_st-cdeboer-1_asfar_VLPs_results_crispresso_aggregated_spacer_ABE8e_rep3_.staging_CRISPRessoPooled_on_ABE8e_D4_rep3_CRISPResso_on_PDCD1	N	0.0	0.0	0.0	0.0	0.0	0.0	0.0	0.0	0.0	0.0	0.0	0.0	0.0	0.0	0.0	0.0	0.0	0.0	0.0	0.0
_scratch_st-cdeboer-1_asfar_VLPs_results_crispresso_aggregated_spacer_ABE8e_rep3_.staging_CRISPRessoPooled_on_ABE8e_D4_rep3_CRISPResso_on_PDCD1	-	5.577711464985917e-05	2.7888557324929586e-05	1.3944278662464793e-05	1.3944278662464793e-05	6.972139331232396e-05	9.760995063725352e-05	0.000181275622612	0.000181275622612	0.0001533870652871	0.0002231084585994	0.0001533870652871	0.0001254985079621	0.0001254985079621	0.0001533870652871	0.0001533870652871	0.0001533870652871	0.0001533870652871	0.0001533870652871	0.0001533870652871	0.0001533870652871
_scratch_st-cdeboer-1_asfar_VLPs_results_crispresso_aggregated_spacer_ABE8e_rep3_.staging_CRISPRessoPooled_on_ABE8e_D5_rep3_CRISPResso_on_PDCD1	A	3.248546275541695e-05	0.9156190104928044	6.49709255108339e-05	0.0001461845823993	0.0	0.3443621479387974	0.0007958938375077	0.0006009810609752	1.6242731377708475e-05	0.743868368904915	0.985170386252152	4.872819413312543e-05	0.9984731832504954	0.9987493096839164	3.248546275541695e-05	0.0	0.9995452035214242	1.6242731377708475e-05	8.121365688854238e-05	4.872819413312543e-05
_scratch_st-cdeboer-1_asfar_VLPs_results_crispresso_aggregated_spacer_ABE8e_rep3_.staging_CRISPRessoPooled_on_ABE8e_D5_rep3_CRISPResso_on_PDCD1	T	6.49709255108339e-05	8.121365688854238e-05	9.745638826625084e-05	0.0008446220316408	0.9996589026410682	9.745638826625084e-05	0.0012344475847058	0.0007146801806191	0.9990416788487152	6.49709255108339e-05	0.0	0.0001786700451547	0.0	3.248546275541695e-05	1.6242731377708475e-05	3.248546275541695e-05	9.745638826625084e-05	0.9993015625507584	0.0	3.248546275541695e-05
_scratch_st-cdeboer-1_asfar_VLPs_results_crispresso_aggregated_spacer_ABE8e_rep3_.staging_CRISPRessoPooled_on_ABE8e_D5_rep3_CRISPResso_on_PDCD1	C	0.999561446252802	6.49709255108339e-05	0.9994639898645356	0.9976123184874768	6.49709255108339e-05	8.121365688854238e-05	0.9974174057109444	0.99766104668161	0.0001461845823993	0.000162427313777	0.0	3.248546275541695e-05	4.872819413312543e-05	4.872819413312543e-05	0.9994152616704024	0.999447747133158	3.248546275541695e-05	0.0003248546275541	0.9996751453724458	0.9996751453724458
_scratch_st-cdeboer-1_asfar_VLPs_results_crispresso_aggregated_spacer_ABE8e_rep3_.staging_CRISPRessoPooled_on_ABE8e_D5_rep3_CRISPResso_on_PDCD1	G	3.248546275541695e-05	0.0838287366403534	1.6242731377708475e-05	0.0010395348081733	3.248546275541695e-05	0.6552155410453822	0.0001461845823993	0.0006172237923529	0.0001299418510216	0.2551895526751778	0.0142123899554949	0.9991878634311144	0.0009258356885293	0.0006172237923529	1.6242731377708475e-05	0.0	0.0001461845823993	9.745638826625084e-05	0.0	0.0
_scratch_st-cdeboer-1_asfar_VLPs_results_crispresso_aggregated_spacer_ABE8e_rep3_.staging_CRISPRessoPooled_on_ABE8e_D5_rep3_CRISPResso_on_PDCD1	N	0.0	0.0	0.0	0.0	0.0	0.0	0.0	0.0	0.0	0.0	0.0	0.0	0.0	1.6242731377708475e-05	0.0	0.0	0.0	0.0	0.0	0.0
_scratch_st-cdeboer-1_asfar_VLPs_results_crispresso_aggregated_spacer_ABE8e_rep3_.staging_CRISPRessoPooled_on_ABE8e_D5_rep3_CRISPResso_on_PDCD1	-	0.0003086118961764	0.0004060682844427	0.0003573400903095	0.0003573400903095	0.0002436409706656	0.0002436409706656	0.0004060682844427	0.0004060682844427	0.000665951986486	0.0007146801806191	0.0006172237923529	0.000552252866842	0.000552252866842	0.0005360101354643	0.0005197674040866	0.0005197674040866	0.0001786700451547	0.0002598837020433	0.0002436409706656	0.0002436409706656
