Folder	Nucleotide	G	G	A	G	G	C	T	A	T	C	C	A	G	C	G	T	G	A	G	T
_scratch_st-cdeboer-1_asfar_VLPs_results_crispresso_aggregated_spacer_ABEmax-NG_rep3_.staging_CRISPRessoPooled_on_ABEmax-NG_D0_rep3_CRISPResso_on_B2M	A	0.0001603952138068	5.346507126894e-05	0.99968990258664	5.346507126894e-05	0.0002138602850757	6.4158085522728e-05	1.0693014253788e-05	0.999743367657909	1.0693014253788e-05	5.346507126894e-05	4.2772057015152e-05	0.9997540606721628	1.0693014253788e-05	8.5544114030304e-05	2.1386028507576e-05	0.0	2.1386028507576e-05	0.9996792095723864	4.2772057015152e-05	2.1386028507576e-05
_scratch_st-cdeboer-1_asfar_VLPs_results_crispresso_aggregated_spacer_ABEmax-NG_rep3_.staging_CRISPRessoPooled_on_ABEmax-NG_D0_rep3_CRISPResso_on_B2M	T	0.0002673253563447	0.0003100974133598	1.0693014253788e-05	0.0004170275558977	4.2772057015152e-05	0.0001069301425378	0.9996578235438788	3.2079042761364e-05	0.99960435847261	8.5544114030304e-05	0.0001069301425378	0.0	0.0001069301425378	8.5544114030304e-05	1.0693014253788e-05	0.9997112886151476	4.2772057015152e-05	0.0	8.5544114030304e-05	0.9996685165581326
_scratch_st-cdeboer-1_asfar_VLPs_results_crispresso_aggregated_spacer_ABEmax-NG_rep3_.staging_CRISPRessoPooled_on_ABEmax-NG_D0_rep3_CRISPResso_on_B2M	C	8.5544114030304e-05	9.6237128284092e-05	7.485109977651601e-05	0.0001176231567916	4.2772057015152e-05	0.9998182187576856	0.0001603952138068	3.2079042761364e-05	9.6237128284092e-05	0.999850297800447	0.9998182187576856	9.6237128284092e-05	5.346507126894e-05	0.9998182187576856	1.0693014253788e-05	0.0001283161710454	0.0001603952138068	4.2772057015152e-05	0.0001176231567916	0.0001603952138068
_scratch_st-cdeboer-1_asfar_VLPs_results_crispresso_aggregated_spacer_ABEmax-NG_rep3_.staging_CRISPRessoPooled_on_ABEmax-NG_D0_rep3_CRISPResso_on_B2M	G	0.9994867353158182	0.9995402003870872	0.0002245532993295	0.9994118842160415	0.999700595600894	1.0693014253788e-05	0.0001710882280606	0.0001924742565681	0.0002887113848522	1.0693014253788e-05	0.0	0.000149702199553	0.9998289117719394	1.0693014253788e-05	0.9999465349287312	0.0001603952138068	0.9997754467006704	0.0002780183705984	0.9997540606721628	0.000149702199553
_scratch_st-cdeboer-1_asfar_VLPs_results_crispresso_aggregated_spacer_ABEmax-NG_rep3_.staging_CRISPRessoPooled_on_ABEmax-NG_D0_rep3_CRISPResso_on_B2M	N	0.0	0.0	0.0	0.0	0.0	0.0	0.0	0.0	0.0	0.0	0.0	0.0	0.0	0.0	1.0693014253788e-05	0.0	0.0	0.0	0.0	0.0
_scratch_st-cdeboer-1_asfar_VLPs_results_crispresso_aggregated_spacer_ABEmax-NG_rep3_.staging_CRISPRessoPooled_on_ABEmax-NG_D0_rep3_CRISPResso_on_B2M	-	0.0	0.0	0.0	0.0	0.0	0.0	0.0	0.0	0.0	0.0	3.2079042761364e-05	0.0	0.0	0.0	0.0	0.0	0.0	0.0	0.0	0.0
_scratch_st-cdeboer-1_asfar_VLPs_results_crispresso_aggregated_spacer_ABEmax-NG_rep3_.staging_CRISPRessoPooled_on_ABEmax-NG_D1_rep3_CRISPResso_on_B2M	A	0.0002843447883662	0.0	0.9995937931594768	0.0002031034202615	0.0001624827362092	0.0	0.0	0.9998781379478432	4.062068405231944e-05	4.062068405231944e-05	8.124136810463888e-05	0.9996344138435292	4.062068405231944e-05	0.0	4.062068405231944e-05	0.0	4.062068405231944e-05	1.0	0.0	0.0
_scratch_st-cdeboer-1_asfar_VLPs_results_crispresso_aggregated_spacer_ABEmax-NG_rep3_.staging_CRISPRessoPooled_on_ABEmax-NG_D1_rep3_CRISPResso_on_B2M	T	0.0004062068405231	0.0004468275245755	0.0	0.0001218620521569	8.124136810463888e-05	4.062068405231944e-05	0.9997968965797384	0.0	0.9996750345275814	4.062068405231944e-05	8.124136810463888e-05	0.0	8.124136810463888e-05	0.0002437241043139	0.0001218620521569	0.9995937931594768	0.0001218620521569	0.0	4.062068405231944e-05	0.9995531724754244
_scratch_st-cdeboer-1_asfar_VLPs_results_crispresso_aggregated_spacer_ABEmax-NG_rep3_.staging_CRISPRessoPooled_on_ABEmax-NG_D1_rep3_CRISPResso_on_B2M	C	0.0001624827362092	0.0001218620521569	8.124136810463888e-05	4.062068405231944e-05	0.0001218620521569	0.9999187586318954	0.0001218620521569	0.0	4.062068405231944e-05	0.9999187586318954	0.9997968965797384	0.0001218620521569	0.0	0.9997156552116336	0.0	0.0004062068405231	8.124136810463888e-05	0.0	0.0	0.0003249654724185
_scratch_st-cdeboer-1_asfar_VLPs_results_crispresso_aggregated_spacer_ABEmax-NG_rep3_.staging_CRISPRessoPooled_on_ABEmax-NG_D1_rep3_CRISPResso_on_B2M	G	0.9991469656349012	0.9993906897392152	0.0003249654724185	0.9996344138435292	0.9996344138435292	4.062068405231944e-05	8.124136810463888e-05	0.0001218620521569	0.0002437241043139	0.0	0.0	0.0002437241043139	0.9998781379478432	4.062068405231944e-05	0.9998375172637908	0.0	0.999756275895686	0.0	0.9999593793159476	0.0001218620521569
_scratch_st-cdeboer-1_asfar_VLPs_results_crispresso_aggregated_spacer_ABEmax-NG_rep3_.staging_CRISPRessoPooled_on_ABEmax-NG_D1_rep3_CRISPResso_on_B2M	N	0.0	0.0	0.0	0.0	0.0	0.0	0.0	0.0	0.0	0.0	0.0	0.0	0.0	0.0	0.0	0.0	0.0	0.0	0.0	0.0
_scratch_st-cdeboer-1_asfar_VLPs_results_crispresso_aggregated_spacer_ABEmax-NG_rep3_.staging_CRISPRessoPooled_on_ABEmax-NG_D1_rep3_CRISPResso_on_B2M	-	0.0	4.062068405231944e-05	0.0	0.0	0.0	0.0	0.0	0.0	0.0	0.0	4.062068405231944e-05	0.0	0.0	0.0	0.0	0.0	0.0	0.0	0.0	0.0
_scratch_st-cdeboer-1_asfar_VLPs_results_crispresso_aggregated_spacer_ABEmax-NG_rep3_.staging_CRISPRessoPooled_on_ABEmax-NG_D2_rep3_CRISPResso_on_B2M	A	0.00019467246358	0.0	0.99970799130463	6.48908211933422e-05	9.733623179001332e-05	3.24454105966711e-05	0.0	0.99980532753642	3.24454105966711e-05	3.24454105966711e-05	6.48908211933422e-05	0.9997728821258232	0.0	6.48908211933422e-05	0.0	0.0	3.24454105966711e-05	0.9997404367152266	0.0	0.0
_scratch_st-cdeboer-1_asfar_VLPs_results_crispresso_aggregated_spacer_ABEmax-NG_rep3_.staging_CRISPRessoPooled_on_ABEmax-NG_D2_rep3_CRISPResso_on_B2M	T	9.733623179001332e-05	0.0002271178741766	3.24454105966711e-05	6.48908211933422e-05	9.733623179001332e-05	3.24454105966711e-05	0.99970799130463	0.0	0.9996755458940332	6.48908211933422e-05	3.24454105966711e-05	0.0	3.24454105966711e-05	9.733623179001332e-05	0.0	0.9971772492780896	9.733623179001332e-05	0.0	0.0	0.99970799130463
_scratch_st-cdeboer-1_asfar_VLPs_results_crispresso_aggregated_spacer_ABEmax-NG_rep3_.staging_CRISPRessoPooled_on_ABEmax-NG_D2_rep3_CRISPResso_on_B2M	C	0.0	6.48908211933422e-05	6.48908211933422e-05	6.48908211933422e-05	0.0	0.9999351091788068	0.0001622270529833	3.24454105966711e-05	6.48908211933422e-05	0.9998702183576134	0.99980532753642	9.733623179001332e-05	3.24454105966711e-05	0.9998377729470166	3.24454105966711e-05	0.002757859900717	0.0001297816423866	0.0	6.48908211933422e-05	0.0001297816423866
_scratch_st-cdeboer-1_asfar_VLPs_results_crispresso_aggregated_spacer_ABEmax-NG_rep3_.staging_CRISPRessoPooled_on_ABEmax-NG_D2_rep3_CRISPResso_on_B2M	G	0.99970799130463	0.9996755458940332	0.00019467246358	0.99980532753642	0.99980532753642	0.0	0.0001297816423866	0.0001622270529833	0.00019467246358	3.24454105966711e-05	6.48908211933422e-05	0.0001297816423866	0.9999351091788068	0.0	0.9999675545894032	6.48908211933422e-05	0.9997404367152266	0.0002595632847733	0.9999351091788068	0.0001622270529833
_scratch_st-cdeboer-1_asfar_VLPs_results_crispresso_aggregated_spacer_ABEmax-NG_rep3_.staging_CRISPRessoPooled_on_ABEmax-NG_D2_rep3_CRISPResso_on_B2M	N	0.0	0.0	0.0	0.0	0.0	0.0	0.0	0.0	0.0	0.0	0.0	0.0	0.0	0.0	0.0	0.0	0.0	0.0	0.0	0.0
_scratch_st-cdeboer-1_asfar_VLPs_results_crispresso_aggregated_spacer_ABEmax-NG_rep3_.staging_CRISPRessoPooled_on_ABEmax-NG_D2_rep3_CRISPResso_on_B2M	-	0.0	3.24454105966711e-05	0.0	0.0	0.0	0.0	0.0	0.0	3.24454105966711e-05	0.0	3.24454105966711e-05	0.0	0.0	0.0	0.0	0.0	0.0	0.0	0.0	0.0
_scratch_st-cdeboer-1_asfar_VLPs_results_crispresso_aggregated_spacer_ABEmax-NG_rep3_.staging_CRISPRessoPooled_on_ABEmax-NG_D3_rep3_CRISPResso_on_B2M	A	8.653762944587071e-05	0.0	0.9997980788646263	2.8845876481956904e-05	8.653762944587071e-05	8.653762944587071e-05	0.0	0.9998557706175902	0.0	8.653762944587071e-05	8.653762944587071e-05	0.9997403871116624	0.0	2.8845876481956904e-05	2.8845876481956904e-05	0.0	5.769175296391381e-05	0.9996250036057346	0.0	0.0
_scratch_st-cdeboer-1_asfar_VLPs_results_crispresso_aggregated_spacer_ABEmax-NG_rep3_.staging_CRISPRessoPooled_on_ABEmax-NG_D3_rep3_CRISPResso_on_B2M	T	8.653762944587071e-05	0.0002307670118556	0.0	0.0002019211353736	5.769175296391381e-05	2.8845876481956904e-05	0.9997980788646263	0.0	0.9996826953586984	8.653762944587071e-05	5.769175296391381e-05	0.0	0.0001442293824097	8.653762944587071e-05	5.769175296391381e-05	0.9962500360573456	0.0001153835059278	0.0	0.0	0.9995961577292526
_scratch_st-cdeboer-1_asfar_VLPs_results_crispresso_aggregated_spacer_ABEmax-NG_rep3_.staging_CRISPRessoPooled_on_ABEmax-NG_D3_rep3_CRISPResso_on_B2M	C	8.653762944587071e-05	2.8845876481956904e-05	0.0	5.769175296391381e-05	5.769175296391381e-05	0.999884616494072	0.0	0.0	0.0001153835059278	0.9998269247411082	0.9998557706175902	0.0001442293824097	5.769175296391381e-05	0.999884616494072	0.0	0.0036922721896904	8.653762944587071e-05	0.0	5.769175296391381e-05	0.0001730752588917
_scratch_st-cdeboer-1_asfar_VLPs_results_crispresso_aggregated_spacer_ABEmax-NG_rep3_.staging_CRISPRessoPooled_on_ABEmax-NG_D3_rep3_CRISPResso_on_B2M	G	0.9997403871116624	0.9997403871116624	0.0001730752588917	0.9997115412351804	0.9997980788646263	0.0	0.0002019211353736	0.0001442293824097	0.0002019211353736	0.0	0.0	0.0001153835059278	0.9997980788646263	0.0	0.999913462370554	5.769175296391381e-05	0.9997403871116624	0.0003749963942654	0.999942308247036	0.0002307670118556
_scratch_st-cdeboer-1_asfar_VLPs_results_crispresso_aggregated_spacer_ABEmax-NG_rep3_.staging_CRISPRessoPooled_on_ABEmax-NG_D3_rep3_CRISPResso_on_B2M	N	0.0	0.0	0.0	0.0	0.0	0.0	0.0	0.0	0.0	0.0	0.0	0.0	0.0	0.0	0.0	0.0	0.0	0.0	0.0	0.0
_scratch_st-cdeboer-1_asfar_VLPs_results_crispresso_aggregated_spacer_ABEmax-NG_rep3_.staging_CRISPRessoPooled_on_ABEmax-NG_D3_rep3_CRISPResso_on_B2M	-	0.0	0.0	2.8845876481956904e-05	0.0	0.0	0.0	0.0	0.0	0.0	0.0	0.0	0.0	0.0	0.0	0.0	0.0	0.0	0.0	0.0	0.0
_scratch_st-cdeboer-1_asfar_VLPs_results_crispresso_aggregated_spacer_ABEmax-NG_rep3_.staging_CRISPRessoPooled_on_ABEmax-NG_D4_rep3_CRISPResso_on_B2M	A	0.0001610984435411	1.8588281947060573e-05	0.9997583523346882	1.239218796470705e-05	0.0001549023495588	2.47843759294141e-05	1.239218796470705e-05	0.9998141171805294	1.8588281947060573e-05	7.435312778824229e-05	6.815703380588877e-05	0.999721175770794	2.47843759294141e-05	5.576484584118172e-05	3.7176563894121147e-05	0.0	6.196093982353525e-05	0.9996344304550412	6.196093982353525e-06	2.47843759294141e-05
_scratch_st-cdeboer-1_asfar_VLPs_results_crispresso_aggregated_spacer_ABEmax-NG_rep3_.staging_CRISPRessoPooled_on_ABEmax-NG_D4_rep3_CRISPResso_on_B2M	T	0.0001982750074353	0.0002664320412412	3.0980469911767624e-05	0.0003717656389412	3.0980469911767624e-05	8.054922177059582e-05	0.9997273718647764	3.7176563894121147e-05	0.999752156240706	4.95687518588282e-05	8.674531575294934e-05	0.0	3.7176563894121147e-05	0.0001796867254882	5.576484584118172e-05	0.996424853772182	8.674531575294934e-05	1.8588281947060573e-05	0.0001363140676117	0.9994981163874294
_scratch_st-cdeboer-1_asfar_VLPs_results_crispresso_aggregated_spacer_ABEmax-NG_rep3_.staging_CRISPRessoPooled_on_ABEmax-NG_D4_rep3_CRISPResso_on_B2M	C	9.91375037176564e-05	0.0001425101615941	2.47843759294141e-05	6.815703380588877e-05	8.674531575294934e-05	0.999876078120353	0.0001301179736294	2.47843759294141e-05	4.337265787647467e-05	0.9998512937444236	0.9998265093684942	0.0001301179736294	4.337265787647467e-05	0.9997397640527412	6.196093982353525e-06	0.0034140477842767	0.0001796867254882	2.47843759294141e-05	8.674531575294934e-05	0.0002664320412412
_scratch_st-cdeboer-1_asfar_VLPs_results_crispresso_aggregated_spacer_ABEmax-NG_rep3_.staging_CRISPRessoPooled_on_ABEmax-NG_D4_rep3_CRISPResso_on_B2M	G	0.9995414890453058	0.9995043124814116	0.0001734906315058	0.9995476851392882	0.999721175770794	1.8588281947060573e-05	0.0001301179736294	0.000123921879647	0.0001858828194706	2.47843759294141e-05	1.8588281947060573e-05	0.0001487062555764	0.9998946664023	2.47843759294141e-05	0.9999008624962824	0.0001610984435411	0.9996716070189352	0.0003221968870823	0.9997707445226528	0.0002106671954
_scratch_st-cdeboer-1_asfar_VLPs_results_crispresso_aggregated_spacer_ABEmax-NG_rep3_.staging_CRISPRessoPooled_on_ABEmax-NG_D4_rep3_CRISPResso_on_B2M	N	0.0	0.0	0.0	0.0	0.0	0.0	0.0	0.0	0.0	0.0	0.0	0.0	0.0	0.0	0.0	0.0	0.0	0.0	0.0	0.0
_scratch_st-cdeboer-1_asfar_VLPs_results_crispresso_aggregated_spacer_ABEmax-NG_rep3_.staging_CRISPRessoPooled_on_ABEmax-NG_D4_rep3_CRISPResso_on_B2M	-	0.0	6.815703380588877e-05	1.239218796470705e-05	0.0	6.196093982353525e-06	0.0	0.0	0.0	0.0	0.0	0.0	0.0	0.0	0.0	0.0	0.0	0.0	0.0	0.0	0.0
_scratch_st-cdeboer-1_asfar_VLPs_results_crispresso_aggregated_spacer_ABEmax-NG_rep3_.staging_CRISPRessoPooled_on_ABEmax-NG_D5_rep3_CRISPResso_on_B2M	A	0.0001290955565309	3.4425481741585123e-05	0.9997590216278088	5.1638222612377685e-05	9.467007478935909e-05	5.1638222612377685e-05	0.0	0.9998450853321628	0.0	8.60637043539628e-05	4.30318521769814e-05	0.9997245961460672	1.7212740870792562e-05	2.5819111306188843e-05	7.745733391856652e-05	6.024459304777396e-05	4.30318521769814e-05	0.9995782878486656	8.606370435396281e-06	1.7212740870792562e-05
_scratch_st-cdeboer-1_asfar_VLPs_results_crispresso_aggregated_spacer_ABEmax-NG_rep3_.staging_CRISPRessoPooled_on_ABEmax-NG_D5_rep3_CRISPResso_on_B2M	T	0.0002065528904495	0.0003442548174158	1.7212740870792562e-05	0.0003614675582866	1.7212740870792562e-05	4.30318521769814e-05	0.999741808886938	8.606370435396281e-06	0.9994061604399576	4.30318521769814e-05	7.745733391856652e-05	8.606370435396281e-06	4.30318521769814e-05	0.0001463082974017	3.4425481741585123e-05	0.9685351096881912	0.0001377019269663	0.0	0.0001118828156601	0.9993631285877806
_scratch_st-cdeboer-1_asfar_VLPs_results_crispresso_aggregated_spacer_ABEmax-NG_rep3_.staging_CRISPRessoPooled_on_ABEmax-NG_D5_rep3_CRISPResso_on_B2M	C	5.1638222612377685e-05	5.1638222612377685e-05	1.7212740870792562e-05	8.60637043539628e-05	2.5819111306188843e-05	0.9998967235547752	0.0001635210382725	0.0	0.0003786802991574	0.9998450853321628	0.9998364789617274	8.60637043539628e-05	8.60637043539628e-05	0.9997245961460672	2.5819111306188843e-05	0.0312153055691823	0.0001807337791433	6.885096348317025e-05	0.0001290955565309	0.0003786802991574
_scratch_st-cdeboer-1_asfar_VLPs_results_crispresso_aggregated_spacer_ABEmax-NG_rep3_.staging_CRISPRessoPooled_on_ABEmax-NG_D5_rep3_CRISPResso_on_B2M	G	0.9996041069599718	0.9995266496260532	0.0001979465200141	0.9994922241443116	0.9998536917025984	0.0	8.60637043539628e-05	0.0001377019269663	0.0002065528904495	8.606370435396281e-06	8.606370435396281e-06	0.0001721274087079	0.9997848407391152	3.4425481741585123e-05	0.9997848407391152	0.0001204891860955	0.9995696814782302	0.0002754038539326	0.9996815642938904	0.0001721274087079
_scratch_st-cdeboer-1_asfar_VLPs_results_crispresso_aggregated_spacer_ABEmax-NG_rep3_.staging_CRISPRessoPooled_on_ABEmax-NG_D5_rep3_CRISPResso_on_B2M	N	0.0	0.0	0.0	0.0	0.0	0.0	0.0	0.0	0.0	8.606370435396281e-06	0.0	0.0	0.0	0.0	8.606370435396281e-06	0.0	0.0	8.606370435396281e-06	0.0	0.0
_scratch_st-cdeboer-1_asfar_VLPs_results_crispresso_aggregated_spacer_ABEmax-NG_rep3_.staging_CRISPRessoPooled_on_ABEmax-NG_D5_rep3_CRISPResso_on_B2M	-	8.606370435396281e-06	4.30318521769814e-05	8.606370435396281e-06	8.606370435396281e-06	8.606370435396281e-06	8.606370435396281e-06	8.606370435396281e-06	8.606370435396281e-06	8.606370435396281e-06	8.606370435396281e-06	3.4425481741585123e-05	8.606370435396281e-06	6.885096348317025e-05	6.885096348317025e-05	6.885096348317025e-05	6.885096348317025e-05	6.885096348317025e-05	6.885096348317025e-05	6.885096348317025e-05	6.885096348317025e-05
