Folder	Nucleotide	C	A	C	C	T	A	C	C	T	A	A	G	A	A	C	C	A	T	C	C
_scratch_st-cdeboer-1_asfar_VLPs_results_crispresso_aggregated_spacer_ABEmax-NG_rep2_.staging_CRISPRessoPooled_on_ABEmax-NG_D0_rep2_CRISPResso_on_PDCD1	A	4.530011325028312e-05	0.9998550396375993	9.060022650056624e-06	5.436013590033975e-05	0.0	0.9998006795016988	2.7180067950169875e-05	3.62400906002265e-05	3.62400906002265e-05	0.9998822197055492	0.9997825594563986	8.154020385050963e-05	0.9997825594563986	0.9997825594563986	9.060022650056624e-06	8.154020385050963e-05	0.999836919592299	1.812004530011325e-05	3.62400906002265e-05	4.530011325028312e-05
_scratch_st-cdeboer-1_asfar_VLPs_results_crispresso_aggregated_spacer_ABEmax-NG_rep2_.staging_CRISPRessoPooled_on_ABEmax-NG_D0_rep2_CRISPResso_on_PDCD1	T	3.62400906002265e-05	2.7180067950169875e-05	7.2480181200453e-05	1.812004530011325e-05	0.9997463193657984	2.7180067950169875e-05	2.7180067950169875e-05	2.7180067950169875e-05	0.9997463193657984	9.060022650056624e-06	0.0	0.0001087202718006	9.060022650056624e-06	0.0	9.060022650056624e-06	5.436013590033975e-05	0.0	0.9997010192525482	1.812004530011325e-05	3.62400906002265e-05
_scratch_st-cdeboer-1_asfar_VLPs_results_crispresso_aggregated_spacer_ABEmax-NG_rep2_.staging_CRISPRessoPooled_on_ABEmax-NG_D0_rep2_CRISPResso_on_PDCD1	C	0.9998550396375993	2.7180067950169875e-05	0.9998912797281994	0.9998912797281994	0.0001812004530011	3.62400906002265e-05	0.9999275198187996	0.9999003397508494	9.966024915062288e-05	1.812004530011325e-05	6.342015855039638e-05	5.436013590033975e-05	7.2480181200453e-05	6.342015855039638e-05	0.9999728199320498	0.9998550396375993	6.342015855039638e-05	0.0002265005662514	0.9999093997734996	0.9998912797281994
_scratch_st-cdeboer-1_asfar_VLPs_results_crispresso_aggregated_spacer_ABEmax-NG_rep2_.staging_CRISPRessoPooled_on_ABEmax-NG_D0_rep2_CRISPResso_on_PDCD1	G	2.7180067950169875e-05	8.154020385050963e-05	1.812004530011325e-05	2.7180067950169875e-05	5.436013590033975e-05	0.0001268403171007	9.060022650056624e-06	2.7180067950169875e-05	9.966024915062288e-05	8.154020385050963e-05	0.0001087202718006	0.9997463193657984	0.0001268403171007	0.0001449603624009	0.0	0.0	9.060022650056623e-05	4.530011325028312e-05	2.7180067950169875e-05	1.812004530011325e-05
_scratch_st-cdeboer-1_asfar_VLPs_results_crispresso_aggregated_spacer_ABEmax-NG_rep2_.staging_CRISPRessoPooled_on_ABEmax-NG_D0_rep2_CRISPResso_on_PDCD1	N	9.060022650056624e-06	0.0	0.0	0.0	0.0	0.0	0.0	0.0	0.0	0.0	0.0	0.0	0.0	0.0	0.0	0.0	0.0	0.0	0.0	0.0
_scratch_st-cdeboer-1_asfar_VLPs_results_crispresso_aggregated_spacer_ABEmax-NG_rep2_.staging_CRISPRessoPooled_on_ABEmax-NG_D0_rep2_CRISPResso_on_PDCD1	-	2.7180067950169875e-05	9.060022650056624e-06	9.060022650056624e-06	9.060022650056624e-06	1.812004530011325e-05	9.060022650056624e-06	9.060022650056624e-06	9.060022650056624e-06	1.812004530011325e-05	9.060022650056624e-06	4.530011325028312e-05	9.060022650056624e-06	9.060022650056624e-06	9.060022650056624e-06	9.060022650056624e-06	9.060022650056624e-06	9.060022650056624e-06	9.060022650056624e-06	9.060022650056624e-06	9.060022650056624e-06
_scratch_st-cdeboer-1_asfar_VLPs_results_crispresso_aggregated_spacer_ABEmax-NG_rep2_.staging_CRISPRessoPooled_on_ABEmax-NG_D1_rep2_CRISPResso_on_PDCD1	A	4.271800421484308e-05	0.9998576066526172	0.0	1.4239334738281028e-05	0.0	0.99950162328416	2.847866947656205e-05	8.543600842968616e-05	0.0	0.9997436919747108	0.999900324656832	5.695733895312411e-05	0.9998148886484024	0.9998576066526172	2.847866947656205e-05	2.847866947656205e-05	0.9997721706441876	0.0	0.0	0.0
_scratch_st-cdeboer-1_asfar_VLPs_results_crispresso_aggregated_spacer_ABEmax-NG_rep2_.staging_CRISPRessoPooled_on_ABEmax-NG_D1_rep2_CRISPResso_on_PDCD1	T	0.0	2.847866947656205e-05	2.847866947656205e-05	5.695733895312411e-05	0.9998576066526172	0.0	4.271800421484308e-05	2.847866947656205e-05	0.9998433673178788	2.847866947656205e-05	0.0	0.0001851113515976	1.4239334738281028e-05	0.0	4.271800421484308e-05	7.119667369140514e-05	0.0	0.9998433673178788	4.271800421484308e-05	4.271800421484308e-05
_scratch_st-cdeboer-1_asfar_VLPs_results_crispresso_aggregated_spacer_ABEmax-NG_rep2_.staging_CRISPRessoPooled_on_ABEmax-NG_D1_rep2_CRISPResso_on_PDCD1	C	0.9998291279831406	2.847866947656205e-05	0.9999715213305236	0.9999145639915704	0.0001281540126445	4.271800421484308e-05	0.9999288033263086	0.9998576066526172	9.96753431679672e-05	1.4239334738281028e-05	0.0	2.847866947656205e-05	7.119667369140514e-05	8.543600842968616e-05	0.9999145639915704	0.9998718459873556	8.543600842968616e-05	0.0001139146779062	0.9999430426610468	0.9999430426610468
_scratch_st-cdeboer-1_asfar_VLPs_results_crispresso_aggregated_spacer_ABEmax-NG_rep2_.staging_CRISPRessoPooled_on_ABEmax-NG_D1_rep2_CRISPResso_on_PDCD1	G	4.271800421484308e-05	8.543600842968616e-05	0.0	1.4239334738281028e-05	1.4239334738281028e-05	0.0004556587116249	0.0	2.847866947656205e-05	5.695733895312411e-05	0.0002135900210742	9.96753431679672e-05	0.9997152133052344	9.96753431679672e-05	5.695733895312411e-05	1.4239334738281028e-05	1.4239334738281028e-05	0.0001423933473828	4.271800421484308e-05	1.4239334738281028e-05	0.0
_scratch_st-cdeboer-1_asfar_VLPs_results_crispresso_aggregated_spacer_ABEmax-NG_rep2_.staging_CRISPRessoPooled_on_ABEmax-NG_D1_rep2_CRISPResso_on_PDCD1	N	0.0	0.0	0.0	0.0	0.0	0.0	0.0	0.0	0.0	0.0	0.0	0.0	0.0	0.0	0.0	0.0	0.0	0.0	0.0	0.0
_scratch_st-cdeboer-1_asfar_VLPs_results_crispresso_aggregated_spacer_ABEmax-NG_rep2_.staging_CRISPRessoPooled_on_ABEmax-NG_D1_rep2_CRISPResso_on_PDCD1	-	8.543600842968616e-05	0.0	0.0	0.0	0.0	0.0	0.0	0.0	0.0	0.0	0.0	1.4239334738281028e-05	0.0	0.0	0.0	1.4239334738281028e-05	0.0	0.0	0.0	1.4239334738281028e-05
_scratch_st-cdeboer-1_asfar_VLPs_results_crispresso_aggregated_spacer_ABEmax-NG_rep2_.staging_CRISPRessoPooled_on_ABEmax-NG_D2_rep2_CRISPResso_on_PDCD1	A	0.0001053759286253	0.9997892481427492	3.512530954179034e-05	5.268796431268551e-05	1.756265477089517e-05	0.9991921178805389	1.756265477089517e-05	8.781327385447585e-05	1.756265477089517e-05	0.9998946240713746	0.9997892481427492	5.268796431268551e-05	0.9997541228332074	0.9997892481427492	0.0	3.512530954179034e-05	0.9998946240713746	3.512530954179034e-05	1.756265477089517e-05	3.512530954179034e-05
_scratch_st-cdeboer-1_asfar_VLPs_results_crispresso_aggregated_spacer_ABEmax-NG_rep2_.staging_CRISPRessoPooled_on_ABEmax-NG_D2_rep2_CRISPResso_on_PDCD1	T	3.512530954179034e-05	3.512530954179034e-05	0.0	0.0	0.9997892481427492	0.0	7.025061908358068e-05	1.756265477089517e-05	0.9997892481427492	0.0	0.0	0.0001229385833962	1.756265477089517e-05	0.0	5.268796431268551e-05	1.756265477089517e-05	0.0	0.9997189975236656	5.268796431268551e-05	0.0
_scratch_st-cdeboer-1_asfar_VLPs_results_crispresso_aggregated_spacer_ABEmax-NG_rep2_.staging_CRISPRessoPooled_on_ABEmax-NG_D2_rep2_CRISPResso_on_PDCD1	C	0.999824373452291	5.268796431268551e-05	0.9999473120356872	0.9999473120356872	0.0001405012381671	1.756265477089517e-05	0.9999121867261456	0.9998946240713746	5.268796431268551e-05	0.0	7.025061908358068e-05	3.512530954179034e-05	0.0001053759286253	8.781327385447585e-05	0.9999473120356872	0.9999121867261456	1.756265477089517e-05	0.0001931892024798	0.9999121867261456	0.9999473120356872
_scratch_st-cdeboer-1_asfar_VLPs_results_crispresso_aggregated_spacer_ABEmax-NG_rep2_.staging_CRISPRessoPooled_on_ABEmax-NG_D2_rep2_CRISPResso_on_PDCD1	G	1.756265477089517e-05	0.0001229385833962	1.756265477089517e-05	0.0	5.268796431268551e-05	0.0007903194646902	0.0	0.0	0.0001405012381671	0.0001053759286253	0.0001229385833962	0.9997892481427492	0.0001229385833962	0.0001229385833962	0.0	3.512530954179034e-05	8.781327385447585e-05	5.268796431268551e-05	1.756265477089517e-05	1.756265477089517e-05
_scratch_st-cdeboer-1_asfar_VLPs_results_crispresso_aggregated_spacer_ABEmax-NG_rep2_.staging_CRISPRessoPooled_on_ABEmax-NG_D2_rep2_CRISPResso_on_PDCD1	N	0.0	0.0	0.0	0.0	0.0	0.0	0.0	0.0	0.0	0.0	0.0	0.0	0.0	0.0	0.0	0.0	0.0	0.0	0.0	0.0
_scratch_st-cdeboer-1_asfar_VLPs_results_crispresso_aggregated_spacer_ABEmax-NG_rep2_.staging_CRISPRessoPooled_on_ABEmax-NG_D2_rep2_CRISPResso_on_PDCD1	-	1.756265477089517e-05	0.0	0.0	0.0	0.0	0.0	0.0	0.0	0.0	0.0	1.756265477089517e-05	0.0	0.0	0.0	0.0	0.0	0.0	0.0	0.0	0.0
_scratch_st-cdeboer-1_asfar_VLPs_results_crispresso_aggregated_spacer_ABEmax-NG_rep2_.staging_CRISPRessoPooled_on_ABEmax-NG_D3_rep2_CRISPResso_on_PDCD1	A	4.418815315613884e-05	0.9998453414639537	0.0	0.0	0.0	0.9987848257882062	2.209407657806942e-05	4.418815315613884e-05	0.0	0.9998011533107972	0.9999116236936876	4.418815315613884e-05	0.9997127770044852	0.9997790592342192	4.418815315613884e-05	2.209407657806942e-05	0.9998232473873756	0.0	8.837630631227768e-05	4.418815315613884e-05
_scratch_st-cdeboer-1_asfar_VLPs_results_crispresso_aggregated_spacer_ABEmax-NG_rep2_.staging_CRISPRessoPooled_on_ABEmax-NG_D3_rep2_CRISPResso_on_PDCD1	T	0.0001104703828903	0.0	4.418815315613884e-05	2.209407657806942e-05	0.9998895296171096	0.0	6.628222973420826e-05	2.209407657806942e-05	0.9998674355405316	0.0	2.209407657806942e-05	0.0002209407657806	4.418815315613884e-05	0.0	0.0	4.418815315613884e-05	2.209407657806942e-05	0.9998232473873756	4.418815315613884e-05	8.837630631227768e-05
_scratch_st-cdeboer-1_asfar_VLPs_results_crispresso_aggregated_spacer_ABEmax-NG_rep2_.staging_CRISPRessoPooled_on_ABEmax-NG_D3_rep2_CRISPResso_on_PDCD1	C	0.9998011533107972	6.628222973420826e-05	0.9999116236936876	0.999955811846844	4.418815315613884e-05	2.209407657806942e-05	0.9998895296171096	0.9998895296171096	6.628222973420826e-05	0.0	0.0	2.209407657806942e-05	6.628222973420826e-05	0.0	0.999955811846844	0.9999116236936876	0.0	0.0001767526126245	0.9998674355405316	0.9998232473873756
_scratch_st-cdeboer-1_asfar_VLPs_results_crispresso_aggregated_spacer_ABEmax-NG_rep2_.staging_CRISPRessoPooled_on_ABEmax-NG_D3_rep2_CRISPResso_on_PDCD1	G	0.0	8.837630631227768e-05	4.418815315613884e-05	2.209407657806942e-05	4.418815315613884e-05	0.0011930801352157	2.209407657806942e-05	4.418815315613884e-05	6.628222973420826e-05	0.0001988466892026	4.418815315613884e-05	0.9997127770044852	0.0001767526126245	0.0002209407657806	0.0	2.209407657806942e-05	0.0001546585360464	0.0	0.0	4.418815315613884e-05
_scratch_st-cdeboer-1_asfar_VLPs_results_crispresso_aggregated_spacer_ABEmax-NG_rep2_.staging_CRISPRessoPooled_on_ABEmax-NG_D3_rep2_CRISPResso_on_PDCD1	N	0.0	0.0	0.0	0.0	0.0	0.0	0.0	0.0	0.0	0.0	0.0	0.0	0.0	0.0	0.0	0.0	0.0	0.0	0.0	0.0
_scratch_st-cdeboer-1_asfar_VLPs_results_crispresso_aggregated_spacer_ABEmax-NG_rep2_.staging_CRISPRessoPooled_on_ABEmax-NG_D3_rep2_CRISPResso_on_PDCD1	-	4.418815315613884e-05	0.0	0.0	0.0	2.209407657806942e-05	0.0	0.0	0.0	0.0	0.0	2.209407657806942e-05	0.0	0.0	0.0	0.0	0.0	0.0	0.0	0.0	0.0
_scratch_st-cdeboer-1_asfar_VLPs_results_crispresso_aggregated_spacer_ABEmax-NG_rep2_.staging_CRISPRessoPooled_on_ABEmax-NG_D4_rep2_CRISPResso_on_PDCD1	A	0.000114755666061	0.999808740556565	3.825188868700392e-05	5.737783303050588e-05	0.0	0.9952950176914984	0.000114755666061	7.650377737400784e-05	0.0	0.9995601032800996	0.999732236779191	5.737783303050588e-05	0.9995601032800996	0.999693984890504	7.650377737400784e-05	5.737783303050588e-05	0.9997896146122216	1.912594434350196e-05	5.737783303050588e-05	7.650377737400784e-05
_scratch_st-cdeboer-1_asfar_VLPs_results_crispresso_aggregated_spacer_ABEmax-NG_rep2_.staging_CRISPRessoPooled_on_ABEmax-NG_D4_rep2_CRISPResso_on_PDCD1	T	1.912594434350196e-05	0.0	1.912594434350196e-05	0.0	0.999770488667878	0.0	7.650377737400784e-05	0.0	0.9997131108348476	1.912594434350196e-05	0.0	0.000191259443435	1.912594434350196e-05	0.0	1.912594434350196e-05	3.825188868700392e-05	0.0	0.9995601032800996	1.912594434350196e-05	3.825188868700392e-05
_scratch_st-cdeboer-1_asfar_VLPs_results_crispresso_aggregated_spacer_ABEmax-NG_rep2_.staging_CRISPRessoPooled_on_ABEmax-NG_D4_rep2_CRISPResso_on_PDCD1	C	0.999770488667878	5.737783303050588e-05	0.9998278665009084	0.999846992445252	0.000114755666061	1.912594434350196e-05	0.9997131108348476	0.999808740556565	0.000114755666061	1.912594434350196e-05	1.912594434350196e-05	3.825188868700392e-05	0.000153007554748	7.650377737400784e-05	0.999808740556565	0.999770488667878	1.912594434350196e-05	0.0002103853877785	0.9998278665009084	0.999770488667878
_scratch_st-cdeboer-1_asfar_VLPs_results_crispresso_aggregated_spacer_ABEmax-NG_rep2_.staging_CRISPRessoPooled_on_ABEmax-NG_D4_rep2_CRISPResso_on_PDCD1	G	0.0	3.825188868700392e-05	1.912594434350196e-05	0.0	1.912594434350196e-05	0.0045902266424404	0.0	0.0	7.650377737400784e-05	0.000306015109496	0.0001338816104045	0.99961748111313	0.0001721334990915	0.0001338816104045	0.0	3.825188868700392e-05	9.56297217175098e-05	0.000114755666061	0.0	1.912594434350196e-05
_scratch_st-cdeboer-1_asfar_VLPs_results_crispresso_aggregated_spacer_ABEmax-NG_rep2_.staging_CRISPRessoPooled_on_ABEmax-NG_D4_rep2_CRISPResso_on_PDCD1	N	0.0	0.0	0.0	0.0	0.0	0.0	0.0	0.0	0.0	0.0	0.0	0.0	0.0	0.0	0.0	0.0	0.0	0.0	0.0	0.0
_scratch_st-cdeboer-1_asfar_VLPs_results_crispresso_aggregated_spacer_ABEmax-NG_rep2_.staging_CRISPRessoPooled_on_ABEmax-NG_D4_rep2_CRISPResso_on_PDCD1	-	9.56297217175098e-05	9.56297217175098e-05	9.56297217175098e-05	9.56297217175098e-05	9.56297217175098e-05	9.56297217175098e-05	9.56297217175098e-05	0.000114755666061	9.56297217175098e-05	9.56297217175098e-05	0.000114755666061	9.56297217175098e-05	9.56297217175098e-05	9.56297217175098e-05	9.56297217175098e-05	9.56297217175098e-05	9.56297217175098e-05	9.56297217175098e-05	9.56297217175098e-05	9.56297217175098e-05
_scratch_st-cdeboer-1_asfar_VLPs_results_crispresso_aggregated_spacer_ABEmax-NG_rep2_.staging_CRISPRessoPooled_on_ABEmax-NG_D5_rep2_CRISPResso_on_PDCD1	A	5.935140781539338e-05	0.9997507240871754	3.561084468923603e-05	7.122168937847206e-05	3.561084468923603e-05	0.9962964721523194	4.74811262523147e-05	1.1870281563078676e-05	1.1870281563078676e-05	0.9997863349318644	0.9997863349318644	5.935140781539338e-05	0.9997863349318644	0.999869426902806	3.561084468923603e-05	4.74811262523147e-05	0.999869426902806	0.0	4.74811262523147e-05	3.561084468923603e-05
_scratch_st-cdeboer-1_asfar_VLPs_results_crispresso_aggregated_spacer_ABEmax-NG_rep2_.staging_CRISPRessoPooled_on_ABEmax-NG_D5_rep2_CRISPResso_on_PDCD1	T	5.935140781539338e-05	2.374056312615735e-05	5.935140781539338e-05	3.561084468923603e-05	0.9997269835240492	0.0	0.0001424433787569	0.0	0.9997388538056122	0.0	0.0	0.0001068325340677	0.0	0.0	2.374056312615735e-05	4.74811262523147e-05	1.1870281563078676e-05	0.9996438915531076	1.1870281563078676e-05	7.122168937847206e-05
_scratch_st-cdeboer-1_asfar_VLPs_results_crispresso_aggregated_spacer_ABEmax-NG_rep2_.staging_CRISPRessoPooled_on_ABEmax-NG_D5_rep2_CRISPResso_on_PDCD1	C	0.9998575566212432	9.49622525046294e-05	0.9998812971843692	0.9998812971843692	0.0001661839418831	7.122168937847206e-05	0.9997982052134275	0.9999762594368738	0.0001661839418831	2.374056312615735e-05	5.935140781539338e-05	2.374056312615735e-05	0.0001068325340677	3.561084468923603e-05	0.9999406485921846	0.9998812971843692	4.74811262523147e-05	0.0002967570390769	0.9999169080290584	0.9998100754949908
_scratch_st-cdeboer-1_asfar_VLPs_results_crispresso_aggregated_spacer_ABEmax-NG_rep2_.staging_CRISPRessoPooled_on_ABEmax-NG_D5_rep2_CRISPResso_on_PDCD1	G	2.374056312615735e-05	0.0001305730971938	2.374056312615735e-05	1.1870281563078676e-05	7.122168937847206e-05	0.003632306158302	1.1870281563078676e-05	1.1870281563078676e-05	5.935140781539338e-05	0.0001899245050092	9.49622525046294e-05	0.9998100754949908	0.0001068325340677	8.309197094155073e-05	0.0	2.374056312615735e-05	7.122168937847206e-05	5.935140781539338e-05	2.374056312615735e-05	7.122168937847206e-05
_scratch_st-cdeboer-1_asfar_VLPs_results_crispresso_aggregated_spacer_ABEmax-NG_rep2_.staging_CRISPRessoPooled_on_ABEmax-NG_D5_rep2_CRISPResso_on_PDCD1	N	0.0	0.0	0.0	0.0	0.0	0.0	0.0	0.0	0.0	0.0	0.0	0.0	0.0	0.0	0.0	0.0	0.0	0.0	0.0	0.0
_scratch_st-cdeboer-1_asfar_VLPs_results_crispresso_aggregated_spacer_ABEmax-NG_rep2_.staging_CRISPRessoPooled_on_ABEmax-NG_D5_rep2_CRISPResso_on_PDCD1	-	0.0	0.0	0.0	0.0	0.0	0.0	0.0	0.0	2.374056312615735e-05	0.0	5.935140781539338e-05	0.0	0.0	1.1870281563078676e-05	0.0	0.0	0.0	0.0	0.0	1.1870281563078676e-05
