Folder	Nucleotide	G	G	A	G	G	C	T	A	T	C	C	A	G	C	G	T	G	A	G	T
_scratch_st-cdeboer-1_asfar_VLPs_results_crispresso_aggregated_spacer_ABEmax-NG_rep1_.staging_CRISPRessoPooled_on_ABEmax-NG_D0_rep1_CRISPResso_on_B2M	A	8.396775638154948e-05	2.798925212718316e-05	0.999692118226601	1.8659501418122103e-05	7.463800567248842e-05	6.530825496342738e-05	0.0	0.999841394237946	0.0	6.530825496342738e-05	5.597850425436632e-05	0.999682788475892	3.731900283624421e-05	5.597850425436632e-05	1.8659501418122103e-05	9.329750709061051e-06	1.8659501418122103e-05	0.999692118226601	9.329750709061051e-06	1.8659501418122103e-05
_scratch_st-cdeboer-1_asfar_VLPs_results_crispresso_aggregated_spacer_ABEmax-NG_rep1_.staging_CRISPRessoPooled_on_ABEmax-NG_D0_rep1_CRISPResso_on_B2M	T	0.0002239140170174	0.0003545305269443	0.0	0.000317211524108	6.530825496342738e-05	9.329750709061052e-05	0.9997667562322736	3.731900283624421e-05	0.9997574264815644	5.597850425436632e-05	0.0001119570085087	9.329750709061051e-06	0.0001119570085087	0.0001865950141812	4.664875354530527e-05	0.9995988207195105	0.0001306165099268	0.0	0.0001959247648902	0.9995801612180922
_scratch_st-cdeboer-1_asfar_VLPs_results_crispresso_aggregated_spacer_ABEmax-NG_rep1_.staging_CRISPRessoPooled_on_ABEmax-NG_D0_rep1_CRISPResso_on_B2M	C	7.463800567248842e-05	0.000167935512763	3.731900283624421e-05	7.463800567248842e-05	5.597850425436632e-05	0.9998320644872368	0.0001119570085087	3.731900283624421e-05	7.463800567248842e-05	0.999860053739364	0.9997574264815644	5.597850425436632e-05	5.597850425436632e-05	0.9997201074787282	4.664875354530527e-05	0.0002239140170174	3.731900283624421e-05	5.597850425436632e-05	4.664875354530527e-05	0.0002332437677265
_scratch_st-cdeboer-1_asfar_VLPs_results_crispresso_aggregated_spacer_ABEmax-NG_rep1_.staging_CRISPRessoPooled_on_ABEmax-NG_D0_rep1_CRISPResso_on_B2M	G	0.9996081504702194	0.9994215554560382	0.0002612330198537	0.9995801612180922	0.9997947454844006	0.0	0.0001119570085087	7.463800567248842e-05	0.000158605762054	9.329750709061051e-06	3.731900283624421e-05	0.0002425735184355	0.9997854157336916	2.798925212718316e-05	0.9998787132407824	0.0001492760113449	0.9998040752351096	0.0002425735184355	0.9997387669801464	0.000158605762054
_scratch_st-cdeboer-1_asfar_VLPs_results_crispresso_aggregated_spacer_ABEmax-NG_rep1_.staging_CRISPRessoPooled_on_ABEmax-NG_D0_rep1_CRISPResso_on_B2M	N	0.0	0.0	0.0	0.0	0.0	0.0	0.0	0.0	0.0	0.0	0.0	0.0	0.0	0.0	0.0	9.329750709061051e-06	0.0	0.0	0.0	0.0
_scratch_st-cdeboer-1_asfar_VLPs_results_crispresso_aggregated_spacer_ABEmax-NG_rep1_.staging_CRISPRessoPooled_on_ABEmax-NG_D0_rep1_CRISPResso_on_B2M	-	9.329750709061051e-06	2.798925212718316e-05	9.329750709061051e-06	9.329750709061051e-06	9.329750709061051e-06	9.329750709061051e-06	9.329750709061051e-06	9.329750709061051e-06	9.329750709061051e-06	9.329750709061051e-06	3.731900283624421e-05	9.329750709061051e-06	9.329750709061051e-06	9.329750709061051e-06	9.329750709061051e-06	9.329750709061051e-06	9.329750709061051e-06	9.329750709061051e-06	9.329750709061051e-06	9.329750709061051e-06
_scratch_st-cdeboer-1_asfar_VLPs_results_crispresso_aggregated_spacer_ABEmax-NG_rep1_.staging_CRISPRessoPooled_on_ABEmax-NG_D1_rep1_CRISPResso_on_B2M	A	0.0001272534464475	1.4139271827500883e-05	0.99983032873807	1.4139271827500883e-05	2.8278543655001767e-05	7.069635913750442e-05	0.0	0.9998444680098976	1.4139271827500883e-05	5.6557087310003534e-05	2.8278543655001767e-05	0.999632378932485	2.8278543655001767e-05	2.8278543655001767e-05	1.4139271827500883e-05	0.0	1.4139271827500883e-05	0.99977377165076	0.0	0.0
_scratch_st-cdeboer-1_asfar_VLPs_results_crispresso_aggregated_spacer_ABEmax-NG_rep1_.staging_CRISPRessoPooled_on_ABEmax-NG_D1_rep1_CRISPResso_on_B2M	T	0.00022622834924	0.000424178154825	1.4139271827500883e-05	0.0001272534464475	4.241781548250265e-05	5.6557087310003534e-05	0.9997313538352774	0.0	0.999802050194415	0.00011311417462	5.6557087310003534e-05	0.0	0.000254506892895	9.89749027925062e-05	2.8278543655001767e-05	0.9994344291269	4.241781548250265e-05	0.0	0.00016967126193	0.99977377165076
_scratch_st-cdeboer-1_asfar_VLPs_results_crispresso_aggregated_spacer_ABEmax-NG_rep1_.staging_CRISPRessoPooled_on_ABEmax-NG_D1_rep1_CRISPResso_on_B2M	C	0.00011311417462	7.069635913750442e-05	1.4139271827500883e-05	1.4139271827500883e-05	1.4139271827500883e-05	0.9998727465535524	0.0001555319901025	1.4139271827500883e-05	7.069635913750442e-05	0.9998161894662424	0.9999010250972076	0.0001272534464475	5.6557087310003534e-05	0.9998444680098976	0.0	0.00045245669848	0.0001272534464475	4.241781548250265e-05	5.6557087310003534e-05	0.00011311417462
_scratch_st-cdeboer-1_asfar_VLPs_results_crispresso_aggregated_spacer_ABEmax-NG_rep1_.staging_CRISPRessoPooled_on_ABEmax-NG_D1_rep1_CRISPResso_on_B2M	G	0.9995334040296924	0.9993920113114174	0.0001272534464475	0.9998444680098976	0.999915164369035	0.0	0.00011311417462	0.000141392718275	0.00011311417462	0.0	0.0	0.0002403676210675	0.99966065747614	2.8278543655001767e-05	0.9999575821845176	0.00011311417462	0.9998161894662424	0.0001838105337575	0.99977377165076	9.89749027925062e-05
_scratch_st-cdeboer-1_asfar_VLPs_results_crispresso_aggregated_spacer_ABEmax-NG_rep1_.staging_CRISPRessoPooled_on_ABEmax-NG_D1_rep1_CRISPResso_on_B2M	N	0.0	0.0	0.0	0.0	0.0	0.0	0.0	0.0	0.0	0.0	0.0	0.0	0.0	0.0	0.0	0.0	0.0	0.0	0.0	1.4139271827500883e-05
_scratch_st-cdeboer-1_asfar_VLPs_results_crispresso_aggregated_spacer_ABEmax-NG_rep1_.staging_CRISPRessoPooled_on_ABEmax-NG_D1_rep1_CRISPResso_on_B2M	-	0.0	9.89749027925062e-05	1.4139271827500883e-05	0.0	0.0	0.0	0.0	0.0	0.0	1.4139271827500883e-05	1.4139271827500883e-05	0.0	0.0	0.0	0.0	0.0	0.0	0.0	0.0	0.0
_scratch_st-cdeboer-1_asfar_VLPs_results_crispresso_aggregated_spacer_ABEmax-NG_rep1_.staging_CRISPRessoPooled_on_ABEmax-NG_D2_rep1_CRISPResso_on_B2M	A	7.647452442405124e-05	1.2745754070675206e-05	0.9996622375171272	3.823726221202562e-05	5.098301628270082e-05	5.098301628270082e-05	0.0	0.9998343051970812	6.372877035337603e-06	7.010164738871364e-05	7.010164738871364e-05	0.9996813561482332	3.823726221202562e-05	3.823726221202562e-05	3.1864385176688015e-05	6.372877035337603e-06	3.1864385176688015e-05	0.9996749832711976	3.1864385176688015e-05	1.911863110601281e-05
_scratch_st-cdeboer-1_asfar_VLPs_results_crispresso_aggregated_spacer_ABEmax-NG_rep1_.staging_CRISPRessoPooled_on_ABEmax-NG_D2_rep1_CRISPResso_on_B2M	T	0.0001593219258834	0.0004588471465443	6.372877035337603e-06	0.0001274575407067	2.549150814135041e-05	0.0001083389096007	0.9997578306726572	1.911863110601281e-05	0.9995921358697384	0.0001210846636714	0.0001083389096007	0.0	7.647452442405124e-05	0.0001975591880954	1.911863110601281e-05	0.9966478666794124	6.372877035337603e-05	6.372877035337603e-06	0.0001975591880954	0.9996749832711976
_scratch_st-cdeboer-1_asfar_VLPs_results_crispresso_aggregated_spacer_ABEmax-NG_rep1_.staging_CRISPRessoPooled_on_ABEmax-NG_D2_rep1_CRISPResso_on_B2M	C	7.010164738871364e-05	8.284740145938885e-05	7.647452442405124e-05	7.647452442405124e-05	5.098301628270082e-05	0.9998151865659752	0.0001274575407067	1.2745754070675206e-05	0.0001593219258834	0.9997833221807986	0.9997833221807986	0.0001019660325654	8.284740145938885e-05	0.999732339164516	1.2745754070675206e-05	0.0031673198865627	0.0001784405569894	3.1864385176688015e-05	0.0001210846636714	0.000133830417742
_scratch_st-cdeboer-1_asfar_VLPs_results_crispresso_aggregated_spacer_ABEmax-NG_rep1_.staging_CRISPRessoPooled_on_ABEmax-NG_D2_rep1_CRISPResso_on_B2M	G	0.9996813561482332	0.9993627122964662	0.0002294235732721	0.9997450849185864	0.9998597967052226	1.2745754070675206e-05	0.0001019660325654	0.0001210846636714	0.0002230506962368	1.2745754070675206e-05	1.911863110601281e-05	0.0002039320651308	0.999789695057834	1.911863110601281e-05	0.999923525475576	0.0001656948029187	0.9997132205334098	0.0002676608354841	0.9996367460089858	0.0001593219258834
_scratch_st-cdeboer-1_asfar_VLPs_results_crispresso_aggregated_spacer_ABEmax-NG_rep1_.staging_CRISPRessoPooled_on_ABEmax-NG_D2_rep1_CRISPResso_on_B2M	N	0.0	1.2745754070675206e-05	6.372877035337603e-06	0.0	0.0	0.0	0.0	0.0	0.0	0.0	0.0	0.0	0.0	0.0	0.0	0.0	0.0	6.372877035337603e-06	0.0	0.0
_scratch_st-cdeboer-1_asfar_VLPs_results_crispresso_aggregated_spacer_ABEmax-NG_rep1_.staging_CRISPRessoPooled_on_ABEmax-NG_D2_rep1_CRISPResso_on_B2M	-	1.2745754070675206e-05	7.010164738871364e-05	1.911863110601281e-05	1.2745754070675206e-05	1.2745754070675206e-05	1.2745754070675206e-05	1.2745754070675206e-05	1.2745754070675206e-05	1.911863110601281e-05	1.2745754070675206e-05	1.911863110601281e-05	1.2745754070675206e-05	1.2745754070675206e-05	1.2745754070675206e-05	1.2745754070675206e-05	1.2745754070675206e-05	1.2745754070675206e-05	1.2745754070675206e-05	1.2745754070675206e-05	1.2745754070675206e-05
_scratch_st-cdeboer-1_asfar_VLPs_results_crispresso_aggregated_spacer_ABEmax-NG_rep1_.staging_CRISPRessoPooled_on_ABEmax-NG_D3_rep1_CRISPResso_on_B2M	A	4.0802170675479934e-05	2.0401085337739967e-05	0.9997143848052716	6.800361779246656e-06	6.12032560132199e-05	9.52050649094532e-05	0.0	0.9998231905937396	3.400180889623328e-05	5.4402894233973245e-05	6.800361779246656e-05	0.9996395808257	1.3600723558493311e-05	6.800361779246656e-05	4.760253245472659e-05	6.800361779246656e-06	6.800361779246656e-06	0.9996055790168036	2.0401085337739967e-05	0.0
_scratch_st-cdeboer-1_asfar_VLPs_results_crispresso_aggregated_spacer_ABEmax-NG_rep1_.staging_CRISPRessoPooled_on_ABEmax-NG_D3_rep1_CRISPResso_on_B2M	T	8.160434135095987e-05	0.0004284227920925	2.7201447116986623e-05	7.480397957171321e-05	7.480397957171321e-05	2.7201447116986623e-05	0.9997755880612847	0.0	0.9996123793785828	8.160434135095987e-05	5.4402894233973245e-05	0.0	8.160434135095987e-05	0.0001700090444811	4.760253245472659e-05	0.9956817702701783	0.0001292068738056	2.0401085337739967e-05	0.0001360072355849	0.9996123793785828
_scratch_st-cdeboer-1_asfar_VLPs_results_crispresso_aggregated_spacer_ABEmax-NG_rep1_.staging_CRISPRessoPooled_on_ABEmax-NG_D3_rep1_CRISPResso_on_B2M	C	5.4402894233973245e-05	6.800361779246656e-05	4.0802170675479934e-05	6.12032560132199e-05	4.760253245472659e-05	0.9998707931261944	0.0001020054266886	2.0401085337739967e-05	0.0001224065120264	0.9998435916790772	0.999836791317298	0.0001360072355849	4.760253245472659e-05	0.9997211851670508	1.3600723558493311e-05	0.0041958232177951	0.0001088057884679	1.3600723558493311e-05	9.52050649094532e-05	0.0001768094062604
_scratch_st-cdeboer-1_asfar_VLPs_results_crispresso_aggregated_spacer_ABEmax-NG_rep1_.staging_CRISPRessoPooled_on_ABEmax-NG_D3_rep1_CRISPResso_on_B2M	G	0.9998163902319605	0.999449170695881	0.0002040108533773	0.9998503920408566	0.9998095898701812	0.0	0.0001156061502471	0.0001496079591434	0.0002244119387151	1.3600723558493311e-05	2.7201447116986623e-05	0.0002176115769358	0.9998503920408566	3.400180889623328e-05	0.9998843938497528	0.0001088057884679	0.999748386614168	0.0003536188125208	0.9997415862523886	0.0002040108533773
_scratch_st-cdeboer-1_asfar_VLPs_results_crispresso_aggregated_spacer_ABEmax-NG_rep1_.staging_CRISPRessoPooled_on_ABEmax-NG_D3_rep1_CRISPResso_on_B2M	N	0.0	6.800361779246656e-06	0.0	0.0	0.0	0.0	0.0	0.0	0.0	0.0	0.0	0.0	0.0	0.0	0.0	0.0	0.0	0.0	0.0	0.0
_scratch_st-cdeboer-1_asfar_VLPs_results_crispresso_aggregated_spacer_ABEmax-NG_rep1_.staging_CRISPRessoPooled_on_ABEmax-NG_D3_rep1_CRISPResso_on_B2M	-	6.800361779246656e-06	2.7201447116986623e-05	1.3600723558493311e-05	6.800361779246656e-06	6.800361779246656e-06	6.800361779246656e-06	6.800361779246656e-06	6.800361779246656e-06	6.800361779246656e-06	6.800361779246656e-06	1.3600723558493311e-05	6.800361779246656e-06	6.800361779246656e-06	6.800361779246656e-06	6.800361779246656e-06	6.800361779246656e-06	6.800361779246656e-06	6.800361779246656e-06	6.800361779246656e-06	6.800361779246656e-06
_scratch_st-cdeboer-1_asfar_VLPs_results_crispresso_aggregated_spacer_ABEmax-NG_rep1_.staging_CRISPRessoPooled_on_ABEmax-NG_D4_rep1_CRISPResso_on_B2M	A	0.0001743527155435	0.0	0.9997633784574766	1.2453765395967473e-05	7.472259237580483e-05	2.4907530791934945e-05	0.0	0.9997633784574766	1.2453765395967473e-05	0.0001120838885637	2.4907530791934945e-05	0.9998007397536646	1.2453765395967473e-05	3.7361296187902414e-05	3.7361296187902414e-05	1.2453765395967473e-05	3.7361296187902414e-05	0.999252774076242	0.0	1.2453765395967473e-05
_scratch_st-cdeboer-1_asfar_VLPs_results_crispresso_aggregated_spacer_ABEmax-NG_rep1_.staging_CRISPRessoPooled_on_ABEmax-NG_D4_rep1_CRISPResso_on_B2M	T	0.0001120838885637	0.0002739828387112	3.7361296187902414e-05	0.0002117140117314	2.4907530791934945e-05	0.0001245376539596	0.9997011096304969	0.0	0.9995890257419332	8.71763577717723e-05	0.0001618989501475	0.0	8.71763577717723e-05	0.0001618989501475	6.226882697983736e-05	0.9972103565513032	8.71763577717723e-05	0.000373612961879	0.0002366215425233	0.999601479507329
_scratch_st-cdeboer-1_asfar_VLPs_results_crispresso_aggregated_spacer_ABEmax-NG_rep1_.staging_CRISPRessoPooled_on_ABEmax-NG_D4_rep1_CRISPResso_on_B2M	C	2.4907530791934945e-05	9.963012316773975e-05	0.0	2.4907530791934945e-05	7.472259237580483e-05	0.9998381010498524	0.0002241677771274	6.226882697983736e-05	0.0001120838885637	0.9997758322228726	0.9998007397536646	7.472259237580483e-05	8.71763577717723e-05	0.9997882859882684	3.7361296187902414e-05	0.002665105794737	0.0002241677771274	2.4907530791934945e-05	7.472259237580483e-05	0.0001618989501475
_scratch_st-cdeboer-1_asfar_VLPs_results_crispresso_aggregated_spacer_ABEmax-NG_rep1_.staging_CRISPRessoPooled_on_ABEmax-NG_D4_rep1_CRISPResso_on_B2M	G	0.9996886558651008	0.999601479507329	0.0001992602463354	0.9997509246920806	0.9998256472844564	1.2453765395967473e-05	7.472259237580483e-05	0.0001743527155435	0.0002864366041072	2.4907530791934945e-05	0.0	0.0001245376539596	0.9998131935190604	1.2453765395967473e-05	0.9998630085806444	0.0001120838885637	0.9996512945689128	0.0003362516656911	0.9996886558651008	0.0002241677771274
_scratch_st-cdeboer-1_asfar_VLPs_results_crispresso_aggregated_spacer_ABEmax-NG_rep1_.staging_CRISPRessoPooled_on_ABEmax-NG_D4_rep1_CRISPResso_on_B2M	N	0.0	1.2453765395967473e-05	0.0	0.0	0.0	0.0	0.0	0.0	0.0	0.0	0.0	0.0	0.0	0.0	0.0	0.0	0.0	1.2453765395967473e-05	0.0	0.0
_scratch_st-cdeboer-1_asfar_VLPs_results_crispresso_aggregated_spacer_ABEmax-NG_rep1_.staging_CRISPRessoPooled_on_ABEmax-NG_D4_rep1_CRISPResso_on_B2M	-	0.0	1.2453765395967473e-05	0.0	0.0	0.0	0.0	0.0	0.0	0.0	0.0	1.2453765395967473e-05	0.0	0.0	0.0	0.0	0.0	0.0	0.0	0.0	0.0
_scratch_st-cdeboer-1_asfar_VLPs_results_crispresso_aggregated_spacer_ABEmax-NG_rep1_.staging_CRISPRessoPooled_on_ABEmax-NG_D5_rep1_CRISPResso_on_B2M	A	8.676664111871122e-05	0.0	0.999638472328672	2.8922213706237075e-05	4.338332055935561e-05	4.338332055935561e-05	0.0	0.999869850038322	1.4461106853118538e-05	5.784442741247415e-05	2.8922213706237075e-05	0.999754161183497	5.784442741247415e-05	4.338332055935561e-05	5.784442741247415e-05	0.0	0.000130149961678	0.9996963167560844	0.0	0.0
_scratch_st-cdeboer-1_asfar_VLPs_results_crispresso_aggregated_spacer_ABEmax-NG_rep1_.staging_CRISPRessoPooled_on_ABEmax-NG_D5_rep1_CRISPResso_on_B2M	T	0.0001156888548249	0.0002892221370623	1.4461106853118538e-05	0.0001735332822374	7.230553426559268e-05	8.676664111871122e-05	0.9996529334355252	1.4461106853118538e-05	0.9994649390464346	0.0001156888548249	0.000130149961678	0.0	2.8922213706237075e-05	0.0001735332822374	2.8922213706237075e-05	0.9679397261066364	8.676664111871122e-05	2.8922213706237075e-05	0.0001590721753843	0.9994649390464346
_scratch_st-cdeboer-1_asfar_VLPs_results_crispresso_aggregated_spacer_ABEmax-NG_rep1_.staging_CRISPRessoPooled_on_ABEmax-NG_D5_rep1_CRISPResso_on_B2M	C	4.338332055935561e-05	0.0001156888548249	5.784442741247415e-05	0.0001012277479718	4.338332055935561e-05	0.9998553889314687	0.0002313777096498	0.0	0.0002747610302092	0.9997975445040564	0.9997975445040564	0.000130149961678	2.8922213706237075e-05	0.9997107778629376	5.784442741247415e-05	0.0319156628248326	0.0001446110685311	7.230553426559268e-05	4.338332055935561e-05	0.0002892221370623
_scratch_st-cdeboer-1_asfar_VLPs_results_crispresso_aggregated_spacer_ABEmax-NG_rep1_.staging_CRISPRessoPooled_on_ABEmax-NG_D5_rep1_CRISPResso_on_B2M	G	0.9997397000766438	0.999522783473847	0.0002602999233561	0.9996673945423784	0.9998264667177624	0.0	0.0001012277479718	0.0001012277479718	0.0002313777096498	1.4461106853118538e-05	0.0	0.0001012277479718	0.999869850038322	5.784442741247415e-05	0.9998409278246156	0.000130149961678	0.9996240112218188	0.0001879943890905	0.9997830833972032	0.0002313777096498
_scratch_st-cdeboer-1_asfar_VLPs_results_crispresso_aggregated_spacer_ABEmax-NG_rep1_.staging_CRISPRessoPooled_on_ABEmax-NG_D5_rep1_CRISPResso_on_B2M	N	0.0	0.0	0.0	1.4461106853118538e-05	0.0	0.0	0.0	0.0	0.0	0.0	1.4461106853118538e-05	0.0	0.0	0.0	0.0	0.0	0.0	0.0	0.0	0.0
_scratch_st-cdeboer-1_asfar_VLPs_results_crispresso_aggregated_spacer_ABEmax-NG_rep1_.staging_CRISPRessoPooled_on_ABEmax-NG_D5_rep1_CRISPResso_on_B2M	-	1.4461106853118538e-05	7.230553426559268e-05	2.8922213706237075e-05	1.4461106853118538e-05	1.4461106853118538e-05	1.4461106853118538e-05	1.4461106853118538e-05	1.4461106853118538e-05	1.4461106853118538e-05	1.4461106853118538e-05	2.8922213706237075e-05	1.4461106853118538e-05	1.4461106853118538e-05	1.4461106853118538e-05	1.4461106853118538e-05	1.4461106853118538e-05	1.4461106853118538e-05	1.4461106853118538e-05	1.4461106853118538e-05	1.4461106853118538e-05
