Folder	Nucleotide	G	G	A	G	G	C	T	A	T	C	C	A	G	C	G	T	G	A	G	T
_scratch_st-cdeboer-1_asfar_VLPs_results_crispresso_aggregated_spacer_ABEmax-NG_rep2_.staging_CRISPRessoPooled_on_ABEmax-NG_D0_rep2_CRISPResso_on_B2M	A	0.0001560214529497	0.0	0.999785470502194	5.850804485616772e-05	0.0001755241345685	1.9502681618722576e-05	0.0	0.9998049731838128	0.0	1.9502681618722576e-05	0.0	0.9996099463676256	0.0	9.751340809361288e-05	3.900536323744515e-05	0.0	0.0	0.9998244758654316	0.0	0.0
_scratch_st-cdeboer-1_asfar_VLPs_results_crispresso_aggregated_spacer_ABEmax-NG_rep2_.staging_CRISPRessoPooled_on_ABEmax-NG_D0_rep2_CRISPResso_on_B2M	T	0.0001755241345685	0.000351048269137	3.900536323744515e-05	0.0004290589956118	1.9502681618722576e-05	0.0001755241345685	0.9997269624573378	1.9502681618722576e-05	0.999648951730863	0.0001170160897123	0.0001170160897123	1.9502681618722576e-05	0.000136518771331	0.0001755241345685	3.900536323744515e-05	0.9997464651389566	7.80107264748903e-05	1.9502681618722576e-05	0.0002145294978059	0.9997074597757192
_scratch_st-cdeboer-1_asfar_VLPs_results_crispresso_aggregated_spacer_ABEmax-NG_rep2_.staging_CRISPRessoPooled_on_ABEmax-NG_D0_rep2_CRISPResso_on_B2M	C	7.80107264748903e-05	0.0001755241345685	0.0	1.9502681618722576e-05	5.850804485616772e-05	0.999785470502194	0.0001950268161872	1.9502681618722576e-05	9.751340809361288e-05	0.9998439785470502	0.9998244758654316	7.80107264748903e-05	9.751340809361288e-05	0.9996879570941004	1.9502681618722576e-05	9.751340809361288e-05	7.80107264748903e-05	0.0	3.900536323744515e-05	0.0001950268161872
_scratch_st-cdeboer-1_asfar_VLPs_results_crispresso_aggregated_spacer_ABEmax-NG_rep2_.staging_CRISPRessoPooled_on_ABEmax-NG_D0_rep2_CRISPResso_on_B2M	G	0.999570941004388	0.999434422233057	0.0001560214529497	0.9994734275962944	0.9997269624573378	0.0	5.850804485616772e-05	0.000136518771331	0.0002340321794246	0.0	1.9502681618722576e-05	0.0002730375426621	0.9997464651389566	1.9502681618722576e-05	0.9998829839102876	0.000136518771331	0.9998244758654316	0.000136518771331	0.9997269624573378	7.80107264748903e-05
_scratch_st-cdeboer-1_asfar_VLPs_results_crispresso_aggregated_spacer_ABEmax-NG_rep2_.staging_CRISPRessoPooled_on_ABEmax-NG_D0_rep2_CRISPResso_on_B2M	N	0.0	0.0	0.0	0.0	0.0	0.0	0.0	0.0	0.0	0.0	1.9502681618722576e-05	0.0	0.0	0.0	0.0	0.0	0.0	0.0	0.0	0.0
_scratch_st-cdeboer-1_asfar_VLPs_results_crispresso_aggregated_spacer_ABEmax-NG_rep2_.staging_CRISPRessoPooled_on_ABEmax-NG_D0_rep2_CRISPResso_on_B2M	-	1.9502681618722576e-05	3.900536323744515e-05	1.9502681618722576e-05	1.9502681618722576e-05	1.9502681618722576e-05	1.9502681618722576e-05	1.9502681618722576e-05	1.9502681618722576e-05	1.9502681618722576e-05	1.9502681618722576e-05	1.9502681618722576e-05	1.9502681618722576e-05	1.9502681618722576e-05	1.9502681618722576e-05	1.9502681618722576e-05	1.9502681618722576e-05	1.9502681618722576e-05	1.9502681618722576e-05	1.9502681618722576e-05	1.9502681618722576e-05
_scratch_st-cdeboer-1_asfar_VLPs_results_crispresso_aggregated_spacer_ABEmax-NG_rep2_.staging_CRISPRessoPooled_on_ABEmax-NG_D1_rep2_CRISPResso_on_B2M	A	0.0001961297071129	3.268828451882845e-05	0.9997058054393304	9.806485355648535e-05	0.0	0.0	0.0	0.9999019351464437	0.0	9.806485355648535e-05	3.268828451882845e-05	0.9998692468619248	0.0	6.53765690376569e-05	9.806485355648535e-05	0.0	0.0	0.9995750523012552	0.0	0.0
_scratch_st-cdeboer-1_asfar_VLPs_results_crispresso_aggregated_spacer_ABEmax-NG_rep2_.staging_CRISPRessoPooled_on_ABEmax-NG_D1_rep2_CRISPResso_on_B2M	T	0.0001634414225941	0.0006864539748953	0.0	0.0001961297071129	9.806485355648535e-05	3.268828451882845e-05	0.9999673117154813	0.0	0.999411610878661	3.268828451882845e-05	0.0001307531380753	0.0	6.53765690376569e-05	9.806485355648535e-05	0.0	0.9991174163179916	0.0001307531380753	0.0	0.0002941945606694	0.9996731171548116
_scratch_st-cdeboer-1_asfar_VLPs_results_crispresso_aggregated_spacer_ABEmax-NG_rep2_.staging_CRISPRessoPooled_on_ABEmax-NG_D1_rep2_CRISPResso_on_B2M	C	3.268828451882845e-05	9.806485355648535e-05	9.806485355648535e-05	6.53765690376569e-05	9.806485355648535e-05	0.9999673117154813	3.268828451882845e-05	3.268828451882845e-05	0.0001634414225941	0.9998692468619248	0.9998365585774058	0.0	6.53765690376569e-05	0.999803870292887	0.0	0.0008498953974895	0.0001307531380753	9.806485355648535e-05	0.0001307531380753	0.0001634414225941
_scratch_st-cdeboer-1_asfar_VLPs_results_crispresso_aggregated_spacer_ABEmax-NG_rep2_.staging_CRISPRessoPooled_on_ABEmax-NG_D1_rep2_CRISPResso_on_B2M	G	0.9995750523012552	0.9991174163179916	0.0001961297071129	0.9996404288702928	0.999803870292887	0.0	0.0	6.53765690376569e-05	0.0003922594142259	0.0	0.0	0.0001307531380753	0.9998692468619248	3.268828451882845e-05	0.9999019351464437	3.268828451882845e-05	0.9997384937238494	0.0003268828451882	0.9995750523012552	0.0001634414225941
_scratch_st-cdeboer-1_asfar_VLPs_results_crispresso_aggregated_spacer_ABEmax-NG_rep2_.staging_CRISPRessoPooled_on_ABEmax-NG_D1_rep2_CRISPResso_on_B2M	N	0.0	0.0	0.0	0.0	0.0	0.0	0.0	0.0	0.0	0.0	0.0	0.0	0.0	0.0	0.0	0.0	0.0	0.0	0.0	0.0
_scratch_st-cdeboer-1_asfar_VLPs_results_crispresso_aggregated_spacer_ABEmax-NG_rep2_.staging_CRISPRessoPooled_on_ABEmax-NG_D1_rep2_CRISPResso_on_B2M	-	3.268828451882845e-05	6.53765690376569e-05	0.0	0.0	0.0	0.0	0.0	0.0	3.268828451882845e-05	0.0	0.0	0.0	0.0	0.0	0.0	0.0	0.0	0.0	0.0	0.0
_scratch_st-cdeboer-1_asfar_VLPs_results_crispresso_aggregated_spacer_ABEmax-NG_rep2_.staging_CRISPRessoPooled_on_ABEmax-NG_D2_rep2_CRISPResso_on_B2M	A	0.0001697735221214	0.0	0.9998981358867272	3.3954704424297986e-05	3.3954704424297986e-05	3.3954704424297986e-05	0.0	0.99976231706903	0.0	3.3954704424297986e-05	3.3954704424297986e-05	0.999660452955757	0.0	6.790940884859597e-05	3.3954704424297986e-05	0.0	0.0	0.9996944076601814	0.0	3.3954704424297986e-05
_scratch_st-cdeboer-1_asfar_VLPs_results_crispresso_aggregated_spacer_ABEmax-NG_rep2_.staging_CRISPRessoPooled_on_ABEmax-NG_D2_rep2_CRISPResso_on_B2M	T	0.0002037282265457	0.0002037282265457	0.0	0.0001697735221214	0.0	0.0001018641132728	0.9996944076601814	3.3954704424297986e-05	0.9996264982513328	3.3954704424297986e-05	0.0001018641132728	0.0	6.790940884859597e-05	0.0003055923398186	3.3954704424297986e-05	0.9978948083256935	0.0001018641132728	0.0	0.0001018641132728	0.9994906794336356
_scratch_st-cdeboer-1_asfar_VLPs_results_crispresso_aggregated_spacer_ABEmax-NG_rep2_.staging_CRISPRessoPooled_on_ABEmax-NG_D2_rep2_CRISPResso_on_B2M	C	6.790940884859597e-05	6.790940884859597e-05	0.0	0.0001018641132728	3.3954704424297986e-05	0.9998641811823028	0.0002037282265457	0.0	0.0001358188176971	0.9999320905911514	0.9998302264778786	0.0001358188176971	6.790940884859597e-05	0.9995925435469084	3.3954704424297986e-05	0.0020372822654578	0.0001697735221214	6.790940884859597e-05	6.790940884859597e-05	0.0002716376353943
_scratch_st-cdeboer-1_asfar_VLPs_results_crispresso_aggregated_spacer_ABEmax-NG_rep2_.staging_CRISPRessoPooled_on_ABEmax-NG_D2_rep2_CRISPResso_on_B2M	G	0.9995585888424842	0.9997283623646056	0.0001018641132728	0.9996944076601814	0.9999320905911514	0.0	0.0001018641132728	0.0002037282265457	0.00023768293097	0.0	3.3954704424297986e-05	0.0002037282265457	0.9998641811823028	3.3954704424297986e-05	0.9998981358867272	6.790940884859597e-05	0.9997283623646056	0.00023768293097	0.9998302264778786	0.0002037282265457
_scratch_st-cdeboer-1_asfar_VLPs_results_crispresso_aggregated_spacer_ABEmax-NG_rep2_.staging_CRISPRessoPooled_on_ABEmax-NG_D2_rep2_CRISPResso_on_B2M	N	0.0	0.0	0.0	0.0	0.0	0.0	0.0	0.0	0.0	0.0	0.0	0.0	0.0	0.0	0.0	0.0	0.0	0.0	0.0	0.0
_scratch_st-cdeboer-1_asfar_VLPs_results_crispresso_aggregated_spacer_ABEmax-NG_rep2_.staging_CRISPRessoPooled_on_ABEmax-NG_D2_rep2_CRISPResso_on_B2M	-	0.0	0.0	0.0	0.0	0.0	0.0	0.0	0.0	0.0	0.0	0.0	0.0	0.0	0.0	0.0	0.0	0.0	0.0	0.0	0.0
_scratch_st-cdeboer-1_asfar_VLPs_results_crispresso_aggregated_spacer_ABEmax-NG_rep2_.staging_CRISPRessoPooled_on_ABEmax-NG_D3_rep2_CRISPResso_on_B2M	A	3.625618621177238e-05	1.812809310588619e-05	0.999836847162047	0.0	1.812809310588619e-05	5.4384279317658575e-05	0.0	0.9998731033482589	1.812809310588619e-05	1.812809310588619e-05	5.4384279317658575e-05	0.9997643347896236	3.625618621177238e-05	3.625618621177238e-05	5.4384279317658575e-05	0.0	5.4384279317658575e-05	0.9996374381378824	1.812809310588619e-05	0.0
_scratch_st-cdeboer-1_asfar_VLPs_results_crispresso_aggregated_spacer_ABEmax-NG_rep2_.staging_CRISPRessoPooled_on_ABEmax-NG_D3_rep2_CRISPResso_on_B2M	T	7.251237242354476e-05	0.0002719213965882	1.812809310588619e-05	3.625618621177238e-05	3.625618621177238e-05	3.625618621177238e-05	0.9997280786034116	1.812809310588619e-05	0.9996011819516704	0.000145024744847	7.251237242354476e-05	0.0	3.625618621177238e-05	0.0001994090241647	5.4384279317658575e-05	0.9941808821130104	5.4384279317658575e-05	0.0	0.0001268966517412	0.9996011819516704
_scratch_st-cdeboer-1_asfar_VLPs_results_crispresso_aggregated_spacer_ABEmax-NG_rep2_.staging_CRISPRessoPooled_on_ABEmax-NG_D3_rep2_CRISPResso_on_B2M	C	1.812809310588619e-05	7.251237242354476e-05	1.812809310588619e-05	7.251237242354476e-05	5.4384279317658575e-05	0.9998731033482589	0.0001087685586353	1.812809310588619e-05	0.000145024744847	0.9998187190689412	0.999836847162047	7.251237242354476e-05	1.812809310588619e-05	0.9997462066965176	5.4384279317658575e-05	0.0057647336076718	3.625618621177238e-05	3.625618621177238e-05	0.0001994090241647	0.0002175371172706
_scratch_st-cdeboer-1_asfar_VLPs_results_crispresso_aggregated_spacer_ABEmax-NG_rep2_.staging_CRISPRessoPooled_on_ABEmax-NG_D3_rep2_CRISPResso_on_B2M	G	0.9998731033482589	0.9996193100447764	0.0001268966517412	0.9998912314413648	0.9998912314413648	3.625618621177238e-05	0.0001631528379529	9.064046552943096e-05	0.0002356652103765	1.812809310588619e-05	0.0	0.0001631528379529	0.9999093595344706	1.812809310588619e-05	0.999836847162047	5.4384279317658575e-05	0.9998549752551528	0.0003263056759059	0.9996555662309882	0.0001812809310588
_scratch_st-cdeboer-1_asfar_VLPs_results_crispresso_aggregated_spacer_ABEmax-NG_rep2_.staging_CRISPRessoPooled_on_ABEmax-NG_D3_rep2_CRISPResso_on_B2M	N	0.0	0.0	0.0	0.0	0.0	0.0	0.0	0.0	0.0	0.0	0.0	0.0	0.0	0.0	0.0	0.0	0.0	0.0	0.0	0.0
_scratch_st-cdeboer-1_asfar_VLPs_results_crispresso_aggregated_spacer_ABEmax-NG_rep2_.staging_CRISPRessoPooled_on_ABEmax-NG_D3_rep2_CRISPResso_on_B2M	-	0.0	1.812809310588619e-05	0.0	0.0	0.0	0.0	0.0	0.0	0.0	0.0	3.625618621177238e-05	0.0	0.0	0.0	0.0	0.0	0.0	0.0	0.0	0.0
_scratch_st-cdeboer-1_asfar_VLPs_results_crispresso_aggregated_spacer_ABEmax-NG_rep2_.staging_CRISPRessoPooled_on_ABEmax-NG_D4_rep2_CRISPResso_on_B2M	A	0.0001821327747928	4.553319369820599e-05	0.9997268008378108	0.0	0.0001365995810946	0.0	0.0	0.9998634004189054	0.0	0.0001365995810946	0.0	0.999772334031509	0.0	4.553319369820599e-05	0.0	0.0	0.0001365995810946	0.9996357344504144	0.0001365995810946	0.0
_scratch_st-cdeboer-1_asfar_VLPs_results_crispresso_aggregated_spacer_ABEmax-NG_rep2_.staging_CRISPRessoPooled_on_ABEmax-NG_D4_rep2_CRISPResso_on_B2M	T	0.0001821327747928	0.0001365995810946	0.0	0.0005463983243784	4.553319369820599e-05	9.1066387396412e-05	0.9999089336126036	0.0	0.9998178672252072	0.0001365995810946	0.0001365995810946	0.0	4.553319369820599e-05	0.0001365995810946	0.0	0.9727256169747748	0.0001821327747928	0.0	0.0001821327747928	0.9992259357071304
_scratch_st-cdeboer-1_asfar_VLPs_results_crispresso_aggregated_spacer_ABEmax-NG_rep2_.staging_CRISPRessoPooled_on_ABEmax-NG_D4_rep2_CRISPResso_on_B2M	C	4.553319369820599e-05	0.0001365995810946	4.553319369820599e-05	9.1066387396412e-05	0.0001821327747928	0.9999089336126036	9.1066387396412e-05	4.553319369820599e-05	4.553319369820599e-05	0.9996812676441126	0.9998178672252072	4.553319369820599e-05	4.553319369820599e-05	0.9998178672252072	0.0	0.0271377834441307	0.0001365995810946	0.0001365995810946	4.553319369820599e-05	0.000455331936982
_scratch_st-cdeboer-1_asfar_VLPs_results_crispresso_aggregated_spacer_ABEmax-NG_rep2_.staging_CRISPRessoPooled_on_ABEmax-NG_D4_rep2_CRISPResso_on_B2M	G	0.9995902012567162	0.9996812676441126	0.000227665968491	0.9993625352882252	0.9996357344504144	0.0	0.0	9.1066387396412e-05	0.0001365995810946	0.0	0.0	0.0001365995810946	0.9999089336126036	0.0	1.0	0.0001365995810946	0.999544668063018	0.000227665968491	0.9996357344504144	0.0003187323558874
_scratch_st-cdeboer-1_asfar_VLPs_results_crispresso_aggregated_spacer_ABEmax-NG_rep2_.staging_CRISPRessoPooled_on_ABEmax-NG_D4_rep2_CRISPResso_on_B2M	N	0.0	0.0	0.0	0.0	0.0	0.0	0.0	0.0	0.0	0.0	0.0	0.0	0.0	0.0	0.0	0.0	0.0	0.0	0.0	0.0
_scratch_st-cdeboer-1_asfar_VLPs_results_crispresso_aggregated_spacer_ABEmax-NG_rep2_.staging_CRISPRessoPooled_on_ABEmax-NG_D4_rep2_CRISPResso_on_B2M	-	0.0	0.0	0.0	0.0	0.0	0.0	0.0	0.0	0.0	4.553319369820599e-05	4.553319369820599e-05	4.553319369820599e-05	0.0	0.0	0.0	0.0	0.0	0.0	0.0	0.0
_scratch_st-cdeboer-1_asfar_VLPs_results_crispresso_aggregated_spacer_ABEmax-NG_rep2_.staging_CRISPRessoPooled_on_ABEmax-NG_D5_rep2_CRISPResso_on_B2M	A	0.0001673745214134	2.0921815176684728e-05	0.9997698600330563	2.0921815176684728e-05	0.0001464527062367	6.276544553005419e-05	2.0921815176684728e-05	0.9998326254785864	2.0921815176684728e-05	6.276544553005419e-05	0.0001046090758834	0.99981170366341	0.0001255308910601	0.0001673745214134	6.276544553005419e-05	0.0	0.0002092181517668	0.9997280164027031	2.0921815176684728e-05	0.0
_scratch_st-cdeboer-1_asfar_VLPs_results_crispresso_aggregated_spacer_ABEmax-NG_rep2_.staging_CRISPRessoPooled_on_ABEmax-NG_D5_rep2_CRISPResso_on_B2M	T	0.0001255308910601	0.0002719835972969	0.0	0.0002510617821202	6.276544553005419e-05	8.368726070673891e-05	0.9996861727723496	4.1843630353369456e-05	0.9993095800991694	8.368726070673891e-05	0.0001673745214134	2.0921815176684728e-05	0.0	0.0002301399669435	0.0	0.9756888507646924	2.0921815176684728e-05	0.0	0.0001046090758834	0.9994560328054062
_scratch_st-cdeboer-1_asfar_VLPs_results_crispresso_aggregated_spacer_ABEmax-NG_rep2_.staging_CRISPRessoPooled_on_ABEmax-NG_D5_rep2_CRISPResso_on_B2M	C	8.368726070673891e-05	0.0001464527062367	4.1843630353369456e-05	0.0001046090758834	6.276544553005419e-05	0.9998535472937632	0.0001673745214134	4.1843630353369456e-05	0.0004184363035336	0.9998326254785864	0.9997070945875264	6.276544553005419e-05	6.276544553005419e-05	0.9995606418812896	8.368726070673891e-05	0.0241856183442475	0.0002510617821202	4.1843630353369456e-05	0.0001046090758834	0.0003347490428269
_scratch_st-cdeboer-1_asfar_VLPs_results_crispresso_aggregated_spacer_ABEmax-NG_rep2_.staging_CRISPRessoPooled_on_ABEmax-NG_D5_rep2_CRISPResso_on_B2M	G	0.9996234073268196	0.9994978764357596	0.0001882963365901	0.9996234073268196	0.9997280164027031	0.0	0.0001255308910601	8.368726070673891e-05	0.0002301399669435	2.0921815176684728e-05	0.0	0.0001046090758834	0.9997907818482332	2.0921815176684728e-05	0.9998326254785864	8.368726070673891e-05	0.9994978764357596	0.0002092181517668	0.9997489382178798	0.0001882963365901
_scratch_st-cdeboer-1_asfar_VLPs_results_crispresso_aggregated_spacer_ABEmax-NG_rep2_.staging_CRISPRessoPooled_on_ABEmax-NG_D5_rep2_CRISPResso_on_B2M	N	0.0	0.0	0.0	0.0	0.0	0.0	0.0	0.0	0.0	0.0	0.0	0.0	0.0	0.0	0.0	0.0	0.0	0.0	0.0	0.0
_scratch_st-cdeboer-1_asfar_VLPs_results_crispresso_aggregated_spacer_ABEmax-NG_rep2_.staging_CRISPRessoPooled_on_ABEmax-NG_D5_rep2_CRISPResso_on_B2M	-	0.0	6.276544553005419e-05	0.0	0.0	0.0	0.0	0.0	0.0	2.0921815176684728e-05	0.0	2.0921815176684728e-05	0.0	2.0921815176684728e-05	2.0921815176684728e-05	2.0921815176684728e-05	4.1843630353369456e-05	2.0921815176684728e-05	2.0921815176684728e-05	2.0921815176684728e-05	2.0921815176684728e-05
