Folder	Nucleotide	G	G	C	C	C	A	G	A	C	T	G	A	G	C	A	C	G	T	G	A
_scratch_st-cdeboer-1_asfar_VLPs_results_crispresso_aggregated_spacer_ABEmax-NG_rep2_.staging_CRISPRessoPooled_on_ABEmax-NG_D0_rep2_CRISPResso_on_HEK3	A	2.783189535207348e-05	8.349568605622043e-05	0.0	0.0	0.0001113275814082	0.9998608405232396	5.566379070414695e-05	0.999638185360423	2.783189535207348e-05	0.0	5.566379070414695e-05	0.9998608405232396	2.783189535207348e-05	2.783189535207348e-05	0.9998608405232396	2.783189535207348e-05	0.0	2.783189535207348e-05	2.783189535207348e-05	0.999638185360423
_scratch_st-cdeboer-1_asfar_VLPs_results_crispresso_aggregated_spacer_ABEmax-NG_rep2_.staging_CRISPRessoPooled_on_ABEmax-NG_D0_rep2_CRISPResso_on_HEK3	T	0.0001113275814082	5.566379070414695e-05	0.0	8.349568605622043e-05	5.566379070414695e-05	0.0	0.0001391594767603	2.783189535207348e-05	0.0	0.999944336209296	0.0001113275814082	2.783189535207348e-05	5.566379070414695e-05	5.566379070414695e-05	0.0	5.566379070414695e-05	5.566379070414695e-05	0.9998330086278876	8.349568605622043e-05	2.783189535207348e-05
_scratch_st-cdeboer-1_asfar_VLPs_results_crispresso_aggregated_spacer_ABEmax-NG_rep2_.staging_CRISPRessoPooled_on_ABEmax-NG_D0_rep2_CRISPResso_on_HEK3	C	0.0	0.0	1.0	0.9999165043139436	0.9998051767325354	2.783189535207348e-05	2.783189535207348e-05	5.566379070414695e-05	0.999972168104648	5.566379070414695e-05	0.0	2.783189535207348e-05	2.783189535207348e-05	0.9999165043139436	8.349568605622043e-05	0.9998608405232396	8.349568605622043e-05	0.0001113275814082	0.0001113275814082	0.0002226551628165
_scratch_st-cdeboer-1_asfar_VLPs_results_crispresso_aggregated_spacer_ABEmax-NG_rep2_.staging_CRISPRessoPooled_on_ABEmax-NG_D0_rep2_CRISPResso_on_HEK3	G	0.9998608405232396	0.9998330086278876	0.0	0.0	0.0	0.0001113275814082	0.9997773448371834	0.0002783189535207	0.0	0.0	0.9998330086278876	8.349568605622043e-05	0.9998886724185916	0.0	5.566379070414695e-05	5.566379070414695e-05	0.9998608405232396	2.783189535207348e-05	0.9997773448371834	0.0001113275814082
_scratch_st-cdeboer-1_asfar_VLPs_results_crispresso_aggregated_spacer_ABEmax-NG_rep2_.staging_CRISPRessoPooled_on_ABEmax-NG_D0_rep2_CRISPResso_on_HEK3	N	0.0	0.0	0.0	0.0	0.0	0.0	0.0	0.0	0.0	0.0	0.0	0.0	0.0	0.0	0.0	0.0	0.0	0.0	0.0	0.0
_scratch_st-cdeboer-1_asfar_VLPs_results_crispresso_aggregated_spacer_ABEmax-NG_rep2_.staging_CRISPRessoPooled_on_ABEmax-NG_D0_rep2_CRISPResso_on_HEK3	-	0.0	2.783189535207348e-05	0.0	0.0	2.783189535207348e-05	0.0	0.0	0.0	0.0	0.0	0.0	0.0	0.0	0.0	0.0	0.0	0.0	0.0	0.0	0.0
_scratch_st-cdeboer-1_asfar_VLPs_results_crispresso_aggregated_spacer_ABEmax-NG_rep2_.staging_CRISPRessoPooled_on_ABEmax-NG_D1_rep2_CRISPResso_on_HEK3	A	0.0	7.737542556484061e-05	7.737542556484061e-05	0.0	3.8687712782420303e-05	0.9988393686165274	0.0001547508511296	0.9993809965954812	0.0	0.0	3.8687712782420303e-05	0.999613122872176	0.0	3.8687712782420303e-05	0.9998839368616528	3.8687712782420303e-05	0.0	3.8687712782420303e-05	0.0	0.9998452491488704
_scratch_st-cdeboer-1_asfar_VLPs_results_crispresso_aggregated_spacer_ABEmax-NG_rep2_.staging_CRISPRessoPooled_on_ABEmax-NG_D1_rep2_CRISPResso_on_HEK3	T	3.8687712782420303e-05	7.737542556484061e-05	7.737542556484061e-05	3.8687712782420303e-05	7.737542556484061e-05	0.0	0.0001547508511296	0.0	3.8687712782420303e-05	0.9997678737233054	0.0001160631383472	0.0	3.8687712782420303e-05	3.8687712782420303e-05	0.0	7.737542556484061e-05	3.8687712782420303e-05	0.9996904982977406	3.8687712782420303e-05	3.8687712782420303e-05
_scratch_st-cdeboer-1_asfar_VLPs_results_crispresso_aggregated_spacer_ABEmax-NG_rep2_.staging_CRISPRessoPooled_on_ABEmax-NG_D1_rep2_CRISPResso_on_HEK3	C	0.0002321262766945	0.0001160631383472	0.999806561436088	0.9999226245744351	0.9997678737233054	0.0001160631383472	0.0	0.0	0.9998839368616528	0.0001160631383472	0.0	0.0001547508511296	3.8687712782420303e-05	0.999806561436088	0.0	0.9998452491488704	0.0004255648406066	0.0001160631383472	0.0002708139894769	3.8687712782420303e-05
_scratch_st-cdeboer-1_asfar_VLPs_results_crispresso_aggregated_spacer_ABEmax-NG_rep2_.staging_CRISPRessoPooled_on_ABEmax-NG_D1_rep2_CRISPResso_on_HEK3	G	0.9996904982977406	0.9996518105849582	0.0	0.0	0.0	0.0010058805323429	0.9996518105849582	0.0005803156917363	3.8687712782420303e-05	7.737542556484061e-05	0.999806561436088	0.0001934385639121	0.9998839368616528	7.737542556484061e-05	7.737542556484061e-05	0.0	0.9994970597338284	0.0001160631383472	0.9996518105849582	3.8687712782420303e-05
_scratch_st-cdeboer-1_asfar_VLPs_results_crispresso_aggregated_spacer_ABEmax-NG_rep2_.staging_CRISPRessoPooled_on_ABEmax-NG_D1_rep2_CRISPResso_on_HEK3	N	0.0	0.0	0.0	0.0	0.0	0.0	0.0	0.0	0.0	0.0	0.0	0.0	0.0	0.0	0.0	0.0	0.0	0.0	0.0	0.0
_scratch_st-cdeboer-1_asfar_VLPs_results_crispresso_aggregated_spacer_ABEmax-NG_rep2_.staging_CRISPRessoPooled_on_ABEmax-NG_D1_rep2_CRISPResso_on_HEK3	-	3.8687712782420303e-05	7.737542556484061e-05	3.8687712782420303e-05	3.8687712782420303e-05	0.0001160631383472	3.8687712782420303e-05	3.8687712782420303e-05	3.8687712782420303e-05	3.8687712782420303e-05	3.8687712782420303e-05	3.8687712782420303e-05	3.8687712782420303e-05	3.8687712782420303e-05	3.8687712782420303e-05	3.8687712782420303e-05	3.8687712782420303e-05	3.8687712782420303e-05	3.8687712782420303e-05	3.8687712782420303e-05	3.8687712782420303e-05
_scratch_st-cdeboer-1_asfar_VLPs_results_crispresso_aggregated_spacer_ABEmax-NG_rep2_.staging_CRISPRessoPooled_on_ABEmax-NG_D2_rep2_CRISPResso_on_HEK3	A	0.0	0.0	0.0	4.422039444591846e-05	0.0	0.9784204475103918	8.844078889183692e-05	0.9933227204386664	0.0	0.0	0.0	0.9998231184222164	4.422039444591846e-05	0.0001326611833377	1.0	4.422039444591846e-05	4.422039444591846e-05	0.0	0.0	0.9996904572388786
_scratch_st-cdeboer-1_asfar_VLPs_results_crispresso_aggregated_spacer_ABEmax-NG_rep2_.staging_CRISPRessoPooled_on_ABEmax-NG_D2_rep2_CRISPResso_on_HEK3	T	0.0001326611833377	4.422039444591846e-05	8.844078889183692e-05	8.844078889183692e-05	0.0	0.0	0.0002211019722295	0.0	0.0	0.9998231184222164	0.0003537631555673	0.0	0.0	4.422039444591846e-05	0.0	8.844078889183692e-05	8.844078889183692e-05	0.9998673388166622	0.0	4.422039444591846e-05
_scratch_st-cdeboer-1_asfar_VLPs_results_crispresso_aggregated_spacer_ABEmax-NG_rep2_.staging_CRISPRessoPooled_on_ABEmax-NG_D2_rep2_CRISPResso_on_HEK3	C	4.422039444591846e-05	0.0001326611833377	0.9999115592111082	0.9998231184222164	0.9997346776333244	8.844078889183692e-05	0.0001326611833377	0.0	0.9999115592111082	4.422039444591846e-05	0.0	4.422039444591846e-05	4.422039444591846e-05	0.9998231184222164	0.0	0.9998231184222164	0.0001326611833377	0.0	4.422039444591846e-05	0.0001326611833377
_scratch_st-cdeboer-1_asfar_VLPs_results_crispresso_aggregated_spacer_ABEmax-NG_rep2_.staging_CRISPRessoPooled_on_ABEmax-NG_D2_rep2_CRISPResso_on_HEK3	G	0.9998231184222164	0.9997788980277704	0.0	4.422039444591846e-05	8.844078889183692e-05	0.0213584505173786	0.9994693552666488	0.0065888387724418	0.0	4.422039444591846e-05	0.9996462368444328	0.0001326611833377	0.9999115592111082	0.0	0.0	4.422039444591846e-05	0.9997346776333244	0.0001326611833377	0.999955779605554	0.0001326611833377
_scratch_st-cdeboer-1_asfar_VLPs_results_crispresso_aggregated_spacer_ABEmax-NG_rep2_.staging_CRISPRessoPooled_on_ABEmax-NG_D2_rep2_CRISPResso_on_HEK3	N	0.0	0.0	0.0	0.0	0.0	0.0	0.0	0.0	0.0	0.0	0.0	0.0	0.0	0.0	0.0	0.0	0.0	0.0	0.0	0.0
_scratch_st-cdeboer-1_asfar_VLPs_results_crispresso_aggregated_spacer_ABEmax-NG_rep2_.staging_CRISPRessoPooled_on_ABEmax-NG_D2_rep2_CRISPResso_on_HEK3	-	0.0	4.422039444591846e-05	0.0	0.0	0.0001768815777836	0.0001326611833377	8.844078889183692e-05	8.844078889183692e-05	8.844078889183692e-05	8.844078889183692e-05	0.0	0.0	0.0	0.0	0.0	0.0	0.0	0.0	0.0	0.0
_scratch_st-cdeboer-1_asfar_VLPs_results_crispresso_aggregated_spacer_ABEmax-NG_rep2_.staging_CRISPRessoPooled_on_ABEmax-NG_D3_rep2_CRISPResso_on_HEK3	A	0.0	0.0	4.850719119109408e-05	2.425359559554704e-05	7.276078678664112e-05	0.9854963498338628	0.0	0.9950522664985084	0.0	0.0	0.0	0.999466420896898	2.425359559554704e-05	2.425359559554704e-05	0.99978171763964	7.276078678664112e-05	2.425359559554704e-05	0.0	7.276078678664112e-05	0.9998302248308312
_scratch_st-cdeboer-1_asfar_VLPs_results_crispresso_aggregated_spacer_ABEmax-NG_rep2_.staging_CRISPRessoPooled_on_ABEmax-NG_D3_rep2_CRISPResso_on_HEK3	T	0.0001212679779777	2.425359559554704e-05	7.276078678664112e-05	2.425359559554704e-05	4.850719119109408e-05	0.0	0.0001455215735732	0.0	0.0	0.9998059712352356	9.701438238218816e-05	0.0	0.0	2.425359559554704e-05	0.0	4.850719119109408e-05	4.850719119109408e-05	0.9998302248308312	9.701438238218816e-05	0.0
_scratch_st-cdeboer-1_asfar_VLPs_results_crispresso_aggregated_spacer_ABEmax-NG_rep2_.staging_CRISPRessoPooled_on_ABEmax-NG_D3_rep2_CRISPResso_on_HEK3	C	2.425359559554704e-05	7.276078678664112e-05	0.9998787320220224	0.9999029856176178	0.9998302248308312	4.850719119109408e-05	4.850719119109408e-05	0.0	0.9998787320220224	4.850719119109408e-05	0.0	0.0001212679779777	0.0	0.9998059712352356	0.0	0.9998787320220224	0.0002182823603599	9.701438238218816e-05	9.701438238218816e-05	4.850719119109408e-05
_scratch_st-cdeboer-1_asfar_VLPs_results_crispresso_aggregated_spacer_ABEmax-NG_rep2_.staging_CRISPRessoPooled_on_ABEmax-NG_D3_rep2_CRISPResso_on_HEK3	G	0.9998544784264268	0.9998302248308312	0.0	4.850719119109408e-05	0.0	0.014455142974946	0.9997089568528534	0.0048507191191094	2.425359559554704e-05	4.850719119109408e-05	0.9998059712352356	0.0003152967427421	0.9998787320220224	4.850719119109408e-05	0.0001212679779777	0.0	0.9997089568528534	7.276078678664112e-05	0.999733210448449	0.0001212679779777
_scratch_st-cdeboer-1_asfar_VLPs_results_crispresso_aggregated_spacer_ABEmax-NG_rep2_.staging_CRISPRessoPooled_on_ABEmax-NG_D3_rep2_CRISPResso_on_HEK3	N	0.0	0.0	0.0	0.0	0.0	0.0	0.0	0.0	0.0	0.0	0.0	0.0	0.0	0.0	0.0	0.0	0.0	0.0	0.0	0.0
_scratch_st-cdeboer-1_asfar_VLPs_results_crispresso_aggregated_spacer_ABEmax-NG_rep2_.staging_CRISPRessoPooled_on_ABEmax-NG_D3_rep2_CRISPResso_on_HEK3	-	0.0	7.276078678664112e-05	0.0	0.0	4.850719119109408e-05	0.0	9.701438238218816e-05	9.701438238218816e-05	9.701438238218816e-05	9.701438238218816e-05	9.701438238218816e-05	9.701438238218816e-05	9.701438238218816e-05	9.701438238218816e-05	9.701438238218816e-05	0.0	0.0	0.0	0.0	0.0
_scratch_st-cdeboer-1_asfar_VLPs_results_crispresso_aggregated_spacer_ABEmax-NG_rep2_.staging_CRISPRessoPooled_on_ABEmax-NG_D4_rep2_CRISPResso_on_HEK3	A	0.0	3.4088972217487644e-05	0.0	0.0001022669166524	3.4088972217487644e-05	0.9608999488665416	3.4088972217487644e-05	0.9897051303903188	0.0	0.0	3.4088972217487644e-05	0.9996591102778252	0.0	0.0	0.9999318220555652	0.0	0.0	6.817794443497529e-05	6.817794443497529e-05	0.9998295551389126
_scratch_st-cdeboer-1_asfar_VLPs_results_crispresso_aggregated_spacer_ABEmax-NG_rep2_.staging_CRISPRessoPooled_on_ABEmax-NG_D4_rep2_CRISPResso_on_HEK3	T	0.0002386228055224	3.4088972217487644e-05	0.0	0.0	3.4088972217487644e-05	0.0	6.817794443497529e-05	0.0	6.817794443497529e-05	0.9998977330833476	6.817794443497529e-05	0.0	3.4088972217487644e-05	0.0001022669166524	0.0	3.4088972217487644e-05	0.0001704448610874	0.99972728822226	6.817794443497529e-05	0.0
_scratch_st-cdeboer-1_asfar_VLPs_results_crispresso_aggregated_spacer_ABEmax-NG_rep2_.staging_CRISPRessoPooled_on_ABEmax-NG_D4_rep2_CRISPResso_on_HEK3	C	0.0001363558888699	3.4088972217487644e-05	1.0	0.9998977330833476	0.9999318220555652	0.0001363558888699	0.0001363558888699	0.0001022669166524	0.9999318220555652	0.0001022669166524	0.0	0.0001704448610874	3.4088972217487644e-05	0.99986364411113	0.0	0.9999318220555652	0.0001704448610874	3.4088972217487644e-05	6.817794443497529e-05	6.817794443497529e-05
_scratch_st-cdeboer-1_asfar_VLPs_results_crispresso_aggregated_spacer_ABEmax-NG_rep2_.staging_CRISPRessoPooled_on_ABEmax-NG_D4_rep2_CRISPResso_on_HEK3	G	0.9996250213056076	0.9998295551389126	0.0	0.0	0.0	0.0389636952445883	0.9997613771944776	0.0101926026930288	0.0	0.0	0.9998977330833476	0.0001704448610874	0.9999318220555652	3.4088972217487644e-05	6.817794443497529e-05	3.4088972217487644e-05	0.9996591102778252	0.0001704448610874	0.9997954661666952	0.0001022669166524
_scratch_st-cdeboer-1_asfar_VLPs_results_crispresso_aggregated_spacer_ABEmax-NG_rep2_.staging_CRISPRessoPooled_on_ABEmax-NG_D4_rep2_CRISPResso_on_HEK3	N	0.0	0.0	0.0	0.0	0.0	0.0	0.0	0.0	0.0	0.0	0.0	0.0	0.0	0.0	0.0	0.0	0.0	0.0	0.0	0.0
_scratch_st-cdeboer-1_asfar_VLPs_results_crispresso_aggregated_spacer_ABEmax-NG_rep2_.staging_CRISPRessoPooled_on_ABEmax-NG_D4_rep2_CRISPResso_on_HEK3	-	0.0	6.817794443497529e-05	0.0	0.0	0.0	0.0	0.0	0.0	0.0	0.0	0.0	0.0	0.0	0.0	0.0	0.0	0.0	0.0	0.0	0.0
_scratch_st-cdeboer-1_asfar_VLPs_results_crispresso_aggregated_spacer_ABEmax-NG_rep2_.staging_CRISPRessoPooled_on_ABEmax-NG_D5_rep2_CRISPResso_on_HEK3	A	0.0	0.0	5.444547285893178e-05	0.0001088909457178	0.0	0.9333587412206676	0.0002177818914357	0.9770240104535308	0.0	0.0	0.0	0.9997822181085644	0.0	0.0	0.9999455545271412	0.0	5.444547285893178e-05	0.0	0.0	0.9997277726357052
_scratch_st-cdeboer-1_asfar_VLPs_results_crispresso_aggregated_spacer_ABEmax-NG_rep2_.staging_CRISPRessoPooled_on_ABEmax-NG_D5_rep2_CRISPResso_on_HEK3	T	0.0001633364185767	5.444547285893178e-05	0.0	5.444547285893178e-05	0.0001088909457178	5.444547285893178e-05	0.0001088909457178	0.0	0.0	0.999891109054282	0.0	0.0	0.0	0.0001088909457178	0.0	0.0001088909457178	0.0001088909457178	0.9999455545271412	5.444547285893178e-05	0.0
_scratch_st-cdeboer-1_asfar_VLPs_results_crispresso_aggregated_spacer_ABEmax-NG_rep2_.staging_CRISPRessoPooled_on_ABEmax-NG_D5_rep2_CRISPResso_on_HEK3	C	0.0	0.0	0.999891109054282	0.9998366635814232	0.9998366635814232	5.444547285893178e-05	5.444547285893178e-05	0.0	0.9998366635814232	5.444547285893178e-05	0.0	0.0	5.444547285893178e-05	0.9998366635814232	0.0	0.999891109054282	0.0001633364185767	5.444547285893178e-05	0.0001633364185767	0.0
_scratch_st-cdeboer-1_asfar_VLPs_results_crispresso_aggregated_spacer_ABEmax-NG_rep2_.staging_CRISPRessoPooled_on_ABEmax-NG_D5_rep2_CRISPResso_on_HEK3	G	0.9998366635814232	0.9998366635814232	5.444547285893178e-05	0.0	0.0	0.0664779223607557	0.9995644362171284	0.0229215440736102	0.0001088909457178	5.444547285893178e-05	1.0	0.0002177818914357	0.9999455545271412	5.444547285893178e-05	5.444547285893178e-05	0.0	0.9996733271628464	0.0	0.9997822181085644	0.0002722273642946
_scratch_st-cdeboer-1_asfar_VLPs_results_crispresso_aggregated_spacer_ABEmax-NG_rep2_.staging_CRISPRessoPooled_on_ABEmax-NG_D5_rep2_CRISPResso_on_HEK3	N	0.0	0.0	0.0	0.0	0.0	0.0	0.0	0.0	0.0	0.0	0.0	0.0	0.0	0.0	0.0	0.0	0.0	0.0	0.0	0.0
_scratch_st-cdeboer-1_asfar_VLPs_results_crispresso_aggregated_spacer_ABEmax-NG_rep2_.staging_CRISPRessoPooled_on_ABEmax-NG_D5_rep2_CRISPResso_on_HEK3	-	0.0	0.0001088909457178	0.0	0.0	5.444547285893178e-05	5.444547285893178e-05	5.444547285893178e-05	5.444547285893178e-05	5.444547285893178e-05	0.0	0.0	0.0	0.0	0.0	0.0	0.0	0.0	0.0	0.0	0.0
