Folder	Nucleotide	C	A	C	C	T	A	C	C	T	A	A	G	A	A	C	C	A	T	C	C
_scratch_st-cdeboer-1_asfar_VLPs_results_crispresso_aggregated_spacer_ABEmax-NG_rep1_.staging_CRISPRessoPooled_on_ABEmax-NG_D0_rep1_CRISPResso_on_PDCD1	A	3.988194942968812e-05	0.9999202361011408	1.994097471484406e-05	7.976389885937624e-05	0.0	0.9999002951264258	5.9822924144532185e-05	1.994097471484406e-05	1.994097471484406e-05	0.999880354151711	0.9998205312275664	0.000119645848289	0.9995812395309884	0.9999002951264258	5.9822924144532185e-05	0.0001395868230039	0.999760708303422	0.0	3.988194942968812e-05	7.976389885937624e-05
_scratch_st-cdeboer-1_asfar_VLPs_results_crispresso_aggregated_spacer_ABEmax-NG_rep1_.staging_CRISPRessoPooled_on_ABEmax-NG_D0_rep1_CRISPResso_on_PDCD1	T	7.976389885937624e-05	0.0	5.9822924144532185e-05	0.0	0.999860413176996	1.994097471484406e-05	1.994097471484406e-05	1.994097471484406e-05	0.9996809444045625	0.0	0.0	0.000119645848289	1.994097471484406e-05	0.0	3.988194942968812e-05	1.994097471484406e-05	0.0	0.9997008853792774	7.976389885937624e-05	0.000119645848289
_scratch_st-cdeboer-1_asfar_VLPs_results_crispresso_aggregated_spacer_ABEmax-NG_rep1_.staging_CRISPRessoPooled_on_ABEmax-NG_D0_rep1_CRISPResso_on_PDCD1	C	0.9998205312275664	5.9822924144532185e-05	0.9999202361011408	0.9999202361011408	9.97048735742203e-05	1.994097471484406e-05	0.999860413176996	0.9999601180505704	0.000119645848289	0.0	3.988194942968812e-05	7.976389885937624e-05	0.0001395868230039	1.994097471484406e-05	0.9999002951264258	0.9998005902528516	3.988194942968812e-05	0.0002592326712929	0.9998404722022812	0.9998005902528516
_scratch_st-cdeboer-1_asfar_VLPs_results_crispresso_aggregated_spacer_ABEmax-NG_rep1_.staging_CRISPRessoPooled_on_ABEmax-NG_D0_rep1_CRISPResso_on_PDCD1	G	5.9822924144532185e-05	1.994097471484406e-05	0.0	0.0	3.988194942968812e-05	5.9822924144532185e-05	3.988194942968812e-05	0.0	0.0001794687724335	0.000119645848289	0.0001395868230039	0.9996809444045625	0.0002592326712929	5.9822924144532185e-05	0.0	1.994097471484406e-05	0.0001994097471484	3.988194942968812e-05	3.988194942968812e-05	0.0
_scratch_st-cdeboer-1_asfar_VLPs_results_crispresso_aggregated_spacer_ABEmax-NG_rep1_.staging_CRISPRessoPooled_on_ABEmax-NG_D0_rep1_CRISPResso_on_PDCD1	N	0.0	0.0	0.0	0.0	0.0	0.0	1.994097471484406e-05	0.0	0.0	0.0	0.0	0.0	0.0	0.0	0.0	0.0	0.0	0.0	0.0	0.0
_scratch_st-cdeboer-1_asfar_VLPs_results_crispresso_aggregated_spacer_ABEmax-NG_rep1_.staging_CRISPRessoPooled_on_ABEmax-NG_D0_rep1_CRISPResso_on_PDCD1	-	0.0	0.0	0.0	0.0	0.0	0.0	0.0	0.0	0.0	0.0	0.0	0.0	0.0	1.994097471484406e-05	0.0	1.994097471484406e-05	0.0	0.0	0.0	0.0
_scratch_st-cdeboer-1_asfar_VLPs_results_crispresso_aggregated_spacer_ABEmax-NG_rep1_.staging_CRISPRessoPooled_on_ABEmax-NG_D1_rep1_CRISPResso_on_PDCD1	A	0.0001035939708308	0.9993710366056696	3.699784672532059e-05	6.659612410557705e-05	1.4799138690128236e-05	0.9955602583929616	2.959827738025647e-05	0.0001035939708308	0.0	0.9980909111089734	0.999667019379472	7.399569345064117e-05	0.999778012919648	0.9998520086130988	2.2198708035192352e-05	2.2198708035192352e-05	0.9998298099050636	2.959827738025647e-05	6.659612410557705e-05	5.179698541544882e-05
_scratch_st-cdeboer-1_asfar_VLPs_results_crispresso_aggregated_spacer_ABEmax-NG_rep1_.staging_CRISPRessoPooled_on_ABEmax-NG_D1_rep1_CRISPResso_on_PDCD1	T	0.0001035939708308	4.4397416070384704e-05	0.000118393109521	7.399569345064117e-05	0.9998150107663734	1.4799138690128236e-05	7.399569345064117e-05	4.4397416070384704e-05	0.9997336155035776	0.0001627905255914	1.4799138690128236e-05	9.619440148583352e-05	1.4799138690128236e-05	0.0	5.179698541544882e-05	6.659612410557705e-05	7.399569345064117e-06	0.9996226219634016	8.139526279570528e-05	1.4799138690128236e-05
_scratch_st-cdeboer-1_asfar_VLPs_results_crispresso_aggregated_spacer_ABEmax-NG_rep1_.staging_CRISPRessoPooled_on_ABEmax-NG_D1_rep1_CRISPResso_on_PDCD1	C	0.999763213780958	3.699784672532059e-05	0.9998372094744086	0.9998520086130988	0.0001109935401759	2.2198708035192352e-05	0.999874207321134	0.9997854124889932	0.0001109935401759	0.0001627905255914	2.2198708035192352e-05	2.2198708035192352e-05	5.919655476051294e-05	3.699784672532059e-05	0.9999186047372044	0.9999112051678593	2.959827738025647e-05	0.0002515853577321	0.9998002116276832	0.9998668077517888
_scratch_st-cdeboer-1_asfar_VLPs_results_crispresso_aggregated_spacer_ABEmax-NG_rep1_.staging_CRISPRessoPooled_on_ABEmax-NG_D1_rep1_CRISPResso_on_PDCD1	G	7.399569345064117e-06	0.0005475681315347	7.399569345064117e-06	7.399569345064117e-06	5.179698541544882e-05	0.0044027437603131	2.2198708035192352e-05	2.959827738025647e-05	0.000118393109521	0.0015835078398437	0.0002441857883871	0.9998076111970284	0.0001479913869012	0.0001109935401759	7.399569345064117e-06	0.0	0.0001331922482111	5.179698541544882e-05	7.399569345064117e-06	2.2198708035192352e-05
_scratch_st-cdeboer-1_asfar_VLPs_results_crispresso_aggregated_spacer_ABEmax-NG_rep1_.staging_CRISPRessoPooled_on_ABEmax-NG_D1_rep1_CRISPResso_on_PDCD1	N	0.0	0.0	0.0	0.0	7.399569345064117e-06	0.0	0.0	0.0	0.0	0.0	0.0	0.0	0.0	0.0	0.0	0.0	0.0	0.0	0.0	0.0
_scratch_st-cdeboer-1_asfar_VLPs_results_crispresso_aggregated_spacer_ABEmax-NG_rep1_.staging_CRISPRessoPooled_on_ABEmax-NG_D1_rep1_CRISPResso_on_PDCD1	-	2.2198708035192352e-05	0.0	0.0	0.0	0.0	0.0	0.0	3.699784672532059e-05	3.699784672532059e-05	0.0	5.179698541544882e-05	0.0	0.0	0.0	0.0	0.0	0.0	4.4397416070384704e-05	4.4397416070384704e-05	4.4397416070384704e-05
_scratch_st-cdeboer-1_asfar_VLPs_results_crispresso_aggregated_spacer_ABEmax-NG_rep1_.staging_CRISPRessoPooled_on_ABEmax-NG_D2_rep1_CRISPResso_on_PDCD1	A	6.818995448320538e-05	0.999744287670688	5.114246586240404e-05	6.818995448320538e-05	0.0	0.9989998806675796	6.25074582762716e-05	0.0001022849317248	2.841248103466891e-05	0.9998579375948268	0.9997840651441364	0.0001022849317248	0.999659050227584	0.999732922678274	5.114246586240404e-05	5.114246586240404e-05	0.9998522550986196	1.1364992413867564e-05	5.114246586240404e-05	8.523744310400673e-05
_scratch_st-cdeboer-1_asfar_VLPs_results_crispresso_aggregated_spacer_ABEmax-NG_rep1_.staging_CRISPRessoPooled_on_ABEmax-NG_D2_rep1_CRISPResso_on_PDCD1	T	3.409497724160269e-05	3.977747344853648e-05	9.66024355178743e-05	3.977747344853648e-05	0.9998238426175852	5.682496206933782e-06	9.091993931094053e-05	3.977747344853648e-05	0.9996988277010324	0.0	5.682496206933782e-06	0.0001136499241386	0.0	0.0	4.5459969655470256e-05	5.114246586240404e-05	0.0	0.9996647327237907	4.5459969655470256e-05	6.818995448320538e-05
_scratch_st-cdeboer-1_asfar_VLPs_results_crispresso_aggregated_spacer_ABEmax-NG_rep1_.staging_CRISPRessoPooled_on_ABEmax-NG_D2_rep1_CRISPResso_on_PDCD1	C	0.9998863500758614	4.5459969655470256e-05	0.999829525113792	0.9998693025872404	6.818995448320538e-05	3.977747344853648e-05	0.9998352076099988	0.9998238426175852	0.0001136499241386	2.2729984827735128e-05	2.841248103466891e-05	5.682496206933782e-05	0.0001534273975872	5.114246586240404e-05	0.9998920325720684	0.9998863500758614	6.818995448320538e-05	0.0002329823444842	0.9998863500758614	0.9998352076099988
_scratch_st-cdeboer-1_asfar_VLPs_results_crispresso_aggregated_spacer_ABEmax-NG_rep1_.staging_CRISPRessoPooled_on_ABEmax-NG_D2_rep1_CRISPResso_on_PDCD1	G	0.0	0.0001591098937941	1.7047488620801346e-05	1.7047488620801346e-05	0.0001022849317248	0.0009489768665579	5.682496206933782e-06	1.7047488620801346e-05	0.0001306974127594	0.0001136499241386	0.0001136499241386	0.9997158751896532	0.0001761573824149	0.0001932048710357	5.682496206933782e-06	5.682496206933782e-06	7.387245069013917e-05	7.955494689707295e-05	1.1364992413867564e-05	5.682496206933782e-06
_scratch_st-cdeboer-1_asfar_VLPs_results_crispresso_aggregated_spacer_ABEmax-NG_rep1_.staging_CRISPRessoPooled_on_ABEmax-NG_D2_rep1_CRISPResso_on_PDCD1	N	0.0	0.0	0.0	0.0	0.0	0.0	0.0	0.0	0.0	0.0	0.0	0.0	0.0	1.1364992413867564e-05	0.0	0.0	0.0	5.682496206933782e-06	0.0	0.0
_scratch_st-cdeboer-1_asfar_VLPs_results_crispresso_aggregated_spacer_ABEmax-NG_rep1_.staging_CRISPRessoPooled_on_ABEmax-NG_D2_rep1_CRISPResso_on_PDCD1	-	1.1364992413867564e-05	1.1364992413867564e-05	5.682496206933782e-06	5.682496206933782e-06	5.682496206933782e-06	5.682496206933782e-06	5.682496206933782e-06	1.7047488620801346e-05	2.841248103466891e-05	5.682496206933782e-06	6.818995448320538e-05	1.1364992413867564e-05	1.1364992413867564e-05	1.1364992413867564e-05	5.682496206933782e-06	5.682496206933782e-06	5.682496206933782e-06	5.682496206933782e-06	5.682496206933782e-06	5.682496206933782e-06
_scratch_st-cdeboer-1_asfar_VLPs_results_crispresso_aggregated_spacer_ABEmax-NG_rep1_.staging_CRISPRessoPooled_on_ABEmax-NG_D3_rep1_CRISPResso_on_PDCD1	A	6.655694854542815e-05	0.9997156203107604	2.420252674379205e-05	4.2354421801636094e-05	0.0	0.9980880003872404	5.4455685173532114e-05	6.655694854542815e-05	6.050631685948013e-06	0.9995038482017524	0.9998184810494216	7.865821191732417e-05	0.999757974732562	0.9998245316811076	3.630379011568808e-05	4.2354421801636094e-05	0.99977612662762	1.2101263371896024e-05	5.4455685173532114e-05	8.470884360327219e-05
_scratch_st-cdeboer-1_asfar_VLPs_results_crispresso_aggregated_spacer_ABEmax-NG_rep1_.staging_CRISPRessoPooled_on_ABEmax-NG_D3_rep1_CRISPResso_on_PDCD1	T	5.4455685173532114e-05	2.420252674379205e-05	7.865821191732417e-05	4.2354421801636094e-05	0.9997458734691902	1.2101263371896024e-05	7.260758023137616e-05	3.0253158429740064e-05	0.9997458734691902	0.0	1.2101263371896024e-05	9.68101069751682e-05	6.050631685948013e-06	0.0	6.050631685948013e-05	6.655694854542815e-05	6.050631685948013e-06	0.9996248608354712	5.4455685173532114e-05	3.630379011568808e-05
_scratch_st-cdeboer-1_asfar_VLPs_results_crispresso_aggregated_spacer_ABEmax-NG_rep1_.staging_CRISPRessoPooled_on_ABEmax-NG_D3_rep1_CRISPResso_on_PDCD1	C	0.9998124304177356	1.815189505784404e-05	0.9998910886296528	0.999878987366281	9.68101069751682e-05	6.050631685948013e-06	0.9998487342078513	0.999885037997967	0.0001210126337189	6.655694854542815e-05	3.630379011568808e-05	3.0253158429740064e-05	0.0001028607386611	4.84050534875841e-05	0.9998910886296528	0.9998668861029092	6.655694854542815e-05	0.0002904303209255	0.999885037997967	0.9998305823127934
_scratch_st-cdeboer-1_asfar_VLPs_results_crispresso_aggregated_spacer_ABEmax-NG_rep1_.staging_CRISPRessoPooled_on_ABEmax-NG_D3_rep1_CRISPResso_on_PDCD1	G	1.815189505784404e-05	0.0002359746357519	0.0	2.420252674379205e-05	0.0001391645287768	0.0018877970860157	1.815189505784404e-05	0.0	0.000108911370347	0.0004235442180163	6.050631685948013e-05	0.999788227890992	0.0001270632654049	0.000114962002033	6.050631685948013e-06	1.815189505784404e-05	0.0001452151604627	6.655694854542815e-05	0.0	4.2354421801636094e-05
_scratch_st-cdeboer-1_asfar_VLPs_results_crispresso_aggregated_spacer_ABEmax-NG_rep1_.staging_CRISPRessoPooled_on_ABEmax-NG_D3_rep1_CRISPResso_on_PDCD1	N	0.0	0.0	0.0	0.0	6.050631685948013e-06	0.0	0.0	0.0	6.050631685948013e-06	0.0	6.050631685948013e-06	0.0	0.0	0.0	0.0	0.0	0.0	0.0	0.0	0.0
_scratch_st-cdeboer-1_asfar_VLPs_results_crispresso_aggregated_spacer_ABEmax-NG_rep1_.staging_CRISPRessoPooled_on_ABEmax-NG_D3_rep1_CRISPResso_on_PDCD1	-	4.84050534875841e-05	6.050631685948013e-06	6.050631685948013e-06	1.2101263371896024e-05	1.2101263371896024e-05	6.050631685948013e-06	6.050631685948013e-06	1.815189505784404e-05	1.2101263371896024e-05	6.050631685948013e-06	6.655694854542815e-05	6.050631685948013e-06	6.050631685948013e-06	1.2101263371896024e-05	6.050631685948013e-06	6.050631685948013e-06	6.050631685948013e-06	6.050631685948013e-06	6.050631685948013e-06	6.050631685948013e-06
_scratch_st-cdeboer-1_asfar_VLPs_results_crispresso_aggregated_spacer_ABEmax-NG_rep1_.staging_CRISPRessoPooled_on_ABEmax-NG_D4_rep1_CRISPResso_on_PDCD1	A	8.638960560265388e-05	0.9997350718761518	4.031514928123848e-05	6.335237744194619e-05	0.0	0.9964119517139698	4.031514928123848e-05	6.911168448212312e-05	5.759307040176926e-06	0.9995277368227056	0.9997984242535938	9.790821968300776e-05	0.9997293125691116	0.9997523497972725	4.031514928123848e-05	1.1518614080353852e-05	0.9997984242535938	5.759307040176926e-06	2.879653520088463e-05	6.911168448212312e-05
_scratch_st-cdeboer-1_asfar_VLPs_results_crispresso_aggregated_spacer_ABEmax-NG_rep1_.staging_CRISPRessoPooled_on_ABEmax-NG_D4_rep1_CRISPResso_on_PDCD1	T	8.638960560265388e-05	1.727792112053078e-05	5.759307040176926e-05	3.455584224106156e-05	0.999740831183192	1.727792112053078e-05	8.638960560265388e-05	2.879653520088463e-05	0.9997581091043126	5.759307040176926e-06	0.0	0.0001382233689642	1.1518614080353852e-05	0.0	4.607445632141541e-05	6.911168448212312e-05	5.759307040176926e-06	0.9996947567268706	4.607445632141541e-05	4.607445632141541e-05
_scratch_st-cdeboer-1_asfar_VLPs_results_crispresso_aggregated_spacer_ABEmax-NG_rep1_.staging_CRISPRessoPooled_on_ABEmax-NG_D4_rep1_CRISPResso_on_PDCD1	C	0.9997638684113528	6.335237744194619e-05	0.9998905731662366	0.9998790545521564	0.0001727792112053	4.031514928123848e-05	0.999867535938076	0.9998905731662366	0.0001036675267231	2.879653520088463e-05	2.879653520088463e-05	2.3037228160707704e-05	8.063029856247697e-05	5.759307040176926e-05	0.9998905731662366	0.9999078510873572	9.21489126428308e-05	0.0002246129745669	0.9999136103943972	0.9998560173239956
_scratch_st-cdeboer-1_asfar_VLPs_results_crispresso_aggregated_spacer_ABEmax-NG_rep1_.staging_CRISPRessoPooled_on_ABEmax-NG_D4_rep1_CRISPResso_on_PDCD1	G	2.3037228160707704e-05	0.0001727792112053	5.759307040176926e-06	1.727792112053078e-05	6.911168448212312e-05	0.0035246959085882	0.0	5.759307040176926e-06	0.0001209454478437	0.000426188720973	0.0001267047548838	0.9997350718761518	0.0001727792112053	0.0001842978252856	1.727792112053078e-05	5.759307040176926e-06	9.790821968300776e-05	6.911168448212312e-05	1.1518614080353852e-05	2.3037228160707704e-05
_scratch_st-cdeboer-1_asfar_VLPs_results_crispresso_aggregated_spacer_ABEmax-NG_rep1_.staging_CRISPRessoPooled_on_ABEmax-NG_D4_rep1_CRISPResso_on_PDCD1	N	0.0	0.0	0.0	0.0	0.0	0.0	0.0	0.0	0.0	5.759307040176926e-06	0.0	0.0	0.0	0.0	0.0	0.0	0.0	0.0	0.0	0.0
_scratch_st-cdeboer-1_asfar_VLPs_results_crispresso_aggregated_spacer_ABEmax-NG_rep1_.staging_CRISPRessoPooled_on_ABEmax-NG_D4_rep1_CRISPResso_on_PDCD1	-	4.031514928123848e-05	1.1518614080353852e-05	5.759307040176926e-06	5.759307040176926e-06	1.727792112053078e-05	5.759307040176926e-06	5.759307040176926e-06	5.759307040176926e-06	1.1518614080353852e-05	5.759307040176926e-06	4.607445632141541e-05	5.759307040176926e-06	5.759307040176926e-06	5.759307040176926e-06	5.759307040176926e-06	5.759307040176926e-06	5.759307040176926e-06	5.759307040176926e-06	0.0	5.759307040176926e-06
_scratch_st-cdeboer-1_asfar_VLPs_results_crispresso_aggregated_spacer_ABEmax-NG_rep1_.staging_CRISPRessoPooled_on_ABEmax-NG_D5_rep1_CRISPResso_on_PDCD1	A	4.810269237641044e-05	0.9997869737909044	6.871813196630063e-05	8.933357155619081e-05	6.871813196630063e-06	0.9966328115336512	3.4359065983150314e-05	8.933357155619081e-05	1.3743626393260126e-05	0.9995808193950056	0.9997801019777078	5.49745055730405e-05	0.9996701529665618	0.9998556919228708	1.3743626393260126e-05	4.810269237641044e-05	0.9997732301645113	2.061543958989019e-05	6.184631876967056e-05	8.933357155619081e-05
_scratch_st-cdeboer-1_asfar_VLPs_results_crispresso_aggregated_spacer_ABEmax-NG_rep1_.staging_CRISPRessoPooled_on_ABEmax-NG_D5_rep1_CRISPResso_on_PDCD1	T	7.558994516293069e-05	2.061543958989019e-05	9.620538475282088e-05	6.184631876967056e-05	0.999759486538118	6.871813196630063e-06	0.0001511798903258	2.748725278652025e-05	0.9997801019777078	6.871813196630063e-06	0.0	0.0001030771979494	2.748725278652025e-05	0.0	4.810269237641044e-05	0.0001030771979494	6.871813196630063e-06	0.999628922087382	5.49745055730405e-05	4.810269237641044e-05
_scratch_st-cdeboer-1_asfar_VLPs_results_crispresso_aggregated_spacer_ABEmax-NG_rep1_.staging_CRISPRessoPooled_on_ABEmax-NG_D5_rep1_CRISPResso_on_PDCD1	C	0.9998007174172976	4.123087917978038e-05	0.9997938456041012	0.9998213328568876	0.0001511798903258	2.748725278652025e-05	0.9997869737909044	0.9998625637360674	6.184631876967056e-05	2.061543958989019e-05	4.123087917978038e-05	6.871813196630063e-06	0.0001030771979494	4.123087917978038e-05	0.9998969228020506	0.999814461043691	8.246175835956076e-05	0.0002680007146685	0.9998419482964775	0.9998350764832808
_scratch_st-cdeboer-1_asfar_VLPs_results_crispresso_aggregated_spacer_ABEmax-NG_rep1_.staging_CRISPRessoPooled_on_ABEmax-NG_D5_rep1_CRISPResso_on_PDCD1	G	2.748725278652025e-05	0.0001236926375393	2.061543958989019e-05	1.3743626393260126e-05	6.184631876967056e-05	0.0033190857739723	6.871813196630063e-06	6.871813196630063e-06	0.0001168208243427	0.0003779497258146	0.0001168208243427	0.9998213328568876	0.000185538956309	8.933357155619081e-05	2.748725278652025e-05	2.061543958989019e-05	0.0001236926375393	6.184631876967056e-05	2.748725278652025e-05	1.3743626393260126e-05
_scratch_st-cdeboer-1_asfar_VLPs_results_crispresso_aggregated_spacer_ABEmax-NG_rep1_.staging_CRISPRessoPooled_on_ABEmax-NG_D5_rep1_CRISPResso_on_PDCD1	N	0.0	1.3743626393260126e-05	6.871813196630063e-06	0.0	6.871813196630063e-06	0.0	6.871813196630063e-06	0.0	0.0	0.0	0.0	0.0	0.0	0.0	0.0	0.0	0.0	0.0	0.0	0.0
_scratch_st-cdeboer-1_asfar_VLPs_results_crispresso_aggregated_spacer_ABEmax-NG_rep1_.staging_CRISPRessoPooled_on_ABEmax-NG_D5_rep1_CRISPResso_on_PDCD1	-	4.810269237641044e-05	1.3743626393260126e-05	1.3743626393260126e-05	1.3743626393260126e-05	1.3743626393260126e-05	1.3743626393260126e-05	1.3743626393260126e-05	1.3743626393260126e-05	2.748725278652025e-05	1.3743626393260126e-05	6.184631876967056e-05	1.3743626393260126e-05	1.3743626393260126e-05	1.3743626393260126e-05	1.3743626393260126e-05	1.3743626393260126e-05	1.3743626393260126e-05	2.061543958989019e-05	1.3743626393260126e-05	1.3743626393260126e-05
