Folder	Nucleotide	G	G	C	C	C	A	G	A	C	T	G	A	G	C	A	C	G	T	G	A
_scratch_st-cdeboer-1_asfar_VLPs_results_crispresso_aggregated_spacer_ABEmax-NG_rep3_.staging_CRISPRessoPooled_on_ABEmax-NG_D0_rep3_CRISPResso_on_HEK3	A	5.432519059087699e-05	5.432519059087699e-05	0.0	1.8108396863625665e-05	5.432519059087699e-05	0.9998370244282274	3.621679372725133e-05	0.9997283740470456	1.8108396863625665e-05	0.0	5.432519059087699e-05	0.9997464824439092	7.243358745450265e-05	5.432519059087699e-05	0.9999275664125457	1.8108396863625665e-05	3.621679372725133e-05	0.0	1.8108396863625665e-05	0.9998913496188182
_scratch_st-cdeboer-1_asfar_VLPs_results_crispresso_aggregated_spacer_ABEmax-NG_rep3_.staging_CRISPRessoPooled_on_ABEmax-NG_D0_rep3_CRISPResso_on_HEK3	T	0.0001629755717726	1.8108396863625665e-05	1.8108396863625665e-05	1.8108396863625665e-05	1.8108396863625665e-05	0.0	9.054198431812832e-05	0.0	9.054198431812832e-05	0.9998732412219546	7.243358745450265e-05	0.0	0.0	3.621679372725133e-05	0.0	5.432519059087699e-05	7.243358745450265e-05	0.9997645908407728	9.054198431812832e-05	0.0
_scratch_st-cdeboer-1_asfar_VLPs_results_crispresso_aggregated_spacer_ABEmax-NG_rep3_.staging_CRISPRessoPooled_on_ABEmax-NG_D0_rep3_CRISPResso_on_HEK3	C	3.621679372725133e-05	5.432519059087699e-05	0.9999818916031364	0.9999637832062728	0.9998913496188182	5.432519059087699e-05	7.243358745450265e-05	0.0001086503811817	0.9998913496188182	5.432519059087699e-05	1.8108396863625665e-05	0.000144867174909	9.054198431812832e-05	0.999909458015682	1.8108396863625665e-05	0.9998913496188182	0.000144867174909	0.0001267587780453	5.432519059087699e-05	1.8108396863625665e-05
_scratch_st-cdeboer-1_asfar_VLPs_results_crispresso_aggregated_spacer_ABEmax-NG_rep3_.staging_CRISPRessoPooled_on_ABEmax-NG_D0_rep3_CRISPResso_on_HEK3	G	0.9997464824439092	0.9998732412219546	0.0	0.0	1.8108396863625665e-05	0.0001086503811817	0.9998008076345	0.0001629755717726	0.0	7.243358745450265e-05	0.9998370244282274	0.0001086503811817	0.9998370244282274	0.0	5.432519059087699e-05	3.621679372725133e-05	0.9997464824439092	0.0001086503811817	0.9998189160313636	9.054198431812832e-05
_scratch_st-cdeboer-1_asfar_VLPs_results_crispresso_aggregated_spacer_ABEmax-NG_rep3_.staging_CRISPRessoPooled_on_ABEmax-NG_D0_rep3_CRISPResso_on_HEK3	N	0.0	0.0	0.0	0.0	0.0	0.0	0.0	0.0	0.0	0.0	0.0	0.0	0.0	0.0	0.0	0.0	0.0	0.0	0.0	0.0
_scratch_st-cdeboer-1_asfar_VLPs_results_crispresso_aggregated_spacer_ABEmax-NG_rep3_.staging_CRISPRessoPooled_on_ABEmax-NG_D0_rep3_CRISPResso_on_HEK3	-	0.0	0.0	0.0	0.0	1.8108396863625665e-05	0.0	0.0	0.0	0.0	0.0	1.8108396863625665e-05	0.0	0.0	0.0	0.0	0.0	0.0	0.0	1.8108396863625665e-05	0.0
_scratch_st-cdeboer-1_asfar_VLPs_results_crispresso_aggregated_spacer_ABEmax-NG_rep3_.staging_CRISPRessoPooled_on_ABEmax-NG_D1_rep3_CRISPResso_on_HEK3	A	2.2293064627594358e-05	6.687919388278306e-05	4.458612925518871e-05	4.458612925518871e-05	6.687919388278306e-05	0.9983057270883028	2.2293064627594358e-05	0.9994872595135652	2.2293064627594358e-05	0.0	2.2293064627594358e-05	0.9997547762890964	2.2293064627594358e-05	2.2293064627594358e-05	0.9999777069353724	2.2293064627594358e-05	2.2293064627594358e-05	2.2293064627594358e-05	2.2293064627594358e-05	0.9997993624183515
_scratch_st-cdeboer-1_asfar_VLPs_results_crispresso_aggregated_spacer_ABEmax-NG_rep3_.staging_CRISPRessoPooled_on_ABEmax-NG_D1_rep3_CRISPResso_on_HEK3	T	8.917225851037742e-05	0.0	4.458612925518871e-05	2.2293064627594358e-05	4.458612925518871e-05	4.458612925518871e-05	0.0001337583877655	2.2293064627594358e-05	0.0	0.9998216554829792	0.0001783445170207	0.0	2.2293064627594358e-05	4.458612925518871e-05	0.0	6.687919388278306e-05	8.917225851037742e-05	0.9997993624183515	2.2293064627594358e-05	0.0
_scratch_st-cdeboer-1_asfar_VLPs_results_crispresso_aggregated_spacer_ABEmax-NG_rep3_.staging_CRISPRessoPooled_on_ABEmax-NG_D1_rep3_CRISPResso_on_HEK3	C	0.0	0.0001783445170207	0.999888534676862	0.9999331208061172	0.9998439485476068	2.2293064627594358e-05	8.917225851037742e-05	4.458612925518871e-05	0.9999777069353724	0.0001560514523931	6.687919388278306e-05	8.917225851037742e-05	0.0	0.9999108277414896	0.0	0.9999108277414896	6.687919388278306e-05	0.0001337583877655	8.917225851037742e-05	8.917225851037742e-05
_scratch_st-cdeboer-1_asfar_VLPs_results_crispresso_aggregated_spacer_ABEmax-NG_rep3_.staging_CRISPRessoPooled_on_ABEmax-NG_D1_rep3_CRISPResso_on_HEK3	G	0.999888534676862	0.9997324832244688	2.2293064627594358e-05	0.0	0.0	0.0016273937178143	0.9997547762890964	0.0004458612925518	0.0	2.2293064627594358e-05	0.9997101901598412	0.0001560514523931	0.9999554138707448	2.2293064627594358e-05	2.2293064627594358e-05	0.0	0.9998216554829792	4.458612925518871e-05	0.9998662416122344	0.0001114653231379
_scratch_st-cdeboer-1_asfar_VLPs_results_crispresso_aggregated_spacer_ABEmax-NG_rep3_.staging_CRISPRessoPooled_on_ABEmax-NG_D1_rep3_CRISPResso_on_HEK3	N	0.0	0.0	0.0	0.0	0.0	0.0	0.0	0.0	0.0	0.0	0.0	0.0	0.0	0.0	0.0	0.0	0.0	0.0	0.0	0.0
_scratch_st-cdeboer-1_asfar_VLPs_results_crispresso_aggregated_spacer_ABEmax-NG_rep3_.staging_CRISPRessoPooled_on_ABEmax-NG_D1_rep3_CRISPResso_on_HEK3	-	0.0	2.2293064627594358e-05	0.0	0.0	4.458612925518871e-05	0.0	0.0	0.0	0.0	0.0	2.2293064627594358e-05	0.0	0.0	0.0	0.0	0.0	0.0	0.0	0.0	0.0
_scratch_st-cdeboer-1_asfar_VLPs_results_crispresso_aggregated_spacer_ABEmax-NG_rep3_.staging_CRISPRessoPooled_on_ABEmax-NG_D2_rep3_CRISPResso_on_HEK3	A	0.0	5.576311827357386e-05	1.8587706091191287e-05	3.7175412182382575e-05	5.576311827357386e-05	0.9961337571330322	0.0	0.9986430974553432	1.8587706091191287e-05	0.0	5.576311827357386e-05	0.9998327106451792	0.0	0.0	0.9997583598208144	1.8587706091191287e-05	1.8587706091191287e-05	1.8587706091191287e-05	3.7175412182382575e-05	0.9998327106451792
_scratch_st-cdeboer-1_asfar_VLPs_results_crispresso_aggregated_spacer_ABEmax-NG_rep3_.staging_CRISPRessoPooled_on_ABEmax-NG_D2_rep3_CRISPResso_on_HEK3	T	0.0001487016487295	7.435082436476515e-05	3.7175412182382575e-05	3.7175412182382575e-05	3.7175412182382575e-05	0.0	0.0001115262365471	1.8587706091191287e-05	1.8587706091191287e-05	0.999814122939088	9.293853045595645e-05	0.0	0.0	9.293853045595645e-05	5.576311827357386e-05	7.435082436476515e-05	7.435082436476515e-05	0.9998698860573616	3.7175412182382575e-05	0.0
_scratch_st-cdeboer-1_asfar_VLPs_results_crispresso_aggregated_spacer_ABEmax-NG_rep3_.staging_CRISPRessoPooled_on_ABEmax-NG_D2_rep3_CRISPResso_on_HEK3	C	3.7175412182382575e-05	0.0002044647670031	0.9999256491756352	0.999907061469544	0.999814122939088	1.8587706091191287e-05	1.8587706091191287e-05	1.8587706091191287e-05	0.999907061469544	0.0001115262365471	1.8587706091191287e-05	5.576311827357386e-05	0.0001301139426383	0.999907061469544	0.0	0.999907061469544	0.0002044647670031	3.7175412182382575e-05	0.0001487016487295	9.293853045595645e-05
_scratch_st-cdeboer-1_asfar_VLPs_results_crispresso_aggregated_spacer_ABEmax-NG_rep3_.staging_CRISPRessoPooled_on_ABEmax-NG_D2_rep3_CRISPResso_on_HEK3	G	0.999814122939088	0.9996468335842672	1.8587706091191287e-05	1.8587706091191287e-05	1.8587706091191287e-05	0.003791892042603	0.999814122939088	0.001263964014201	0.0	1.8587706091191287e-05	0.9998327106451792	0.0001115262365471	0.9998698860573616	0.0	0.0001858770609119	0.0	0.9997025967025408	7.435082436476515e-05	0.9997769475269056	7.435082436476515e-05
_scratch_st-cdeboer-1_asfar_VLPs_results_crispresso_aggregated_spacer_ABEmax-NG_rep3_.staging_CRISPRessoPooled_on_ABEmax-NG_D2_rep3_CRISPResso_on_HEK3	N	0.0	0.0	0.0	0.0	0.0	0.0	0.0	0.0	0.0	0.0	0.0	0.0	0.0	0.0	0.0	0.0	0.0	0.0	0.0	0.0
_scratch_st-cdeboer-1_asfar_VLPs_results_crispresso_aggregated_spacer_ABEmax-NG_rep3_.staging_CRISPRessoPooled_on_ABEmax-NG_D2_rep3_CRISPResso_on_HEK3	-	0.0	1.8587706091191287e-05	0.0	0.0	7.435082436476515e-05	5.576311827357386e-05	5.576311827357386e-05	5.576311827357386e-05	5.576311827357386e-05	5.576311827357386e-05	0.0	0.0	0.0	0.0	0.0	0.0	0.0	0.0	0.0	0.0
_scratch_st-cdeboer-1_asfar_VLPs_results_crispresso_aggregated_spacer_ABEmax-NG_rep3_.staging_CRISPRessoPooled_on_ABEmax-NG_D3_rep3_CRISPResso_on_HEK3	A	0.0	5.102474700229611e-05	3.401649800153074e-05	8.504124500382685e-05	1.700824900076537e-05	0.9868526235224084	5.102474700229611e-05	0.9954077727697932	1.700824900076537e-05	0.0	0.0	0.999863934007994	1.700824900076537e-05	3.401649800153074e-05	0.9998809422569946	3.401649800153074e-05	0.0	0.0	1.700824900076537e-05	0.9998299175099924
_scratch_st-cdeboer-1_asfar_VLPs_results_crispresso_aggregated_spacer_ABEmax-NG_rep3_.staging_CRISPRessoPooled_on_ABEmax-NG_D3_rep3_CRISPResso_on_HEK3	T	0.0001020494940045	6.803299600306148e-05	0.0	3.401649800153074e-05	1.700824900076537e-05	1.700824900076537e-05	8.504124500382685e-05	0.0	5.102474700229611e-05	0.9999319670039968	0.0001190577430053	0.0	3.401649800153074e-05	0.0001190577430053	0.0	1.700824900076537e-05	0.0001190577430053	0.999863934007994	3.401649800153074e-05	0.0
_scratch_st-cdeboer-1_asfar_VLPs_results_crispresso_aggregated_spacer_ABEmax-NG_rep3_.staging_CRISPRessoPooled_on_ABEmax-NG_D3_rep3_CRISPResso_on_HEK3	C	1.700824900076537e-05	0.0001190577430053	0.9999659835019984	0.9998809422569946	0.9998979505059954	6.803299600306148e-05	6.803299600306148e-05	0.0	0.999914958754996	0.0	3.401649800153074e-05	5.102474700229611e-05	3.401649800153074e-05	0.9998469257589933	3.401649800153074e-05	0.999914958754996	0.0001530742410068	5.102474700229611e-05	0.0001190577430053	3.401649800153074e-05
_scratch_st-cdeboer-1_asfar_VLPs_results_crispresso_aggregated_spacer_ABEmax-NG_rep3_.staging_CRISPRessoPooled_on_ABEmax-NG_D3_rep3_CRISPResso_on_HEK3	G	0.9998809422569946	0.9997278680159878	0.0	0.0	0.0	0.0130623352325878	0.99977889276299	0.0045752189812058	1.700824900076537e-05	6.803299600306148e-05	0.9998469257589933	8.504124500382685e-05	0.999914958754996	0.0	8.504124500382685e-05	3.401649800153074e-05	0.9997278680159878	8.504124500382685e-05	0.9998299175099924	0.0001360659920061
_scratch_st-cdeboer-1_asfar_VLPs_results_crispresso_aggregated_spacer_ABEmax-NG_rep3_.staging_CRISPRessoPooled_on_ABEmax-NG_D3_rep3_CRISPResso_on_HEK3	N	0.0	0.0	0.0	0.0	0.0	0.0	0.0	0.0	0.0	0.0	0.0	0.0	0.0	0.0	0.0	0.0	0.0	0.0	0.0	0.0
_scratch_st-cdeboer-1_asfar_VLPs_results_crispresso_aggregated_spacer_ABEmax-NG_rep3_.staging_CRISPRessoPooled_on_ABEmax-NG_D3_rep3_CRISPResso_on_HEK3	-	0.0	3.401649800153074e-05	0.0	0.0	6.803299600306148e-05	0.0	1.700824900076537e-05	1.700824900076537e-05	0.0	0.0	0.0	0.0	0.0	0.0	0.0	0.0	0.0	0.0	0.0	0.0
_scratch_st-cdeboer-1_asfar_VLPs_results_crispresso_aggregated_spacer_ABEmax-NG_rep3_.staging_CRISPRessoPooled_on_ABEmax-NG_D4_rep3_CRISPResso_on_HEK3	A	0.0	5.804279688890608e-05	0.0	1.9347598962968697e-05	0.0001354331927407	0.954842704020431	3.8695197925937394e-05	0.9858762527570328	1.9347598962968697e-05	0.0	9.673799481484348e-05	0.9997484812134814	1.9347598962968697e-05	0.0	0.9998258716093332	1.9347598962968697e-05	0.0	5.804279688890608e-05	1.9347598962968697e-05	0.9998452192082964
_scratch_st-cdeboer-1_asfar_VLPs_results_crispresso_aggregated_spacer_ABEmax-NG_rep3_.staging_CRISPRessoPooled_on_ABEmax-NG_D4_rep3_CRISPResso_on_HEK3	T	0.0001547807917037	3.8695197925937394e-05	0.0	0.0	9.673799481484348e-05	0.0	0.0001354331927407	0.0	3.8695197925937394e-05	0.9997291336145184	0.0001354331927407	0.0	3.8695197925937394e-05	3.8695197925937394e-05	0.0	5.804279688890608e-05	0.0001160855937778	0.9997097860155556	5.804279688890608e-05	0.0
_scratch_st-cdeboer-1_asfar_VLPs_results_crispresso_aggregated_spacer_ABEmax-NG_rep3_.staging_CRISPRessoPooled_on_ABEmax-NG_D4_rep3_CRISPResso_on_HEK3	C	5.804279688890608e-05	5.804279688890608e-05	0.9999806524010372	0.9999032620051852	0.9996517432186666	1.9347598962968697e-05	3.8695197925937394e-05	0.0001354331927407	0.9998645668072592	0.0001741283906667	5.804279688890608e-05	9.673799481484348e-05	3.8695197925937394e-05	0.9998839144062222	1.9347598962968697e-05	0.9998452192082964	0.0001547807917037	9.673799481484348e-05	7.739039585187479e-05	0.0
_scratch_st-cdeboer-1_asfar_VLPs_results_crispresso_aggregated_spacer_ABEmax-NG_rep3_.staging_CRISPRessoPooled_on_ABEmax-NG_D4_rep3_CRISPResso_on_HEK3	G	0.9997678288124444	0.9998258716093332	1.9347598962968697e-05	0.0	1.9347598962968697e-05	0.045060557984754	0.9997097860155556	0.0139109236543744	0.0	1.9347598962968697e-05	0.9996323956197036	7.739039585187479e-05	0.9998258716093332	0.0	7.739039585187479e-05	0.0	0.9996517432186666	5.804279688890608e-05	0.9997678288124444	7.739039585187479e-05
_scratch_st-cdeboer-1_asfar_VLPs_results_crispresso_aggregated_spacer_ABEmax-NG_rep3_.staging_CRISPRessoPooled_on_ABEmax-NG_D4_rep3_CRISPResso_on_HEK3	N	0.0	0.0	0.0	0.0	0.0	0.0	0.0	0.0	0.0	0.0	0.0	0.0	0.0	0.0	0.0	0.0	0.0	0.0	0.0	0.0
_scratch_st-cdeboer-1_asfar_VLPs_results_crispresso_aggregated_spacer_ABEmax-NG_rep3_.staging_CRISPRessoPooled_on_ABEmax-NG_D4_rep3_CRISPResso_on_HEK3	-	1.9347598962968697e-05	1.9347598962968697e-05	0.0	7.739039585187479e-05	9.673799481484348e-05	7.739039585187479e-05	7.739039585187479e-05	7.739039585187479e-05	7.739039585187479e-05	7.739039585187479e-05	7.739039585187479e-05	7.739039585187479e-05	7.739039585187479e-05	7.739039585187479e-05	7.739039585187479e-05	7.739039585187479e-05	7.739039585187479e-05	7.739039585187479e-05	7.739039585187479e-05	7.739039585187479e-05
_scratch_st-cdeboer-1_asfar_VLPs_results_crispresso_aggregated_spacer_ABEmax-NG_rep3_.staging_CRISPRessoPooled_on_ABEmax-NG_D5_rep3_CRISPResso_on_HEK3	A	4.803996925441968e-05	4.803996925441968e-05	1.601332308480656e-05	4.803996925441968e-05	1.601332308480656e-05	0.9347296951063284	3.202664616961312e-05	0.977148987957981	1.601332308480656e-05	1.601332308480656e-05	3.202664616961312e-05	0.9995996669228798	1.601332308480656e-05	1.601332308480656e-05	0.9999359467076608	3.202664616961312e-05	1.601332308480656e-05	3.202664616961312e-05	0.0	0.9998718934153216
_scratch_st-cdeboer-1_asfar_VLPs_results_crispresso_aggregated_spacer_ABEmax-NG_rep3_.staging_CRISPRessoPooled_on_ABEmax-NG_D5_rep3_CRISPResso_on_HEK3	T	9.607993850883935e-05	3.202664616961312e-05	4.803996925441968e-05	1.601332308480656e-05	6.405329233922624e-05	0.0	0.0001281065846784	1.601332308480656e-05	3.202664616961312e-05	0.999839866769152	8.00666154240328e-05	0.0	3.202664616961312e-05	9.607993850883935e-05	0.0	0.0001120932615936	8.00666154240328e-05	0.9998078401229824	3.202664616961312e-05	0.0
_scratch_st-cdeboer-1_asfar_VLPs_results_crispresso_aggregated_spacer_ABEmax-NG_rep3_.staging_CRISPRessoPooled_on_ABEmax-NG_D5_rep3_CRISPResso_on_HEK3	C	4.803996925441968e-05	9.607993850883935e-05	0.9999039200614912	0.9999039200614912	0.9997918267998976	0.000160133230848	8.00666154240328e-05	0.0001120932615936	0.9998718934153216	6.405329233922624e-05	3.202664616961312e-05	8.00666154240328e-05	6.405329233922624e-05	0.9998558800922368	0.0	0.9998078401229824	0.0002081732001024	8.00666154240328e-05	4.803996925441968e-05	3.202664616961312e-05
_scratch_st-cdeboer-1_asfar_VLPs_results_crispresso_aggregated_spacer_ABEmax-NG_rep3_.staging_CRISPRessoPooled_on_ABEmax-NG_D5_rep3_CRISPResso_on_HEK3	G	0.9997918267998976	0.9996957468613886	1.601332308480656e-05	1.601332308480656e-05	6.405329233922624e-05	0.0650301050473994	0.9996637202152192	0.0226428388419164	0.0	6.405329233922624e-05	0.999839866769152	0.0003042531386113	0.9998718934153216	1.601332308480656e-05	4.803996925441968e-05	3.202664616961312e-05	0.999679733538304	6.405329233922624e-05	0.9998879067384064	8.00666154240328e-05
_scratch_st-cdeboer-1_asfar_VLPs_results_crispresso_aggregated_spacer_ABEmax-NG_rep3_.staging_CRISPRessoPooled_on_ABEmax-NG_D5_rep3_CRISPResso_on_HEK3	N	0.0	0.0	0.0	0.0	0.0	0.0	1.601332308480656e-05	0.0	0.0	0.0	0.0	0.0	0.0	0.0	0.0	0.0	0.0	0.0	0.0	0.0
_scratch_st-cdeboer-1_asfar_VLPs_results_crispresso_aggregated_spacer_ABEmax-NG_rep3_.staging_CRISPRessoPooled_on_ABEmax-NG_D5_rep3_CRISPResso_on_HEK3	-	1.601332308480656e-05	0.0001281065846784	1.601332308480656e-05	1.601332308480656e-05	6.405329233922624e-05	8.00666154240328e-05	8.00666154240328e-05	8.00666154240328e-05	8.00666154240328e-05	1.601332308480656e-05	1.601332308480656e-05	1.601332308480656e-05	1.601332308480656e-05	1.601332308480656e-05	1.601332308480656e-05	1.601332308480656e-05	1.601332308480656e-05	1.601332308480656e-05	3.202664616961312e-05	1.601332308480656e-05
