Folder	Nucleotide	C	A	C	C	T	A	C	C	T	A	A	G	A	A	C	C	A	T	C	C
_scratch_st-cdeboer-1_asfar_VLPs_results_crispresso_aggregated_spacer_ABEmax-NG_rep3_.staging_CRISPRessoPooled_on_ABEmax-NG_D0_rep3_CRISPResso_on_PDCD1	A	6.310854670032456e-05	0.999828705373242	6.310854670032456e-05	1.8031013342949877e-05	0.0	0.9999098449332852	2.704652001442481e-05	3.606202668589975e-05	9.015506671474935e-06	0.9999008294266136	0.9997746123332132	4.5077533357374686e-05	0.9997565813198702	0.999828705373242	4.5077533357374686e-05	9.015506671474936e-05	0.9997746123332132	9.015506671474935e-06	7.21240533717995e-05	6.310854670032456e-05
_scratch_st-cdeboer-1_asfar_VLPs_results_crispresso_aggregated_spacer_ABEmax-NG_rep3_.staging_CRISPRessoPooled_on_ABEmax-NG_D0_rep3_CRISPResso_on_PDCD1	T	5.409304002884962e-05	0.0	7.21240533717995e-05	2.704652001442481e-05	0.9998737829065992	9.015506671474935e-06	7.21240533717995e-05	2.704652001442481e-05	0.9998016588532276	0.0	9.015506671474935e-06	0.0001262170934006	9.015506671474935e-06	9.015506671474935e-06	2.704652001442481e-05	9.917057338622433e-05	1.8031013342949877e-05	0.9997115037865127	2.704652001442481e-05	2.704652001442481e-05
_scratch_st-cdeboer-1_asfar_VLPs_results_crispresso_aggregated_spacer_ABEmax-NG_rep3_.staging_CRISPRessoPooled_on_ABEmax-NG_D0_rep3_CRISPResso_on_PDCD1	C	0.999792643346556	5.409304002884962e-05	0.999864767399928	0.9999459069599712	9.917057338622433e-05	1.8031013342949877e-05	0.9998827984132708	0.9999368914532996	0.0001081860800576	1.8031013342949877e-05	5.409304002884962e-05	1.8031013342949877e-05	9.015506671474936e-05	4.5077533357374686e-05	0.9999188604399568	0.9997565813198702	9.015506671474936e-05	0.0002524341868012	0.9998918139199424	0.999864767399928
_scratch_st-cdeboer-1_asfar_VLPs_results_crispresso_aggregated_spacer_ABEmax-NG_rep3_.staging_CRISPRessoPooled_on_ABEmax-NG_D0_rep3_CRISPResso_on_PDCD1	G	2.704652001442481e-05	0.0001081860800576	0.0	9.015506671474935e-06	2.704652001442481e-05	6.310854670032456e-05	1.8031013342949877e-05	0.0	6.310854670032456e-05	8.113956004327443e-05	0.0001081860800576	0.999810674359899	0.0001442481067435	0.0001172015867291	9.015506671474935e-06	4.5077533357374686e-05	0.0001172015867291	2.704652001442481e-05	9.015506671474935e-06	4.5077533357374686e-05
_scratch_st-cdeboer-1_asfar_VLPs_results_crispresso_aggregated_spacer_ABEmax-NG_rep3_.staging_CRISPRessoPooled_on_ABEmax-NG_D0_rep3_CRISPResso_on_PDCD1	N	0.0	9.015506671474935e-06	0.0	0.0	0.0	0.0	0.0	0.0	0.0	0.0	9.015506671474935e-06	0.0	0.0	0.0	0.0	0.0	0.0	0.0	0.0	0.0
_scratch_st-cdeboer-1_asfar_VLPs_results_crispresso_aggregated_spacer_ABEmax-NG_rep3_.staging_CRISPRessoPooled_on_ABEmax-NG_D0_rep3_CRISPResso_on_PDCD1	-	6.310854670032456e-05	0.0	0.0	0.0	0.0	0.0	0.0	0.0	1.8031013342949877e-05	0.0	4.5077533357374686e-05	0.0	0.0	0.0	0.0	9.015506671474935e-06	0.0	0.0	0.0	0.0
_scratch_st-cdeboer-1_asfar_VLPs_results_crispresso_aggregated_spacer_ABEmax-NG_rep3_.staging_CRISPRessoPooled_on_ABEmax-NG_D1_rep3_CRISPResso_on_PDCD1	A	7.71624784588081e-05	0.9997685125646236	0.0	5.144165230587206e-05	0.0	0.999421281411559	2.572082615293603e-05	7.71624784588081e-05	1.2860413076468015e-05	0.9998199542169296	0.999832814630006	2.572082615293603e-05	0.9997685125646236	0.9997942333907766	3.858123922940405e-05	7.71624784588081e-05	0.9998456750430824	0.0	6.430206538234008e-05	0.0001028833046117
_scratch_st-cdeboer-1_asfar_VLPs_results_crispresso_aggregated_spacer_ABEmax-NG_rep3_.staging_CRISPRessoPooled_on_ABEmax-NG_D1_rep3_CRISPResso_on_PDCD1	T	2.572082615293603e-05	3.858123922940405e-05	7.71624784588081e-05	1.2860413076468015e-05	0.9998971166953884	1.2860413076468015e-05	2.572082615293603e-05	1.2860413076468015e-05	0.9997942333907766	6.430206538234008e-05	0.0	0.0001286041307646	1.2860413076468015e-05	0.0	9.002289153527612e-05	3.858123922940405e-05	1.2860413076468015e-05	0.999588466781553	5.144165230587206e-05	0.0001028833046117
_scratch_st-cdeboer-1_asfar_VLPs_results_crispresso_aggregated_spacer_ABEmax-NG_rep3_.staging_CRISPRessoPooled_on_ABEmax-NG_D1_rep3_CRISPResso_on_PDCD1	C	0.999832814630006	1.2860413076468015e-05	0.9999228375215412	0.9998971166953884	9.002289153527612e-05	1.2860413076468015e-05	0.999948558347694	0.9999099771084649	6.430206538234008e-05	0.0	2.572082615293603e-05	2.572082615293603e-05	9.002289153527612e-05	9.002289153527612e-05	0.9998585354561588	0.9998456750430824	5.144165230587206e-05	0.0003472311530646	0.9998713958692352	0.9997685125646236
_scratch_st-cdeboer-1_asfar_VLPs_results_crispresso_aggregated_spacer_ABEmax-NG_rep3_.staging_CRISPRessoPooled_on_ABEmax-NG_D1_rep3_CRISPResso_on_PDCD1	G	1.2860413076468015e-05	0.0001800457830705	0.0	3.858123922940405e-05	1.2860413076468015e-05	0.0005529977622881	0.0	0.0	0.0001286041307646	0.0001157437176882	0.0001286041307646	0.9998199542169296	0.0001286041307646	0.0001157437176882	0.0	3.858123922940405e-05	9.002289153527612e-05	5.144165230587206e-05	1.2860413076468015e-05	2.572082615293603e-05
_scratch_st-cdeboer-1_asfar_VLPs_results_crispresso_aggregated_spacer_ABEmax-NG_rep3_.staging_CRISPRessoPooled_on_ABEmax-NG_D1_rep3_CRISPResso_on_PDCD1	N	0.0	0.0	0.0	0.0	0.0	0.0	0.0	0.0	0.0	0.0	0.0	0.0	0.0	0.0	1.2860413076468015e-05	0.0	0.0	1.2860413076468015e-05	0.0	0.0
_scratch_st-cdeboer-1_asfar_VLPs_results_crispresso_aggregated_spacer_ABEmax-NG_rep3_.staging_CRISPRessoPooled_on_ABEmax-NG_D1_rep3_CRISPResso_on_PDCD1	-	5.144165230587206e-05	0.0	0.0	0.0	0.0	0.0	0.0	0.0	0.0	0.0	1.2860413076468015e-05	0.0	0.0	0.0	0.0	0.0	0.0	0.0	0.0	0.0
_scratch_st-cdeboer-1_asfar_VLPs_results_crispresso_aggregated_spacer_ABEmax-NG_rep3_.staging_CRISPRessoPooled_on_ABEmax-NG_D2_rep3_CRISPResso_on_PDCD1	A	3.789266271740915e-05	0.999835798461558	1.2630887572469715e-05	7.57853254348183e-05	0.0	0.9990779452072096	2.5261775144939437e-05	1.2630887572469715e-05	0.0	0.9997979057988404	0.9998231675739854	0.0001389397632971	0.9997221204734056	0.999835798461558	2.5261775144939437e-05	3.789266271740915e-05	0.9998231675739854	0.0	7.57853254348183e-05	7.57853254348183e-05
_scratch_st-cdeboer-1_asfar_VLPs_results_crispresso_aggregated_spacer_ABEmax-NG_rep3_.staging_CRISPRessoPooled_on_ABEmax-NG_D2_rep3_CRISPResso_on_PDCD1	T	3.789266271740915e-05	1.2630887572469715e-05	7.57853254348183e-05	1.2630887572469715e-05	0.9997473822485506	0.0	3.789266271740915e-05	1.2630887572469715e-05	0.9998484293491304	0.0	1.2630887572469715e-05	0.0001010471005797	2.5261775144939437e-05	0.0	3.789266271740915e-05	5.052355028987887e-05	1.2630887572469715e-05	0.9997473822485506	0.0	3.789266271740915e-05
_scratch_st-cdeboer-1_asfar_VLPs_results_crispresso_aggregated_spacer_ABEmax-NG_rep3_.staging_CRISPRessoPooled_on_ABEmax-NG_D2_rep3_CRISPResso_on_PDCD1	C	0.9998989528994202	1.2630887572469715e-05	0.9998736911242752	0.9998610602367028	0.000189463313587	0.0	0.9998989528994202	0.99994947644971	7.57853254348183e-05	1.2630887572469715e-05	0.0	1.2630887572469715e-05	0.0001010471005797	1.2630887572469715e-05	0.9998863220118478	0.9998610602367028	5.052355028987887e-05	0.0001768324260145	0.9998736911242752	0.999835798461558
_scratch_st-cdeboer-1_asfar_VLPs_results_crispresso_aggregated_spacer_ABEmax-NG_rep3_.staging_CRISPRessoPooled_on_ABEmax-NG_D2_rep3_CRISPResso_on_PDCD1	G	0.0	0.0001136779881522	1.2630887572469715e-05	2.5261775144939437e-05	2.5261775144939437e-05	0.0008967930176453	1.2630887572469715e-05	0.0	5.052355028987887e-05	0.0001642015384421	0.0001010471005797	0.9997221204734056	0.0001263088757246	0.0001263088757246	2.5261775144939437e-05	2.5261775144939437e-05	8.841621300728803e-05	5.052355028987887e-05	2.5261775144939437e-05	2.5261775144939437e-05
_scratch_st-cdeboer-1_asfar_VLPs_results_crispresso_aggregated_spacer_ABEmax-NG_rep3_.staging_CRISPRessoPooled_on_ABEmax-NG_D2_rep3_CRISPResso_on_PDCD1	N	0.0	0.0	0.0	0.0	0.0	0.0	0.0	0.0	0.0	0.0	0.0	0.0	0.0	0.0	0.0	0.0	0.0	0.0	0.0	0.0
_scratch_st-cdeboer-1_asfar_VLPs_results_crispresso_aggregated_spacer_ABEmax-NG_rep3_.staging_CRISPRessoPooled_on_ABEmax-NG_D2_rep3_CRISPResso_on_PDCD1	-	2.5261775144939437e-05	2.5261775144939437e-05	2.5261775144939437e-05	2.5261775144939437e-05	3.789266271740915e-05	2.5261775144939437e-05	2.5261775144939437e-05	2.5261775144939437e-05	2.5261775144939437e-05	2.5261775144939437e-05	6.315443786234859e-05	2.5261775144939437e-05	2.5261775144939437e-05	2.5261775144939437e-05	2.5261775144939437e-05	2.5261775144939437e-05	2.5261775144939437e-05	2.5261775144939437e-05	2.5261775144939437e-05	2.5261775144939437e-05
_scratch_st-cdeboer-1_asfar_VLPs_results_crispresso_aggregated_spacer_ABEmax-NG_rep3_.staging_CRISPRessoPooled_on_ABEmax-NG_D3_rep3_CRISPResso_on_PDCD1	A	5.6783230019400935e-05	0.9997917948232622	1.8927743339800317e-05	5.6783230019400935e-05	9.463871669900155e-06	0.998684521837884	3.785548667960063e-05	9.463871669900155e-06	9.463871669900155e-06	0.9998296503099418	0.9996687644915536	3.785548667960063e-05	0.9996687644915536	0.999820186438272	5.6783230019400935e-05	2.8391615009700467e-05	0.9999432167699804	0.0	1.8927743339800317e-05	5.6783230019400935e-05
_scratch_st-cdeboer-1_asfar_VLPs_results_crispresso_aggregated_spacer_ABEmax-NG_rep3_.staging_CRISPRessoPooled_on_ABEmax-NG_D3_rep3_CRISPResso_on_PDCD1	T	2.8391615009700467e-05	3.785548667960063e-05	8.51748450291014e-05	2.8391615009700467e-05	0.999810722566602	2.8391615009700467e-05	4.731935834950078e-05	1.8927743339800317e-05	0.9998391141816116	0.0	2.8391615009700467e-05	6.62471016893011e-05	9.463871669900155e-06	0.0	2.8391615009700467e-05	5.6783230019400935e-05	0.0	0.9997444754649129	4.731935834950078e-05	4.731935834950078e-05
_scratch_st-cdeboer-1_asfar_VLPs_results_crispresso_aggregated_spacer_ABEmax-NG_rep3_.staging_CRISPRessoPooled_on_ABEmax-NG_D3_rep3_CRISPResso_on_PDCD1	C	0.9998769696682912	4.731935834950078e-05	0.9998958974116312	0.999905361283301	0.0001324942033786	0.0	0.9999148251549708	0.9999526806416504	6.62471016893011e-05	1.8927743339800317e-05	4.731935834950078e-05	3.785548667960063e-05	0.0001041025883689	4.731935834950078e-05	0.999905361283301	0.9998958974116312	2.8391615009700467e-05	0.0002082051767378	0.9999337528983108	0.9998769696682912
_scratch_st-cdeboer-1_asfar_VLPs_results_crispresso_aggregated_spacer_ABEmax-NG_rep3_.staging_CRISPRessoPooled_on_ABEmax-NG_D3_rep3_CRISPResso_on_PDCD1	G	9.463871669900155e-06	0.0001230303317087	0.0	9.463871669900155e-06	4.731935834950078e-05	0.0012776226754365	0.0	1.8927743339800317e-05	5.6783230019400935e-05	0.0001514219467184	0.0001798135617281	0.9998580419249516	0.0002082051767378	0.0001230303317087	9.463871669900155e-06	1.8927743339800317e-05	2.8391615009700467e-05	4.731935834950078e-05	0.0	1.8927743339800317e-05
_scratch_st-cdeboer-1_asfar_VLPs_results_crispresso_aggregated_spacer_ABEmax-NG_rep3_.staging_CRISPRessoPooled_on_ABEmax-NG_D3_rep3_CRISPResso_on_PDCD1	N	0.0	0.0	0.0	0.0	0.0	0.0	0.0	0.0	0.0	0.0	0.0	0.0	9.463871669900155e-06	0.0	0.0	0.0	0.0	0.0	0.0	0.0
_scratch_st-cdeboer-1_asfar_VLPs_results_crispresso_aggregated_spacer_ABEmax-NG_rep3_.staging_CRISPRessoPooled_on_ABEmax-NG_D3_rep3_CRISPResso_on_PDCD1	-	2.8391615009700467e-05	0.0	0.0	0.0	0.0	9.463871669900155e-06	0.0	0.0	2.8391615009700467e-05	0.0	7.571097335920126e-05	0.0	0.0	9.463871669900155e-06	0.0	0.0	0.0	0.0	0.0	0.0
_scratch_st-cdeboer-1_asfar_VLPs_results_crispresso_aggregated_spacer_ABEmax-NG_rep3_.staging_CRISPRessoPooled_on_ABEmax-NG_D4_rep3_CRISPResso_on_PDCD1	A	9.152959020894896e-05	0.9996861842621408	6.537827872067784e-05	1.3075655744135567e-05	1.3075655744135567e-05	0.996626480818013	3.92269672324067e-05	2.6151311488271134e-05	0.0	0.999816940819582	0.999712335573629	0.000104605245953	0.999790789508094	0.999816940819582	1.3075655744135567e-05	1.3075655744135567e-05	0.9998430921310704	0.0	6.537827872067784e-05	6.537827872067784e-05
_scratch_st-cdeboer-1_asfar_VLPs_results_crispresso_aggregated_spacer_ABEmax-NG_rep3_.staging_CRISPRessoPooled_on_ABEmax-NG_D4_rep3_CRISPResso_on_PDCD1	T	6.537827872067784e-05	0.0	6.537827872067784e-05	0.0	0.9998823190983028	1.3075655744135567e-05	0.0001176809016972	2.6151311488271134e-05	0.9998430921310704	0.0	0.0	0.0001569078689296	0.0	1.3075655744135567e-05	3.92269672324067e-05	3.92269672324067e-05	0.0	0.999607730327676	3.92269672324067e-05	3.92269672324067e-05
_scratch_st-cdeboer-1_asfar_VLPs_results_crispresso_aggregated_spacer_ABEmax-NG_rep3_.staging_CRISPRessoPooled_on_ABEmax-NG_D4_rep3_CRISPResso_on_PDCD1	C	0.999790789508094	3.92269672324067e-05	0.9998692434425588	0.9999476973770236	6.537827872067784e-05	0.0	0.9998430921310704	0.9999346217212792	7.84539344648134e-05	1.3075655744135567e-05	3.92269672324067e-05	3.92269672324067e-05	0.000104605245953	1.3075655744135567e-05	0.9999476973770236	0.9999346217212792	5.230262297654228e-05	0.0003530427050916	0.9998561677868144	0.9998823190983028
_scratch_st-cdeboer-1_asfar_VLPs_results_crispresso_aggregated_spacer_ABEmax-NG_rep3_.staging_CRISPRessoPooled_on_ABEmax-NG_D4_rep3_CRISPResso_on_PDCD1	G	2.6151311488271134e-05	0.0002745887706268	0.0	3.92269672324067e-05	3.92269672324067e-05	0.0033604435262428	0.0	1.3075655744135567e-05	7.84539344648134e-05	0.0001699835246737	0.0001176809016972	0.9996992599178848	0.000104605245953	0.0001307565574413	0.0	1.3075655744135567e-05	0.000104605245953	3.92269672324067e-05	3.92269672324067e-05	1.3075655744135567e-05
_scratch_st-cdeboer-1_asfar_VLPs_results_crispresso_aggregated_spacer_ABEmax-NG_rep3_.staging_CRISPRessoPooled_on_ABEmax-NG_D4_rep3_CRISPResso_on_PDCD1	N	0.0	0.0	0.0	0.0	0.0	0.0	0.0	0.0	0.0	0.0	0.0	0.0	0.0	0.0	0.0	0.0	0.0	0.0	0.0	0.0
_scratch_st-cdeboer-1_asfar_VLPs_results_crispresso_aggregated_spacer_ABEmax-NG_rep3_.staging_CRISPRessoPooled_on_ABEmax-NG_D4_rep3_CRISPResso_on_PDCD1	-	2.6151311488271134e-05	0.0	0.0	0.0	0.0	0.0	0.0	0.0	0.0	0.0	0.0001307565574413	0.0	0.0	2.6151311488271134e-05	0.0	0.0	0.0	0.0	0.0	0.0
_scratch_st-cdeboer-1_asfar_VLPs_results_crispresso_aggregated_spacer_ABEmax-NG_rep3_.staging_CRISPRessoPooled_on_ABEmax-NG_D5_rep3_CRISPResso_on_PDCD1	A	6.80750641040187e-05	0.9998184664957226	6.80750641040187e-05	2.26916880346729e-05	0.0	0.9974585309401166	2.26916880346729e-05	9.07667521386916e-05	0.0	0.9995688579273412	0.999863849871792	6.80750641040187e-05	0.9998865415598266	0.9997730831196532	0.0	9.07667521386916e-05	0.9998865415598266	0.0	0.0	0.0
_scratch_st-cdeboer-1_asfar_VLPs_results_crispresso_aggregated_spacer_ABEmax-NG_rep3_.staging_CRISPRessoPooled_on_ABEmax-NG_D5_rep3_CRISPResso_on_PDCD1	T	2.26916880346729e-05	2.26916880346729e-05	4.53833760693458e-05	9.07667521386916e-05	0.999863849871792	0.0	0.0	2.26916880346729e-05	0.9997730831196532	0.0	2.26916880346729e-05	6.80750641040187e-05	0.0	0.0	0.0	6.80750641040187e-05	0.0	0.999591549615376	2.26916880346729e-05	4.53833760693458e-05
_scratch_st-cdeboer-1_asfar_VLPs_results_crispresso_aggregated_spacer_ABEmax-NG_rep3_.staging_CRISPRessoPooled_on_ABEmax-NG_D5_rep3_CRISPResso_on_PDCD1	C	0.9998184664957226	2.26916880346729e-05	0.9998865415598266	0.9998865415598266	0.0001134584401733	2.26916880346729e-05	0.9999773083119652	0.9998865415598266	0.000204225192312	0.0	0.0	0.0	0.0	6.80750641040187e-05	1.0	0.9998411581837572	6.80750641040187e-05	0.0003630670085547	0.9999773083119652	0.999931924935896
_scratch_st-cdeboer-1_asfar_VLPs_results_crispresso_aggregated_spacer_ABEmax-NG_rep3_.staging_CRISPRessoPooled_on_ABEmax-NG_D5_rep3_CRISPResso_on_PDCD1	G	6.80750641040187e-05	0.000136150128208	0.0	0.0	2.26916880346729e-05	0.0025187773718486	0.0	0.0	2.26916880346729e-05	0.0004311420726587	9.07667521386916e-05	0.999863849871792	0.0001134584401733	0.0001588418162427	0.0	0.0	4.53833760693458e-05	4.53833760693458e-05	0.0	2.26916880346729e-05
_scratch_st-cdeboer-1_asfar_VLPs_results_crispresso_aggregated_spacer_ABEmax-NG_rep3_.staging_CRISPRessoPooled_on_ABEmax-NG_D5_rep3_CRISPResso_on_PDCD1	N	0.0	0.0	0.0	0.0	0.0	0.0	0.0	0.0	0.0	0.0	0.0	0.0	0.0	0.0	0.0	0.0	0.0	0.0	0.0	0.0
_scratch_st-cdeboer-1_asfar_VLPs_results_crispresso_aggregated_spacer_ABEmax-NG_rep3_.staging_CRISPRessoPooled_on_ABEmax-NG_D5_rep3_CRISPResso_on_PDCD1	-	2.26916880346729e-05	0.0	0.0	0.0	0.0	0.0	0.0	0.0	0.0	0.0	2.26916880346729e-05	0.0	0.0	0.0	0.0	0.0	0.0	0.0	0.0	0.0
