Folder	Nucleotide	G	G	C	C	C	A	G	A	C	T	G	A	G	C	A	C	G	T	G	A
_scratch_st-cdeboer-1_asfar_VLPs_results_crispresso_aggregated_spacer_ABEmax-NG_rep1_.staging_CRISPRessoPooled_on_ABEmax-NG_D0_rep1_CRISPResso_on_HEK3	A	0.0	2.6111705877744996e-05	2.6111705877744996e-05	0.0	2.6111705877744996e-05	0.9999477765882444	5.222341175548999e-05	0.9997649946471004	0.0	0.0	7.833511763323498e-05	0.9997649946471004	0.0	0.0	0.9999216648823668	2.6111705877744996e-05	2.6111705877744996e-05	0.0	2.6111705877744996e-05	0.999791106352978
_scratch_st-cdeboer-1_asfar_VLPs_results_crispresso_aggregated_spacer_ABEmax-NG_rep1_.staging_CRISPRessoPooled_on_ABEmax-NG_D0_rep1_CRISPResso_on_HEK3	T	5.222341175548999e-05	0.0001044468235109	2.6111705877744996e-05	7.833511763323498e-05	2.6111705877744996e-05	0.0	0.0001566702352664	2.6111705877744996e-05	2.6111705877744996e-05	0.999791106352978	0.0001044468235109	0.0	0.0001044468235109	0.0001044468235109	0.0	7.833511763323498e-05	0.0001044468235109	0.999791106352978	7.833511763323498e-05	0.0
_scratch_st-cdeboer-1_asfar_VLPs_results_crispresso_aggregated_spacer_ABEmax-NG_rep1_.staging_CRISPRessoPooled_on_ABEmax-NG_D0_rep1_CRISPResso_on_HEK3	C	7.833511763323498e-05	7.833511763323498e-05	0.9999477765882444	0.9999216648823668	0.9999216648823668	2.6111705877744996e-05	0.0001044468235109	5.222341175548999e-05	0.9999738882941224	0.0001305585293887	2.6111705877744996e-05	0.0001305585293887	0.0001566702352664	0.9998433297647336	0.0	0.999895553176489	0.0001044468235109	0.0001044468235109	2.6111705877744996e-05	7.833511763323498e-05
_scratch_st-cdeboer-1_asfar_VLPs_results_crispresso_aggregated_spacer_ABEmax-NG_rep1_.staging_CRISPRessoPooled_on_ABEmax-NG_D0_rep1_CRISPResso_on_HEK3	G	0.9998694414706112	0.9997127712353449	0.0	0.0	0.0	2.6111705877744996e-05	0.9996866595294672	0.0001566702352664	0.0	7.833511763323498e-05	0.999791106352978	0.0001044468235109	0.9997388829412226	5.222341175548999e-05	7.833511763323498e-05	0.0	0.9997649946471004	0.0001044468235109	0.9998694414706112	0.0001305585293887
_scratch_st-cdeboer-1_asfar_VLPs_results_crispresso_aggregated_spacer_ABEmax-NG_rep1_.staging_CRISPRessoPooled_on_ABEmax-NG_D0_rep1_CRISPResso_on_HEK3	N	0.0	0.0	0.0	0.0	0.0	0.0	0.0	0.0	0.0	0.0	0.0	0.0	0.0	0.0	0.0	0.0	0.0	0.0	0.0	0.0
_scratch_st-cdeboer-1_asfar_VLPs_results_crispresso_aggregated_spacer_ABEmax-NG_rep1_.staging_CRISPRessoPooled_on_ABEmax-NG_D0_rep1_CRISPResso_on_HEK3	-	0.0	7.833511763323498e-05	0.0	0.0	2.6111705877744996e-05	0.0	0.0	0.0	0.0	0.0	0.0	0.0	0.0	0.0	0.0	0.0	0.0	0.0	0.0	0.0
_scratch_st-cdeboer-1_asfar_VLPs_results_crispresso_aggregated_spacer_ABEmax-NG_rep1_.staging_CRISPRessoPooled_on_ABEmax-NG_D1_rep1_CRISPResso_on_HEK3	A	0.0	0.0	0.0	0.0	0.0	0.9981108312342568	0.0	0.9987405541561712	0.0	0.0	0.0	1.0	0.0	0.0	0.9993702770780856	0.0	0.0	0.0	0.0	0.9987405541561712
_scratch_st-cdeboer-1_asfar_VLPs_results_crispresso_aggregated_spacer_ABEmax-NG_rep1_.staging_CRISPRessoPooled_on_ABEmax-NG_D1_rep1_CRISPResso_on_HEK3	T	0.0	0.0	0.0	0.0	0.0	0.0	0.0006297229219143	0.0	0.0	1.0	0.0	0.0	0.0006297229219143	0.0	0.0	0.0	0.0	1.0	0.0006297229219143	0.0006297229219143
_scratch_st-cdeboer-1_asfar_VLPs_results_crispresso_aggregated_spacer_ABEmax-NG_rep1_.staging_CRISPRessoPooled_on_ABEmax-NG_D1_rep1_CRISPResso_on_HEK3	C	0.0	0.0	1.0	1.0	1.0	0.0	0.0	0.0006297229219143	1.0	0.0	0.0	0.0	0.0	1.0	0.0006297229219143	1.0	0.0	0.0	0.0006297229219143	0.0
_scratch_st-cdeboer-1_asfar_VLPs_results_crispresso_aggregated_spacer_ABEmax-NG_rep1_.staging_CRISPRessoPooled_on_ABEmax-NG_D1_rep1_CRISPResso_on_HEK3	G	1.0	1.0	0.0	0.0	0.0	0.001889168765743	0.9993702770780856	0.0006297229219143	0.0	0.0	1.0	0.0	0.9993702770780856	0.0	0.0	0.0	1.0	0.0	0.9987405541561712	0.0006297229219143
_scratch_st-cdeboer-1_asfar_VLPs_results_crispresso_aggregated_spacer_ABEmax-NG_rep1_.staging_CRISPRessoPooled_on_ABEmax-NG_D1_rep1_CRISPResso_on_HEK3	N	0.0	0.0	0.0	0.0	0.0	0.0	0.0	0.0	0.0	0.0	0.0	0.0	0.0	0.0	0.0	0.0	0.0	0.0	0.0	0.0
_scratch_st-cdeboer-1_asfar_VLPs_results_crispresso_aggregated_spacer_ABEmax-NG_rep1_.staging_CRISPRessoPooled_on_ABEmax-NG_D1_rep1_CRISPResso_on_HEK3	-	0.0	0.0	0.0	0.0	0.0	0.0	0.0	0.0	0.0	0.0	0.0	0.0	0.0	0.0	0.0	0.0	0.0	0.0	0.0	0.0
_scratch_st-cdeboer-1_asfar_VLPs_results_crispresso_aggregated_spacer_ABEmax-NG_rep1_.staging_CRISPRessoPooled_on_ABEmax-NG_D2_rep1_CRISPResso_on_HEK3	A	0.0	0.0	0.0	2.321208885587614e-05	6.963626656762843e-05	0.999628606578306	9.284835542350455e-05	0.999651818667162	6.963626656762843e-05	0.0	4.642417771175228e-05	0.9998607274668648	2.321208885587614e-05	2.321208885587614e-05	0.9998839395557206	0.0	2.321208885587614e-05	4.642417771175228e-05	2.321208885587614e-05	0.9997214549337294
_scratch_st-cdeboer-1_asfar_VLPs_results_crispresso_aggregated_spacer_ABEmax-NG_rep1_.staging_CRISPRessoPooled_on_ABEmax-NG_D2_rep1_CRISPResso_on_HEK3	T	6.963626656762843e-05	4.642417771175228e-05	4.642417771175228e-05	2.321208885587614e-05	2.321208885587614e-05	0.0	0.0002089087997028	0.0	9.284835542350455e-05	0.999814303289153	0.0001160604442793	0.0	2.321208885587614e-05	6.963626656762843e-05	2.321208885587614e-05	0.0001160604442793	9.284835542350455e-05	0.9996982428448736	2.321208885587614e-05	0.0
_scratch_st-cdeboer-1_asfar_VLPs_results_crispresso_aggregated_spacer_ABEmax-NG_rep1_.staging_CRISPRessoPooled_on_ABEmax-NG_D2_rep1_CRISPResso_on_HEK3	C	0.0	6.963626656762843e-05	0.9999535758222884	0.9999535758222884	0.9999071516445764	2.321208885587614e-05	4.642417771175228e-05	2.321208885587614e-05	0.9998375153780088	9.284835542350455e-05	4.642417771175228e-05	9.284835542350455e-05	0.0	0.9998839395557206	0.0	0.9998839395557206	6.963626656762843e-05	0.000185696710847	9.284835542350455e-05	0.0001160604442793
_scratch_st-cdeboer-1_asfar_VLPs_results_crispresso_aggregated_spacer_ABEmax-NG_rep1_.staging_CRISPRessoPooled_on_ABEmax-NG_D2_rep1_CRISPResso_on_HEK3	G	0.9999303637334324	0.9998607274668648	0.0	0.0	0.0	0.0003481813328381	0.999651818667162	0.0003249692439822	0.0	9.284835542350455e-05	0.9997678791114412	4.642417771175228e-05	0.9999535758222884	2.321208885587614e-05	9.284835542350455e-05	0.0	0.999814303289153	6.963626656762843e-05	0.9998607274668648	0.0001624846219911
_scratch_st-cdeboer-1_asfar_VLPs_results_crispresso_aggregated_spacer_ABEmax-NG_rep1_.staging_CRISPRessoPooled_on_ABEmax-NG_D2_rep1_CRISPResso_on_HEK3	N	0.0	0.0	0.0	0.0	0.0	0.0	0.0	0.0	0.0	0.0	0.0	0.0	0.0	0.0	0.0	0.0	0.0	0.0	0.0	0.0
_scratch_st-cdeboer-1_asfar_VLPs_results_crispresso_aggregated_spacer_ABEmax-NG_rep1_.staging_CRISPRessoPooled_on_ABEmax-NG_D2_rep1_CRISPResso_on_HEK3	-	0.0	2.321208885587614e-05	0.0	0.0	0.0	0.0	0.0	0.0	0.0	0.0	2.321208885587614e-05	0.0	0.0	0.0	0.0	0.0	0.0	0.0	0.0	0.0
_scratch_st-cdeboer-1_asfar_VLPs_results_crispresso_aggregated_spacer_ABEmax-NG_rep1_.staging_CRISPRessoPooled_on_ABEmax-NG_D3_rep1_CRISPResso_on_HEK3	A	1.9013937215979316e-05	0.0001711254349438	3.802787443195863e-05	1.9013937215979316e-05	0.0	0.9747494913771796	3.802787443195863e-05	0.9923754111763924	5.704181164793794e-05	0.0	1.9013937215979316e-05	0.9997528188161924	3.802787443195863e-05	3.802787443195863e-05	0.9998669024394882	9.506968607989656e-05	1.9013937215979316e-05	1.9013937215979316e-05	1.9013937215979316e-05	0.9997528188161924
_scratch_st-cdeboer-1_asfar_VLPs_results_crispresso_aggregated_spacer_ABEmax-NG_rep1_.staging_CRISPRessoPooled_on_ABEmax-NG_D3_rep1_CRISPResso_on_HEK3	T	9.506968607989656e-05	3.802787443195863e-05	5.704181164793794e-05	9.506968607989656e-05	0.0001140836232958	0.0	0.0001330975605118	0.0	3.802787443195863e-05	0.9998669024394882	5.704181164793794e-05	0.0	3.802787443195863e-05	0.0001330975605118	1.9013937215979316e-05	5.704181164793794e-05	1.9013937215979316e-05	0.9997908466906242	7.605574886391725e-05	0.0
_scratch_st-cdeboer-1_asfar_VLPs_results_crispresso_aggregated_spacer_ABEmax-NG_rep1_.staging_CRISPRessoPooled_on_ABEmax-NG_D3_rep1_CRISPResso_on_HEK3	C	1.9013937215979316e-05	0.0001901393721597	0.999885916376704	0.999847888502272	0.999847888502272	3.802787443195863e-05	3.802787443195863e-05	5.704181164793794e-05	0.999885916376704	9.506968607989656e-05	5.704181164793794e-05	7.605574886391725e-05	0.0	0.9998098606278402	0.0	0.9998288745650562	0.0001711254349438	5.704181164793794e-05	7.605574886391725e-05	7.605574886391725e-05
_scratch_st-cdeboer-1_asfar_VLPs_results_crispresso_aggregated_spacer_ABEmax-NG_rep1_.staging_CRISPRessoPooled_on_ABEmax-NG_D3_rep1_CRISPResso_on_HEK3	G	0.999847888502272	0.9994866236951686	0.0	0.0	1.9013937215979316e-05	0.0251934668111725	0.9997718327534082	0.0075485330747437	0.0	1.9013937215979316e-05	0.999847888502272	0.0001521114977278	0.99990493031392	0.0	9.506968607989656e-05	0.0	0.9997718327534082	0.0001140836232958	0.9998098606278402	0.0001521114977278
_scratch_st-cdeboer-1_asfar_VLPs_results_crispresso_aggregated_spacer_ABEmax-NG_rep1_.staging_CRISPRessoPooled_on_ABEmax-NG_D3_rep1_CRISPResso_on_HEK3	N	0.0	0.0	0.0	1.9013937215979316e-05	0.0	0.0	0.0	0.0	0.0	0.0	0.0	0.0	0.0	0.0	0.0	0.0	0.0	0.0	0.0	0.0
_scratch_st-cdeboer-1_asfar_VLPs_results_crispresso_aggregated_spacer_ABEmax-NG_rep1_.staging_CRISPRessoPooled_on_ABEmax-NG_D3_rep1_CRISPResso_on_HEK3	-	1.9013937215979316e-05	0.0001140836232958	1.9013937215979316e-05	1.9013937215979316e-05	1.9013937215979316e-05	1.9013937215979316e-05	1.9013937215979316e-05	1.9013937215979316e-05	1.9013937215979316e-05	1.9013937215979316e-05	1.9013937215979316e-05	1.9013937215979316e-05	1.9013937215979316e-05	1.9013937215979316e-05	1.9013937215979316e-05	1.9013937215979316e-05	1.9013937215979316e-05	1.9013937215979316e-05	1.9013937215979316e-05	1.9013937215979316e-05
_scratch_st-cdeboer-1_asfar_VLPs_results_crispresso_aggregated_spacer_ABEmax-NG_rep1_.staging_CRISPRessoPooled_on_ABEmax-NG_D4_rep1_CRISPResso_on_HEK3	A	0.0	0.000136418203645	0.0	8.185092218705664e-05	2.728364072901888e-05	0.9593200916730328	2.728364072901888e-05	0.985648804976536	5.456728145803776e-05	0.0	0.0	0.9997544472334388	5.456728145803776e-05	5.456728145803776e-05	0.999918149077813	0.0	0.0	0.0	5.456728145803776e-05	0.999918149077813
_scratch_st-cdeboer-1_asfar_VLPs_results_crispresso_aggregated_spacer_ABEmax-NG_rep1_.staging_CRISPRessoPooled_on_ABEmax-NG_D4_rep1_CRISPResso_on_HEK3	T	5.456728145803776e-05	0.0001637018443741	2.728364072901888e-05	0.0	8.185092218705664e-05	0.0	0.000136418203645	2.728364072901888e-05	5.456728145803776e-05	0.999781730874168	5.456728145803776e-05	0.0	0.000109134562916	2.728364072901888e-05	0.0	5.456728145803776e-05	8.185092218705664e-05	0.9997544472334388	0.000136418203645	0.0
_scratch_st-cdeboer-1_asfar_VLPs_results_crispresso_aggregated_spacer_ABEmax-NG_rep1_.staging_CRISPRessoPooled_on_ABEmax-NG_D4_rep1_CRISPResso_on_HEK3	C	2.728364072901888e-05	5.456728145803776e-05	0.999972716359271	0.999918149077813	0.999836298155626	2.728364072901888e-05	0.000109134562916	0.0	0.9998635817963548	0.0001909854851031	0.0	0.000136418203645	8.185092218705664e-05	0.999890865437084	0.0	0.999945432718542	0.000109134562916	0.000109134562916	8.185092218705664e-05	0.0
_scratch_st-cdeboer-1_asfar_VLPs_results_crispresso_aggregated_spacer_ABEmax-NG_rep1_.staging_CRISPRessoPooled_on_ABEmax-NG_D4_rep1_CRISPResso_on_HEK3	G	0.999918149077813	0.9996180290297936	0.0	0.0	5.456728145803776e-05	0.0406526246862381	0.99972716359271	0.0143239113827349	2.728364072901888e-05	2.728364072901888e-05	0.999945432718542	0.000109134562916	0.9997544472334388	0.0	8.185092218705664e-05	0.0	0.9998090145148968	0.000136418203645	0.99972716359271	8.185092218705664e-05
_scratch_st-cdeboer-1_asfar_VLPs_results_crispresso_aggregated_spacer_ABEmax-NG_rep1_.staging_CRISPRessoPooled_on_ABEmax-NG_D4_rep1_CRISPResso_on_HEK3	N	0.0	0.0	0.0	0.0	0.0	0.0	0.0	0.0	0.0	0.0	0.0	0.0	0.0	0.0	0.0	0.0	0.0	0.0	0.0	0.0
_scratch_st-cdeboer-1_asfar_VLPs_results_crispresso_aggregated_spacer_ABEmax-NG_rep1_.staging_CRISPRessoPooled_on_ABEmax-NG_D4_rep1_CRISPResso_on_HEK3	-	0.0	2.728364072901888e-05	0.0	0.0	0.0	0.0	0.0	0.0	0.0	0.0	0.0	0.0	0.0	2.728364072901888e-05	0.0	0.0	0.0	0.0	0.0	0.0
_scratch_st-cdeboer-1_asfar_VLPs_results_crispresso_aggregated_spacer_ABEmax-NG_rep1_.staging_CRISPRessoPooled_on_ABEmax-NG_D5_rep1_CRISPResso_on_HEK3	A	0.0	2.4271844660194176e-05	2.4271844660194176e-05	0.0001941747572815	7.281553398058253e-05	0.9357766990291262	4.854368932038835e-05	0.9784708737864076	2.4271844660194176e-05	0.0	0.0	0.9994660194174756	2.4271844660194176e-05	0.0	0.9998300970873788	0.0	0.0	0.0	2.4271844660194176e-05	0.9998058252427184
_scratch_st-cdeboer-1_asfar_VLPs_results_crispresso_aggregated_spacer_ABEmax-NG_rep1_.staging_CRISPRessoPooled_on_ABEmax-NG_D5_rep1_CRISPResso_on_HEK3	T	0.0001213592233009	7.281553398058253e-05	0.0	7.281553398058253e-05	9.70873786407767e-05	2.4271844660194176e-05	7.281553398058253e-05	2.4271844660194176e-05	4.854368932038835e-05	0.9995873786407768	0.0001213592233009	0.0	2.4271844660194176e-05	4.854368932038835e-05	0.0	7.281553398058253e-05	4.854368932038835e-05	0.999757281553398	0.0	0.0
_scratch_st-cdeboer-1_asfar_VLPs_results_crispresso_aggregated_spacer_ABEmax-NG_rep1_.staging_CRISPRessoPooled_on_ABEmax-NG_D5_rep1_CRISPResso_on_HEK3	C	7.281553398058253e-05	0.0001213592233009	0.9999514563106796	0.9995873786407768	0.999733009708738	0.0001699029126213	9.70873786407767e-05	2.4271844660194176e-05	0.999733009708738	9.70873786407767e-05	0.0	7.281553398058253e-05	9.70873786407767e-05	0.9998058252427184	0.0	0.9998300970873788	0.0001213592233009	9.70873786407767e-05	7.281553398058253e-05	2.4271844660194176e-05
_scratch_st-cdeboer-1_asfar_VLPs_results_crispresso_aggregated_spacer_ABEmax-NG_rep1_.staging_CRISPRessoPooled_on_ABEmax-NG_D5_rep1_CRISPResso_on_HEK3	G	0.9998058252427184	0.999757281553398	2.4271844660194176e-05	9.70873786407767e-05	2.4271844660194176e-05	0.0639563106796116	0.999733009708738	0.0214320388349514	0.0	2.4271844660194176e-05	0.9995873786407768	0.0001699029126213	0.9997087378640775	0.0	7.281553398058253e-05	0.0	0.9998300970873788	0.0001456310679611	0.9999029126213592	0.0001699029126213
_scratch_st-cdeboer-1_asfar_VLPs_results_crispresso_aggregated_spacer_ABEmax-NG_rep1_.staging_CRISPRessoPooled_on_ABEmax-NG_D5_rep1_CRISPResso_on_HEK3	N	0.0	0.0	0.0	0.0	0.0	0.0	0.0	0.0	0.0	0.0	0.0	0.0	0.0	0.0	0.0	0.0	0.0	0.0	0.0	0.0
_scratch_st-cdeboer-1_asfar_VLPs_results_crispresso_aggregated_spacer_ABEmax-NG_rep1_.staging_CRISPRessoPooled_on_ABEmax-NG_D5_rep1_CRISPResso_on_HEK3	-	0.0	2.4271844660194176e-05	0.0	4.854368932038835e-05	7.281553398058253e-05	7.281553398058253e-05	4.854368932038835e-05	4.854368932038835e-05	0.0001941747572815	0.0002912621359223	0.0002912621359223	0.0002912621359223	0.0001456310679611	0.0001456310679611	9.70873786407767e-05	9.70873786407767e-05	0.0	0.0	0.0	0.0
