Folder	Nucleotide	G	G	A	G	G	C	T	A	T	C	C	A	G	C	G	T	G	A	G	T
_scratch_st-cdeboer-1_asfar_VLPs_results_crispresso_aggregated_spacer_AXBE_rep1_.staging_CRISPRessoPooled_on_AXBE_D0_rep1_CRISPResso_on_B2M	A	5.479226881087079e-05	4.109420160815309e-05	0.999657548319932	1.3698067202717697e-05	4.109420160815309e-05	6.849033601358848e-05	0.0	0.9998356231935672	1.3698067202717697e-05	4.109420160815309e-05	8.218840321630618e-05	0.9997260386559456	2.7396134405435396e-05	5.479226881087079e-05	2.7396134405435396e-05	1.3698067202717697e-05	4.109420160815309e-05	0.9997808309247566	1.3698067202717697e-05	0.0
_scratch_st-cdeboer-1_asfar_VLPs_results_crispresso_aggregated_spacer_AXBE_rep1_.staging_CRISPRessoPooled_on_AXBE_D0_rep1_CRISPResso_on_B2M	T	4.109420160815309e-05	0.0003424516800679	2.7396134405435396e-05	0.0001780748736353	2.7396134405435396e-05	4.109420160815309e-05	0.999657548319932	2.7396134405435396e-05	0.9995890579839184	1.3698067202717697e-05	6.849033601358848e-05	0.0	4.109420160815309e-05	0.0001232826048244	5.479226881087079e-05	0.998397326137282	5.479226881087079e-05	1.3698067202717697e-05	0.0002191690752434	0.9997534347903512
_scratch_st-cdeboer-1_asfar_VLPs_results_crispresso_aggregated_spacer_AXBE_rep1_.staging_CRISPRessoPooled_on_AXBE_D0_rep1_CRISPResso_on_B2M	C	6.849033601358848e-05	4.109420160815309e-05	4.109420160815309e-05	8.218840321630618e-05	5.479226881087079e-05	0.9998630193279728	0.0001780748736353	2.7396134405435396e-05	0.0002328671424462	0.9999315096639864	0.9997945289919592	8.218840321630618e-05	0.0	0.9997671328575538	2.7396134405435396e-05	0.0015341835267043	8.218840321630618e-05	2.7396134405435396e-05	9.588647041902388e-05	0.0001369806720271
_scratch_st-cdeboer-1_asfar_VLPs_results_crispresso_aggregated_spacer_AXBE_rep1_.staging_CRISPRessoPooled_on_AXBE_D0_rep1_CRISPResso_on_B2M	G	0.9998356231935672	0.9995205676479048	0.0002602632768516	0.9997260386559456	0.9998767173951756	2.7396134405435396e-05	0.0001643768064326	0.0001095845376217	0.0001643768064326	1.3698067202717697e-05	5.479226881087079e-05	0.000191772940838	0.9999315096639864	5.479226881087079e-05	0.9998904154623782	5.479226881087079e-05	0.9998219251263648	0.0001780748736353	0.9996712463871348	0.0001095845376217
_scratch_st-cdeboer-1_asfar_VLPs_results_crispresso_aggregated_spacer_AXBE_rep1_.staging_CRISPRessoPooled_on_AXBE_D0_rep1_CRISPResso_on_B2M	N	0.0	0.0	1.3698067202717697e-05	0.0	0.0	0.0	0.0	0.0	0.0	0.0	0.0	0.0	0.0	0.0	0.0	0.0	0.0	0.0	0.0	0.0
_scratch_st-cdeboer-1_asfar_VLPs_results_crispresso_aggregated_spacer_AXBE_rep1_.staging_CRISPRessoPooled_on_AXBE_D0_rep1_CRISPResso_on_B2M	-	0.0	5.479226881087079e-05	0.0	0.0	0.0	0.0	0.0	0.0	0.0	0.0	0.0	0.0	0.0	0.0	0.0	0.0	0.0	0.0	0.0	0.0
_scratch_st-cdeboer-1_asfar_VLPs_results_crispresso_aggregated_spacer_AXBE_rep1_.staging_CRISPRessoPooled_on_AXBE_D1_rep1_CRISPResso_on_B2M	A	0.0001792093284429	3.5841865688581974e-05	0.9997132650744912	0.0	3.5841865688581974e-05	4.778915425144263e-05	0.0	0.9998446852486828	5.97364428143033e-05	0.0001433674627543	0.0001314201741914	0.9997132650744912	9.557830850288526e-05	4.778915425144263e-05	5.97364428143033e-05	3.5841865688581974e-05	1.1947288562860658e-05	0.9997132650744912	0.0	0.0
_scratch_st-cdeboer-1_asfar_VLPs_results_crispresso_aggregated_spacer_AXBE_rep1_.staging_CRISPRessoPooled_on_AXBE_D1_rep1_CRISPResso_on_B2M	T	0.0001194728856286	0.00033452407976	2.389457712572132e-05	0.0002150511941314	8.36310199400246e-05	8.36310199400246e-05	0.999139795223474	0.0	0.998542430795331	9.557830850288526e-05	9.557830850288526e-05	0.0	5.97364428143033e-05	0.0002628403483829	3.5841865688581974e-05	0.9375276281048016	0.0001314201741914	0.0	0.0002150511941314	0.9993667937061684
_scratch_st-cdeboer-1_asfar_VLPs_results_crispresso_aggregated_spacer_AXBE_rep1_.staging_CRISPRessoPooled_on_AXBE_D1_rep1_CRISPResso_on_B2M	C	4.778915425144263e-05	0.0001075255970657	4.778915425144263e-05	9.557830850288526e-05	2.389457712572132e-05	0.9998685798258086	0.0007407318908973	1.1947288562860658e-05	0.0011349924134717	0.9997252123630542	0.9996893704973656	0.0001075255970657	1.1947288562860658e-05	0.999653528631677	2.389457712572132e-05	0.0623051098553183	0.0001075255970657	1.1947288562860658e-05	0.0001075255970657	0.0004062078111372
_scratch_st-cdeboer-1_asfar_VLPs_results_crispresso_aggregated_spacer_AXBE_rep1_.staging_CRISPRessoPooled_on_AXBE_D1_rep1_CRISPResso_on_B2M	G	0.999653528631677	0.999486266591797	0.0001911566170057	0.9996893704973656	0.9998566325372455	0.0	0.0001194728856286	0.0001314201741914	0.00025089305982	2.389457712572132e-05	0.0	0.00016726203988	0.999820790671557	2.389457712572132e-05	0.9998685798258086	0.0001194728856286	0.999737159651617	0.0002628403483829	0.99966547592024	0.0002150511941314
_scratch_st-cdeboer-1_asfar_VLPs_results_crispresso_aggregated_spacer_AXBE_rep1_.staging_CRISPRessoPooled_on_AXBE_D1_rep1_CRISPResso_on_B2M	N	0.0	0.0	0.0	0.0	0.0	0.0	0.0	0.0	0.0	0.0	0.0	0.0	0.0	0.0	0.0	0.0	0.0	0.0	0.0	0.0
_scratch_st-cdeboer-1_asfar_VLPs_results_crispresso_aggregated_spacer_AXBE_rep1_.staging_CRISPRessoPooled_on_AXBE_D1_rep1_CRISPResso_on_B2M	-	0.0	3.5841865688581974e-05	2.389457712572132e-05	0.0	0.0	0.0	0.0	1.1947288562860658e-05	1.1947288562860658e-05	1.1947288562860658e-05	8.36310199400246e-05	1.1947288562860658e-05	1.1947288562860658e-05	1.1947288562860658e-05	1.1947288562860658e-05	1.1947288562860658e-05	1.1947288562860658e-05	1.1947288562860658e-05	1.1947288562860658e-05	1.1947288562860658e-05
_scratch_st-cdeboer-1_asfar_VLPs_results_crispresso_aggregated_spacer_AXBE_rep1_.staging_CRISPRessoPooled_on_AXBE_D2_rep1_CRISPResso_on_B2M	A	9.63855421686747e-05	0.0	0.9995502008032128	0.0	6.42570281124498e-05	0.0001285140562248	0.0	0.999437751004016	1.606425702811245e-05	6.42570281124498e-05	0.0001124497991967	0.9993574297188756	1.606425702811245e-05	6.42570281124498e-05	8.032128514056225e-05	0.0009638554216867	0.0001285140562248	0.9996305220883536	3.21285140562249e-05	3.21285140562249e-05
_scratch_st-cdeboer-1_asfar_VLPs_results_crispresso_aggregated_spacer_AXBE_rep1_.staging_CRISPRessoPooled_on_AXBE_D2_rep1_CRISPResso_on_B2M	T	0.0001124497991967	0.0003694779116465	0.0	0.0001124497991967	0.0	6.42570281124498e-05	0.9959518072289156	3.21285140562249e-05	0.9865060240963855	8.032128514056225e-05	0.0001124497991967	3.21285140562249e-05	3.21285140562249e-05	0.000144578313253	0.0002409638554216	0.4931887550200803	0.0003052208835341	1.606425702811245e-05	0.0002088353413654	0.9951004016064257
_scratch_st-cdeboer-1_asfar_VLPs_results_crispresso_aggregated_spacer_AXBE_rep1_.staging_CRISPRessoPooled_on_AXBE_D2_rep1_CRISPResso_on_B2M	C	1.606425702811245e-05	9.63855421686747e-05	4.819277108433735e-05	9.63855421686747e-05	8.032128514056225e-05	0.9995341365461848	0.0035983935742971	0.0	0.0129638554216867	0.9995662650602408	0.9994859437751004	9.63855421686747e-05	0.0003373493975903	0.9995180722891568	8.032128514056225e-05	0.5048995983935743	0.0003855421686746	3.21285140562249e-05	0.0001285140562248	0.0047389558232931
_scratch_st-cdeboer-1_asfar_VLPs_results_crispresso_aggregated_spacer_AXBE_rep1_.staging_CRISPRessoPooled_on_AXBE_D2_rep1_CRISPResso_on_B2M	G	0.9996626506024096	0.9993895582329316	0.000289156626506	0.9996465863453816	0.9995823293172692	0.0	0.0001767068273092	0.0002570281124497	0.0002248995983935	1.606425702811245e-05	4.819277108433735e-05	0.0001606425702811	0.9993734939759036	3.21285140562249e-05	0.9993574297188756	0.0007550200803212	0.9989879518072288	0.0001927710843373	0.9995020080321284	8.032128514056225e-05
_scratch_st-cdeboer-1_asfar_VLPs_results_crispresso_aggregated_spacer_AXBE_rep1_.staging_CRISPRessoPooled_on_AXBE_D2_rep1_CRISPResso_on_B2M	N	0.0	0.0	0.0	0.0	0.0	0.0	0.0	0.0	0.0	0.0	0.0	0.0	0.0	0.0	0.0	0.0	0.0	0.0	0.0	0.0
_scratch_st-cdeboer-1_asfar_VLPs_results_crispresso_aggregated_spacer_AXBE_rep1_.staging_CRISPRessoPooled_on_AXBE_D2_rep1_CRISPResso_on_B2M	-	0.0001124497991967	0.000144578313253	0.0001124497991967	0.000144578313253	0.0002730923694779	0.0002730923694779	0.0002730923694779	0.0002730923694779	0.000289156626506	0.0002730923694779	0.0002409638554216	0.0003534136546184	0.0002409638554216	0.0002409638554216	0.0002409638554216	0.0001927710843373	0.0001927710843373	0.0001285140562248	0.0001285140562248	4.819277108433735e-05
_scratch_st-cdeboer-1_asfar_VLPs_results_crispresso_aggregated_spacer_AXBE_rep1_.staging_CRISPRessoPooled_on_AXBE_D3_rep1_CRISPResso_on_B2M	A	0.0001905881231834	0.0	0.9995711767228372	0.0001111764051903	0.0001429410923875	6.352937439448565e-05	0.0	0.999587059066436	0.0	6.352937439448565e-05	7.941171799310707e-05	0.9995552943792386	4.764703079586424e-05	0.0001429410923875	0.0001111764051903	0.0007305878055365	6.352937439448565e-05	0.99953941203564	0.0	1.5882343598621413e-05
_scratch_st-cdeboer-1_asfar_VLPs_results_crispresso_aggregated_spacer_AXBE_rep1_.staging_CRISPRessoPooled_on_AXBE_D3_rep1_CRISPResso_on_B2M	T	0.0001270587487889	0.0004288232771627	3.1764687197242825e-05	0.0001905881231834	0.0001429410923875	6.352937439448565e-05	0.9966170608134935	1.5882343598621413e-05	0.9920111811698934	7.941171799310707e-05	0.0001270587487889	1.5882343598621413e-05	7.941171799310707e-05	0.0001111764051903	7.941171799310707e-05	0.6128837571272017	0.000206470466782	1.5882343598621413e-05	0.000206470466782	0.9968552959674728
_scratch_st-cdeboer-1_asfar_VLPs_results_crispresso_aggregated_spacer_AXBE_rep1_.staging_CRISPRessoPooled_on_AXBE_D3_rep1_CRISPResso_on_B2M	C	3.1764687197242825e-05	0.0001111764051903	3.1764687197242825e-05	7.941171799310707e-05	3.1764687197242825e-05	0.99953941203564	0.0029858805965408	4.764703079586424e-05	0.0075282308657465	0.9996029414100344	0.9994917650048442	4.764703079586424e-05	3.1764687197242825e-05	0.9995076473484428	0.0001905881231834	0.3852262439845623	0.0005717643695503	6.352937439448565e-05	6.352937439448565e-05	0.0027317630989628
_scratch_st-cdeboer-1_asfar_VLPs_results_crispresso_aggregated_spacer_AXBE_rep1_.staging_CRISPRessoPooled_on_AXBE_D3_rep1_CRISPResso_on_B2M	G	0.9995235296920414	0.9993011768816606	0.000206470466782	0.9994600003176468	0.9995235296920414	6.352937439448565e-05	0.0001588234359862	9.529406159172848e-05	0.000206470466782	1.5882343598621413e-05	1.5882343598621413e-05	0.0001588234359862	0.9996029414100344	0.0	0.9994917650048442	0.001048234677509	0.9990470593840828	0.0002699998411765	0.9996347060972316	0.000333529215571
_scratch_st-cdeboer-1_asfar_VLPs_results_crispresso_aggregated_spacer_AXBE_rep1_.staging_CRISPRessoPooled_on_AXBE_D3_rep1_CRISPResso_on_B2M	N	0.0	1.5882343598621413e-05	0.0	0.0	0.0	0.0	0.0	0.0	0.0	0.0	0.0	0.0	0.0	0.0	0.0	0.0	0.0	0.0	0.0	0.0
_scratch_st-cdeboer-1_asfar_VLPs_results_crispresso_aggregated_spacer_AXBE_rep1_.staging_CRISPRessoPooled_on_AXBE_D3_rep1_CRISPResso_on_B2M	-	0.0001270587487889	0.0001429410923875	0.0001588234359862	0.0001588234359862	0.0001588234359862	0.0002699998411765	0.0002382351539793	0.0002541174975779	0.0002541174975779	0.0002382351539793	0.0002858821847751	0.0002223528103806	0.0002382351539793	0.0002382351539793	0.0001270587487889	0.0001111764051903	0.0001111764051903	0.0001111764051903	9.529406159172848e-05	6.352937439448565e-05
_scratch_st-cdeboer-1_asfar_VLPs_results_crispresso_aggregated_spacer_AXBE_rep1_.staging_CRISPRessoPooled_on_AXBE_D4_rep1_CRISPResso_on_B2M	A	0.0001557777985481	3.115555970963018e-05	0.9996417110633392	3.115555970963018e-05	6.231111941926036e-05	0.0001402000186933	0.0001090444589837	0.9995326666043556	0.0	0.0002336666978222	6.231111941926036e-05	0.9991743776676948	0.0	6.231111941926036e-05	0.0002959778172414	0.0010125556905629	0.0001557777985481	0.9993301554662428	4.673333956444528e-05	0.0
_scratch_st-cdeboer-1_asfar_VLPs_results_crispresso_aggregated_spacer_AXBE_rep1_.staging_CRISPRessoPooled_on_AXBE_D4_rep1_CRISPResso_on_B2M	T	0.0002648222575318	0.00084120011216	1.557777985481509e-05	0.0003427111568059	4.673333956444528e-05	0.0001557777985481	0.9933794435617036	0.0	0.9786117082593389	7.788889927407546e-05	0.0004673333956444	0.0	9.346667912889056e-05	0.0001713555784029	6.231111941926036e-05	0.3149827086643612	0.0001090444589837	3.115555970963018e-05	0.0002648222575318	0.9941583325544444
_scratch_st-cdeboer-1_asfar_VLPs_results_crispresso_aggregated_spacer_AXBE_rep1_.staging_CRISPRessoPooled_on_AXBE_D4_rep1_CRISPResso_on_B2M	C	0.0001869333582577	9.346667912889056e-05	6.231111941926036e-05	3.115555970963018e-05	6.231111941926036e-05	0.9994391999252268	0.0062466897217808	6.231111941926036e-05	0.0206872916471944	0.9992522665669687	0.9989251331900176	0.0001557777985481	0.0002336666978222	0.9991743776676948	6.231111941926036e-05	0.6821509798423528	0.0005296445150637	4.673333956444528e-05	0.0001402000186933	0.0054989562887497
_scratch_st-cdeboer-1_asfar_VLPs_results_crispresso_aggregated_spacer_AXBE_rep1_.staging_CRISPRessoPooled_on_AXBE_D4_rep1_CRISPResso_on_B2M	G	0.9993457332460978	0.9989562887497274	0.0002180889179674	0.9995482443842104	0.9995638221640653	0.0	9.346667912889056e-05	0.0002336666978222	0.0005140667352088	1.557777985481509e-05	3.115555970963018e-05	0.0001869333582577	0.9993457332460978	0.0001246222388385	0.9991120665482756	0.0013864224070785	0.9988316665108888	0.0001557777985481	0.9991120665482756	0.0002336666978222
_scratch_st-cdeboer-1_asfar_VLPs_results_crispresso_aggregated_spacer_AXBE_rep1_.staging_CRISPRessoPooled_on_AXBE_D4_rep1_CRISPResso_on_B2M	N	0.0	0.0	0.0	0.0	0.0	0.0	0.0	0.0	0.0	0.0	1.557777985481509e-05	0.0	0.0	0.0	0.0	0.0	0.0	0.0	0.0	0.0
_scratch_st-cdeboer-1_asfar_VLPs_results_crispresso_aggregated_spacer_AXBE_rep1_.staging_CRISPRessoPooled_on_AXBE_D4_rep1_CRISPResso_on_B2M	-	4.673333956444528e-05	7.788889927407546e-05	6.231111941926036e-05	4.673333956444528e-05	0.0002648222575318	0.0002648222575318	0.0001713555784029	0.0001713555784029	0.0001869333582577	0.00042060005608	0.000498488955354	0.0004829111754992	0.0003271333769511	0.0004673333956444	0.0004673333956444	0.0004673333956444	0.0003738667165155	0.0004361778359348	0.0004361778359348	0.0001090444589837
_scratch_st-cdeboer-1_asfar_VLPs_results_crispresso_aggregated_spacer_AXBE_rep1_.staging_CRISPRessoPooled_on_AXBE_D5_rep1_CRISPResso_on_B2M	A	9.287724414641168e-05	2.7863173243923507e-05	0.9995170383304388	2.7863173243923507e-05	3.715089765856468e-05	3.715089765856468e-05	0.0	0.9996842173699022	4.6438622073205845e-05	6.501407090248818e-05	3.715089765856468e-05	0.9993127083933164	3.715089765856468e-05	3.715089765856468e-05	0.000102164968561	0.0004736739451466	0.0002043299371221	0.9996842173699022	9.287724414641167e-06	0.0
_scratch_st-cdeboer-1_asfar_VLPs_results_crispresso_aggregated_spacer_AXBE_rep1_.staging_CRISPRessoPooled_on_AXBE_D5_rep1_CRISPResso_on_B2M	T	0.0001578913150488	0.0003807967010002	9.287724414641167e-06	0.0002972071812685	5.572634648784701e-05	5.572634648784701e-05	0.9953189868950209	0.0	0.9878795196388932	0.0001300281418049	9.287724414641168e-05	9.287724414641167e-06	7.430179531712935e-05	0.0001764667638781	0.0001207404173903	0.5115028466875331	4.6438622073205845e-05	0.0	0.0002043299371221	0.9961827452655824
_scratch_st-cdeboer-1_asfar_VLPs_results_crispresso_aggregated_spacer_AXBE_rep1_.staging_CRISPRessoPooled_on_AXBE_D5_rep1_CRISPResso_on_B2M	C	5.572634648784701e-05	7.430179531712935e-05	3.715089765856468e-05	4.6438622073205845e-05	1.8575448829282335e-05	0.9997956700628778	0.0044581077190277	5.572634648784701e-05	0.0116746695892039	0.9996006278501705	0.9995541892280972	0.0001486035906342	0.0001393158662196	0.9994334488107068	5.572634648784701e-05	0.487252598240905	0.0007337302287566	1.8575448829282335e-05	6.501407090248818e-05	0.0036036370728807
_scratch_st-cdeboer-1_asfar_VLPs_results_crispresso_aggregated_spacer_AXBE_rep1_.staging_CRISPRessoPooled_on_AXBE_D5_rep1_CRISPResso_on_B2M	G	0.9996842173699022	0.9993684347398044	0.0003250703545124	0.9995170383304388	0.9997770946140486	9.287724414641167e-06	9.287724414641168e-05	0.0001300281418049	0.0002693440080245	9.287724414641167e-06	9.287724414641167e-06	0.0002693440080245	0.9994891751571948	2.7863173243923507e-05	0.999507750606024	0.0005572634648784	0.9988018835505112	0.0001857544882928	0.9996099155745852	0.0001671790394635
_scratch_st-cdeboer-1_asfar_VLPs_results_crispresso_aggregated_spacer_AXBE_rep1_.staging_CRISPRessoPooled_on_AXBE_D5_rep1_CRISPResso_on_B2M	N	0.0	0.0	0.0	0.0	0.0	0.0	0.0	0.0	0.0	0.0	9.287724414641167e-06	0.0	0.0	0.0	0.0	0.0	0.0	0.0	0.0	0.0
_scratch_st-cdeboer-1_asfar_VLPs_results_crispresso_aggregated_spacer_AXBE_rep1_.staging_CRISPRessoPooled_on_AXBE_D5_rep1_CRISPResso_on_B2M	-	9.287724414641167e-06	0.0001486035906342	0.0001114526929756	0.0001114526929756	0.0001114526929756	0.000102164968561	0.0001300281418049	0.0001300281418049	0.0001300281418049	0.0001950422127074	0.0002972071812685	0.0002600562836099	0.0002600562836099	0.0003250703545124	0.0002136176615367	0.0002136176615367	0.0002136176615367	0.0001114526929756	0.0001114526929756	4.6438622073205845e-05
