Folder	Nucleotide	G	G	C	C	C	A	G	A	C	T	G	A	G	C	A	C	G	T	G	A
_scratch_st-cdeboer-1_asfar_VLPs_results_crispresso_aggregated_spacer_AXBE_rep2_.staging_CRISPRessoPooled_on_AXBE_D0_rep2_CRISPResso_on_HEK3	A	0.0	5.245488879563575e-05	0.0	0.0	0.0	0.9885648342425514	0.0	0.9906105749055812	0.0	0.0	0.0	0.9995803608896348	0.0	5.245488879563575e-05	0.9995803608896348	0.0	0.0	5.245488879563575e-05	5.245488879563575e-05	0.9997901804448176
_scratch_st-cdeboer-1_asfar_VLPs_results_crispresso_aggregated_spacer_AXBE_rep2_.staging_CRISPRessoPooled_on_AXBE_D0_rep2_CRISPResso_on_HEK3	T	0.0001573646663869	0.0001049097775912	5.245488879563575e-05	0.000419639110365	0.0	0.0	0.0001573646663869	0.0	0.0	0.9995803608896348	0.0001573646663869	0.0	5.245488879563575e-05	0.0001049097775912	0.0	0.0	0.0002098195551825	0.9996852706672262	5.245488879563575e-05	0.0
_scratch_st-cdeboer-1_asfar_VLPs_results_crispresso_aggregated_spacer_AXBE_rep2_.staging_CRISPRessoPooled_on_AXBE_D0_rep2_CRISPResso_on_HEK3	C	0.0	0.0001049097775912	0.9996328157784306	0.9992656315568612	0.9996852706672262	0.0	5.245488879563575e-05	0.0	0.9996852706672262	5.245488879563575e-05	0.0	0.0	5.245488879563575e-05	0.9995279060008392	5.245488879563575e-05	0.9996328157784306	0.0002098195551825	5.245488879563575e-05	0.0001049097775912	0.0001573646663869
_scratch_st-cdeboer-1_asfar_VLPs_results_crispresso_aggregated_spacer_AXBE_rep2_.staging_CRISPRessoPooled_on_AXBE_D0_rep2_CRISPResso_on_HEK3	G	0.9995279060008392	0.9993705413344524	0.0	0.0	0.0	0.0111204364246747	0.9994754511120436	0.0090746957616449	0.0	5.245488879563575e-05	0.9995279060008392	0.0001049097775912	0.9995803608896348	0.0	5.245488879563575e-05	5.245488879563575e-05	0.9992656315568612	0.0002098195551825	0.9997901804448176	5.245488879563575e-05
_scratch_st-cdeboer-1_asfar_VLPs_results_crispresso_aggregated_spacer_AXBE_rep2_.staging_CRISPRessoPooled_on_AXBE_D0_rep2_CRISPResso_on_HEK3	N	0.0	0.0	0.0	0.0	0.0	0.0	0.0	0.0	0.0	0.0	0.0	0.0	0.0	0.0	0.0	0.0	0.0	0.0	0.0	0.0
_scratch_st-cdeboer-1_asfar_VLPs_results_crispresso_aggregated_spacer_AXBE_rep2_.staging_CRISPRessoPooled_on_AXBE_D0_rep2_CRISPResso_on_HEK3	-	0.0003147293327738	0.0003671842215694	0.0003147293327738	0.0003147293327738	0.0003147293327738	0.0003147293327738	0.0003147293327738	0.0003147293327738	0.0003147293327738	0.0003147293327738	0.0003147293327738	0.0003147293327738	0.0003147293327738	0.0003147293327738	0.0003147293327738	0.0003147293327738	0.0003147293327738	0.0	0.0	0.0
_scratch_st-cdeboer-1_asfar_VLPs_results_crispresso_aggregated_spacer_AXBE_rep2_.staging_CRISPRessoPooled_on_AXBE_D1_rep2_CRISPResso_on_HEK3	A	7.273785277858598e-05	0.0	0.0001454757055571	0.0	0.0007273785277858	0.9422461448938028	7.273785277858598e-05	0.9584666860634274	0.0	0.0	0.0	0.9997090485888857	0.0	0.0	0.9997817864416644	0.0	0.0001454757055571	0.0	0.0	0.9997817864416644
_scratch_st-cdeboer-1_asfar_VLPs_results_crispresso_aggregated_spacer_AXBE_rep2_.staging_CRISPRessoPooled_on_AXBE_D1_rep2_CRISPResso_on_HEK3	T	7.273785277858598e-05	7.273785277858598e-05	7.273785277858598e-05	0.0001454757055571	0.0004364271166715	0.0012365434972359	0.0002182135583357	0.0	0.0002182135583357	0.9998545242944428	7.273785277858598e-05	0.0	0.0	0.0	0.0	7.273785277858598e-05	7.273785277858598e-05	0.9999272621472214	0.0	0.0
_scratch_st-cdeboer-1_asfar_VLPs_results_crispresso_aggregated_spacer_AXBE_rep2_.staging_CRISPRessoPooled_on_AXBE_D1_rep2_CRISPResso_on_HEK3	C	0.0	0.0006546406750072	0.9997090485888857	0.9997090485888857	0.9983270293860924	0.0045097468722723	0.0	0.0002909514111143	0.9995635728833284	0.0	0.0	7.273785277858598e-05	7.273785277858598e-05	0.9998545242944428	0.0	0.9998545242944428	0.0005819028222286	7.273785277858598e-05	7.273785277858598e-05	7.273785277858598e-05
_scratch_st-cdeboer-1_asfar_VLPs_results_crispresso_aggregated_spacer_AXBE_rep2_.staging_CRISPRessoPooled_on_AXBE_D1_rep2_CRISPResso_on_HEK3	G	0.9997817864416644	0.9991998836194356	0.0	0.0	0.0002909514111143	0.0512074483561245	0.9995635728833284	0.0405877218504509	0.0	0.0	0.9997090485888857	0.0	0.9997817864416644	0.0	7.273785277858598e-05	0.0	0.9991998836194356	0.0	0.9999272621472214	0.0001454757055571
_scratch_st-cdeboer-1_asfar_VLPs_results_crispresso_aggregated_spacer_AXBE_rep2_.staging_CRISPRessoPooled_on_AXBE_D1_rep2_CRISPResso_on_HEK3	N	0.0	0.0	0.0	0.0	0.0	0.0	0.0	0.0	0.0	0.0	0.0	0.0	0.0	0.0	0.0	0.0	0.0	0.0	0.0	0.0
_scratch_st-cdeboer-1_asfar_VLPs_results_crispresso_aggregated_spacer_AXBE_rep2_.staging_CRISPRessoPooled_on_AXBE_D1_rep2_CRISPResso_on_HEK3	-	7.273785277858598e-05	7.273785277858598e-05	7.273785277858598e-05	0.0001454757055571	0.0002182135583357	0.0008001163805644	0.0001454757055571	0.0006546406750072	0.0002182135583357	0.0001454757055571	0.0002182135583357	0.0002182135583357	0.0001454757055571	0.0001454757055571	0.0001454757055571	7.273785277858598e-05	0.0	0.0	0.0	0.0
_scratch_st-cdeboer-1_asfar_VLPs_results_crispresso_aggregated_spacer_AXBE_rep2_.staging_CRISPRessoPooled_on_AXBE_D2_rep2_CRISPResso_on_HEK3	A	0.0	0.0002837952889982	0.0	0.0003783937186642	0.0007567874373285	0.8046542427395705	9.459842966606754e-05	0.8528994418692649	0.0	0.0	0.0	0.998581023555009	0.0	0.0	0.9992432125626716	0.0	0.0	0.0	0.0	0.9996216062813358
_scratch_st-cdeboer-1_asfar_VLPs_results_crispresso_aggregated_spacer_AXBE_rep2_.staging_CRISPRessoPooled_on_AXBE_D2_rep2_CRISPResso_on_HEK3	T	9.459842966606754e-05	0.0	0.0	0.0008513858669946	0.0009459842966606	0.004256929334973	0.0001891968593321	0.0	0.0	0.9988648188440072	9.459842966606754e-05	0.0	0.0	0.0003783937186642	0.0	0.0	9.459842966606754e-05	0.9993378109923376	0.0	0.0
_scratch_st-cdeboer-1_asfar_VLPs_results_crispresso_aggregated_spacer_AXBE_rep2_.staging_CRISPRessoPooled_on_AXBE_D2_rep2_CRISPResso_on_HEK3	C	0.0	0.0001891968593321	0.9997162047110018	0.9976350392583484	0.9961214643836912	0.0120140005675905	9.459842966606754e-05	0.0002837952889982	0.9986756219846752	0.0	0.0	0.0	9.459842966606754e-05	0.9988648188440072	0.0	0.9994324094220036	9.459842966606754e-05	0.0001891968593321	0.0	0.0
_scratch_st-cdeboer-1_asfar_VLPs_results_crispresso_aggregated_spacer_AXBE_rep2_.staging_CRISPRessoPooled_on_AXBE_D2_rep2_CRISPResso_on_HEK3	G	0.9997162047110018	0.9990540157033392	0.0	0.0002837952889982	0.0013243780153249	0.1774666540535427	0.9984864251253428	0.1448301958187494	9.459842966606754e-05	0.0	0.9986756219846752	0.0001891968593321	0.9988648188440072	0.0	9.459842966606754e-05	0.0	0.9994324094220036	9.459842966606754e-05	0.9997162047110018	0.0001891968593321
_scratch_st-cdeboer-1_asfar_VLPs_results_crispresso_aggregated_spacer_AXBE_rep2_.staging_CRISPRessoPooled_on_AXBE_D2_rep2_CRISPResso_on_HEK3	N	0.0	0.0	0.0	0.0	0.0	0.0	0.0	0.0	0.0	0.0	0.0	0.0	0.0	0.0	0.0	0.0	0.0	0.0	0.0	0.0
_scratch_st-cdeboer-1_asfar_VLPs_results_crispresso_aggregated_spacer_AXBE_rep2_.staging_CRISPRessoPooled_on_AXBE_D2_rep2_CRISPResso_on_HEK3	-	0.0001891968593321	0.0004729921483303	0.0002837952889982	0.0008513858669946	0.0008513858669946	0.0016081733043231	0.0011351811559928	0.0019865670229874	0.0012297795856588	0.0011351811559928	0.0012297795856588	0.0012297795856588	0.0010405827263267	0.0007567874373285	0.0006621890076624	0.0005675905779964	0.0003783937186642	0.0003783937186642	0.0002837952889982	0.0001891968593321
_scratch_st-cdeboer-1_asfar_VLPs_results_crispresso_aggregated_spacer_AXBE_rep2_.staging_CRISPRessoPooled_on_AXBE_D3_rep2_CRISPResso_on_HEK3	A	0.000160367776768	5.345592558935158e-05	5.345592558935158e-05	0.0011760303629657	0.0031004436841823	0.3285935745977442	0.0001069118511787	0.4516491153044314	5.345592558935158e-05	0.0	5.345592558935158e-05	0.9943336718875287	0.000160367776768	5.345592558935158e-05	0.9965253648366922	5.345592558935158e-05	0.0	0.000160367776768	0.0	0.9983963222323194
_scratch_st-cdeboer-1_asfar_VLPs_results_crispresso_aggregated_spacer_AXBE_rep2_.staging_CRISPRessoPooled_on_AXBE_D3_rep2_CRISPResso_on_HEK3	T	0.0002138237023574	0.0003207355535361	0.000160367776768	0.0053455925589351	0.006093975517186	0.0240551665152082	0.0002672796279467	0.0003207355535361	0.0001069118511787	0.996364997059924	0.0002138237023574	5.345592558935158e-05	5.345592558935158e-05	0.0002138237023574	0.0	5.345592558935158e-05	0.0002138237023574	0.9981290426043729	5.345592558935158e-05	0.0
_scratch_st-cdeboer-1_asfar_VLPs_results_crispresso_aggregated_spacer_AXBE_rep2_.staging_CRISPRessoPooled_on_AXBE_D3_rep2_CRISPResso_on_HEK3	C	5.345592558935158e-05	0.0019244133212166	0.998182498529962	0.9902175656171488	0.9847650612070348	0.0563425455711765	0.0	0.0004811033303041	0.9956700700272624	0.0003207355535361	0.0	0.0001069118511787	0.0	0.996953012241407	0.0001069118511787	0.99754102742289	0.0002672796279467	0.0	0.0001069118511787	5.345592558935158e-05
_scratch_st-cdeboer-1_asfar_VLPs_results_crispresso_aggregated_spacer_AXBE_rep2_.staging_CRISPRessoPooled_on_AXBE_D3_rep2_CRISPResso_on_HEK3	G	0.9982894103811408	0.9963115411343348	0.0	0.0007483829582509	0.0031538996097717	0.5856096648313466	0.9961511733575666	0.5394237451221467	0.0	0.0	0.9959908055807988	0.0018709573956273	0.9968461003902284	0.000160367776768	0.0009087507350189	5.345592558935158e-05	0.9976479392740686	0.0	0.998182498529962	0.000160367776768
_scratch_st-cdeboer-1_asfar_VLPs_results_crispresso_aggregated_spacer_AXBE_rep2_.staging_CRISPRessoPooled_on_AXBE_D3_rep2_CRISPResso_on_HEK3	N	0.0	0.0	0.0	0.0	0.0	0.0	0.0	0.0	0.0	0.0	0.0	0.0	0.0	0.0	0.0	0.0	0.0	0.0	0.0	0.0
_scratch_st-cdeboer-1_asfar_VLPs_results_crispresso_aggregated_spacer_AXBE_rep2_.staging_CRISPRessoPooled_on_AXBE_D3_rep2_CRISPResso_on_HEK3	-	0.0012829422141444	0.0013898540653231	0.0016036777676805	0.0025124285026995	0.0028866199818249	0.0053990484845245	0.0034746351633078	0.0081253006895814	0.0041695621959694	0.0033142673865397	0.0037419147912546	0.0036350029400759	0.0029400759074143	0.0026193403538782	0.0024589725771101	0.0022986048003421	0.0018709573956273	0.0017105896188592	0.0016571336932698	0.0013898540653231
_scratch_st-cdeboer-1_asfar_VLPs_results_crispresso_aggregated_spacer_AXBE_rep2_.staging_CRISPRessoPooled_on_AXBE_D4_rep2_CRISPResso_on_HEK3	A	0.0002291790805335	0.0003208507127469	0.0002291790805335	0.0022459549892285	0.0060961635421918	0.1245359123619196	0.0002750148966402	0.2729522849154329	0.0001375074483201	4.583581610670578e-05	4.583581610670578e-05	0.9921620754457532	0.0001833432644268	9.167163221341156e-05	0.994408030434982	4.583581610670578e-05	4.583581610670578e-05	9.167163221341156e-05	9.167163221341156e-05	0.9983499106201584
_scratch_st-cdeboer-1_asfar_VLPs_results_crispresso_aggregated_spacer_AXBE_rep2_.staging_CRISPRessoPooled_on_AXBE_D4_rep2_CRISPResso_on_HEK3	T	0.000458358161067	0.0002750148966402	0.0009167163221341	0.0055002979328046	0.0092588348535545	0.0322225787230141	0.0003208507127469	0.0006875372416005	9.167163221341156e-05	0.9930329559517808	4.583581610670578e-05	0.0	4.583581610670578e-05	0.0	9.167163221341156e-05	0.0002750148966402	0.0001375074483201	0.997524865930238	4.583581610670578e-05	0.0
_scratch_st-cdeboer-1_asfar_VLPs_results_crispresso_aggregated_spacer_AXBE_rep2_.staging_CRISPRessoPooled_on_AXBE_D4_rep2_CRISPResso_on_HEK3	C	0.0002750148966402	0.0018792684603749	0.9957831049181832	0.9861575835357748	0.9769904203144336	0.0964385570885089	9.167163221341156e-05	0.0002291790805335	0.9922537470779668	0.0001833432644268	9.167163221341156e-05	0.0001833432644268	9.167163221341156e-05	0.9950038960443692	0.0001833432644268	0.9957372691020764	0.0002291790805335	0.0	4.583581610670578e-05	9.167163221341156e-05
_scratch_st-cdeboer-1_asfar_VLPs_results_crispresso_aggregated_spacer_AXBE_rep2_.staging_CRISPRessoPooled_on_AXBE_D4_rep2_CRISPResso_on_HEK3	G	0.9966998212403172	0.9943621946188752	9.167163221341156e-05	0.0019709400925883	0.0029334922308291	0.7387358481917771	0.9932621350323142	0.7128386120914882	9.167163221341156e-05	0.0002750148966402	0.9931704634001008	0.0016500893798414	0.9944538662510886	0.0002750148966402	0.0009625521382408	0.0	0.9967914928725304	0.0001375074483201	0.9979373882751984	0.0001833432644268
_scratch_st-cdeboer-1_asfar_VLPs_results_crispresso_aggregated_spacer_AXBE_rep2_.staging_CRISPRessoPooled_on_AXBE_D4_rep2_CRISPResso_on_HEK3	N	0.0	0.0	0.0	0.0	0.0	0.0	0.0	0.0	0.0	0.0	0.0	0.0	0.0	0.0	0.0	0.0	0.0	0.0	0.0	0.0
_scratch_st-cdeboer-1_asfar_VLPs_results_crispresso_aggregated_spacer_AXBE_rep2_.staging_CRISPRessoPooled_on_AXBE_D4_rep2_CRISPResso_on_HEK3	-	0.0023376266214419	0.0031626713113626	0.0029793280469358	0.0041252234496035	0.0047210890589906	0.0080671036347802	0.0060503277260851	0.0132923866709446	0.0074254022092863	0.0064628500710455	0.0066461933354723	0.0060044919099784	0.0052252830361644	0.0046294174267772	0.004354402530137	0.0039418801851766	0.002795984782509	0.0022459549892285	0.0018792684603749	0.0013750744832011
_scratch_st-cdeboer-1_asfar_VLPs_results_crispresso_aggregated_spacer_AXBE_rep2_.staging_CRISPRessoPooled_on_AXBE_D5_rep2_CRISPResso_on_HEK3	A	0.000194749552076	0.0003115992833216	0.000194749552076	0.0019474955207603	0.0048687388019007	0.1866479707096673	0.0001168497312456	0.3416296642517722	7.789982083041208e-05	3.894991041520604e-05	7.789982083041208e-05	0.9922100179169588	0.0001557996416608	0.0	0.9951312611980992	0.0001168497312456	7.789982083041208e-05	0.0	0.0	0.9983251538521462
_scratch_st-cdeboer-1_asfar_VLPs_results_crispresso_aggregated_spacer_AXBE_rep2_.staging_CRISPRessoPooled_on_AXBE_D5_rep2_CRISPResso_on_HEK3	T	0.0001168497312456	7.789982083041208e-05	0.0007400482978889	0.00568668692062	0.0068551842330762	0.0297577315572174	0.0004673989249824	0.000389499104152	0.0002726493729064	0.9939627638856432	0.0002726493729064	0.0	0.0002336994624912	0.0001557996416608	0.0	0.0002336994624912	0.0002336994624912	0.9970008568980292	0.0001168497312456	0.0
_scratch_st-cdeboer-1_asfar_VLPs_results_crispresso_aggregated_spacer_AXBE_rep2_.staging_CRISPRessoPooled_on_AXBE_D5_rep2_CRISPResso_on_HEK3	C	3.894991041520604e-05	0.0016748461478538	0.996767157435538	0.9867959803692452	0.9813040430007012	0.0857287528238685	0.0001557996416608	0.0004673989249824	0.992638466931526	0.0001168497312456	7.789982083041208e-05	3.894991041520604e-05	3.894991041520604e-05	0.9952091610189296	3.894991041520604e-05	0.9955986601230816	0.0002726493729064	0.000194749552076	7.789982083041208e-05	0.0001557996416608
_scratch_st-cdeboer-1_asfar_VLPs_results_crispresso_aggregated_spacer_AXBE_rep2_.staging_CRISPRessoPooled_on_AXBE_D5_rep2_CRISPResso_on_HEK3	G	0.9975072057334268	0.9946638622731168	3.894991041520604e-05	0.0020253953415907	0.0028822933707252	0.6899197631845446	0.993378515229415	0.6454779154007946	0.0001168497312456	0.0001168497312456	0.9935343148710758	0.0017527459686842	0.99431331307938	7.789982083041208e-05	0.0008179481187193	0.0	0.9962997585105554	7.789982083041208e-05	0.9977019552855028	3.894991041520604e-05
_scratch_st-cdeboer-1_asfar_VLPs_results_crispresso_aggregated_spacer_AXBE_rep2_.staging_CRISPRessoPooled_on_AXBE_D5_rep2_CRISPResso_on_HEK3	N	0.0	0.0	0.0	0.0	0.0	0.0	0.0	0.0	0.0	0.0	0.0	0.0	0.0	0.0	0.0	0.0	0.0	0.0	0.0	0.0
_scratch_st-cdeboer-1_asfar_VLPs_results_crispresso_aggregated_spacer_AXBE_rep2_.staging_CRISPRessoPooled_on_AXBE_D5_rep2_CRISPResso_on_HEK3	-	0.0021422450728363	0.0032717924748773	0.0022590948040819	0.0035444418477837	0.0040897405935966	0.007945781724702	0.0058814364726961	0.0120355223182986	0.0068941341434914	0.0057645867414504	0.0060372361143569	0.0059982862039417	0.0052582379060528	0.0045571395185791	0.0040118407727662	0.0040507906831814	0.0031159928332164	0.0027264937290644	0.0021032951624211	0.0014800965957778
