Folder	Nucleotide	G	G	A	G	G	C	T	A	T	C	C	A	G	C	G	T	G	A	G	T
_scratch_st-cdeboer-1_asfar_VLPs_results_crispresso_aggregated_spacer_AXBE_rep2_.staging_CRISPRessoPooled_on_AXBE_D0_rep2_CRISPResso_on_B2M	A	5.002751513332333e-05	0.0	0.9995997798789334	5.002751513332333e-05	0.0002501375756666	5.002751513332333e-05	0.0	0.9998499174546	0.0	5.002751513332333e-05	0.0	0.9997498624243334	5.002751513332333e-05	0.0	0.0001500825453999	0.0	0.0	0.9995997798789334	0.0	0.0
_scratch_st-cdeboer-1_asfar_VLPs_results_crispresso_aggregated_spacer_AXBE_rep2_.staging_CRISPRessoPooled_on_AXBE_D0_rep2_CRISPResso_on_B2M	T	0.0001000550302666	5.002751513332333e-05	5.002751513332333e-05	0.0001500825453999	5.002751513332333e-05	5.002751513332333e-05	0.9996498073940668	5.002751513332333e-05	0.9997498624243334	5.002751513332333e-05	0.0001500825453999	0.0	0.0	0.0003001650907999	5.002751513332333e-05	0.9997998899394668	5.002751513332333e-05	5.002751513332333e-05	0.0001500825453999	0.9996498073940668
_scratch_st-cdeboer-1_asfar_VLPs_results_crispresso_aggregated_spacer_AXBE_rep2_.staging_CRISPRessoPooled_on_AXBE_D0_rep2_CRISPResso_on_B2M	C	0.0001000550302666	0.0001500825453999	0.0001000550302666	5.002751513332333e-05	0.0	0.9998999449697332	0.0002501375756666	0.0	0.0001000550302666	0.9998999449697332	0.9996998349092	0.0001000550302666	0.0001000550302666	0.9996998349092	5.002751513332333e-05	0.0001500825453999	0.0002001100605332	0.0001000550302666	0.0001000550302666	0.0001500825453999
_scratch_st-cdeboer-1_asfar_VLPs_results_crispresso_aggregated_spacer_AXBE_rep2_.staging_CRISPRessoPooled_on_AXBE_D0_rep2_CRISPResso_on_B2M	G	0.9997498624243334	0.9997998899394668	0.0002501375756666	0.9997498624243334	0.9996998349092	0.0	0.0001000550302666	0.0001000550302666	0.0001500825453999	0.0	0.0	0.0001500825453999	0.9998499174546	0.0	0.9997498624243334	5.002751513332333e-05	0.9997498624243334	0.0002501375756666	0.9997498624243334	0.0002001100605332
_scratch_st-cdeboer-1_asfar_VLPs_results_crispresso_aggregated_spacer_AXBE_rep2_.staging_CRISPRessoPooled_on_AXBE_D0_rep2_CRISPResso_on_B2M	N	0.0	0.0	0.0	0.0	0.0	0.0	0.0	0.0	0.0	0.0	0.0	0.0	0.0	0.0	0.0	0.0	0.0	0.0	0.0	0.0
_scratch_st-cdeboer-1_asfar_VLPs_results_crispresso_aggregated_spacer_AXBE_rep2_.staging_CRISPRessoPooled_on_AXBE_D0_rep2_CRISPResso_on_B2M	-	0.0	0.0	0.0	0.0	0.0	0.0	0.0	0.0	0.0	0.0	0.0001500825453999	0.0	0.0	0.0	0.0	0.0	0.0	0.0	0.0	0.0
_scratch_st-cdeboer-1_asfar_VLPs_results_crispresso_aggregated_spacer_AXBE_rep2_.staging_CRISPRessoPooled_on_AXBE_D1_rep2_CRISPResso_on_B2M	A	0.000173852573018	0.0	0.9996175243393602	0.0	0.0001043115438108	6.954102920723227e-05	0.0	0.9997566063977746	3.4770514603616136e-05	0.0	0.000173852573018	0.9994089012517384	3.4770514603616136e-05	0.0001043115438108	6.954102920723227e-05	6.954102920723227e-05	3.4770514603616136e-05	0.9997566063977746	0.0	3.4770514603616136e-05
_scratch_st-cdeboer-1_asfar_VLPs_results_crispresso_aggregated_spacer_AXBE_rep2_.staging_CRISPRessoPooled_on_AXBE_D1_rep2_CRISPResso_on_B2M	T	3.4770514603616136e-05	0.0002086230876216	0.0	0.0005910987482614	0.0001043115438108	6.954102920723227e-05	0.9994436717663422	3.4770514603616136e-05	0.998922114047288	3.4770514603616136e-05	0.0001043115438108	0.0	3.4770514603616136e-05	0.0003129346314325	0.0	0.966307371349096	0.000173852573018	3.4770514603616136e-05	0.0002086230876216	0.9991655076495132
_scratch_st-cdeboer-1_asfar_VLPs_results_crispresso_aggregated_spacer_AXBE_rep2_.staging_CRISPRessoPooled_on_AXBE_D1_rep2_CRISPResso_on_B2M	C	3.4770514603616136e-05	6.954102920723227e-05	6.954102920723227e-05	0.0001043115438108	3.4770514603616136e-05	0.9997913769123784	0.0003824756606397	3.4770514603616136e-05	0.0006954102920723	0.9998956884561891	0.9996175243393602	0.0002086230876216	6.954102920723227e-05	0.9994436717663422	0.0	0.0333796940194714	0.000452016689847	3.4770514603616136e-05	0.0001043115438108	0.0004867872044506
_scratch_st-cdeboer-1_asfar_VLPs_results_crispresso_aggregated_spacer_AXBE_rep2_.staging_CRISPRessoPooled_on_AXBE_D1_rep2_CRISPResso_on_B2M	G	0.9997566063977746	0.9997218358831712	0.0003129346314325	0.9993045897079276	0.9997566063977746	6.954102920723227e-05	0.000173852573018	0.0001043115438108	0.0002781641168289	0.0	0.0	0.0003129346314325	0.9997913769123784	6.954102920723227e-05	0.9998609179415856	0.000173852573018	0.999269819193324	0.0001043115438108	0.9996175243393602	0.0002433936022253
_scratch_st-cdeboer-1_asfar_VLPs_results_crispresso_aggregated_spacer_AXBE_rep2_.staging_CRISPRessoPooled_on_AXBE_D1_rep2_CRISPResso_on_B2M	N	0.0	0.0	0.0	0.0	0.0	0.0	0.0	0.0	0.0	0.0	0.0	0.0	0.0	0.0	0.0	0.0	0.0	0.0	0.0	0.0
_scratch_st-cdeboer-1_asfar_VLPs_results_crispresso_aggregated_spacer_AXBE_rep2_.staging_CRISPRessoPooled_on_AXBE_D1_rep2_CRISPResso_on_B2M	-	0.0	0.0	0.0	0.0	0.0	0.0	0.0	6.954102920723227e-05	6.954102920723227e-05	6.954102920723227e-05	0.0001043115438108	6.954102920723227e-05	6.954102920723227e-05	6.954102920723227e-05	6.954102920723227e-05	6.954102920723227e-05	6.954102920723227e-05	6.954102920723227e-05	6.954102920723227e-05	6.954102920723227e-05
_scratch_st-cdeboer-1_asfar_VLPs_results_crispresso_aggregated_spacer_AXBE_rep2_.staging_CRISPRessoPooled_on_AXBE_D2_rep2_CRISPResso_on_B2M	A	2.8235825615541e-05	2.8235825615541e-05	0.9997176417438446	0.0	2.8235825615541e-05	0.0001411791280777	0.0	0.9997741133950756	0.0	5.6471651231082e-05	0.0	0.9996611700926136	0.0	8.470747684662299e-05	2.8235825615541e-05	0.0004517732098486	5.6471651231082e-05	0.9997741133950756	0.0	0.0
_scratch_st-cdeboer-1_asfar_VLPs_results_crispresso_aggregated_spacer_AXBE_rep2_.staging_CRISPRessoPooled_on_AXBE_D2_rep2_CRISPResso_on_B2M	T	0.0001976507793087	0.0003953015586175	0.0	0.0003105940817709	8.470747684662299e-05	0.0	0.9986164445448384	0.0	0.9950304946916648	0.0	8.470747684662299e-05	0.0	5.6471651231082e-05	0.0001694149536932	8.470747684662299e-05	0.8209001581206234	8.470747684662299e-05	0.0	0.0001411791280777	0.99816467133499
_scratch_st-cdeboer-1_asfar_VLPs_results_crispresso_aggregated_spacer_AXBE_rep2_.staging_CRISPRessoPooled_on_AXBE_D2_rep2_CRISPResso_on_B2M	C	8.470747684662299e-05	8.470747684662299e-05	0.0	5.6471651231082e-05	5.6471651231082e-05	0.9998305850463068	0.0012988479783148	2.8235825615541e-05	0.0046871470521798	0.9998023492206912	0.9997741133950756	0.0001129433024621	0.0001694149536932	0.9997176417438446	2.8235825615541e-05	0.1785633611926812	0.0002823582561554	2.8235825615541e-05	8.470747684662299e-05	0.001722385362548
_scratch_st-cdeboer-1_asfar_VLPs_results_crispresso_aggregated_spacer_AXBE_rep2_.staging_CRISPRessoPooled_on_AXBE_D2_rep2_CRISPResso_on_B2M	G	0.9996894059182292	0.9994917551389204	0.0002823582561554	0.999632934266998	0.9998023492206912	2.8235825615541e-05	8.470747684662299e-05	0.0001976507793087	0.0001694149536932	2.8235825615541e-05	2.8235825615541e-05	0.0001129433024621	0.99974587756946	0.0	0.9998305850463068	5.6471651231082e-05	0.9995482267901512	0.0001694149536932	0.99974587756946	8.470747684662299e-05
_scratch_st-cdeboer-1_asfar_VLPs_results_crispresso_aggregated_spacer_AXBE_rep2_.staging_CRISPRessoPooled_on_AXBE_D2_rep2_CRISPResso_on_B2M	N	0.0	0.0	0.0	0.0	0.0	0.0	0.0	0.0	0.0	0.0	0.0	0.0	0.0	0.0	0.0	0.0	0.0	0.0	0.0	0.0
_scratch_st-cdeboer-1_asfar_VLPs_results_crispresso_aggregated_spacer_AXBE_rep2_.staging_CRISPRessoPooled_on_AXBE_D2_rep2_CRISPResso_on_B2M	-	0.0	0.0	0.0	0.0	2.8235825615541e-05	0.0	0.0	0.0	0.0001129433024621	0.0001129433024621	0.0001129433024621	0.0001129433024621	2.8235825615541e-05	2.8235825615541e-05	2.8235825615541e-05	2.8235825615541e-05	2.8235825615541e-05	2.8235825615541e-05	2.8235825615541e-05	2.8235825615541e-05
_scratch_st-cdeboer-1_asfar_VLPs_results_crispresso_aggregated_spacer_AXBE_rep2_.staging_CRISPRessoPooled_on_AXBE_D3_rep2_CRISPResso_on_B2M	A	0.0002374255762136	0.000127844541038	0.999470358329985	0.0	5.479051758775615e-05	1.8263505862585383e-05	7.305402345034153e-05	0.9993973043065348	0.0	0.0001461080469006	7.305402345034153e-05	0.9993973043065348	0.0001095810351755	7.305402345034153e-05	0.0001095810351755	0.000219162070351	0.0001461080469006	0.999470358329985	0.0	1.8263505862585383e-05
_scratch_st-cdeboer-1_asfar_VLPs_results_crispresso_aggregated_spacer_AXBE_rep2_.staging_CRISPRessoPooled_on_AXBE_D3_rep2_CRISPResso_on_B2M	T	0.0001095810351755	0.0004200606348394	0.0	0.0003287431055265	1.8263505862585383e-05	1.8263505862585383e-05	0.9974065821675128	0.0	0.9895350111407386	5.479051758775615e-05	9.131752931292692e-05	0.0	9.131752931292692e-05	9.131752931292692e-05	0.0001826350586258	0.5616941228038134	7.305402345034153e-05	5.479051758775615e-05	0.0001643715527632	0.9968038864740476
_scratch_st-cdeboer-1_asfar_VLPs_results_crispresso_aggregated_spacer_AXBE_rep2_.staging_CRISPRessoPooled_on_AXBE_D3_rep2_CRISPResso_on_B2M	C	0.0001095810351755	0.0001643715527632	9.131752931292692e-05	5.479051758775615e-05	7.305402345034153e-05	0.999689520400336	0.002155093691785	1.8263505862585383e-05	0.0098622931657961	0.9994338313182598	0.9993973043065348	0.0001095810351755	0.000127844541038	0.9994886218358476	0.0003287431055265	0.4371004858092559	0.0001643715527632	3.6527011725170766e-05	7.305402345034153e-05	0.0027943163969755
_scratch_st-cdeboer-1_asfar_VLPs_results_crispresso_aggregated_spacer_AXBE_rep2_.staging_CRISPRessoPooled_on_AXBE_D3_rep2_CRISPResso_on_B2M	G	0.9993425137889468	0.9990685612010082	0.0002374255762136	0.9993607772948097	0.9995982028710232	0.0	5.479051758775615e-05	0.0001461080469006	0.0001643715527632	3.6527011725170766e-05	7.305402345034153e-05	0.0001643715527632	0.9993242502830844	1.8263505862585383e-05	0.9990502976951456	0.000657486211053	0.9992877232713592	0.0001461080469006	0.9995434123534354	0.0001643715527632
_scratch_st-cdeboer-1_asfar_VLPs_results_crispresso_aggregated_spacer_AXBE_rep2_.staging_CRISPRessoPooled_on_AXBE_D3_rep2_CRISPResso_on_B2M	N	0.0	0.0	0.0	0.0	0.0	0.0	0.0	0.0	0.0	0.0	0.0	0.0	0.0	0.0	0.0	0.0	0.0	0.0	0.0	0.0
_scratch_st-cdeboer-1_asfar_VLPs_results_crispresso_aggregated_spacer_AXBE_rep2_.staging_CRISPRessoPooled_on_AXBE_D3_rep2_CRISPResso_on_B2M	-	0.0002008985644884	0.000219162070351	0.0002008985644884	0.0002556890820761	0.0002556890820761	0.0002739525879387	0.0003104795996639	0.000438324140702	0.000438324140702	0.0003287431055265	0.0003652701172517	0.0003287431055265	0.0003470066113891	0.0003287431055265	0.0003287431055265	0.0003287431055265	0.0003287431055265	0.0002922160938013	0.000219162070351	0.000219162070351
_scratch_st-cdeboer-1_asfar_VLPs_results_crispresso_aggregated_spacer_AXBE_rep2_.staging_CRISPRessoPooled_on_AXBE_D4_rep2_CRISPResso_on_B2M	A	0.0001293382194438	0.0	0.9998706617805562	0.0	0.000215563699073	4.311273981461522e-05	0.0	0.9993964216425952	0.0001724509592584	0.000215563699073	8.622547962923044e-05	0.9990946324638932	4.311273981461522e-05	0.0	0.000215563699073	0.0012071567148092	0.0004742401379607	0.999310196162966	0.0	0.0
_scratch_st-cdeboer-1_asfar_VLPs_results_crispresso_aggregated_spacer_AXBE_rep2_.staging_CRISPRessoPooled_on_AXBE_D4_rep2_CRISPResso_on_B2M	T	0.0001293382194438	0.0006466910972192	4.311273981461522e-05	0.0003017891787023	0.0	0.0	0.992843285190774	4.311273981461522e-05	0.9818926492778616	8.622547962923044e-05	0.000215563699073	0.0	0.0	0.0002586764388876	4.311273981461522e-05	0.3148523388661349	0.0001293382194438	0.0	0.0001293382194438	0.99607674067687
_scratch_st-cdeboer-1_asfar_VLPs_results_crispresso_aggregated_spacer_AXBE_rep2_.staging_CRISPRessoPooled_on_AXBE_D4_rep2_CRISPResso_on_B2M	C	0.0001293382194438	0.0001293382194438	0.0	4.311273981461522e-05	8.622547962923044e-05	0.9995257598620392	0.0066824746712653	0.0	0.0172019831860314	0.9990515197240784	0.9988359560250054	0.0	0.000215563699073	0.99887906876482	0.0	0.6826040094848027	0.0006035783574046	4.311273981461522e-05	4.311273981461522e-05	0.0036214701444276
_scratch_st-cdeboer-1_asfar_VLPs_results_crispresso_aggregated_spacer_AXBE_rep2_.staging_CRISPRessoPooled_on_AXBE_D4_rep2_CRISPResso_on_B2M	G	0.9996119853416684	0.9990946324638932	8.622547962923044e-05	0.9996119853416684	0.9993964216425952	0.0	4.311273981461522e-05	0.0001293382194438	0.0001293382194438	0.0	8.622547962923044e-05	0.0003017891787023	0.9989652942444492	8.622547962923044e-05	0.9989652942444492	0.0008622547962923	0.9983617158870446	0.000215563699073	0.9993964216425952	8.622547962923044e-05
_scratch_st-cdeboer-1_asfar_VLPs_results_crispresso_aggregated_spacer_AXBE_rep2_.staging_CRISPRessoPooled_on_AXBE_D4_rep2_CRISPResso_on_B2M	N	0.0	0.0	0.0	0.0	0.0	0.0	0.0	0.0	0.0	0.0	0.0	0.0	0.0	0.0	0.0	0.0	0.0	0.0	0.0	0.0
_scratch_st-cdeboer-1_asfar_VLPs_results_crispresso_aggregated_spacer_AXBE_rep2_.staging_CRISPRessoPooled_on_AXBE_D4_rep2_CRISPResso_on_B2M	-	0.0	0.0001293382194438	0.0	4.311273981461522e-05	0.0003017891787023	0.0004311273981461	0.0004311273981461	0.0004311273981461	0.0006035783574046	0.0006466910972192	0.000776029316663	0.0006035783574046	0.000776029316663	0.000776029316663	0.000776029316663	0.0004742401379607	0.0004311273981461	0.0004311273981461	0.0004311273981461	0.000215563699073
_scratch_st-cdeboer-1_asfar_VLPs_results_crispresso_aggregated_spacer_AXBE_rep2_.staging_CRISPRessoPooled_on_AXBE_D5_rep2_CRISPResso_on_B2M	A	9.90049997524875e-05	4.950249987624375e-05	0.9996534825008664	4.950249987624375e-05	4.950249987624375e-05	0.0	0.0	0.9995544775011138	4.950249987624375e-05	0.0001485074996287	4.950249987624375e-05	0.9993069650017326	4.950249987624375e-05	4.950249987624375e-05	9.90049997524875e-05	0.0003960199990099	0.0	0.9998514925003712	0.0	4.950249987624375e-05
_scratch_st-cdeboer-1_asfar_VLPs_results_crispresso_aggregated_spacer_AXBE_rep2_.staging_CRISPRessoPooled_on_AXBE_D5_rep2_CRISPResso_on_B2M	T	4.950249987624375e-05	0.0003465174991337	0.0	0.0003465174991337	0.0	0.0001485074996287	0.9957922875105192	0.0	0.9877728825305678	0.0001980099995049	9.90049997524875e-05	0.0	0.0	0.0001485074996287	9.90049997524875e-05	0.4855700212860749	0.0001485074996287	0.0	0.0001980099995049	0.9956437800108906
_scratch_st-cdeboer-1_asfar_VLPs_results_crispresso_aggregated_spacer_AXBE_rep2_.staging_CRISPRessoPooled_on_AXBE_D5_rep2_CRISPResso_on_B2M	C	0.0001485074996287	4.950249987624375e-05	9.90049997524875e-05	4.950249987624375e-05	0.0001980099995049	0.9995544775011138	0.003663184990842	4.950249987624375e-05	0.0116825899707935	0.99920796000198	0.9993069650017326	0.0002475124993812	0.0001485074996287	0.9995049750012376	4.950249987624375e-05	0.5130934112172665	0.0006435324983911	0.0	4.950249987624375e-05	0.0037621899905945
_scratch_st-cdeboer-1_asfar_VLPs_results_crispresso_aggregated_spacer_AXBE_rep2_.staging_CRISPRessoPooled_on_AXBE_D5_rep2_CRISPResso_on_B2M	G	0.99960398000099	0.9993564675016088	0.0001485074996287	0.9994554725013614	0.9994059700014852	0.0	0.0002475124993812	9.90049997524875e-05	0.0001980099995049	0.0	4.950249987624375e-05	9.90049997524875e-05	0.9995049750012376	0.0	0.9994554725013614	0.0007920399980199	0.999158457502104	9.90049997524875e-05	0.9997029850007424	0.0004950249987624
_scratch_st-cdeboer-1_asfar_VLPs_results_crispresso_aggregated_spacer_AXBE_rep2_.staging_CRISPRessoPooled_on_AXBE_D5_rep2_CRISPResso_on_B2M	N	0.0	0.0	0.0	0.0	0.0	0.0	0.0	0.0	0.0	0.0	0.0	0.0	0.0	0.0	0.0	0.0	0.0	0.0	0.0	0.0
_scratch_st-cdeboer-1_asfar_VLPs_results_crispresso_aggregated_spacer_AXBE_rep2_.staging_CRISPRessoPooled_on_AXBE_D5_rep2_CRISPResso_on_B2M	-	9.90049997524875e-05	0.0001980099995049	9.90049997524875e-05	9.90049997524875e-05	0.0003465174991337	0.0002970149992574	0.0002970149992574	0.0002970149992574	0.0002970149992574	0.0004455224988861	0.0004950249987624	0.0003465174991337	0.0002970149992574	0.0002970149992574	0.0002970149992574	0.0001485074996287	4.950249987624375e-05	4.950249987624375e-05	4.950249987624375e-05	4.950249987624375e-05
