Folder	Nucleotide	G	G	C	C	C	A	G	A	C	T	G	A	G	C	A	C	G	T	G	A
_scratch_st-cdeboer-1_asfar_VLPs_results_crispresso_aggregated_spacer_AXBE_rep3_.staging_CRISPRessoPooled_on_AXBE_D0_rep3_CRISPResso_on_HEK3	A	5.202733169158198e-05	5.202733169158198e-05	0.0	6.936977558877598e-05	0.0001907668828691	0.9968089903229164	6.936977558877598e-05	0.997225208976449	3.468488779438799e-05	0.0	1.7342443897193994e-05	0.9996011237903646	1.7342443897193994e-05	1.7342443897193994e-05	0.9998439180049252	1.7342443897193994e-05	1.7342443897193994e-05	1.7342443897193994e-05	0.0	0.9996878360098506
_scratch_st-cdeboer-1_asfar_VLPs_results_crispresso_aggregated_spacer_AXBE_rep3_.staging_CRISPRessoPooled_on_AXBE_D0_rep3_CRISPResso_on_HEK3	T	0.0001907668828691	5.202733169158198e-05	6.936977558877598e-05	5.202733169158198e-05	1.7342443897193994e-05	6.936977558877598e-05	1.7342443897193994e-05	0.0001040546633831	3.468488779438799e-05	0.9996358086781588	6.936977558877598e-05	0.0	5.202733169158198e-05	8.671221948596996e-05	0.0	1.7342443897193994e-05	0.0001213971072803	0.999739863341542	6.936977558877598e-05	1.7342443897193994e-05
_scratch_st-cdeboer-1_asfar_VLPs_results_crispresso_aggregated_spacer_AXBE_rep3_.staging_CRISPRessoPooled_on_AXBE_D0_rep3_CRISPResso_on_HEK3	C	5.202733169158198e-05	0.0001387395511775	0.999913287780514	0.999739863341542	0.9996704935659532	0.0003295064340466	6.936977558877598e-05	5.202733169158198e-05	0.9997051784537476	8.671221948596996e-05	3.468488779438799e-05	0.0001907668828691	0.0001040546633831	0.9997918906732336	0.0	0.9998612604488224	6.936977558877598e-05	0.0001040546633831	5.202733169158198e-05	0.0001040546633831
_scratch_st-cdeboer-1_asfar_VLPs_results_crispresso_aggregated_spacer_AXBE_rep3_.staging_CRISPRessoPooled_on_AXBE_D0_rep3_CRISPResso_on_HEK3	G	0.9996878360098506	0.9997051784537476	0.0	3.468488779438799e-05	1.7342443897193994e-05	0.0025666816967847	0.9996184662342618	0.0023585723700183	0.0	5.202733169158198e-05	0.9997745482293364	0.0001040546633831	0.9997225208976448	0.0	5.202733169158198e-05	0.0	0.9996878360098506	5.202733169158198e-05	0.9997918906732336	0.0001040546633831
_scratch_st-cdeboer-1_asfar_VLPs_results_crispresso_aggregated_spacer_AXBE_rep3_.staging_CRISPRessoPooled_on_AXBE_D0_rep3_CRISPResso_on_HEK3	N	0.0	0.0	0.0	0.0	0.0	0.0	0.0	0.0	0.0	0.0	0.0	0.0	0.0	0.0	0.0	0.0	0.0	0.0	0.0	0.0
_scratch_st-cdeboer-1_asfar_VLPs_results_crispresso_aggregated_spacer_AXBE_rep3_.staging_CRISPRessoPooled_on_AXBE_D0_rep3_CRISPResso_on_HEK3	-	1.7342443897193994e-05	5.202733169158198e-05	1.7342443897193994e-05	0.0001040546633831	0.0001040546633831	0.0002254517706635	0.0002254517706635	0.0002601366584579	0.0002254517706635	0.0002254517706635	0.0001040546633831	0.0001040546633831	0.0001040546633831	0.0001040546633831	0.0001040546633831	0.0001040546633831	0.0001040546633831	8.671221948596996e-05	8.671221948596996e-05	8.671221948596996e-05
_scratch_st-cdeboer-1_asfar_VLPs_results_crispresso_aggregated_spacer_AXBE_rep3_.staging_CRISPRessoPooled_on_AXBE_D1_rep3_CRISPResso_on_HEK3	A	0.0001049097775912	5.245488879563575e-05	0.0	8.39278220730172e-05	0.0001573646663869	0.9244439781787662	3.147293327738145e-05	0.9442929080990348	0.0	0.0	7.343684431389005e-05	0.9991502308015108	2.09819555182543e-05	1.049097775912715e-05	0.9995383969785984	2.09819555182543e-05	0.0	3.147293327738145e-05	2.09819555182543e-05	0.9996433067561896
_scratch_st-cdeboer-1_asfar_VLPs_results_crispresso_aggregated_spacer_AXBE_rep3_.staging_CRISPRessoPooled_on_AXBE_D1_rep3_CRISPResso_on_HEK3	T	0.0001573646663869	9.441879983214437e-05	7.343684431389005e-05	0.0002203105329416	0.0003566932438103	0.0017415023080151	7.343684431389005e-05	7.343684431389005e-05	6.29458665547629e-05	0.999339068401175	7.343684431389005e-05	3.147293327738145e-05	1.049097775912715e-05	3.147293327738145e-05	0.0	0.0001049097775912	8.39278220730172e-05	0.9997272345782628	7.343684431389005e-05	3.147293327738145e-05
_scratch_st-cdeboer-1_asfar_VLPs_results_crispresso_aggregated_spacer_AXBE_rep3_.staging_CRISPRessoPooled_on_AXBE_D1_rep3_CRISPResso_on_HEK3	C	1.049097775912715e-05	0.000167855644146	0.9997272345782628	0.9991397398237516	0.9988774653797734	0.0048783046579941	3.147293327738145e-05	5.245488879563575e-05	0.9992131766680654	9.441879983214437e-05	5.245488879563575e-05	7.343684431389005e-05	4.19639110365086e-05	0.9997062526227444	2.09819555182543e-05	0.9995803608896348	0.0001363827108686	0.0001049097775912	8.39278220730172e-05	8.39278220730172e-05
_scratch_st-cdeboer-1_asfar_VLPs_results_crispresso_aggregated_spacer_AXBE_rep3_.staging_CRISPRessoPooled_on_AXBE_D1_rep3_CRISPResso_on_HEK3	G	0.9995593789341166	0.9992656315568612	2.09819555182543e-05	0.0002937473772555	0.0002832563994964	0.0683906840117499	0.999496433067562	0.0549412505245488	4.19639110365086e-05	5.245488879563575e-05	0.9992656315568612	0.0002308015107007	0.9996118338229124	0.0	0.0001154007553503	0.0	0.999674779689467	4.19639110365086e-05	0.9997272345782628	0.0001468736886277
_scratch_st-cdeboer-1_asfar_VLPs_results_crispresso_aggregated_spacer_AXBE_rep3_.staging_CRISPRessoPooled_on_AXBE_D1_rep3_CRISPResso_on_HEK3	N	0.0	0.0	0.0	0.0	0.0	0.0	0.0	0.0	0.0	0.0	1.049097775912715e-05	0.0	0.0	0.0	0.0	0.0	0.0	0.0	0.0	0.0
_scratch_st-cdeboer-1_asfar_VLPs_results_crispresso_aggregated_spacer_AXBE_rep3_.staging_CRISPRessoPooled_on_AXBE_D1_rep3_CRISPResso_on_HEK3	-	0.000167855644146	0.000419639110365	0.0001783466219051	0.0002622744439781	0.0003252203105329	0.0005455308434746	0.0003671842215694	0.0006399496433067	0.0006819135543432	0.0005140579101972	0.0005245488879563	0.0005140579101972	0.0003147293327738	0.000251783466219	0.0003252203105329	0.0002937473772555	0.0001049097775912	9.441879983214437e-05	9.441879983214437e-05	9.441879983214437e-05
_scratch_st-cdeboer-1_asfar_VLPs_results_crispresso_aggregated_spacer_AXBE_rep3_.staging_CRISPRessoPooled_on_AXBE_D2_rep3_CRISPResso_on_HEK3	A	2.3674242424242424e-05	0.000106534090909	7.102272727272727e-05	0.0004675662878787	0.0013139204545454	0.7750710227272727	8.87784090909091e-05	0.8300011837121212	7.102272727272727e-05	1.1837121212121212e-05	3.5511363636363635e-05	0.9983783143939394	1.7755681818181817e-05	2.3674242424242424e-05	0.9988695549242425	5.918560606060606e-05	1.1837121212121212e-05	5.918560606060606e-06	2.3674242424242424e-05	0.999419981060606
_scratch_st-cdeboer-1_asfar_VLPs_results_crispresso_aggregated_spacer_AXBE_rep3_.staging_CRISPRessoPooled_on_AXBE_D2_rep3_CRISPResso_on_HEK3	T	0.0001420454545454	1.1837121212121212e-05	0.0002900094696969	0.0016394412878787	0.0018110795454545	0.0060073390151515	0.0001657196969696	5.918560606060606e-05	2.959280303030303e-05	0.9988695549242425	7.694128787878787e-05	1.1837121212121212e-05	3.5511363636363635e-05	7.102272727272727e-05	5.918560606060606e-06	4.1429924242424245e-05	0.0001183712121212	0.9992542613636364	8.87784090909091e-05	1.1837121212121212e-05
_scratch_st-cdeboer-1_asfar_VLPs_results_crispresso_aggregated_spacer_AXBE_rep3_.staging_CRISPRessoPooled_on_AXBE_D2_rep3_CRISPResso_on_HEK3	C	4.1429924242424245e-05	0.0005089962121212	0.9991062973484848	0.9966205018939394	0.9950875946969696	0.0147135416666666	7.102272727272727e-05	2.3674242424242424e-05	0.9987452651515152	7.694128787878787e-05	5.326704545454545e-05	9.46969696969697e-05	5.918560606060606e-05	0.9991536458333332	2.959280303030303e-05	0.9991950757575756	0.0001242897727272	0.0001420454545454	5.326704545454545e-05	7.102272727272727e-05
_scratch_st-cdeboer-1_asfar_VLPs_results_crispresso_aggregated_spacer_AXBE_rep3_.staging_CRISPRessoPooled_on_AXBE_D2_rep3_CRISPResso_on_HEK3	G	0.9993430397727272	0.998620975378788	5.326704545454545e-05	0.0005445075757575	0.0009232954545454	0.2027166193181818	0.998727509469697	0.16796875	2.3674242424242424e-05	7.102272727272727e-05	0.9987748579545456	0.000497159090909	0.9990411931818182	1.1837121212121212e-05	0.0003728693181818	0.0	0.999206912878788	8.285984848484849e-05	0.9994554924242424	0.0001893939393939
_scratch_st-cdeboer-1_asfar_VLPs_results_crispresso_aggregated_spacer_AXBE_rep3_.staging_CRISPRessoPooled_on_AXBE_D2_rep3_CRISPResso_on_HEK3	N	0.0	0.0	0.0	0.0	5.918560606060606e-06	5.918560606060606e-06	0.0	0.0	0.0	0.0	0.0	0.0	0.0	0.0	0.0	0.0	0.0	0.0	0.0	0.0
_scratch_st-cdeboer-1_asfar_VLPs_results_crispresso_aggregated_spacer_AXBE_rep3_.staging_CRISPRessoPooled_on_AXBE_D2_rep3_CRISPResso_on_HEK3	-	0.0004498106060606	0.0007516571969696	0.0004794034090909	0.0007279829545454	0.0008581912878787	0.0014855587121212	0.0009469696969696	0.0019472064393939	0.0011304450757575	0.0009706439393939	0.0010594223484848	0.0010179924242424	0.0008463541666666	0.0007398200757575	0.0007220643939393	0.0007043087121212	0.0005385890151515	0.0005149147727272	0.0003787878787878	0.0003077651515151
_scratch_st-cdeboer-1_asfar_VLPs_results_crispresso_aggregated_spacer_AXBE_rep3_.staging_CRISPRessoPooled_on_AXBE_D3_rep3_CRISPResso_on_HEK3	A	6.103112078567396e-05	5.085926732139497e-05	0.0001373200217677	0.0015868091404275	0.0045773340589255	0.3005884417229085	7.120297424995296e-05	0.4285147568164133	0.0001525778019641	0.0	4.577334058925547e-05	0.9936069900977008	3.051556039283698e-05	7.120297424995296e-05	0.9961957268043596	0.0001780074356248	0.0001017185346427	2.0343706928557987e-05	2.0343706928557987e-05	0.9991353924555364
_scratch_st-cdeboer-1_asfar_VLPs_results_crispresso_aggregated_spacer_AXBE_rep3_.staging_CRISPRessoPooled_on_AXBE_D3_rep3_CRISPResso_on_HEK3	T	0.0002339526296784	0.0001322340950356	0.0008798653246601	0.0034075709105334	0.0058539016686925	0.0238987697143234	0.0004475615524282	0.0001983511425534	0.0002695541168033	0.9961296097568418	0.000147491875232	9.154668117851094e-05	7.120297424995296e-05	0.0001729215088927	0.0001017185346427	0.0001017185346427	0.0002136089227498	0.9983419878853226	5.085926732139497e-05	0.0
_scratch_st-cdeboer-1_asfar_VLPs_results_crispresso_aggregated_spacer_AXBE_rep3_.staging_CRISPRessoPooled_on_AXBE_D3_rep3_CRISPResso_on_HEK3	C	3.560148712497648e-05	0.001932652158213	0.9968823269131984	0.9903672547693276	0.9831655825166182	0.0613667919499951	9.154668117851094e-05	0.000366186724714	0.9952751740658424	0.0001271481683034	0.0001017185346427	8.137482771423195e-05	9.663260791065044e-05	0.9962669297786096	4.577334058925547e-05	0.9968111239389486	0.000147491875232	7.120297424995296e-05	0.000111890388107	5.085926732139497e-05
_scratch_st-cdeboer-1_asfar_VLPs_results_crispresso_aggregated_spacer_AXBE_rep3_.staging_CRISPRessoPooled_on_AXBE_D3_rep3_CRISPResso_on_HEK3	G	0.9977164188972694	0.995443009648003	5.085926732139497e-05	0.0015613795067668	0.0028023456294088	0.6078597911718484	0.99555490003611	0.5638563530853774	6.611704751781346e-05	0.0003102415306605	0.9949903621688426	0.0019377380849451	0.996063492709324	1.0171853464278994e-05	0.0006306549147852	5.594519405353447e-05	0.9975841848022338	0.0002237807762141	0.9988048072179472	0.0001424059484999
_scratch_st-cdeboer-1_asfar_VLPs_results_crispresso_aggregated_spacer_AXBE_rep3_.staging_CRISPRessoPooled_on_AXBE_D3_rep3_CRISPResso_on_HEK3	N	0.0	0.0	0.0	0.0	0.0	0.0	0.0	0.0	0.0	0.0	0.0	0.0	0.0	0.0	0.0	0.0	0.0	5.085926732139497e-06	0.0	0.0
_scratch_st-cdeboer-1_asfar_VLPs_results_crispresso_aggregated_spacer_AXBE_rep3_.staging_CRISPRessoPooled_on_AXBE_D3_rep3_CRISPResso_on_HEK3	-	0.0019529958651415	0.0024412448314269	0.0020496284730522	0.0030769856729443	0.0036008361263547	0.0062862054409244	0.0038347887560331	0.0070643522309417	0.0042365769678722	0.0034330005441941	0.0047146540806933	0.0042823503084614	0.0037381561481225	0.0034787738847834	0.003026126405623	0.0028532048967302	0.0019529958651415	0.0013375987305526	0.0010120994196957	0.0006713423286424
_scratch_st-cdeboer-1_asfar_VLPs_results_crispresso_aggregated_spacer_AXBE_rep3_.staging_CRISPRessoPooled_on_AXBE_D4_rep3_CRISPResso_on_HEK3	A	5.855922999936117e-05	0.0002076190881795	0.0001916483890888	0.002347692766338	0.0060528949553885	0.1183482038287089	5.323566363578288e-05	0.2570963139626498	0.000138412725453	2.1294265454313156e-05	0.0001011477609079	0.9921583867464492	0.0001171184599987	4.79120972722046e-05	0.9941813419646088	5.323566363578288e-05	5.855922999936117e-05	0.0	2.661783181789144e-05	0.998168693170929
_scratch_st-cdeboer-1_asfar_VLPs_results_crispresso_aggregated_spacer_AXBE_rep3_.staging_CRISPRessoPooled_on_AXBE_D4_rep3_CRISPResso_on_HEK3	T	0.0001330891590894	0.0002502076190881	0.000958241945444	0.0056642746108472	0.0084751176508166	0.0336023508869061	0.0004418560081769	0.0005376802027214	0.0001171184599987	0.9940269585400652	0.0001330891590894	3.194139818146973e-05	0.0001330891590894	0.0001171184599987	2.1294265454313156e-05	0.0002235897872702	0.0002182662209067	0.9972370690573028	5.855922999936117e-05	5.323566363578288e-06
_scratch_st-cdeboer-1_asfar_VLPs_results_crispresso_aggregated_spacer_AXBE_rep3_.staging_CRISPRessoPooled_on_AXBE_D4_rep3_CRISPResso_on_HEK3	C	7.452992909009604e-05	0.0019218074572517	0.995331232299142	0.9849449543238006	0.9768318391857072	0.0923638764080833	0.0001011477609079	0.000681416494538	0.9925736249228084	0.0001597069909073	0.0001171184599987	0.0001810012563616	7.985349545367433e-05	0.994873405591874	0.0001224420263623	0.9954962628564128	0.0001810012563616	0.0001224420263623	0.0001064713272715	0.0001117948936351
_scratch_st-cdeboer-1_asfar_VLPs_results_crispresso_aggregated_spacer_AXBE_rep3_.staging_CRISPRessoPooled_on_AXBE_D4_rep3_CRISPResso_on_HEK3	G	0.996768595217308	0.9937607802218864	6.388279636293946e-05	0.0024222226954281	0.0032952875790549	0.7478758970209323	0.9933348949128	0.728540703988416	0.0001916483890888	6.920636272651775e-05	0.9933934541427992	0.0016982176699814	0.9943037839909712	8.517706181725261e-05	0.0012084495645322	1.0647132727156576e-05	0.9962788271118588	9.58241945444092e-05	0.9974659824109368	0.0001171184599987
_scratch_st-cdeboer-1_asfar_VLPs_results_crispresso_aggregated_spacer_AXBE_rep3_.staging_CRISPRessoPooled_on_AXBE_D4_rep3_CRISPResso_on_HEK3	N	0.0	0.0	0.0	0.0	0.0	0.0	5.323566363578288e-06	0.0	0.0	0.0	0.0	0.0	0.0	0.0	5.323566363578288e-06	0.0	0.0	0.0	0.0	0.0
_scratch_st-cdeboer-1_asfar_VLPs_results_crispresso_aggregated_spacer_AXBE_rep3_.staging_CRISPRessoPooled_on_AXBE_D4_rep3_CRISPResso_on_HEK3	-	0.0029652264645131	0.0038595856135942	0.0034549945699623	0.0046208556035859	0.0053448606290326	0.0078096718553693	0.0060635420881156	0.0131438853516747	0.0069791955026511	0.0057228338408466	0.0062551904772044	0.0059304529290262	0.0053661548944869	0.0048763867890377	0.0044611486126786	0.004216264559954	0.0032633461808734	0.0025446647217904	0.0023423691999744	0.0015970699090734
_scratch_st-cdeboer-1_asfar_VLPs_results_crispresso_aggregated_spacer_AXBE_rep3_.staging_CRISPRessoPooled_on_AXBE_D5_rep3_CRISPResso_on_HEK3	A	2.2485047443450104e-05	2.2485047443450104e-05	4.497009488690021e-05	0.0022035346494581	0.0036200926383954	0.1724827989387057	4.497009488690021e-05	0.3294958852363178	0.0001573953321041	0.0	0.0001124252372172	0.9928722399604264	8.994018977380042e-05	6.745514233035032e-05	0.9950308045149976	8.994018977380042e-05	0.0	4.497009488690021e-05	2.2485047443450104e-05	0.9979313756352026
_scratch_st-cdeboer-1_asfar_VLPs_results_crispresso_aggregated_spacer_AXBE_rep3_.staging_CRISPRessoPooled_on_AXBE_D5_rep3_CRISPResso_on_HEK3	T	2.2485047443450104e-05	0.0002248504744345	0.0009218869451814	0.0052390160543238	0.0093762647839186	0.0301524486216665	0.0003372757116517	0.0004272159014255	0.0002698205693214	0.9939964923325988	2.2485047443450104e-05	0.0	0.0001349102846607	8.994018977380042e-05	2.2485047443450104e-05	0.0001798803795476	0.0002248504744345	0.9973242793542294	0.000202365426991	6.745514233035032e-05
_scratch_st-cdeboer-1_asfar_VLPs_results_crispresso_aggregated_spacer_AXBE_rep3_.staging_CRISPRessoPooled_on_AXBE_D5_rep3_CRISPResso_on_HEK3	C	0.0001798803795476	0.0020461393173539	0.996402392409048	0.9871385528623464	0.9798533974906688	0.084273957818051	0.0001124252372172	0.0004272159014255	0.9927598147232092	0.000202365426991	0.0	8.994018977380042e-05	2.2485047443450104e-05	0.995098259657328	6.745514233035032e-05	0.9958852363178486	0.0003372757116517	0.0001573953321041	6.745514233035032e-05	2.2485047443450104e-05
_scratch_st-cdeboer-1_asfar_VLPs_results_crispresso_aggregated_spacer_AXBE_rep3_.staging_CRISPRessoPooled_on_AXBE_D5_rep3_CRISPResso_on_HEK3	G	0.997751495255655	0.9946710437559024	0.0001573953321041	0.001349102846607	0.0023834150290057	0.7053559383010298	0.9933893960516256	0.6564959302064127	0.0	2.2485047443450104e-05	0.9935917614786168	0.0013266177991635	0.9945361334712416	8.994018977380042e-05	0.0007420065656338	2.2485047443450104e-05	0.996649727930926	8.994018977380042e-05	0.9974367045914468	0.0001573953321041
_scratch_st-cdeboer-1_asfar_VLPs_results_crispresso_aggregated_spacer_AXBE_rep3_.staging_CRISPRessoPooled_on_AXBE_D5_rep3_CRISPResso_on_HEK3	N	0.0	0.0	0.0	0.0	0.0	0.0	0.0	0.0	0.0	0.0	0.0	0.0	0.0	0.0	0.0	0.0	0.0	0.0	0.0	0.0
_scratch_st-cdeboer-1_asfar_VLPs_results_crispresso_aggregated_spacer_AXBE_rep3_.staging_CRISPRessoPooled_on_AXBE_D5_rep3_CRISPResso_on_HEK3	-	0.0020236542699105	0.0030354814048657	0.0024733552187795	0.0040697935872644	0.0047668300580114	0.0077348563205468	0.0061159329046184	0.0131537527544183	0.0068129693753653	0.0057786571929666	0.0062733282367225	0.0057112020506363	0.0052165310068804	0.0046544048207941	0.0041372487295948	0.0038224580653865	0.0027881458829878	0.0023834150290057	0.0022709897917884	0.0018212888429194
