Folder	Nucleotide	G	G	A	G	G	C	T	A	T	C	C	A	G	C	G	T	G	A	G	T
_scratch_st-cdeboer-1_asfar_VLPs_results_crispresso_aggregated_spacer_AXBE_rep3_.staging_CRISPRessoPooled_on_AXBE_D0_rep3_CRISPResso_on_B2M	A	0.0002419549963706	0.0	0.9997580450036292	0.0	0.0002419549963706	0.0002419549963706	0.0	0.9997580450036292	0.0	0.0	0.0	0.9997580450036292	0.0	0.0	0.0	0.0	0.0	0.9995160900072586	0.0	0.0
_scratch_st-cdeboer-1_asfar_VLPs_results_crispresso_aggregated_spacer_AXBE_rep3_.staging_CRISPRessoPooled_on_AXBE_D0_rep3_CRISPResso_on_B2M	T	0.0	0.0	0.0	0.0004839099927413	0.0	0.0002419549963706	1.0	0.0	0.9995160900072586	0.0	0.0	0.0	0.0	0.0	0.0	0.9983063150254052	0.0	0.0	0.000725864989112	0.999274135010888
_scratch_st-cdeboer-1_asfar_VLPs_results_crispresso_aggregated_spacer_AXBE_rep3_.staging_CRISPRessoPooled_on_AXBE_D0_rep3_CRISPResso_on_B2M	C	0.0004839099927413	0.0	0.0	0.0	0.0	0.9995160900072586	0.0	0.0	0.0002419549963706	0.9997580450036292	0.9997580450036292	0.0	0.0	1.0	0.0	0.0016936849745947	0.0004839099927413	0.0002419549963706	0.0002419549963706	0.000725864989112
_scratch_st-cdeboer-1_asfar_VLPs_results_crispresso_aggregated_spacer_AXBE_rep3_.staging_CRISPRessoPooled_on_AXBE_D0_rep3_CRISPResso_on_B2M	G	0.999274135010888	1.0	0.0002419549963706	0.9995160900072586	0.9997580450036292	0.0	0.0	0.0002419549963706	0.0002419549963706	0.0	0.0002419549963706	0.0002419549963706	1.0	0.0	0.9997580450036292	0.0	0.9995160900072586	0.0002419549963706	0.9990321800145172	0.0
_scratch_st-cdeboer-1_asfar_VLPs_results_crispresso_aggregated_spacer_AXBE_rep3_.staging_CRISPRessoPooled_on_AXBE_D0_rep3_CRISPResso_on_B2M	N	0.0	0.0	0.0	0.0	0.0	0.0	0.0	0.0	0.0	0.0002419549963706	0.0	0.0	0.0	0.0	0.0002419549963706	0.0	0.0	0.0	0.0	0.0
_scratch_st-cdeboer-1_asfar_VLPs_results_crispresso_aggregated_spacer_AXBE_rep3_.staging_CRISPRessoPooled_on_AXBE_D0_rep3_CRISPResso_on_B2M	-	0.0	0.0	0.0	0.0	0.0	0.0	0.0	0.0	0.0	0.0	0.0	0.0	0.0	0.0	0.0	0.0	0.0	0.0	0.0	0.0
_scratch_st-cdeboer-1_asfar_VLPs_results_crispresso_aggregated_spacer_AXBE_rep3_.staging_CRISPRessoPooled_on_AXBE_D1_rep3_CRISPResso_on_B2M	A	0.0001671588566334	2.228784755112275e-05	0.9997882654482644	4.45756951022455e-05	0.0002340223992867	1.1143923775561376e-05	0.0	0.9997102579818354	1.1143923775561376e-05	3.343177132668412e-05	2.228784755112275e-05	0.9997102579818354	3.343177132668412e-05	3.343177132668412e-05	1.1143923775561376e-05	3.343177132668412e-05	3.343177132668412e-05	0.9997548336769376	0.0	1.1143923775561376e-05
_scratch_st-cdeboer-1_asfar_VLPs_results_crispresso_aggregated_spacer_AXBE_rep3_.staging_CRISPRessoPooled_on_AXBE_D1_rep3_CRISPResso_on_B2M	T	6.686354265336824e-05	0.0003343177132668	1.1143923775561376e-05	0.0004011812559202	1.1143923775561376e-05	4.45756951022455e-05	0.9995208112776508	1.1143923775561376e-05	0.9992533571070374	6.686354265336824e-05	4.45756951022455e-05	0.0	5.571961887780688e-05	0.0001448710090822	4.45756951022455e-05	0.9805204212403188	7.800746642892963e-05	0.0	0.00010029531398	0.9997102579818354
_scratch_st-cdeboer-1_asfar_VLPs_results_crispresso_aggregated_spacer_AXBE_rep3_.staging_CRISPRessoPooled_on_AXBE_D1_rep3_CRISPResso_on_B2M	C	2.228784755112275e-05	8.9151390204491e-05	3.343177132668412e-05	6.686354265336824e-05	6.686354265336824e-05	0.9998662729146932	0.0003454616370424	3.343177132668412e-05	0.0004791887223491	0.9997882654482644	0.9998105532958156	8.9151390204491e-05	3.343177132668412e-05	0.9996768262105088	2.228784755112275e-05	0.0193012759792723	0.0001560149328578	1.1143923775561376e-05	0.0001225831615311	0.0001671588566334
_scratch_st-cdeboer-1_asfar_VLPs_results_crispresso_aggregated_spacer_AXBE_rep3_.staging_CRISPRessoPooled_on_AXBE_D1_rep3_CRISPResso_on_B2M	G	0.999743689753162	0.9994985234300996	0.0001671588566334	0.9994873795063242	0.9996099626678554	1.1143923775561376e-05	6.686354265336824e-05	0.0001783027804089	0.0001894467041845	4.45756951022455e-05	4.45756951022455e-05	0.0001337270853067	0.9998105532958156	6.686354265336824e-05	0.9998551289909176	7.800746642892963e-05	0.9996656822867332	0.0001671588566334	0.9997102579818354	0.0001114392377556
_scratch_st-cdeboer-1_asfar_VLPs_results_crispresso_aggregated_spacer_AXBE_rep3_.staging_CRISPRessoPooled_on_AXBE_D1_rep3_CRISPResso_on_B2M	N	0.0	0.0	0.0	0.0	0.0	0.0	0.0	0.0	0.0	0.0	0.0	0.0	0.0	1.1143923775561376e-05	0.0	0.0	0.0	0.0	0.0	0.0
_scratch_st-cdeboer-1_asfar_VLPs_results_crispresso_aggregated_spacer_AXBE_rep3_.staging_CRISPRessoPooled_on_AXBE_D1_rep3_CRISPResso_on_B2M	-	0.0	5.571961887780688e-05	0.0	0.0	7.800746642892963e-05	6.686354265336824e-05	6.686354265336824e-05	6.686354265336824e-05	6.686354265336824e-05	6.686354265336824e-05	7.800746642892963e-05	6.686354265336824e-05	6.686354265336824e-05	6.686354265336824e-05	6.686354265336824e-05	6.686354265336824e-05	6.686354265336824e-05	6.686354265336824e-05	6.686354265336824e-05	0.0
_scratch_st-cdeboer-1_asfar_VLPs_results_crispresso_aggregated_spacer_AXBE_rep3_.staging_CRISPRessoPooled_on_AXBE_D2_rep3_CRISPResso_on_B2M	A	6.892630055313357e-05	1.723157513828339e-05	0.9997070632226492	1.723157513828339e-05	0.0001033894508297	5.1694725414850175e-05	0.0	0.9998104526734788	0.0	6.892630055313357e-05	1.723157513828339e-05	0.9996898316475108	3.446315027656678e-05	3.446315027656678e-05	1.723157513828339e-05	0.0002067789016594	0.0001378526011062	0.9997242947977876	0.0	3.446315027656678e-05
_scratch_st-cdeboer-1_asfar_VLPs_results_crispresso_aggregated_spacer_AXBE_rep3_.staging_CRISPRessoPooled_on_AXBE_D2_rep3_CRISPResso_on_B2M	T	0.0001378526011062	0.0004135578033188	1.723157513828339e-05	0.0003963262281805	6.892630055313357e-05	3.446315027656678e-05	0.998655937139214	0.0	0.9961401271690246	8.615787569141696e-05	0.0001033894508297	0.0	5.1694725414850175e-05	0.0001378526011062	6.892630055313357e-05	0.832302310754226	8.615787569141696e-05	0.0	0.0001033894508297	0.9984319266624162
_scratch_st-cdeboer-1_asfar_VLPs_results_crispresso_aggregated_spacer_AXBE_rep3_.staging_CRISPRessoPooled_on_AXBE_D2_rep3_CRISPResso_on_B2M	C	0.0001723157513828	0.0001550841762445	1.723157513828339e-05	1.723157513828339e-05	5.1694725414850175e-05	0.9998966105491705	0.0012234418348181	5.1694725414850175e-05	0.0036358623541777	0.9998104526734788	0.9998276842486172	0.0001033894508297	3.446315027656678e-05	0.999758757948064	5.1694725414850175e-05	0.1672668998673168	0.0003101683524891	6.892630055313357e-05	1.723157513828339e-05	0.0013612944359243
_scratch_st-cdeboer-1_asfar_VLPs_results_crispresso_aggregated_spacer_AXBE_rep3_.staging_CRISPRessoPooled_on_AXBE_D2_rep3_CRISPResso_on_B2M	G	0.999517515896128	0.999276273844192	0.0002240104767976	0.9995519790464046	0.999758757948064	0.0	0.0001033894508297	0.0001206210259679	0.0001723157513828	0.0	0.0	0.0001723157513828	0.9998621473988938	3.446315027656678e-05	0.9998276842486172	0.0002067789016594	0.9994485895955748	0.0001895473265211	0.9998621473988938	0.0001550841762445
_scratch_st-cdeboer-1_asfar_VLPs_results_crispresso_aggregated_spacer_AXBE_rep3_.staging_CRISPRessoPooled_on_AXBE_D2_rep3_CRISPResso_on_B2M	N	0.0	0.0	0.0	0.0	0.0	0.0	0.0	0.0	0.0	0.0	1.723157513828339e-05	0.0	0.0	1.723157513828339e-05	1.723157513828339e-05	0.0	0.0	0.0	0.0	0.0
_scratch_st-cdeboer-1_asfar_VLPs_results_crispresso_aggregated_spacer_AXBE_rep3_.staging_CRISPRessoPooled_on_AXBE_D2_rep3_CRISPResso_on_B2M	-	0.0001033894508297	0.0001378526011062	3.446315027656678e-05	1.723157513828339e-05	1.723157513828339e-05	1.723157513828339e-05	1.723157513828339e-05	1.723157513828339e-05	5.1694725414850175e-05	3.446315027656678e-05	3.446315027656678e-05	3.446315027656678e-05	1.723157513828339e-05	1.723157513828339e-05	1.723157513828339e-05	1.723157513828339e-05	1.723157513828339e-05	1.723157513828339e-05	1.723157513828339e-05	1.723157513828339e-05
_scratch_st-cdeboer-1_asfar_VLPs_results_crispresso_aggregated_spacer_AXBE_rep3_.staging_CRISPRessoPooled_on_AXBE_D3_rep3_CRISPResso_on_B2M	A	0.000166652778935	4.166319473377219e-05	0.9997083576368636	8.332638946754438e-05	0.0003124739605032	4.166319473377219e-05	2.083159736688609e-05	0.9994792100658278	8.332638946754438e-05	0.0	4.166319473377219e-05	0.9993333888842596	4.166319473377219e-05	4.166319473377219e-05	0.0001249895842013	0.0004791267394383	0.0001041579868344	0.9996041996500292	2.083159736688609e-05	0.0
_scratch_st-cdeboer-1_asfar_VLPs_results_crispresso_aggregated_spacer_AXBE_rep3_.staging_CRISPRessoPooled_on_AXBE_D3_rep3_CRISPResso_on_B2M	T	0.0002083159736688	0.0006041163236396	2.083159736688609e-05	0.0003124739605032	0.0001041579868344	0.0	0.9957711857345222	8.332638946754438e-05	0.9914382134822098	4.166319473377219e-05	0.0001458211815682	0.0	0.0001041579868344	0.0001874843763019	0.0002083159736688	0.6082826431130739	8.332638946754438e-05	0.0	0.000166652778935	0.9970002499791684
_scratch_st-cdeboer-1_asfar_VLPs_results_crispresso_aggregated_spacer_AXBE_rep3_.staging_CRISPRessoPooled_on_AXBE_D3_rep3_CRISPResso_on_B2M	C	4.166319473377219e-05	0.0001458211815682	4.166319473377219e-05	6.249479210065827e-05	6.249479210065827e-05	0.9996875260394968	0.0038121823181401	2.083159736688609e-05	0.008040996583618	0.9995625364552954	0.9993958836763605	0.0001041579868344	6.249479210065827e-05	0.999270894092159	0.0002708107657695	0.3903008082659778	0.0006041163236396	2.083159736688609e-05	6.249479210065827e-05	0.0028122656445296
_scratch_st-cdeboer-1_asfar_VLPs_results_crispresso_aggregated_spacer_AXBE_rep3_.staging_CRISPRessoPooled_on_AXBE_D3_rep3_CRISPResso_on_B2M	G	0.9995417048579284	0.99906257811849	0.0001874843763019	0.9995000416631948	0.9993542204816264	0.0	0.0001249895842013	0.0001458211815682	0.0001458211815682	4.166319473377219e-05	2.083159736688609e-05	0.0002083159736688	0.9993333888842596	4.166319473377219e-05	0.9989584201316556	0.0006041163236396	0.9988750937421882	0.0001458211815682	0.9995417048579284	0.0001249895842013
_scratch_st-cdeboer-1_asfar_VLPs_results_crispresso_aggregated_spacer_AXBE_rep3_.staging_CRISPRessoPooled_on_AXBE_D3_rep3_CRISPResso_on_B2M	N	0.0	0.0	0.0	0.0	0.0	0.0	0.0	0.0	0.0	0.0	4.166319473377219e-05	0.0	0.0	0.0	0.0	0.0	0.0	0.0	0.0	0.0
_scratch_st-cdeboer-1_asfar_VLPs_results_crispresso_aggregated_spacer_AXBE_rep3_.staging_CRISPRessoPooled_on_AXBE_D3_rep3_CRISPResso_on_B2M	-	4.166319473377219e-05	0.0001458211815682	4.166319473377219e-05	4.166319473377219e-05	0.000166652778935	0.0002708107657695	0.0002708107657695	0.0002708107657695	0.0002916423631364	0.000354137155237	0.000354137155237	0.000354137155237	0.0004582951420714	0.0004582951420714	0.0004374635447046	0.0003333055578701	0.0003333055578701	0.0002291475710357	0.0002083159736688	6.249479210065827e-05
_scratch_st-cdeboer-1_asfar_VLPs_results_crispresso_aggregated_spacer_AXBE_rep3_.staging_CRISPRessoPooled_on_AXBE_D4_rep3_CRISPResso_on_B2M	A	9.264513439334809e-05	4.632256719667404e-05	0.9995020324026358	4.632256719667404e-05	0.0001968709105858	1.158064179916851e-05	0.0	0.9994788711190374	1.158064179916851e-05	5.790320899584255e-05	5.790320899584255e-05	0.9994209679100416	0.0001158064179916	3.474192539750553e-05	0.0001273870597908	0.0006485159407534	0.0002200321941842	0.9996525807460248	1.158064179916851e-05	1.158064179916851e-05
_scratch_st-cdeboer-1_asfar_VLPs_results_crispresso_aggregated_spacer_AXBE_rep3_.staging_CRISPRessoPooled_on_AXBE_D4_rep3_CRISPResso_on_B2M	T	0.00013896770159	0.0004748063137659	3.474192539750553e-05	0.00041690310477	3.474192539750553e-05	8.106449259417957e-05	0.9941633565332192	2.316128359833702e-05	0.984875681810286	6.948385079501106e-05	0.0002547741195817	0.0	6.948385079501106e-05	0.0001737096269875	0.0001273870597908	0.4011765932067955	0.00013896770159	1.158064179916851e-05	0.0001737096269875	0.9955182916237216
_scratch_st-cdeboer-1_asfar_VLPs_results_crispresso_aggregated_spacer_AXBE_rep3_.staging_CRISPRessoPooled_on_AXBE_D4_rep3_CRISPResso_on_B2M	C	6.948385079501106e-05	0.0001158064179916	6.948385079501106e-05	0.00013896770159	4.632256719667404e-05	0.9995715162534308	0.00543132100381	4.632256719667404e-05	0.0145568667415548	0.9995715162534308	0.999386225984644	0.0001042257761925	8.106449259417957e-05	0.9995483549698324	0.0001158064179916	0.5975147942698984	0.0005327095227617	8.106449259417957e-05	0.0001158064179916	0.0043427406746881
_scratch_st-cdeboer-1_asfar_VLPs_results_crispresso_aggregated_spacer_AXBE_rep3_.staging_CRISPRessoPooled_on_AXBE_D4_rep3_CRISPResso_on_B2M	G	0.999525193686234	0.9991430325068617	0.0001968709105858	0.9992588389248532	0.9994209679100416	3.474192539750553e-05	9.264513439334809e-05	0.00013896770159	0.000208451552385	1.158064179916851e-05	1.158064179916851e-05	0.0001852902687866	0.9994672904772384	2.316128359833702e-05	0.9994093872682424	0.0004632256719667	0.9989114196708782	0.0001737096269875	0.9996178388206276	0.0001042257761925
_scratch_st-cdeboer-1_asfar_VLPs_results_crispresso_aggregated_spacer_AXBE_rep3_.staging_CRISPRessoPooled_on_AXBE_D4_rep3_CRISPResso_on_B2M	N	0.0	0.0	1.158064179916851e-05	0.0	0.0	0.0	0.0	0.0	0.0	0.0	0.0	0.0	0.0	0.0	0.0	0.0	0.0	0.0	0.0	0.0
_scratch_st-cdeboer-1_asfar_VLPs_results_crispresso_aggregated_spacer_AXBE_rep3_.staging_CRISPRessoPooled_on_AXBE_D4_rep3_CRISPResso_on_B2M	-	0.0001737096269875	0.0002200321941842	0.0001852902687866	0.00013896770159	0.0003010966867783	0.0003010966867783	0.0003126773285775	0.0003126773285775	0.000347419253975	0.0002895160449792	0.0002895160449792	0.0002895160449792	0.0002663547613808	0.0002200321941842	0.0002200321941842	0.0001968709105858	0.0001968709105858	8.106449259417957e-05	8.106449259417957e-05	2.316128359833702e-05
_scratch_st-cdeboer-1_asfar_VLPs_results_crispresso_aggregated_spacer_AXBE_rep3_.staging_CRISPRessoPooled_on_AXBE_D5_rep3_CRISPResso_on_B2M	A	0.0	4.021555537681976e-05	0.9997184911123622	0.0	0.0003619399983913	0.0001206466661304	0.0	0.9998793533338696	0.0	4.021555537681976e-05	4.021555537681976e-05	0.9999195688892464	0.0	4.021555537681976e-05	4.021555537681976e-05	0.0016086222150727	0.0006836644414059	0.999758706667739	0.0004825866645218	4.021555537681976e-05
_scratch_st-cdeboer-1_asfar_VLPs_results_crispresso_aggregated_spacer_AXBE_rep3_.staging_CRISPRessoPooled_on_AXBE_D5_rep3_CRISPResso_on_B2M	T	8.043111075363951e-05	0.0005228022198986	0.0	0.0006032333306522	0.0	0.0	0.9949328400225208	4.021555537681976e-05	0.9881364111638382	0.0	0.0001608622215072	0.0	0.0	0.0001206466661304	0.0	0.50961151773506	4.021555537681976e-05	0.0	4.021555537681976e-05	0.995495857797796
_scratch_st-cdeboer-1_asfar_VLPs_results_crispresso_aggregated_spacer_AXBE_rep3_.staging_CRISPRessoPooled_on_AXBE_D5_rep3_CRISPResso_on_B2M	C	0.0001206466661304	8.043111075363951e-05	8.043111075363951e-05	4.021555537681976e-05	0.0	0.9996782755569854	0.0049465133113488	0.0	0.0115016488377704	0.9999597844446232	0.999758706667739	4.021555537681976e-05	4.021555537681976e-05	0.999798922223116	0.0001608622215072	0.4879755489423309	0.0012064666613045	8.043111075363951e-05	8.043111075363951e-05	0.0043432799806965
_scratch_st-cdeboer-1_asfar_VLPs_results_crispresso_aggregated_spacer_AXBE_rep3_.staging_CRISPRessoPooled_on_AXBE_D5_rep3_CRISPResso_on_B2M	G	0.999798922223116	0.999316335558594	0.000201077776884	0.9993565511139708	0.9996380600016086	0.000201077776884	0.0001206466661304	8.043111075363951e-05	0.0003619399983913	0.0	4.021555537681976e-05	4.021555537681976e-05	0.9999597844446232	4.021555537681976e-05	0.999798922223116	0.0008043111075363	0.9980696533419128	0.0001608622215072	0.9993967666693476	0.0001206466661304
_scratch_st-cdeboer-1_asfar_VLPs_results_crispresso_aggregated_spacer_AXBE_rep3_.staging_CRISPRessoPooled_on_AXBE_D5_rep3_CRISPResso_on_B2M	N	0.0	0.0	0.0	0.0	0.0	0.0	0.0	0.0	0.0	0.0	0.0	0.0	0.0	0.0	0.0	0.0	0.0	0.0	0.0	0.0
_scratch_st-cdeboer-1_asfar_VLPs_results_crispresso_aggregated_spacer_AXBE_rep3_.staging_CRISPRessoPooled_on_AXBE_D5_rep3_CRISPResso_on_B2M	-	0.0	4.021555537681976e-05	0.0	0.0	0.0	0.0	0.0	0.0	0.0	0.0	0.0	0.0	0.0	0.0	0.0	0.0	0.0	0.0	0.0	0.0
