Folder	Nucleotide	C	A	C	C	T	A	C	C	T	A	A	G	A	A	C	C	A	T	C	C
_scratch_st-cdeboer-1_asfar_VLPs_results_crispresso_aggregated_spacer_AXBE_rep1_.staging_CRISPRessoPooled_on_AXBE_D0_rep1_CRISPResso_on_PDCD1	A	6.488871585231328e-05	0.99978911167348	4.05554474076958e-05	5.6777626370774125e-05	8.11108948153916e-06	0.9998134449419246	1.622217896307832e-05	4.8666536889234965e-05	8.11108948153916e-06	0.9998783336577768	0.9997810005839984	8.922198429693076e-05	0.9997566673155538	0.9997566673155538	4.8666536889234965e-05	4.05554474076958e-05	0.9998377782103692	0.0	3.244435792615664e-05	6.488871585231328e-05
_scratch_st-cdeboer-1_asfar_VLPs_results_crispresso_aggregated_spacer_AXBE_rep1_.staging_CRISPRessoPooled_on_AXBE_D0_rep1_CRISPResso_on_PDCD1	T	7.299980533385244e-05	0.0	6.488871585231328e-05	1.622217896307832e-05	0.999821556031406	2.4333268444617483e-05	8.11108948153916e-05	4.05554474076958e-05	0.9997728894945168	0.0	1.622217896307832e-05	8.11108948153916e-05	0.0	0.0	8.11108948153916e-06	8.922198429693076e-05	1.622217896307832e-05	0.9996350009733308	4.05554474076958e-05	5.6777626370774125e-05
_scratch_st-cdeboer-1_asfar_VLPs_results_crispresso_aggregated_spacer_AXBE_rep1_.staging_CRISPRessoPooled_on_AXBE_D0_rep1_CRISPResso_on_PDCD1	C	0.9998458892998509	8.922198429693076e-05	0.9998864447472584	0.999910778015703	0.00010544416326	4.05554474076958e-05	0.9999026669262217	0.9998540003893324	8.922198429693076e-05	1.622217896307832e-05	4.8666536889234965e-05	8.922198429693076e-05	7.299980533385244e-05	3.244435792615664e-05	0.9999270001946662	0.999862111478814	6.488871585231328e-05	0.0002676659528907	0.9999026669262217	0.9998702225682954
_scratch_st-cdeboer-1_asfar_VLPs_results_crispresso_aggregated_spacer_AXBE_rep1_.staging_CRISPRessoPooled_on_AXBE_D0_rep1_CRISPResso_on_PDCD1	G	0.0	0.0001135552527415	8.11108948153916e-06	1.622217896307832e-05	6.488871585231328e-05	0.0001135552527415	0.0	4.05554474076958e-05	0.000121666342223	0.00010544416326	0.0001297774317046	0.9997404451365908	0.0001703328791123	0.00021088832652	1.622217896307832e-05	8.11108948153916e-06	8.11108948153916e-05	9.733307377846992e-05	2.4333268444617483e-05	8.11108948153916e-06
_scratch_st-cdeboer-1_asfar_VLPs_results_crispresso_aggregated_spacer_AXBE_rep1_.staging_CRISPRessoPooled_on_AXBE_D0_rep1_CRISPResso_on_PDCD1	N	0.0	0.0	0.0	0.0	0.0	0.0	0.0	0.0	0.0	0.0	0.0	0.0	0.0	0.0	0.0	0.0	0.0	0.0	0.0	0.0
_scratch_st-cdeboer-1_asfar_VLPs_results_crispresso_aggregated_spacer_AXBE_rep1_.staging_CRISPRessoPooled_on_AXBE_D0_rep1_CRISPResso_on_PDCD1	-	1.622217896307832e-05	8.11108948153916e-06	0.0	0.0	0.0	8.11108948153916e-06	0.0	1.622217896307832e-05	8.11108948153916e-06	0.0	2.4333268444617483e-05	0.0	0.0	0.0	0.0	0.0	0.0	0.0	0.0	0.0
_scratch_st-cdeboer-1_asfar_VLPs_results_crispresso_aggregated_spacer_AXBE_rep1_.staging_CRISPRessoPooled_on_AXBE_D1_rep1_CRISPResso_on_PDCD1	A	6.701009339531767e-05	0.9994890480378608	5.863383172090296e-05	0.0001926540185115	8.376261674414708e-06	0.995778364116095	3.3505046697658834e-05	7.538635506973238e-05	0.0	0.9983582527118148	0.9996230682246512	7.538635506973238e-05	0.9997235833647444	0.9997905934581396	3.3505046697658834e-05	0.0001005151400929	0.9997654646731164	0.0	7.538635506973238e-05	2.5128785023244127e-05
_scratch_st-cdeboer-1_asfar_VLPs_results_crispresso_aggregated_spacer_AXBE_rep1_.staging_CRISPRessoPooled_on_AXBE_D1_rep1_CRISPResso_on_PDCD1	T	4.188130837207354e-05	2.5128785023244127e-05	5.863383172090296e-05	2.5128785023244127e-05	0.9997403358880932	0.0	7.538635506973238e-05	6.701009339531767e-05	0.9997487121497676	8.376261674414708e-06	0.0	0.0001005151400929	1.6752523348829417e-05	0.0	4.188130837207354e-05	7.538635506973238e-05	8.376261674414708e-06	0.9997068308413954	1.6752523348829417e-05	6.701009339531767e-05
_scratch_st-cdeboer-1_asfar_VLPs_results_crispresso_aggregated_spacer_AXBE_rep1_.staging_CRISPRessoPooled_on_AXBE_D1_rep1_CRISPResso_on_PDCD1	C	0.999840851028186	2.5128785023244127e-05	0.9998743560748836	0.9997822171964652	0.0001340201867906	8.376261674414708e-06	0.999857603551535	0.999857603551535	0.0001005151400929	0.0001340201867906	5.0257570046488254e-05	1.6752523348829417e-05	8.376261674414709e-05	5.863383172090296e-05	0.9999246136449302	0.999798969719814	7.538635506973238e-05	0.0002177828035347	0.9998911085982326	0.9998827323365582
_scratch_st-cdeboer-1_asfar_VLPs_results_crispresso_aggregated_spacer_AXBE_rep1_.staging_CRISPRessoPooled_on_AXBE_D1_rep1_CRISPResso_on_PDCD1	G	1.6752523348829417e-05	0.0004439418687439	0.0	0.0	0.0001088914017673	0.0042132596222305	3.3505046697658834e-05	0.0	0.000142396448465	0.0014993508397202	0.0003015454202789	0.999798969719814	0.0001675252334882	0.0001507727101394	0.0	1.6752523348829417e-05	0.0001507727101394	6.701009339531767e-05	1.6752523348829417e-05	2.5128785023244127e-05
_scratch_st-cdeboer-1_asfar_VLPs_results_crispresso_aggregated_spacer_AXBE_rep1_.staging_CRISPRessoPooled_on_AXBE_D1_rep1_CRISPResso_on_PDCD1	N	0.0	0.0	0.0	0.0	8.376261674414708e-06	0.0	0.0	0.0	0.0	0.0	0.0	8.376261674414708e-06	8.376261674414708e-06	0.0	0.0	0.0	0.0	8.376261674414708e-06	0.0	0.0
_scratch_st-cdeboer-1_asfar_VLPs_results_crispresso_aggregated_spacer_AXBE_rep1_.staging_CRISPRessoPooled_on_AXBE_D1_rep1_CRISPResso_on_PDCD1	-	3.3505046697658834e-05	1.6752523348829417e-05	8.376261674414708e-06	0.0	0.0	0.0	0.0	0.0	8.376261674414708e-06	0.0	2.5128785023244127e-05	0.0	0.0	0.0	0.0	8.376261674414708e-06	0.0	0.0	0.0	0.0
_scratch_st-cdeboer-1_asfar_VLPs_results_crispresso_aggregated_spacer_AXBE_rep1_.staging_CRISPRessoPooled_on_AXBE_D2_rep1_CRISPResso_on_PDCD1	A	8.078663096666975e-05	0.9994114116886714	2.308189456190564e-05	5.77047364047641e-05	1.154094728095282e-05	0.9934793647862616	5.77047364047641e-05	0.0001154094728095	0.0	0.9973917459145046	0.9994575754777952	6.924568368571692e-05	0.9997114763179762	0.999769181054381	4.616378912381128e-05	5.77047364047641e-05	0.9998153448435048	0.0	8.078663096666975e-05	3.462284184285846e-05
_scratch_st-cdeboer-1_asfar_VLPs_results_crispresso_aggregated_spacer_AXBE_rep1_.staging_CRISPRessoPooled_on_AXBE_D2_rep1_CRISPResso_on_PDCD1	T	5.77047364047641e-05	0.0	9.232757824762255e-05	1.154094728095282e-05	0.9996768534761332	0.0	3.462284184285846e-05	2.308189456190564e-05	0.9998730495799096	9.232757824762255e-05	1.154094728095282e-05	6.924568368571692e-05	1.154094728095282e-05	0.0	9.232757824762255e-05	2.308189456190564e-05	0.0	0.9996999353706952	5.77047364047641e-05	6.924568368571692e-05
_scratch_st-cdeboer-1_asfar_VLPs_results_crispresso_aggregated_spacer_AXBE_rep1_.staging_CRISPRessoPooled_on_AXBE_D2_rep1_CRISPResso_on_PDCD1	C	0.9998153448435048	3.462284184285846e-05	0.9998615086326286	0.9999076724217524	0.0002077370510571	0.0	0.9998845905271904	0.9998499676853476	6.924568368571692e-05	5.77047364047641e-05	1.154094728095282e-05	4.616378912381128e-05	8.078663096666975e-05	5.77047364047641e-05	0.9998615086326286	0.9999192133690332	3.462284184285846e-05	0.0001961961037761	0.9998615086326286	0.9998730495799096
_scratch_st-cdeboer-1_asfar_VLPs_results_crispresso_aggregated_spacer_AXBE_rep1_.staging_CRISPRessoPooled_on_AXBE_D2_rep1_CRISPResso_on_PDCD1	G	1.154094728095282e-05	0.0005539654694857	2.308189456190564e-05	2.308189456190564e-05	9.232757824762255e-05	0.0065206352137383	2.308189456190564e-05	1.154094728095282e-05	5.77047364047641e-05	0.0024582217708429	0.0004847197858	0.9998153448435048	0.0001961961037761	0.0001731142092142	0.0	0.0	0.0001500323146523	0.0001038685255285	0.0	1.154094728095282e-05
_scratch_st-cdeboer-1_asfar_VLPs_results_crispresso_aggregated_spacer_AXBE_rep1_.staging_CRISPRessoPooled_on_AXBE_D2_rep1_CRISPResso_on_PDCD1	N	2.308189456190564e-05	0.0	0.0	0.0	0.0	0.0	0.0	0.0	0.0	0.0	0.0	0.0	0.0	0.0	0.0	0.0	0.0	0.0	0.0	0.0
_scratch_st-cdeboer-1_asfar_VLPs_results_crispresso_aggregated_spacer_AXBE_rep1_.staging_CRISPRessoPooled_on_AXBE_D2_rep1_CRISPResso_on_PDCD1	-	1.154094728095282e-05	0.0	0.0	0.0	1.154094728095282e-05	0.0	0.0	0.0	0.0	0.0	3.462284184285846e-05	0.0	0.0	0.0	0.0	0.0	0.0	0.0	0.0	1.154094728095282e-05
_scratch_st-cdeboer-1_asfar_VLPs_results_crispresso_aggregated_spacer_AXBE_rep1_.staging_CRISPRessoPooled_on_AXBE_D3_rep1_CRISPResso_on_PDCD1	A	6.228416805652634e-05	0.9995916926760738	9.688648364348542e-05	6.920463117391815e-05	0.0	0.9980345884746608	6.920463117391815e-05	7.612509429130997e-05	1.3840926234783633e-05	0.9993979197087868	0.9997370224015392	8.99660205260936e-05	0.9996816586966	0.9997854656433608	1.3840926234783633e-05	2.076138935217545e-05	0.9997439428646564	6.920463117391816e-06	4.844324182174271e-05	4.844324182174271e-05
_scratch_st-cdeboer-1_asfar_VLPs_results_crispresso_aggregated_spacer_AXBE_rep1_.staging_CRISPRessoPooled_on_AXBE_D3_rep1_CRISPResso_on_PDCD1	T	6.920463117391815e-05	2.7681852469567265e-05	5.536370493913453e-05	4.152277870435089e-05	0.9998200679589478	1.3840926234783633e-05	8.99660205260936e-05	6.228416805652634e-05	0.9998269884220652	1.3840926234783633e-05	6.920463117391816e-06	0.000124568336113	0.0	0.0	2.7681852469567265e-05	4.152277870435089e-05	6.920463117391816e-06	0.9996954996228348	6.920463117391816e-06	3.460231558695908e-05
_scratch_st-cdeboer-1_asfar_VLPs_results_crispresso_aggregated_spacer_AXBE_rep1_.staging_CRISPRessoPooled_on_AXBE_D3_rep1_CRISPResso_on_PDCD1	C	0.9998339088851826	4.152277870435089e-05	0.9998269884220652	0.9998892725901216	9.688648364348542e-05	2.7681852469567265e-05	0.9998339088851826	0.9998269884220652	7.612509429130997e-05	7.612509429130997e-05	2.076138935217545e-05	3.460231558695908e-05	8.304555740870178e-05	4.844324182174271e-05	0.9999515567581784	0.9999031135163564	8.304555740870178e-05	0.0002145343566391	0.9999238749057088	0.9998892725901216
_scratch_st-cdeboer-1_asfar_VLPs_results_crispresso_aggregated_spacer_AXBE_rep1_.staging_CRISPRessoPooled_on_AXBE_D3_rep1_CRISPResso_on_PDCD1	G	0.0	0.0003391026927521	6.920463117391816e-06	0.0	7.612509429130997e-05	0.0019238887466349	6.920463117391816e-06	3.460231558695908e-05	8.304555740870178e-05	0.0005121142706869	0.0001799320410521	0.999750863327774	0.0002352957459913	0.0001660911148174	6.920463117391816e-06	2.076138935217545e-05	0.0001660911148174	8.304555740870178e-05	2.076138935217545e-05	2.7681852469567265e-05
_scratch_st-cdeboer-1_asfar_VLPs_results_crispresso_aggregated_spacer_AXBE_rep1_.staging_CRISPRessoPooled_on_AXBE_D3_rep1_CRISPResso_on_PDCD1	N	0.0	0.0	1.3840926234783633e-05	0.0	0.0	0.0	0.0	0.0	0.0	0.0	0.0	0.0	0.0	0.0	0.0	0.0	0.0	0.0	0.0	0.0
_scratch_st-cdeboer-1_asfar_VLPs_results_crispresso_aggregated_spacer_AXBE_rep1_.staging_CRISPRessoPooled_on_AXBE_D3_rep1_CRISPResso_on_PDCD1	-	3.460231558695908e-05	0.0	0.0	0.0	6.920463117391816e-06	0.0	0.0	0.0	0.0	0.0	5.536370493913453e-05	0.0	0.0	0.0	0.0	1.3840926234783633e-05	0.0	0.0	0.0	0.0
_scratch_st-cdeboer-1_asfar_VLPs_results_crispresso_aggregated_spacer_AXBE_rep1_.staging_CRISPRessoPooled_on_AXBE_D4_rep1_CRISPResso_on_PDCD1	A	7.190558796300457e-05	0.9837673135173516	7.190558796300457e-05	8.988198495375572e-05	0.0	0.8802232668506251	0.0005123273142364	8.089378645838015e-05	8.988198495375572e-06	0.9495402536469616	0.9959822752725672	6.2917389467629e-05	0.9996045192662036	0.999712377648148	0.0	4.494099247687786e-05	0.9996674366556711	2.6964595486126715e-05	6.2917389467629e-05	6.2917389467629e-05
_scratch_st-cdeboer-1_asfar_VLPs_results_crispresso_aggregated_spacer_AXBE_rep1_.staging_CRISPRessoPooled_on_AXBE_D4_rep1_CRISPResso_on_PDCD1	T	8.089378645838015e-05	3.595279398150229e-05	0.0001348229774306	1.7976396990751144e-05	0.9992360031278932	1.7976396990751144e-05	0.0002067285653936	2.6964595486126715e-05	0.999424755296296	0.0014201353622693	0.0	0.0001258347789352	0.0	0.0	5.392919097225343e-05	4.494099247687786e-05	2.6964595486126715e-05	0.9996045192662036	1.7976396990751144e-05	6.2917389467629e-05
_scratch_st-cdeboer-1_asfar_VLPs_results_crispresso_aggregated_spacer_AXBE_rep1_.staging_CRISPRessoPooled_on_AXBE_D4_rep1_CRISPResso_on_PDCD1	C	0.9994696962887728	0.000143811175926	0.9994607080902774	0.9990832037534716	0.000143811175926	0.0001168465804398	0.998759628607638	0.9992989205173608	8.988198495375572e-05	0.0016987695156259	0.0004583981232641	5.392919097225343e-05	8.988198495375572e-06	8.988198495375572e-06	0.9998472006255786	0.9998022596331018	7.190558796300457e-05	0.0001797639699075	0.9998202360300924	0.9997663068391204
_scratch_st-cdeboer-1_asfar_VLPs_results_crispresso_aggregated_spacer_AXBE_rep1_.staging_CRISPRessoPooled_on_AXBE_D4_rep1_CRISPResso_on_PDCD1	G	1.7976396990751144e-05	0.0157293473669072	2.6964595486126715e-05	0.0003055987488427	0.0001078583819445	0.1192374412396523	0.0001258347789352	0.0001977403668982	0.0001348229774306	0.0470172663293096	0.0031458694733814	0.9996674366556711	0.0002966105503473	0.0001887521684028	0.0	0.0	0.000143811175926	8.988198495375572e-05	0.0	1.7976396990751144e-05
_scratch_st-cdeboer-1_asfar_VLPs_results_crispresso_aggregated_spacer_AXBE_rep1_.staging_CRISPRessoPooled_on_AXBE_D4_rep1_CRISPResso_on_PDCD1	N	0.0	0.0	0.0	0.0	0.0	0.0	0.0	0.0	0.0	0.0	0.0	0.0	0.0	0.0	8.988198495375572e-06	1.7976396990751144e-05	0.0	0.0	0.0	0.0
_scratch_st-cdeboer-1_asfar_VLPs_results_crispresso_aggregated_spacer_AXBE_rep1_.staging_CRISPRessoPooled_on_AXBE_D4_rep1_CRISPResso_on_PDCD1	-	0.000359527939815	0.0003235751458335	0.0003055987488427	0.000503339115741	0.0005123273142364	0.0004044689322919	0.0003954807337965	0.0003954807337965	0.0003415515428242	0.0003235751458335	0.0004134571307872	8.988198495375572e-05	8.988198495375572e-05	8.988198495375572e-05	8.988198495375572e-05	8.988198495375572e-05	8.988198495375572e-05	9.887018344913129e-05	9.887018344913129e-05	8.988198495375572e-05
_scratch_st-cdeboer-1_asfar_VLPs_results_crispresso_aggregated_spacer_AXBE_rep1_.staging_CRISPRessoPooled_on_AXBE_D5_rep1_CRISPResso_on_PDCD1	A	4.2767941151312976e-05	0.9932426652980926	4.2767941151312976e-05	4.2767941151312976e-05	0.0	0.928791377983064	4.2767941151312976e-05	8.553588230262595e-05	4.2767941151312976e-05	0.9706611923701992	0.9981182105893422	4.2767941151312976e-05	0.9995295526473356	0.9994440167650328	4.2767941151312976e-05	8.553588230262595e-05	0.9997433923530922	0.0	0.0	8.553588230262595e-05
_scratch_st-cdeboer-1_asfar_VLPs_results_crispresso_aggregated_spacer_AXBE_rep1_.staging_CRISPRessoPooled_on_AXBE_D5_rep1_CRISPResso_on_PDCD1	T	0.0	0.0	4.2767941151312976e-05	4.2767941151312976e-05	0.9994012488238816	0.0	4.2767941151312976e-05	0.0004276794115131	0.9992729450004276	0.0004276794115131	0.0	4.2767941151312976e-05	0.0	0.0	0.0	0.0	0.0	0.9997861602942434	4.2767941151312976e-05	4.2767941151312976e-05
_scratch_st-cdeboer-1_asfar_VLPs_results_crispresso_aggregated_spacer_AXBE_rep1_.staging_CRISPRessoPooled_on_AXBE_D5_rep1_CRISPResso_on_PDCD1	C	0.9997433923530922	0.0	0.9996578564707896	0.9993584808827304	0.0001710717646052	8.553588230262595e-05	0.9996578564707896	0.9991446411769738	0.0002138397057565	0.0011119664699341	0.0	4.2767941151312976e-05	4.2767941151312976e-05	4.2767941151312976e-05	0.9997006244119409	0.9996578564707896	0.0	0.0001283038234539	0.9998289282353948	0.9997433923530922
_scratch_st-cdeboer-1_asfar_VLPs_results_crispresso_aggregated_spacer_AXBE_rep1_.staging_CRISPRessoPooled_on_AXBE_D5_rep1_CRISPResso_on_PDCD1	G	0.0	0.0065434949961508	0.0	0.0002993755880591	0.0001710717646052	0.0708664784877256	0.0	8.553588230262595e-05	0.0002138397057565	0.0274997861602942	0.0015396458814472	0.9996150885296382	0.0001710717646052	0.0002566076469078	0.0	0.0	0.0001710717646052	0.0	4.2767941151312976e-05	0.0
_scratch_st-cdeboer-1_asfar_VLPs_results_crispresso_aggregated_spacer_AXBE_rep1_.staging_CRISPRessoPooled_on_AXBE_D5_rep1_CRISPResso_on_PDCD1	N	0.0	0.0	0.0	0.0	0.0	0.0	0.0	0.0	0.0	0.0	0.0	0.0	0.0	0.0	0.0	0.0	0.0	0.0	0.0	0.0
_scratch_st-cdeboer-1_asfar_VLPs_results_crispresso_aggregated_spacer_AXBE_rep1_.staging_CRISPRessoPooled_on_AXBE_D5_rep1_CRISPResso_on_PDCD1	-	0.0002138397057565	0.0002138397057565	0.0002566076469078	0.0002566076469078	0.0002566076469078	0.0002566076469078	0.0002566076469078	0.0002566076469078	0.0002566076469078	0.0002993755880591	0.0003421435292105	0.0002566076469078	0.0002566076469078	0.0002566076469078	0.0002566076469078	0.0002566076469078	8.553588230262595e-05	8.553588230262595e-05	8.553588230262595e-05	0.0001283038234539
