Folder	Nucleotide	G	G	C	C	C	A	G	A	C	T	G	A	G	C	A	C	G	T	G	A
_scratch_st-cdeboer-1_asfar_VLPs_results_crispresso_aggregated_spacer_AXBE_rep1_.staging_CRISPRessoPooled_on_AXBE_D0_rep1_CRISPResso_on_HEK3	A	0.0	0.0	0.0	0.0	8.325354868251259e-05	0.9991882779003456	8.325354868251259e-05	0.9992299046746868	2.0813387170628147e-05	0.0	0.0	0.9998126795154644	8.325354868251259e-05	2.0813387170628147e-05	0.999937559838488	0.0	2.0813387170628147e-05	4.1626774341256295e-05	0.0	0.9998751196769762
_scratch_st-cdeboer-1_asfar_VLPs_results_crispresso_aggregated_spacer_AXBE_rep1_.staging_CRISPRessoPooled_on_AXBE_D0_rep1_CRISPResso_on_HEK3	T	0.0001873204845356	0.0	8.325354868251259e-05	0.0	2.0813387170628147e-05	0.0	0.0001040669358531	2.0813387170628147e-05	2.0813387170628147e-05	0.999833492902635	4.1626774341256295e-05	0.0	2.0813387170628147e-05	4.1626774341256295e-05	0.0	6.244016151188444e-05	0.0001248803230237	0.9997086125796112	4.1626774341256295e-05	0.0
_scratch_st-cdeboer-1_asfar_VLPs_results_crispresso_aggregated_spacer_AXBE_rep1_.staging_CRISPRessoPooled_on_AXBE_D0_rep1_CRISPResso_on_HEK3	C	2.0813387170628147e-05	0.0001248803230237	0.9999167464513176	1.0	0.9998959330641468	0.0001040669358531	2.0813387170628147e-05	4.1626774341256295e-05	0.999937559838488	0.0001248803230237	8.325354868251259e-05	0.0001040669358531	2.0813387170628147e-05	0.9999167464513176	0.0	0.9999167464513176	0.0002497606460475	0.0001456937101943	8.325354868251259e-05	0.0
_scratch_st-cdeboer-1_asfar_VLPs_results_crispresso_aggregated_spacer_AXBE_rep1_.staging_CRISPRessoPooled_on_AXBE_D0_rep1_CRISPResso_on_HEK3	G	0.9997710527411232	0.9997918661282936	0.0	0.0	0.0	0.0007076551638013	0.9997918661282936	0.0007076551638013	2.0813387170628147e-05	4.1626774341256295e-05	0.9998751196769762	8.325354868251259e-05	0.9998751196769762	2.0813387170628147e-05	6.244016151188444e-05	2.0813387170628147e-05	0.999604545643758	0.0001040669358531	0.9998751196769762	0.0001248803230237
_scratch_st-cdeboer-1_asfar_VLPs_results_crispresso_aggregated_spacer_AXBE_rep1_.staging_CRISPRessoPooled_on_AXBE_D0_rep1_CRISPResso_on_HEK3	N	0.0	0.0	0.0	0.0	0.0	0.0	0.0	0.0	0.0	0.0	0.0	0.0	0.0	0.0	0.0	0.0	0.0	0.0	0.0	0.0
_scratch_st-cdeboer-1_asfar_VLPs_results_crispresso_aggregated_spacer_AXBE_rep1_.staging_CRISPRessoPooled_on_AXBE_D0_rep1_CRISPResso_on_HEK3	-	2.0813387170628147e-05	8.325354868251259e-05	0.0	0.0	0.0	0.0	0.0	0.0	0.0	0.0	0.0	0.0	0.0	0.0	0.0	0.0	0.0	0.0	0.0	0.0
_scratch_st-cdeboer-1_asfar_VLPs_results_crispresso_aggregated_spacer_AXBE_rep1_.staging_CRISPRessoPooled_on_AXBE_D1_rep1_CRISPResso_on_HEK3	A	0.0	0.0	0.0	0.000103087469718	0.0004123498788722	0.920364929642802	0.0	0.9394361115406422	0.0	0.0	0.0	0.9994330189165508	0.0	0.000103087469718	0.9997422813257048	0.0	5.154373485902789e-05	0.0	0.0	0.9996907375908458
_scratch_st-cdeboer-1_asfar_VLPs_results_crispresso_aggregated_spacer_AXBE_rep1_.staging_CRISPRessoPooled_on_AXBE_D1_rep1_CRISPResso_on_HEK3	T	0.000103087469718	5.154373485902789e-05	0.0	5.154373485902789e-05	0.0004638936137312	0.0028349054172465	5.154373485902789e-05	0.0	0.0	0.999896912530282	0.000103087469718	0.0	0.0	0.000154631204577	0.0	0.000103087469718	0.000154631204577	0.9995876501211278	0.0	0.0
_scratch_st-cdeboer-1_asfar_VLPs_results_crispresso_aggregated_spacer_AXBE_rep1_.staging_CRISPRessoPooled_on_AXBE_D1_rep1_CRISPResso_on_HEK3	C	0.0	0.000103087469718	1.0	0.9995876501211278	0.9985567754239472	0.0049997422813257	0.0	0.000103087469718	0.9995876501211278	5.154373485902789e-05	5.154373485902789e-05	0.000154631204577	0.0	0.9996907375908458	5.154373485902789e-05	0.9997422813257048	0.0002577186742951	0.000154631204577	0.0002577186742951	5.154373485902789e-05
_scratch_st-cdeboer-1_asfar_VLPs_results_crispresso_aggregated_spacer_AXBE_rep1_.staging_CRISPRessoPooled_on_AXBE_D1_rep1_CRISPResso_on_HEK3	G	0.999845368795423	0.9997422813257048	0.0	0.000154631204577	0.0003092624091541	0.0715942477191897	0.9995876501211278	0.0598422761713313	5.154373485902789e-05	0.0	0.999793825060564	0.0003608061440131	0.999948456265141	0.0	0.000154631204577	0.000103087469718	0.9994845626514096	0.0002061749394361	0.9996907375908458	0.0002061749394361
_scratch_st-cdeboer-1_asfar_VLPs_results_crispresso_aggregated_spacer_AXBE_rep1_.staging_CRISPRessoPooled_on_AXBE_D1_rep1_CRISPResso_on_HEK3	N	0.0	0.0	0.0	0.0	0.0	0.0	0.0	0.0	0.0	0.0	0.0	0.0	0.0	0.0	0.0	0.0	0.0	0.0	0.0	0.0
_scratch_st-cdeboer-1_asfar_VLPs_results_crispresso_aggregated_spacer_AXBE_rep1_.staging_CRISPRessoPooled_on_AXBE_D1_rep1_CRISPResso_on_HEK3	-	5.154373485902789e-05	0.000103087469718	0.0	0.000103087469718	0.0002577186742951	0.0002061749394361	0.0003608061440131	0.0006185248183083	0.0003608061440131	5.154373485902789e-05	5.154373485902789e-05	5.154373485902789e-05	5.154373485902789e-05	5.154373485902789e-05	5.154373485902789e-05	5.154373485902789e-05	5.154373485902789e-05	5.154373485902789e-05	5.154373485902789e-05	5.154373485902789e-05
_scratch_st-cdeboer-1_asfar_VLPs_results_crispresso_aggregated_spacer_AXBE_rep1_.staging_CRISPRessoPooled_on_AXBE_D2_rep1_CRISPResso_on_HEK3	A	0.0	5.674724775848372e-05	2.8373623879241855e-05	8.512087163772556e-05	0.0004539779820678	0.8152593349222562	2.8373623879241855e-05	0.8633810010214504	5.674724775848372e-05	0.0	0.0	0.9986664396776757	0.0	5.674724775848372e-05	0.9991487912836228	0.0	0.0	2.8373623879241855e-05	0.0	0.9996878901373284
_scratch_st-cdeboer-1_asfar_VLPs_results_crispresso_aggregated_spacer_AXBE_rep1_.staging_CRISPRessoPooled_on_AXBE_D2_rep1_CRISPResso_on_HEK3	T	0.0002553626149131	0.0	0.0003688571104301	0.0009930768357734	0.0008512087163772	0.0040290545908523	8.512087163772556e-05	0.0001134944955169	5.674724775848372e-05	0.9988650550448304	5.674724775848372e-05	0.0	2.8373623879241855e-05	0.0	2.8373623879241855e-05	0.0	0.0001134944955169	0.9996878901373284	8.512087163772556e-05	2.8373623879241855e-05
_scratch_st-cdeboer-1_asfar_VLPs_results_crispresso_aggregated_spacer_AXBE_rep1_.staging_CRISPRessoPooled_on_AXBE_D2_rep1_CRISPResso_on_HEK3	C	0.0	0.0003972307343093	0.9992055385313812	0.9982124616956076	0.99775848371354	0.013732833957553	2.8373623879241855e-05	0.0001418681193962	0.998808307797072	2.8373623879241855e-05	0.0	0.0001134944955169	2.8373623879241855e-05	0.999290659403019	0.0	0.9996595165134492	0.0001702417432754	8.512087163772556e-05	0.0001134944955169	8.512087163772556e-05
_scratch_st-cdeboer-1_asfar_VLPs_results_crispresso_aggregated_spacer_AXBE_rep1_.staging_CRISPRessoPooled_on_AXBE_D2_rep1_CRISPResso_on_HEK3	G	0.9993757802746568	0.9991204176597436	5.674724775848372e-05	0.0002837362387924	0.0004256043581886	0.1652479854727045	0.9989218022925888	0.1348882079219157	0.0	2.8373623879241855e-05	0.9990069231642266	0.0002837362387924	0.9992339121552604	0.0	0.0001986153671546	0.0	0.9995176483940528	5.674724775848372e-05	0.9996595165134492	8.512087163772556e-05
_scratch_st-cdeboer-1_asfar_VLPs_results_crispresso_aggregated_spacer_AXBE_rep1_.staging_CRISPRessoPooled_on_AXBE_D2_rep1_CRISPResso_on_HEK3	N	0.0	0.0	0.0	0.0	0.0	0.0	0.0	0.0	0.0	0.0	0.0	0.0	0.0	0.0	0.0	0.0	0.0	0.0	0.0	0.0
_scratch_st-cdeboer-1_asfar_VLPs_results_crispresso_aggregated_spacer_AXBE_rep1_.staging_CRISPRessoPooled_on_AXBE_D2_rep1_CRISPResso_on_HEK3	-	0.0003688571104301	0.0004256043581886	0.0003404834865509	0.0004256043581886	0.0005107252298263	0.0017307910566337	0.0009363295880149	0.0014754284417205	0.0010781977074111	0.0010781977074111	0.0009363295880149	0.0009363295880149	0.000709340596981	0.0006525933492225	0.0006242197253433	0.0003404834865509	0.0001986153671546	0.0001418681193962	0.0001418681193962	0.0001134944955169
_scratch_st-cdeboer-1_asfar_VLPs_results_crispresso_aggregated_spacer_AXBE_rep1_.staging_CRISPRessoPooled_on_AXBE_D3_rep1_CRISPResso_on_HEK3	A	0.0	4.63456458265746e-05	0.0002317282291328	0.0013440237289706	0.0045418732910043	0.2379385456736339	0.0001853825833062	0.3756778050702136	0.0002317282291328	0.0	0.0001853825833062	0.9932335357093202	0.0	0.0	0.9953654354173426	0.0	4.63456458265746e-05	0.0	9.26912916531492e-05	0.99837790239607
_scratch_st-cdeboer-1_asfar_VLPs_results_crispresso_aggregated_spacer_AXBE_rep1_.staging_CRISPRessoPooled_on_AXBE_D3_rep1_CRISPResso_on_HEK3	T	4.63456458265746e-05	0.0003707651666125	0.0008342216248783	0.0053760949158826	0.0070445381656393	0.0291050655790888	0.0007415303332251	0.0001853825833062	0.0001390369374797	0.9946239050841174	0.0002317282291328	0.0	4.63456458265746e-05	9.26912916531492e-05	0.0	0.0001853825833062	0.0002317282291328	0.9977754090003244	0.0001390369374797	0.0
_scratch_st-cdeboer-1_asfar_VLPs_results_crispresso_aggregated_spacer_AXBE_rep1_.staging_CRISPRessoPooled_on_AXBE_D3_rep1_CRISPResso_on_HEK3	C	9.26912916531492e-05	0.0007878759790517	0.9966631135004866	0.9891551188765816	0.982249617648422	0.0718820966770172	9.26912916531492e-05	0.0004634564582657	0.9939750660425452	4.63456458265746e-05	4.63456458265746e-05	9.26912916531492e-05	9.26912916531492e-05	0.9955971636464754	4.63456458265746e-05	0.9961069657505678	0.000324419520786	9.26912916531492e-05	0.0002317282291328	4.63456458265746e-05
_scratch_st-cdeboer-1_asfar_VLPs_results_crispresso_aggregated_spacer_AXBE_rep1_.staging_CRISPRessoPooled_on_AXBE_D3_rep1_CRISPResso_on_HEK3	G	0.9981925198127636	0.9957825462297816	0.0	0.0010196042081846	0.002502664874635	0.6554664689252445	0.9938360291050656	0.6140334615562868	0.0	0.000324419520786	0.9936506465217592	0.0010659498540112	0.9954581267089956	9.26912916531492e-05	0.0005561477499188	0.0	0.9972192612504056	0.0001390369374797	0.9975436807711916	0.0003707651666125
_scratch_st-cdeboer-1_asfar_VLPs_results_crispresso_aggregated_spacer_AXBE_rep1_.staging_CRISPRessoPooled_on_AXBE_D3_rep1_CRISPResso_on_HEK3	N	0.0	0.0	0.0	0.0	0.0	0.0	0.0	0.0	0.0	0.0	0.0	0.0	0.0	0.0	0.0	0.0	0.0	0.0	0.0	0.0
_scratch_st-cdeboer-1_asfar_VLPs_results_crispresso_aggregated_spacer_AXBE_rep1_.staging_CRISPRessoPooled_on_AXBE_D3_rep1_CRISPResso_on_HEK3	-	0.0016684432497566	0.0030124669787273	0.0022709366455021	0.0031051582703804	0.0036613060202993	0.0056078231450155	0.0051443666867497	0.0096398943319275	0.0056541687908421	0.00500532974927	0.0058858970199749	0.0056078231450155	0.0044028363535245	0.0042174537702182	0.0040320711869119	0.0037076516661259	0.002178245353849	0.0019928627705427	0.0019928627705427	0.0012049867914909
_scratch_st-cdeboer-1_asfar_VLPs_results_crispresso_aggregated_spacer_AXBE_rep1_.staging_CRISPRessoPooled_on_AXBE_D4_rep1_CRISPResso_on_HEK3	A	3.347840642785403e-05	6.695681285570806e-05	0.0001004352192835	0.0025443588885169	0.0045195848677602	0.1438232340140609	3.347840642785403e-05	0.2813860060261131	0.0	0.0	6.695681285570806e-05	0.9929695346501508	0.0001339136257114	3.347840642785403e-05	0.994944760629394	6.695681285570806e-05	0.0	0.0	0.0	0.9984934717107464
_scratch_st-cdeboer-1_asfar_VLPs_results_crispresso_aggregated_spacer_AXBE_rep1_.staging_CRISPRessoPooled_on_AXBE_D4_rep1_CRISPResso_on_HEK3	T	0.0002678272514228	3.347840642785403e-05	0.0012721794442584	0.0046534984934717	0.0082022095748242	0.0324405758285905	0.0002008704385671	0.0003347840642785	0.0001339136257114	0.9931704050887178	0.0001339136257114	0.0	0.0003013056578506	0.0002343488449949	0.0003347840642785	0.0001004352192835	0.0002343488449949	0.9977569467693338	0.0	0.0
_scratch_st-cdeboer-1_asfar_VLPs_results_crispresso_aggregated_spacer_AXBE_rep1_.staging_CRISPRessoPooled_on_AXBE_D4_rep1_CRISPResso_on_HEK3	C	0.0001004352192835	0.0018747907599598	0.9955808503515232	0.9874121191831268	0.9799799129561432	0.0936391027787077	0.0001339136257114	0.0005356545028456	0.9929695346501508	0.0001339136257114	0.0002678272514228	0.0002343488449949	3.347840642785403e-05	0.9957147639772348	0.0002008704385671	0.9963843321057918	0.0002343488449949	0.0001339136257114	0.0	0.0001004352192835
_scratch_st-cdeboer-1_asfar_VLPs_results_crispresso_aggregated_spacer_AXBE_rep1_.staging_CRISPRessoPooled_on_AXBE_D4_rep1_CRISPResso_on_HEK3	G	0.996819551389354	0.9941078004686976	0.0	0.0016404419149648	0.0034482758620689	0.7230666220287915	0.9945764981586876	0.7055239370605959	0.0	0.0001673920321392	0.993572145965852	0.0015065282892534	0.9951121526615332	0.0	0.0007030465349849	0.0	0.996752594576498	0.0001673920321392	0.9985604285236024	0.0001339136257114
_scratch_st-cdeboer-1_asfar_VLPs_results_crispresso_aggregated_spacer_AXBE_rep1_.staging_CRISPRessoPooled_on_AXBE_D4_rep1_CRISPResso_on_HEK3	N	0.0	0.0	0.0	0.0	0.0	0.0	0.0	0.0	0.0	0.0	0.0	0.0	0.0	0.0	0.0	0.0	0.0	0.0	0.0	0.0
_scratch_st-cdeboer-1_asfar_VLPs_results_crispresso_aggregated_spacer_AXBE_rep1_.staging_CRISPRessoPooled_on_AXBE_D4_rep1_CRISPResso_on_HEK3	-	0.0027787077335118	0.0039169735520589	0.0030465349849347	0.0037495815199196	0.0038500167392032	0.0070304653498493	0.0050552393706059	0.0122196183461667	0.0068965517241379	0.0065282892534315	0.005959156344158	0.0052895882156009	0.0044191496484767	0.0040174087713424	0.0038165383327753	0.0034482758620689	0.0027787077335118	0.0019417475728155	0.0014395714763977	0.0012721794442584
_scratch_st-cdeboer-1_asfar_VLPs_results_crispresso_aggregated_spacer_AXBE_rep1_.staging_CRISPRessoPooled_on_AXBE_D5_rep1_CRISPResso_on_HEK3	A	0.0003034679056528	0.0002930034951131	1.0464410539754297e-05	0.0021975262133484	0.0057344969757853	0.203490927356062	0.000167430568636	0.3463301312237081	0.0001046441053975	0.0	0.0002302170318745	0.9937736757288462	0.0002302170318745	5.232205269877148e-05	0.9959188798894958	0.0005232205269877	0.0001778949791758	0.0	4.185764215901718e-05	0.9983466231347188
_scratch_st-cdeboer-1_asfar_VLPs_results_crispresso_aggregated_spacer_AXBE_rep1_.staging_CRISPRessoPooled_on_AXBE_D5_rep1_CRISPResso_on_HEK3	T	6.278646323852578e-05	4.185764215901718e-05	0.0013708377807078	0.0050857035223205	0.0071995144513509	0.0291015257110566	0.0001360373370168	0.0003557899583516	0.0003871831899709	0.995102655867395	5.232205269877148e-05	0.0	5.232205269877148e-05	0.0001046441053975	0.0001988238002553	5.232205269877148e-05	0.0006174002218455	0.9977082940917938	7.325087377828007e-05	0.0003139323161926
_scratch_st-cdeboer-1_asfar_VLPs_results_crispresso_aggregated_spacer_AXBE_rep1_.staging_CRISPRessoPooled_on_AXBE_D5_rep1_CRISPResso_on_HEK3	C	0.0002302170318745	0.0016324480442016	0.997059500638329	0.9881438228584584	0.9818337833029864	0.0817898327787195	7.325087377828007e-05	6.278646323852578e-05	0.9947050082668843	0.0001360373370168	4.185764215901718e-05	6.278646323852578e-05	0.0003557899583516	0.996086310458132	4.185764215901718e-05	0.9962328122056884	0.0003976476005106	0.0003557899583516	0.0003348611372721	6.278646323852578e-05
_scratch_st-cdeboer-1_asfar_VLPs_results_crispresso_aggregated_spacer_AXBE_rep1_.staging_CRISPRessoPooled_on_AXBE_D5_rep1_CRISPResso_on_HEK3	G	0.9979071178920492	0.995657269626002	2.092882107950859e-05	0.0019045227182352	0.0021661329817291	0.6789937422824972	0.9954061237730478	0.6416776542977334	0.0001883593897155	0.0003557899583516	0.9949666185303782	0.0014754818861053	0.9947364014985036	0.0002406814424143	0.0004395052426696	0.0003034679056528	0.9970699650488688	0.000125572926477	0.9982419790293212	0.000125572926477
_scratch_st-cdeboer-1_asfar_VLPs_results_crispresso_aggregated_spacer_AXBE_rep1_.staging_CRISPRessoPooled_on_AXBE_D5_rep1_CRISPResso_on_HEK3	N	0.0	0.0	0.0	0.0	0.0	1.0464410539754297e-05	0.0	0.0	0.0	0.0	0.0	0.0	0.0	0.0	0.0	0.0	0.0	0.0	0.0	0.0
_scratch_st-cdeboer-1_asfar_VLPs_results_crispresso_aggregated_spacer_AXBE_rep1_.staging_CRISPRessoPooled_on_AXBE_D5_rep1_CRISPResso_on_HEK3	-	0.0014964107071848	0.0023754211925242	0.0015382683493438	0.0026684246876373	0.003066072288148	0.0066135074611247	0.0042171574475209	0.0115736380569682	0.0046148050480316	0.0044055168372365	0.0047089847428894	0.0046880559218099	0.0046252694585713	0.0035160419413574	0.0034009334254201	0.0028881773089721	0.0017370921495992	0.0018103430233774	0.0013080513174692	0.0011510851593729
