Folder	Nucleotide	C	A	C	C	T	A	C	C	T	A	A	G	A	A	C	C	A	T	C	C
_scratch_st-cdeboer-1_asfar_VLPs_results_crispresso_aggregated_spacer_AXBE_rep2_.staging_CRISPRessoPooled_on_AXBE_D0_rep2_CRISPResso_on_PDCD1	A	2.192309378699522e-05	0.999846538343491	4.384618757399044e-05	2.192309378699522e-05	0.0	0.99978076906213	2.192309378699522e-05	4.384618757399044e-05	0.0	0.999824615249704	0.999802692155917	2.192309378699522e-05	0.999714999780769	0.999693076686982	2.192309378699522e-05	8.769237514798088e-05	0.999802692155917	0.0	4.384618757399044e-05	4.384618757399044e-05
_scratch_st-cdeboer-1_asfar_VLPs_results_crispresso_aggregated_spacer_AXBE_rep2_.staging_CRISPRessoPooled_on_AXBE_D0_rep2_CRISPResso_on_PDCD1	T	2.192309378699522e-05	2.192309378699522e-05	4.384618757399044e-05	2.192309378699522e-05	0.99978076906213	2.192309378699522e-05	6.576928136098566e-05	4.384618757399044e-05	0.999824615249704	0.0	4.384618757399044e-05	0.0001753847502959	0.0	0.0	2.192309378699522e-05	4.384618757399044e-05	4.384618757399044e-05	0.999693076686982	2.192309378699522e-05	2.192309378699522e-05
_scratch_st-cdeboer-1_asfar_VLPs_results_crispresso_aggregated_spacer_AXBE_rep2_.staging_CRISPRessoPooled_on_AXBE_D0_rep2_CRISPResso_on_PDCD1	C	0.999890384531065	2.192309378699522e-05	0.999868461437278	0.999912307624852	0.0001753847502959	4.384618757399044e-05	0.999846538343491	0.999868461437278	6.576928136098566e-05	2.192309378699522e-05	0.0	6.576928136098566e-05	0.0001534616565089	0.0001096154689349	0.999890384531065	0.999802692155917	0.0	0.0001973078440829	0.999868461437278	0.999868461437278
_scratch_st-cdeboer-1_asfar_VLPs_results_crispresso_aggregated_spacer_AXBE_rep2_.staging_CRISPRessoPooled_on_AXBE_D0_rep2_CRISPResso_on_PDCD1	G	0.0	6.576928136098566e-05	0.0	0.0	0.0	0.0001096154689349	2.192309378699522e-05	0.0	6.576928136098566e-05	0.0001096154689349	6.576928136098566e-05	0.999693076686982	8.769237514798088e-05	0.0001534616565089	2.192309378699522e-05	0.0	0.0001096154689349	6.576928136098566e-05	2.192309378699522e-05	2.192309378699522e-05
_scratch_st-cdeboer-1_asfar_VLPs_results_crispresso_aggregated_spacer_AXBE_rep2_.staging_CRISPRessoPooled_on_AXBE_D0_rep2_CRISPResso_on_PDCD1	N	0.0	0.0	0.0	0.0	0.0	0.0	0.0	0.0	0.0	0.0	0.0	0.0	0.0	0.0	0.0	0.0	0.0	0.0	0.0	0.0
_scratch_st-cdeboer-1_asfar_VLPs_results_crispresso_aggregated_spacer_AXBE_rep2_.staging_CRISPRessoPooled_on_AXBE_D0_rep2_CRISPResso_on_PDCD1	-	6.576928136098566e-05	4.384618757399044e-05	4.384618757399044e-05	4.384618757399044e-05	4.384618757399044e-05	4.384618757399044e-05	4.384618757399044e-05	4.384618757399044e-05	4.384618757399044e-05	4.384618757399044e-05	8.769237514798088e-05	4.384618757399044e-05	4.384618757399044e-05	4.384618757399044e-05	4.384618757399044e-05	6.576928136098566e-05	4.384618757399044e-05	4.384618757399044e-05	4.384618757399044e-05	4.384618757399044e-05
_scratch_st-cdeboer-1_asfar_VLPs_results_crispresso_aggregated_spacer_AXBE_rep2_.staging_CRISPRessoPooled_on_AXBE_D1_rep2_CRISPResso_on_PDCD1	A	5.248517293864483e-05	0.9986353855035952	0.0001049703458772	5.248517293864483e-05	0.0	0.9859514687100894	6.998023058485978e-05	0.0001399604611697	0.0	0.9948564530520128	0.9993701779247364	5.248517293864483e-05	0.9997200790776606	0.9998775345964764	5.248517293864483e-05	1.7495057646214944e-05	0.999825049423538	3.499011529242989e-05	0.0001049703458772	3.499011529242989e-05
_scratch_st-cdeboer-1_asfar_VLPs_results_crispresso_aggregated_spacer_AXBE_rep2_.staging_CRISPRessoPooled_on_AXBE_D1_rep2_CRISPResso_on_PDCD1	T	1.7495057646214944e-05	0.0	0.0001224654035235	3.499011529242989e-05	0.999842544481184	1.7495057646214944e-05	0.0001399604611697	3.499011529242989e-05	0.9997900593082454	0.0	0.0	6.998023058485978e-05	1.7495057646214944e-05	0.0	0.0	5.248517293864483e-05	1.7495057646214944e-05	0.9997200790776606	1.7495057646214944e-05	3.499011529242989e-05
_scratch_st-cdeboer-1_asfar_VLPs_results_crispresso_aggregated_spacer_AXBE_rep2_.staging_CRISPRessoPooled_on_AXBE_D1_rep2_CRISPResso_on_PDCD1	C	0.9999300197694152	3.499011529242989e-05	0.999755069192953	0.9998950296541228	0.0001574555188159	1.7495057646214944e-05	0.9997900593082454	0.999825049423538	6.998023058485978e-05	1.7495057646214944e-05	3.499011529242989e-05	1.7495057646214944e-05	8.747528823107472e-05	3.499011529242989e-05	0.9999475148270612	0.9999300197694152	1.7495057646214944e-05	0.0001924456341083	0.999842544481184	0.9999300197694152
_scratch_st-cdeboer-1_asfar_VLPs_results_crispresso_aggregated_spacer_AXBE_rep2_.staging_CRISPRessoPooled_on_AXBE_D1_rep2_CRISPResso_on_PDCD1	G	0.0	0.0013121293234661	1.7495057646214944e-05	1.7495057646214944e-05	0.0	0.0140135411746181	0.0	0.0	0.0001224654035235	0.0051260518903409	0.0005598418446788	0.9998600395388304	0.0001749505764621	8.747528823107472e-05	0.0	0.0	0.0001399604611697	5.248517293864483e-05	3.499011529242989e-05	0.0
_scratch_st-cdeboer-1_asfar_VLPs_results_crispresso_aggregated_spacer_AXBE_rep2_.staging_CRISPRessoPooled_on_AXBE_D1_rep2_CRISPResso_on_PDCD1	N	0.0	0.0	0.0	0.0	0.0	0.0	0.0	0.0	0.0	0.0	0.0	0.0	0.0	0.0	0.0	0.0	0.0	0.0	0.0	0.0
_scratch_st-cdeboer-1_asfar_VLPs_results_crispresso_aggregated_spacer_AXBE_rep2_.staging_CRISPRessoPooled_on_AXBE_D1_rep2_CRISPResso_on_PDCD1	-	0.0	1.7495057646214944e-05	0.0	0.0	0.0	0.0	0.0	0.0	1.7495057646214944e-05	0.0	3.499011529242989e-05	0.0	0.0	0.0	0.0	0.0	0.0	0.0	0.0	0.0
_scratch_st-cdeboer-1_asfar_VLPs_results_crispresso_aggregated_spacer_AXBE_rep2_.staging_CRISPRessoPooled_on_AXBE_D2_rep2_CRISPResso_on_PDCD1	A	5.625641674753526e-05	0.9985232690603772	1.4064104186883816e-05	7.032052093441909e-05	0.0	0.9877923575657848	4.219231256065145e-05	7.032052093441909e-05	1.4064104186883816e-05	0.9950775635345906	0.9993249229990296	4.219231256065145e-05	0.9997046538120754	0.9998031025413836	0.0	1.4064104186883816e-05	0.9998593589581312	0.0	8.43846251213029e-05	8.43846251213029e-05
_scratch_st-cdeboer-1_asfar_VLPs_results_crispresso_aggregated_spacer_AXBE_rep2_.staging_CRISPRessoPooled_on_AXBE_D2_rep2_CRISPResso_on_PDCD1	T	0.0	1.4064104186883816e-05	9.844872930818672e-05	5.625641674753526e-05	0.9998031025413836	1.4064104186883816e-05	1.4064104186883816e-05	1.4064104186883816e-05	0.9997890384371968	0.000112512833495	0.0	7.032052093441909e-05	1.4064104186883816e-05	0.0	2.812820837376763e-05	4.219231256065145e-05	0.0	0.9997187179162624	4.219231256065145e-05	8.43846251213029e-05
_scratch_st-cdeboer-1_asfar_VLPs_results_crispresso_aggregated_spacer_AXBE_rep2_.staging_CRISPRessoPooled_on_AXBE_D2_rep2_CRISPResso_on_PDCD1	C	0.9998593589581312	5.625641674753526e-05	0.9998593589581312	0.9998593589581312	0.0001547051460557	1.4064104186883816e-05	0.9999015512706918	0.9999015512706918	5.625641674753526e-05	8.43846251213029e-05	5.625641674753526e-05	5.625641674753526e-05	0.0001265769376819	9.844872930818672e-05	0.9999578076874394	0.9999156153748788	7.032052093441909e-05	0.0001968974586163	0.9998452948539442	0.9998031025413836
_scratch_st-cdeboer-1_asfar_VLPs_results_crispresso_aggregated_spacer_AXBE_rep2_.staging_CRISPRessoPooled_on_AXBE_D2_rep2_CRISPResso_on_PDCD1	G	2.812820837376763e-05	0.0013923463145014	1.4064104186883816e-05	0.0	2.812820837376763e-05	0.0121654501216545	2.812820837376763e-05	0.0	0.000112512833495	0.004711474902606	0.0005625641674753	0.9998171666455704	0.0001406410418688	8.43846251213029e-05	0.0	0.0	5.625641674753526e-05	7.032052093441909e-05	1.4064104186883816e-05	1.4064104186883816e-05
_scratch_st-cdeboer-1_asfar_VLPs_results_crispresso_aggregated_spacer_AXBE_rep2_.staging_CRISPRessoPooled_on_AXBE_D2_rep2_CRISPResso_on_PDCD1	N	1.4064104186883816e-05	0.0	0.0	0.0	0.0	0.0	0.0	0.0	0.0	0.0	0.0	0.0	0.0	0.0	0.0	0.0	0.0	0.0	0.0	0.0
_scratch_st-cdeboer-1_asfar_VLPs_results_crispresso_aggregated_spacer_AXBE_rep2_.staging_CRISPRessoPooled_on_AXBE_D2_rep2_CRISPResso_on_PDCD1	-	4.219231256065145e-05	1.4064104186883816e-05	1.4064104186883816e-05	1.4064104186883816e-05	1.4064104186883816e-05	1.4064104186883816e-05	1.4064104186883816e-05	1.4064104186883816e-05	2.812820837376763e-05	1.4064104186883816e-05	5.625641674753526e-05	1.4064104186883816e-05	1.4064104186883816e-05	1.4064104186883816e-05	1.4064104186883816e-05	2.812820837376763e-05	1.4064104186883816e-05	1.4064104186883816e-05	1.4064104186883816e-05	1.4064104186883816e-05
_scratch_st-cdeboer-1_asfar_VLPs_results_crispresso_aggregated_spacer_AXBE_rep2_.staging_CRISPRessoPooled_on_AXBE_D3_rep2_CRISPResso_on_PDCD1	A	6.324410643983114e-05	0.9998577007605104	1.5811026609957786e-05	6.324410643983114e-05	1.5811026609957786e-05	0.9986086296583238	0.0	3.162205321991557e-05	3.162205321991557e-05	0.999225259696112	0.9997628346008506	0.0001581102660995	0.9997786456274604	0.9997786456274604	3.162205321991557e-05	6.324410643983114e-05	0.9999051338403404	3.162205321991557e-05	4.743307982987336e-05	4.743307982987336e-05
_scratch_st-cdeboer-1_asfar_VLPs_results_crispresso_aggregated_spacer_AXBE_rep2_.staging_CRISPRessoPooled_on_AXBE_D3_rep2_CRISPResso_on_PDCD1	T	3.162205321991557e-05	3.162205321991557e-05	1.5811026609957786e-05	4.743307982987336e-05	0.9998260787072905	1.5811026609957786e-05	1.5811026609957786e-05	1.5811026609957786e-05	0.9998260787072905	1.5811026609957786e-05	0.0	0.0001264882128796	0.0	0.0	7.905513304978893e-05	3.162205321991557e-05	0.0	0.999604724334751	1.5811026609957786e-05	3.162205321991557e-05
_scratch_st-cdeboer-1_asfar_VLPs_results_crispresso_aggregated_spacer_AXBE_rep2_.staging_CRISPRessoPooled_on_AXBE_D3_rep2_CRISPResso_on_PDCD1	C	0.9998893228137304	6.324410643983114e-05	0.99996837794678	0.9998577007605104	0.0001106771862697	1.5811026609957786e-05	0.99998418897339	0.9999209448669502	0.0001264882128796	0.0002213543725394	3.162205321991557e-05	4.743307982987336e-05	6.324410643983114e-05	6.324410643983114e-05	0.9998893228137304	0.9999051338403404	1.5811026609957786e-05	0.0003004095055891	0.9999051338403404	0.9999051338403404
_scratch_st-cdeboer-1_asfar_VLPs_results_crispresso_aggregated_spacer_AXBE_rep2_.staging_CRISPRessoPooled_on_AXBE_D3_rep2_CRISPResso_on_PDCD1	G	1.5811026609957786e-05	4.743307982987336e-05	0.0	3.162205321991557e-05	4.743307982987336e-05	0.0013597482884563	0.0	1.5811026609957786e-05	1.5811026609957786e-05	0.0005375749047385	0.0001422992394896	0.9996679684411908	0.0001581102660995	0.0001581102660995	0.0	0.0	7.905513304978893e-05	6.324410643983114e-05	3.162205321991557e-05	1.5811026609957786e-05
_scratch_st-cdeboer-1_asfar_VLPs_results_crispresso_aggregated_spacer_AXBE_rep2_.staging_CRISPRessoPooled_on_AXBE_D3_rep2_CRISPResso_on_PDCD1	N	0.0	0.0	0.0	0.0	0.0	0.0	0.0	1.5811026609957786e-05	0.0	0.0	0.0	0.0	0.0	0.0	0.0	0.0	0.0	0.0	0.0	0.0
_scratch_st-cdeboer-1_asfar_VLPs_results_crispresso_aggregated_spacer_AXBE_rep2_.staging_CRISPRessoPooled_on_AXBE_D3_rep2_CRISPResso_on_PDCD1	-	0.0	0.0	0.0	0.0	0.0	0.0	0.0	0.0	0.0	0.0	6.324410643983114e-05	0.0	0.0	0.0	0.0	0.0	0.0	0.0	0.0	0.0
_scratch_st-cdeboer-1_asfar_VLPs_results_crispresso_aggregated_spacer_AXBE_rep2_.staging_CRISPRessoPooled_on_AXBE_D4_rep2_CRISPResso_on_PDCD1	A	2.377951632463796e-05	0.9822129217891707	4.755903264927591e-05	9.511806529855182e-05	1.1889758162318978e-05	0.8633747889567926	0.0001545668561101	0.0001426770979478	1.1889758162318978e-05	0.9394216821629848	0.9958385846431884	2.377951632463796e-05	0.999476850640858	0.9997265355622666	2.377951632463796e-05	4.755903264927591e-05	0.999738425320429	1.1889758162318978e-05	8.322830713623285e-05	3.5669274486956934e-05
_scratch_st-cdeboer-1_asfar_VLPs_results_crispresso_aggregated_spacer_AXBE_rep2_.staging_CRISPRessoPooled_on_AXBE_D4_rep2_CRISPResso_on_PDCD1	T	4.755903264927591e-05	7.133854897391387e-05	5.944879081159489e-05	8.322830713623285e-05	0.9997503150785914	0.0001783463724347	0.0004161415356811	3.5669274486956934e-05	0.9995006301571826	0.0012365348488811	7.133854897391387e-05	7.133854897391387e-05	0.0	0.0	3.5669274486956934e-05	1.1889758162318978e-05	1.1889758162318978e-05	0.9996908662877796	0.0	5.944879081159489e-05
_scratch_st-cdeboer-1_asfar_VLPs_results_crispresso_aggregated_spacer_AXBE_rep2_.staging_CRISPRessoPooled_on_AXBE_D4_rep2_CRISPResso_on_PDCD1	C	0.9998216536275653	7.133854897391387e-05	0.9997978741112404	0.9995006301571826	9.511806529855182e-05	0.0001188975816231	0.9991677169286376	0.9994530711245332	0.0001664566142724	0.0022590540508406	0.0002377951632463	7.133854897391387e-05	8.322830713623285e-05	4.755903264927591e-05	0.99984543314389	0.99984543314389	5.944879081159489e-05	0.0002140156469217	0.999774094594916	0.9997622048367536
_scratch_st-cdeboer-1_asfar_VLPs_results_crispresso_aggregated_spacer_AXBE_rep2_.staging_CRISPRessoPooled_on_AXBE_D4_rep2_CRISPResso_on_PDCD1	G	1.1889758162318978e-05	0.0175730625639074	0.0	0.0002021258887594	2.377951632463796e-05	0.1362090695075262	7.133854897391387e-05	0.0001545668561101	0.0001070078234608	0.0569043825648586	0.0036382659976696	0.999738425320429	0.0003448029867072	0.0001426770979478	1.1889758162318978e-05	1.1889758162318978e-05	0.0001070078234608	3.5669274486956934e-05	2.377951632463796e-05	2.377951632463796e-05
_scratch_st-cdeboer-1_asfar_VLPs_results_crispresso_aggregated_spacer_AXBE_rep2_.staging_CRISPRessoPooled_on_AXBE_D4_rep2_CRISPResso_on_PDCD1	N	0.0	0.0	0.0	0.0	0.0	0.0	0.0	0.0	0.0	0.0	1.1889758162318978e-05	0.0	0.0	0.0	0.0	0.0	0.0	0.0	0.0	0.0
_scratch_st-cdeboer-1_asfar_VLPs_results_crispresso_aggregated_spacer_AXBE_rep2_.staging_CRISPRessoPooled_on_AXBE_D4_rep2_CRISPResso_on_PDCD1	-	9.511806529855182e-05	7.133854897391387e-05	9.511806529855182e-05	0.0001188975816231	0.0001188975816231	0.0001188975816231	0.0001902361305971	0.0002140156469217	0.0002140156469217	0.0001783463724347	0.0002021258887594	9.511806529855182e-05	9.511806529855182e-05	8.322830713623285e-05	8.322830713623285e-05	8.322830713623285e-05	8.322830713623285e-05	4.755903264927591e-05	0.0001188975816231	0.0001188975816231
_scratch_st-cdeboer-1_asfar_VLPs_results_crispresso_aggregated_spacer_AXBE_rep2_.staging_CRISPRessoPooled_on_AXBE_D5_rep2_CRISPResso_on_PDCD1	A	5.805065887497823e-05	0.989357379206254	0.0	3.870043924998549e-05	0.0	0.912014551365158	3.870043924998549e-05	0.0003483039532498	0.0	0.9671433270767624	0.9967878635422512	3.870043924998549e-05	0.9996129956075002	0.999825848023375	1.9350219624992745e-05	3.870043924998549e-05	0.9997677973645	3.870043924998549e-05	7.740087849997098e-05	3.870043924998549e-05
_scratch_st-cdeboer-1_asfar_VLPs_results_crispresso_aggregated_spacer_AXBE_rep2_.staging_CRISPRessoPooled_on_AXBE_D5_rep2_CRISPResso_on_PDCD1	T	3.870043924998549e-05	0.0	1.9350219624992745e-05	1.9350219624992745e-05	0.99980649780375	0.0	0.0004257048317498	0.0001548017569999	0.999690396486	0.0003289537336248	0.0	3.870043924998549e-05	0.0	0.0	1.9350219624992745e-05	1.9350219624992745e-05	0.0	0.9997871475841252	0.0	5.805065887497823e-05
_scratch_st-cdeboer-1_asfar_VLPs_results_crispresso_aggregated_spacer_AXBE_rep2_.staging_CRISPRessoPooled_on_AXBE_D5_rep2_CRISPResso_on_PDCD1	C	0.999845198243	1.9350219624992745e-05	0.999941949341125	0.999903248901875	0.0001354515373749	0.0002902532943748	0.9994775440701252	0.9990711894580004	9.675109812496372e-05	0.0011029625186245	0.0	1.9350219624992745e-05	9.675109812496372e-05	0.0	0.999845198243	0.999825848023375	0.0	0.0001354515373749	0.9998645484626252	0.9998645484626252
_scratch_st-cdeboer-1_asfar_VLPs_results_crispresso_aggregated_spacer_AXBE_rep2_.staging_CRISPRessoPooled_on_AXBE_D5_rep2_CRISPResso_on_PDCD1	G	0.0	0.010603920354496	1.9350219624992745e-05	1.9350219624992745e-05	1.9350219624992745e-05	0.0876758451208421	3.870043924998549e-05	0.0004063546121248	0.0001935021962499	0.0312312544747382	0.0029992840418738	0.99988389868225	0.0002709030747498	0.0001354515373749	0.0	0.0	0.0001161013177499	1.9350219624992745e-05	3.870043924998549e-05	1.9350219624992745e-05
_scratch_st-cdeboer-1_asfar_VLPs_results_crispresso_aggregated_spacer_AXBE_rep2_.staging_CRISPRessoPooled_on_AXBE_D5_rep2_CRISPResso_on_PDCD1	N	0.0	0.0	0.0	0.0	0.0	0.0	0.0	0.0	0.0	0.0	0.0	0.0	0.0	0.0	0.0	0.0	0.0	0.0	0.0	0.0
_scratch_st-cdeboer-1_asfar_VLPs_results_crispresso_aggregated_spacer_AXBE_rep2_.staging_CRISPRessoPooled_on_AXBE_D5_rep2_CRISPResso_on_PDCD1	-	5.805065887497823e-05	1.9350219624992745e-05	1.9350219624992745e-05	1.9350219624992745e-05	3.870043924998549e-05	1.9350219624992745e-05	1.9350219624992745e-05	1.9350219624992745e-05	1.9350219624992745e-05	0.0001935021962499	0.0002128524158749	1.9350219624992745e-05	1.9350219624992745e-05	3.870043924998549e-05	0.0001161013177499	0.0001161013177499	0.0001161013177499	1.9350219624992745e-05	1.9350219624992745e-05	1.9350219624992745e-05
