Folder	Nucleotide	C	A	C	C	T	A	C	C	T	A	A	G	A	A	C	C	A	T	C	C
_scratch_st-cdeboer-1_asfar_VLPs_results_crispresso_aggregated_spacer_AXBE_rep3_.staging_CRISPRessoPooled_on_AXBE_D0_rep3_CRISPResso_on_PDCD1	A	5.420347986340723e-05	0.9998193217337886	5.420347986340723e-05	1.8067826621135743e-05	0.0	0.999873525213652	3.6135653242271486e-05	1.8067826621135743e-05	1.8067826621135743e-05	0.9999277286935154	0.999728982600683	9.033913310567872e-05	0.9998012539071676	0.9998012539071676	3.6135653242271486e-05	5.420347986340723e-05	0.999855457387031	1.8067826621135743e-05	1.8067826621135743e-05	1.8067826621135743e-05
_scratch_st-cdeboer-1_asfar_VLPs_results_crispresso_aggregated_spacer_AXBE_rep3_.staging_CRISPRessoPooled_on_AXBE_D0_rep3_CRISPResso_on_PDCD1	T	1.8067826621135743e-05	1.8067826621135743e-05	7.227130648454297e-05	0.0	0.999855457387031	0.0	1.8067826621135743e-05	3.6135653242271486e-05	0.9997109147740618	0.0	1.8067826621135743e-05	0.0001264747863479	3.6135653242271486e-05	0.0	0.0	0.0	0.0	0.9996205756409562	3.6135653242271486e-05	0.0
_scratch_st-cdeboer-1_asfar_VLPs_results_crispresso_aggregated_spacer_AXBE_rep3_.staging_CRISPRessoPooled_on_AXBE_D0_rep3_CRISPResso_on_PDCD1	C	0.9998915930402732	3.6135653242271486e-05	0.999855457387031	0.9999457965201366	0.0001084069597268	3.6135653242271486e-05	0.9999277286935154	0.9999457965201366	0.0001084069597268	0.0	3.6135653242271486e-05	3.6135653242271486e-05	9.033913310567872e-05	5.420347986340723e-05	0.9999638643467578	0.9999277286935154	3.6135653242271486e-05	0.0003252208791804	0.9999277286935154	0.9999096608668944
_scratch_st-cdeboer-1_asfar_VLPs_results_crispresso_aggregated_spacer_AXBE_rep3_.staging_CRISPRessoPooled_on_AXBE_D0_rep3_CRISPResso_on_PDCD1	G	0.0	0.0001264747863479	1.8067826621135743e-05	3.6135653242271486e-05	3.6135653242271486e-05	7.227130648454297e-05	1.8067826621135743e-05	0.0	0.000144542612969	7.227130648454297e-05	0.0001987460928324	0.999747050427304	7.227130648454297e-05	0.000144542612969	0.0	1.8067826621135743e-05	0.0001084069597268	3.6135653242271486e-05	1.8067826621135743e-05	5.420347986340723e-05
_scratch_st-cdeboer-1_asfar_VLPs_results_crispresso_aggregated_spacer_AXBE_rep3_.staging_CRISPRessoPooled_on_AXBE_D0_rep3_CRISPResso_on_PDCD1	N	0.0	0.0	0.0	0.0	0.0	0.0	0.0	0.0	0.0	0.0	0.0	0.0	0.0	0.0	0.0	0.0	0.0	0.0	0.0	0.0
_scratch_st-cdeboer-1_asfar_VLPs_results_crispresso_aggregated_spacer_AXBE_rep3_.staging_CRISPRessoPooled_on_AXBE_D0_rep3_CRISPResso_on_PDCD1	-	3.6135653242271486e-05	0.0	0.0	0.0	0.0	1.8067826621135743e-05	0.0	0.0	1.8067826621135743e-05	0.0	1.8067826621135743e-05	0.0	0.0	0.0	0.0	0.0	0.0	0.0	0.0	1.8067826621135743e-05
_scratch_st-cdeboer-1_asfar_VLPs_results_crispresso_aggregated_spacer_AXBE_rep3_.staging_CRISPRessoPooled_on_AXBE_D1_rep3_CRISPResso_on_PDCD1	A	7.383615756636024e-05	0.9991508841879868	6.15301313053002e-05	4.922410504424017e-05	0.0	0.9956682787561068	2.4612052522120084e-05	4.922410504424017e-05	1.2306026261060042e-05	0.9983140744022349	0.9995446770283408	3.691807878318012e-05	0.9996800433172124	0.9997784915273008	6.15301313053002e-05	4.922410504424017e-05	0.9997415734485178	0.0	4.922410504424017e-05	7.383615756636024e-05
_scratch_st-cdeboer-1_asfar_VLPs_results_crispresso_aggregated_spacer_AXBE_rep3_.staging_CRISPRessoPooled_on_AXBE_D1_rep3_CRISPResso_on_PDCD1	T	4.922410504424017e-05	2.4612052522120084e-05	7.383615756636024e-05	3.691807878318012e-05	0.9997292674222568	0.0	2.4612052522120084e-05	2.4612052522120084e-05	0.9997046553697344	1.2306026261060042e-05	0.0	7.383615756636024e-05	2.4612052522120084e-05	0.0	4.922410504424017e-05	4.922410504424017e-05	0.0	0.9990524359778984	6.15301313053002e-05	3.691807878318012e-05
_scratch_st-cdeboer-1_asfar_VLPs_results_crispresso_aggregated_spacer_AXBE_rep3_.staging_CRISPRessoPooled_on_AXBE_D1_rep3_CRISPResso_on_PDCD1	C	0.999790797553562	3.691807878318012e-05	0.9998400216586062	0.9999015517899116	0.0001599783413937	0.0	0.9999384698686948	0.9998400216586062	0.0001107542363495	2.4612052522120084e-05	3.691807878318012e-05	6.15301313053002e-05	0.0001107542363495	2.4612052522120084e-05	0.9998646337111284	0.9998892457636503	9.844821008848032e-05	0.0009229519695795	0.9998400216586062	0.999815409606084
_scratch_st-cdeboer-1_asfar_VLPs_results_crispresso_aggregated_spacer_AXBE_rep3_.staging_CRISPRessoPooled_on_AXBE_D1_rep3_CRISPResso_on_PDCD1	G	3.691807878318012e-05	0.0007752796544467	1.2306026261060042e-05	0.0	8.614218382742029e-05	0.004319415217632	0.0	7.383615756636024e-05	0.0001353662888716	0.0016367014927209	0.0002953446302654	0.999815409606084	0.0001722843676548	0.0001845903939159	1.2306026261060042e-05	0.0	0.0001476723151327	1.2306026261060042e-05	3.691807878318012e-05	4.922410504424017e-05
_scratch_st-cdeboer-1_asfar_VLPs_results_crispresso_aggregated_spacer_AXBE_rep3_.staging_CRISPRessoPooled_on_AXBE_D1_rep3_CRISPResso_on_PDCD1	N	0.0	0.0	0.0	0.0	0.0	0.0	0.0	0.0	0.0	0.0	0.0	0.0	0.0	0.0	0.0	0.0	0.0	0.0	0.0	0.0
_scratch_st-cdeboer-1_asfar_VLPs_results_crispresso_aggregated_spacer_AXBE_rep3_.staging_CRISPRessoPooled_on_AXBE_D1_rep3_CRISPResso_on_PDCD1	-	4.922410504424017e-05	1.2306026261060042e-05	1.2306026261060042e-05	1.2306026261060042e-05	2.4612052522120084e-05	1.2306026261060042e-05	1.2306026261060042e-05	1.2306026261060042e-05	3.691807878318012e-05	1.2306026261060042e-05	0.0001230602626106	1.2306026261060042e-05	1.2306026261060042e-05	1.2306026261060042e-05	1.2306026261060042e-05	1.2306026261060042e-05	1.2306026261060042e-05	1.2306026261060042e-05	1.2306026261060042e-05	2.4612052522120084e-05
_scratch_st-cdeboer-1_asfar_VLPs_results_crispresso_aggregated_spacer_AXBE_rep3_.staging_CRISPRessoPooled_on_AXBE_D2_rep3_CRISPResso_on_PDCD1	A	7.561665381183553e-05	0.9973987871088728	4.536999228710131e-05	6.049332304946841e-05	0.0	0.9809899732317046	6.049332304946841e-05	4.536999228710131e-05	0.0	0.99175778473451	0.9992438334618816	9.073998457420262e-05	0.9998033967000892	0.9997429033770396	3.0246661524734207e-05	3.0246661524734207e-05	0.9998033967000892	0.0	1.5123330762367103e-05	3.0246661524734207e-05
_scratch_st-cdeboer-1_asfar_VLPs_results_crispresso_aggregated_spacer_AXBE_rep3_.staging_CRISPRessoPooled_on_AXBE_D2_rep3_CRISPResso_on_PDCD1	T	1.5123330762367103e-05	1.5123330762367103e-05	6.049332304946841e-05	1.5123330762367103e-05	0.9999092600154258	1.5123330762367103e-05	0.0	3.0246661524734207e-05	0.999833643361614	0.0002117266306731	4.536999228710131e-05	0.0001209866460989	0.0	0.0	6.049332304946841e-05	4.536999228710131e-05	0.0	0.9996067934001784	3.0246661524734207e-05	4.536999228710131e-05
_scratch_st-cdeboer-1_asfar_VLPs_results_crispresso_aggregated_spacer_AXBE_rep3_.staging_CRISPRessoPooled_on_AXBE_D2_rep3_CRISPResso_on_PDCD1	C	0.9998487666923764	7.561665381183553e-05	0.9998790133539012	0.9999092600154258	4.536999228710131e-05	3.0246661524734207e-05	0.9999243833461882	0.999833643361614	4.536999228710131e-05	0.0001058633153365	1.5123330762367103e-05	0.0	4.536999228710131e-05	3.0246661524734207e-05	0.9998941366846634	0.9998638900231388	9.073998457420262e-05	0.0003024666152473	0.9999395066769504	0.9998790133539012
_scratch_st-cdeboer-1_asfar_VLPs_results_crispresso_aggregated_spacer_AXBE_rep3_.staging_CRISPRessoPooled_on_AXBE_D2_rep3_CRISPResso_on_PDCD1	G	1.5123330762367103e-05	0.0024953495757905	0.0	0.0	3.0246661524734207e-05	0.0189495334452459	0.0	7.561665381183553e-05	0.0001058633153365	0.0079095019887179	0.0006654265535441	0.9997731500385644	0.0001361099768613	0.0002117266306731	0.0	4.536999228710131e-05	9.073998457420262e-05	7.561665381183553e-05	0.0	3.0246661524734207e-05
_scratch_st-cdeboer-1_asfar_VLPs_results_crispresso_aggregated_spacer_AXBE_rep3_.staging_CRISPRessoPooled_on_AXBE_D2_rep3_CRISPResso_on_PDCD1	N	0.0	0.0	0.0	0.0	0.0	0.0	0.0	0.0	0.0	0.0	0.0	0.0	0.0	0.0	0.0	0.0	0.0	0.0	0.0	0.0
_scratch_st-cdeboer-1_asfar_VLPs_results_crispresso_aggregated_spacer_AXBE_rep3_.staging_CRISPRessoPooled_on_AXBE_D2_rep3_CRISPResso_on_PDCD1	-	4.536999228710131e-05	1.5123330762367103e-05	1.5123330762367103e-05	1.5123330762367103e-05	1.5123330762367103e-05	1.5123330762367103e-05	1.5123330762367103e-05	1.5123330762367103e-05	1.5123330762367103e-05	1.5123330762367103e-05	3.0246661524734207e-05	1.5123330762367103e-05	1.5123330762367103e-05	1.5123330762367103e-05	1.5123330762367103e-05	1.5123330762367103e-05	1.5123330762367103e-05	1.5123330762367103e-05	1.5123330762367103e-05	1.5123330762367103e-05
_scratch_st-cdeboer-1_asfar_VLPs_results_crispresso_aggregated_spacer_AXBE_rep3_.staging_CRISPRessoPooled_on_AXBE_D3_rep3_CRISPResso_on_PDCD1	A	7.916925066304247e-05	0.9996569332471268	3.958462533152124e-05	3.958462533152124e-05	1.319487511050708e-05	0.9985221739876232	3.958462533152124e-05	1.319487511050708e-05	1.319487511050708e-05	0.9995777639964638	0.9998284666235634	6.59743755525354e-05	0.9997097127475688	0.9998548563737844	2.638975022101416e-05	6.59743755525354e-05	0.999841661498674	5.277950044202832e-05	5.277950044202832e-05	5.277950044202832e-05
_scratch_st-cdeboer-1_asfar_VLPs_results_crispresso_aggregated_spacer_AXBE_rep3_.staging_CRISPRessoPooled_on_AXBE_D3_rep3_CRISPResso_on_PDCD1	T	0.000131948751105	0.0	3.958462533152124e-05	3.958462533152124e-05	0.9997229076226792	3.958462533152124e-05	2.638975022101416e-05	2.638975022101416e-05	0.9997756871231214	0.0	0.0	9.236412577354956e-05	1.319487511050708e-05	0.0	3.958462533152124e-05	1.319487511050708e-05	1.319487511050708e-05	0.9994985947458008	2.638975022101416e-05	3.958462533152124e-05
_scratch_st-cdeboer-1_asfar_VLPs_results_crispresso_aggregated_spacer_AXBE_rep3_.staging_CRISPRessoPooled_on_AXBE_D3_rep3_CRISPResso_on_PDCD1	C	0.9997229076226792	5.277950044202832e-05	0.9999076358742264	0.999894440999116	0.000184728251547	5.277950044202832e-05	0.999894440999116	0.9998548563737844	5.277950044202832e-05	1.319487511050708e-05	2.638975022101416e-05	3.958462533152124e-05	6.59743755525354e-05	2.638975022101416e-05	0.9998812461240054	0.9999076358742264	2.638975022101416e-05	0.0003298718777626	0.999894440999116	0.9998812461240054
_scratch_st-cdeboer-1_asfar_VLPs_results_crispresso_aggregated_spacer_AXBE_rep3_.staging_CRISPRessoPooled_on_AXBE_D3_rep3_CRISPResso_on_PDCD1	G	2.638975022101416e-05	0.0002770923773206	0.0	1.319487511050708e-05	5.277950044202832e-05	0.0013722670114927	1.319487511050708e-05	9.236412577354956e-05	0.0001451436262155	0.0003958462533152	7.916925066304247e-05	0.999788881998232	0.0001979231266576	0.000105559000884	3.958462533152124e-05	0.0	0.000105559000884	0.000105559000884	1.319487511050708e-05	1.319487511050708e-05
_scratch_st-cdeboer-1_asfar_VLPs_results_crispresso_aggregated_spacer_AXBE_rep3_.staging_CRISPRessoPooled_on_AXBE_D3_rep3_CRISPResso_on_PDCD1	N	0.0	0.0	0.0	0.0	1.319487511050708e-05	0.0	1.319487511050708e-05	0.0	0.0	0.0	0.0	0.0	0.0	0.0	0.0	0.0	0.0	0.0	0.0	0.0
_scratch_st-cdeboer-1_asfar_VLPs_results_crispresso_aggregated_spacer_AXBE_rep3_.staging_CRISPRessoPooled_on_AXBE_D3_rep3_CRISPResso_on_PDCD1	-	3.958462533152124e-05	1.319487511050708e-05	1.319487511050708e-05	1.319487511050708e-05	1.319487511050708e-05	1.319487511050708e-05	1.319487511050708e-05	1.319487511050708e-05	1.319487511050708e-05	1.319487511050708e-05	6.59743755525354e-05	1.319487511050708e-05	1.319487511050708e-05	1.319487511050708e-05	1.319487511050708e-05	1.319487511050708e-05	1.319487511050708e-05	1.319487511050708e-05	1.319487511050708e-05	1.319487511050708e-05
_scratch_st-cdeboer-1_asfar_VLPs_results_crispresso_aggregated_spacer_AXBE_rep3_.staging_CRISPRessoPooled_on_AXBE_D4_rep3_CRISPResso_on_PDCD1	A	0.0001227185505823	0.9854299611763132	6.693739122673925e-05	5.578115935561605e-05	0.0	0.8593087598732652	8.924985496898568e-05	6.693739122673925e-05	2.231246374224642e-05	0.936521040653309	0.9961734124682048	6.693739122673925e-05	0.9996095318845108	0.9996318443482528	2.231246374224642e-05	1.115623187112321e-05	0.9997880315944486	1.115623187112321e-05	3.3468695613369625e-05	5.578115935561605e-05
_scratch_st-cdeboer-1_asfar_VLPs_results_crispresso_aggregated_spacer_AXBE_rep3_.staging_CRISPRessoPooled_on_AXBE_D4_rep3_CRISPResso_on_PDCD1	T	0.0001004060868401	2.231246374224642e-05	2.231246374224642e-05	3.3468695613369625e-05	0.9997322504350932	0.0001450310143246	0.0001115623187112	8.924985496898568e-05	0.9996764692757374	0.0011490918827256	0.0	0.0001115623187112	1.115623187112321e-05	1.115623187112321e-05	4.462492748449284e-05	3.3468695613369625e-05	0.0	0.9997099379713508	4.462492748449284e-05	4.462492748449284e-05
_scratch_st-cdeboer-1_asfar_VLPs_results_crispresso_aggregated_spacer_AXBE_rep3_.staging_CRISPRessoPooled_on_AXBE_D4_rep3_CRISPResso_on_PDCD1	C	0.9996318443482528	2.231246374224642e-05	0.9998438127538044	0.9998438127538044	0.0001784997099379	0.0001004060868401	0.9996876255076086	0.9994421884064438	0.0001338747824534	0.0024543710116471	6.693739122673925e-05	0.0	0.0001115623187112	0.0001004060868401	0.9998661252175464	0.9998772814494176	6.693739122673925e-05	0.0001673434780668	0.9998549689856754	0.9998549689856754
_scratch_st-cdeboer-1_asfar_VLPs_results_crispresso_aggregated_spacer_AXBE_rep3_.staging_CRISPRessoPooled_on_AXBE_D4_rep3_CRISPResso_on_PDCD1	G	6.693739122673925e-05	0.0144361640412334	1.115623187112321e-05	1.115623187112321e-05	3.3468695613369625e-05	0.1403900218662144	5.578115935561605e-05	0.0003123744923914	7.809362309786246e-05	0.0597974028292204	0.0036592440537284	0.9997545628988352	0.0002008121736802	0.0001784997099379	0.0	1.115623187112321e-05	7.809362309786246e-05	4.462492748449284e-05	0.0	3.3468695613369625e-05
_scratch_st-cdeboer-1_asfar_VLPs_results_crispresso_aggregated_spacer_AXBE_rep3_.staging_CRISPRessoPooled_on_AXBE_D4_rep3_CRISPResso_on_PDCD1	N	0.0	0.0	0.0	0.0	0.0	0.0	0.0	0.0	0.0	0.0	0.0	0.0	0.0	0.0	0.0	0.0	0.0	0.0	0.0	0.0
_scratch_st-cdeboer-1_asfar_VLPs_results_crispresso_aggregated_spacer_AXBE_rep3_.staging_CRISPRessoPooled_on_AXBE_D4_rep3_CRISPResso_on_PDCD1	-	7.809362309786246e-05	8.924985496898568e-05	5.578115935561605e-05	5.578115935561605e-05	5.578115935561605e-05	5.578115935561605e-05	5.578115935561605e-05	8.924985496898568e-05	8.924985496898568e-05	7.809362309786246e-05	0.0001004060868401	6.693739122673925e-05	6.693739122673925e-05	7.809362309786246e-05	6.693739122673925e-05	6.693739122673925e-05	6.693739122673925e-05	6.693739122673925e-05	6.693739122673925e-05	1.115623187112321e-05
_scratch_st-cdeboer-1_asfar_VLPs_results_crispresso_aggregated_spacer_AXBE_rep3_.staging_CRISPRessoPooled_on_AXBE_D5_rep3_CRISPResso_on_PDCD1	A	5.984679221193744e-05	0.990544206830514	1.994893073731248e-05	0.0001994893073731	0.0	0.9187081072454516	3.989786147462496e-05	0.0002792850303223	1.994893073731248e-05	0.9667251835301628	0.9971473029045644	1.994893073731248e-05	0.9996010213852538	0.9997007660389404	1.994893073731248e-05	3.989786147462496e-05	0.9996608681774656	0.0	5.984679221193744e-05	1.994893073731248e-05
_scratch_st-cdeboer-1_asfar_VLPs_results_crispresso_aggregated_spacer_AXBE_rep3_.staging_CRISPRessoPooled_on_AXBE_D5_rep3_CRISPResso_on_PDCD1	T	3.989786147462496e-05	3.989786147462496e-05	0.0001196935844238	0.0001795403766358	0.9998005106926268	0.0	0.0001795403766358	0.0004189275454835	0.9995611235237792	0.0013166294286626	5.984679221193744e-05	7.979572294924992e-05	0.0	0.0	0.0	1.994893073731248e-05	0.0	0.9995810724545164	5.984679221193744e-05	3.989786147462496e-05
_scratch_st-cdeboer-1_asfar_VLPs_results_crispresso_aggregated_spacer_AXBE_rep3_.staging_CRISPRessoPooled_on_AXBE_D5_rep3_CRISPResso_on_PDCD1	C	0.9997606128311524	0.0	0.9997207149696776	0.9994414299393553	1.994893073731248e-05	5.984679221193744e-05	0.9996608681774656	0.9989427066709224	7.979572294924992e-05	0.0015959144589849	3.989786147462496e-05	1.994893073731248e-05	7.979572294924992e-05	5.984679221193744e-05	0.9998404085541016	0.9997805617618896	5.984679221193744e-05	0.0002194382381104	0.9997805617618896	0.9998204596233642
_scratch_st-cdeboer-1_asfar_VLPs_results_crispresso_aggregated_spacer_AXBE_rep3_.staging_CRISPRessoPooled_on_AXBE_D5_rep3_CRISPResso_on_PDCD1	G	0.0	0.0092762527928503	0.0	3.989786147462496e-05	7.979572294924992e-05	0.0811323013086498	0.0	0.0002393871688477	0.0002194382381104	0.0302226300670284	0.0026133099265879	0.9997805617618896	0.0002194382381104	0.0001396425151611	0.0	1.994893073731248e-05	0.0001396425151611	9.97446536865624e-05	0.0	1.994893073731248e-05
_scratch_st-cdeboer-1_asfar_VLPs_results_crispresso_aggregated_spacer_AXBE_rep3_.staging_CRISPRessoPooled_on_AXBE_D5_rep3_CRISPResso_on_PDCD1	N	0.0	0.0	0.0	0.0	0.0	0.0	0.0	0.0	0.0	0.0	0.0	0.0	0.0	0.0	0.0	0.0	0.0	0.0	0.0	0.0
_scratch_st-cdeboer-1_asfar_VLPs_results_crispresso_aggregated_spacer_AXBE_rep3_.staging_CRISPRessoPooled_on_AXBE_D5_rep3_CRISPResso_on_PDCD1	-	0.0001396425151611	0.0001396425151611	0.0001396425151611	0.0001396425151611	9.97446536865624e-05	9.97446536865624e-05	0.0001196935844238	0.0001196935844238	0.0001196935844238	0.0001396425151611	0.0001396425151611	9.97446536865624e-05	9.97446536865624e-05	9.97446536865624e-05	0.0001396425151611	0.0001396425151611	0.0001396425151611	9.97446536865624e-05	9.97446536865624e-05	9.97446536865624e-05
