Folder	Nucleotide	G	G	A	G	G	C	T	A	T	C	C	A	G	C	G	T	G	A	G	T
_scratch_st-cdeboer-1_asfar_VLPs_results_crispresso_aggregated_spacer_AYBE_rep3_.staging_CRISPRessoPooled_on_AYBE_D1_rep3_CRISPResso_on_B2M	A	0.0001359835006685	0.0	0.9997053690818848	0.0	0.0001586474174466	0.0001133195838904	0.0	0.9999093443328876	2.266391677809759e-05	9.065566711239036e-05	4.532783355619518e-05	0.9997506969154408	0.0	4.532783355619518e-05	2.266391677809759e-05	0.0	0.0001133195838904	0.9997053690818848	4.532783355619518e-05	0.0
_scratch_st-cdeboer-1_asfar_VLPs_results_crispresso_aggregated_spacer_AYBE_rep3_.staging_CRISPRessoPooled_on_AYBE_D1_rep3_CRISPResso_on_B2M	T	0.0001133195838904	0.0004079505020057	0.0	0.0003172948348933	4.532783355619518e-05	0.0	0.999773360832219	0.0	0.9997280329986628	2.266391677809759e-05	0.0001133195838904	0.0	6.799175033429278e-05	0.0001133195838904	0.0001133195838904	0.998368197991977	0.0001359835006685	2.266391677809759e-05	4.532783355619518e-05	0.999546721664438
_scratch_st-cdeboer-1_asfar_VLPs_results_crispresso_aggregated_spacer_AYBE_rep3_.staging_CRISPRessoPooled_on_AYBE_D1_rep3_CRISPResso_on_B2M	C	4.532783355619518e-05	0.0001359835006685	0.0	4.532783355619518e-05	2.266391677809759e-05	0.9998866804161096	9.065566711239036e-05	2.266391677809759e-05	0.0001359835006685	0.9998866804161096	0.9998413525825534	9.065566711239036e-05	0.0	0.9997960247489972	9.065566711239036e-05	0.0015638102576887	0.0001359835006685	9.065566711239036e-05	4.532783355619518e-05	0.000249303084559
_scratch_st-cdeboer-1_asfar_VLPs_results_crispresso_aggregated_spacer_AYBE_rep3_.staging_CRISPRessoPooled_on_AYBE_D1_rep3_CRISPResso_on_B2M	G	0.9997053690818848	0.9994560659973256	0.0002946309181152	0.9996373773315504	0.999773360832219	0.0	0.0001359835006685	6.799175033429278e-05	0.0001133195838904	0.0	0.0	0.0001586474174466	0.9999320082496655	2.266391677809759e-05	0.999773360832219	6.799175033429278e-05	0.9996147134147724	0.0001813113342247	0.9998640164993314	0.0002039752510028
_scratch_st-cdeboer-1_asfar_VLPs_results_crispresso_aggregated_spacer_AYBE_rep3_.staging_CRISPRessoPooled_on_AYBE_D1_rep3_CRISPResso_on_B2M	N	0.0	0.0	0.0	0.0	0.0	0.0	0.0	0.0	0.0	0.0	0.0	0.0	0.0	2.266391677809759e-05	0.0	0.0	0.0	0.0	0.0	0.0
_scratch_st-cdeboer-1_asfar_VLPs_results_crispresso_aggregated_spacer_AYBE_rep3_.staging_CRISPRessoPooled_on_AYBE_D1_rep3_CRISPResso_on_B2M	-	0.0	0.0	0.0	0.0	0.0	0.0	0.0	0.0	0.0	0.0	0.0	0.0	0.0	0.0	0.0	0.0	0.0	0.0	0.0	0.0
_scratch_st-cdeboer-1_asfar_VLPs_results_crispresso_aggregated_spacer_AYBE_rep3_.staging_CRISPRessoPooled_on_AYBE_D2_rep3_CRISPResso_on_B2M	A	0.00015870725725	5.771172990910403e-05	0.999422882700909	5.771172990910403e-05	0.0001154234598182	2.885586495455201e-05	1.4427932477276009e-05	0.9995527340932044	0.0	0.0002164189871591	0.0001442793247727	0.9995960178906362	5.771172990910403e-05	2.885586495455201e-05	8.656759486365604e-05	0.0020631943442504	0.00015870725725	0.9996825854855	0.0	1.4427932477276009e-05
_scratch_st-cdeboer-1_asfar_VLPs_results_crispresso_aggregated_spacer_AYBE_rep3_.staging_CRISPRessoPooled_on_AYBE_D2_rep3_CRISPResso_on_B2M	T	0.0001442793247727	0.0003895541768864	1.4427932477276009e-05	0.0004039821093637	2.885586495455201e-05	2.885586495455201e-05	0.9975616794113404	5.771172990910403e-05	0.9940701197518396	7.213966238638003e-05	0.0001298513922954	2.885586495455201e-05	2.885586495455201e-05	4.328379743182802e-05	0.0001442793247727	0.7043572356081373	0.0002885586495455	1.4427932477276009e-05	2.885586495455201e-05	0.9978790939258404
_scratch_st-cdeboer-1_asfar_VLPs_results_crispresso_aggregated_spacer_AYBE_rep3_.staging_CRISPRessoPooled_on_AYBE_D2_rep3_CRISPResso_on_B2M	C	2.885586495455201e-05	0.0001154234598182	4.328379743182802e-05	5.771172990910403e-05	1.4427932477276009e-05	0.9997835810128408	0.0021930457365459	0.0	0.0055403260712739	0.9995094502957728	0.9990333285240224	0.0001009955273409	0.00015870725725	0.9998701486077044	1.4427932477276009e-05	0.2911556773914298	0.0003318424469773	2.885586495455201e-05	0.0001009955273409	0.0018467753570913
_scratch_st-cdeboer-1_asfar_VLPs_results_crispresso_aggregated_spacer_AYBE_rep3_.staging_CRISPRessoPooled_on_AYBE_D2_rep3_CRISPResso_on_B2M	G	0.9996104458231136	0.9993363151060451	0.0003606983119319	0.9993363151060451	0.9996970134179772	1.4427932477276009e-05	1.4427932477276009e-05	0.00015870725725	0.0001442793247727	7.213966238638003e-05	0.0005626893666137	0.0001442793247727	0.9996248737555908	0.0	0.9996970134179772	0.0023084691963641	0.999163179916318	0.0002164189871591	0.9998124368777954	0.0002019910546818
_scratch_st-cdeboer-1_asfar_VLPs_results_crispresso_aggregated_spacer_AYBE_rep3_.staging_CRISPRessoPooled_on_AYBE_D2_rep3_CRISPResso_on_B2M	N	0.0	0.0	0.0	0.0	0.0	0.0	0.0	0.0	0.0	0.0	0.0	0.0	0.0	0.0	0.0	0.0	0.0	0.0	0.0	0.0
_scratch_st-cdeboer-1_asfar_VLPs_results_crispresso_aggregated_spacer_AYBE_rep3_.staging_CRISPRessoPooled_on_AYBE_D2_rep3_CRISPResso_on_B2M	-	5.771172990910403e-05	0.0001009955273409	0.00015870725725	0.0001442793247727	0.0001442793247727	0.0001442793247727	0.0002164189871591	0.0002308469196364	0.0002452748521136	0.0001298513922954	0.0001298513922954	0.0001298513922954	0.0001298513922954	5.771172990910403e-05	5.771172990910403e-05	0.0001154234598182	5.771172990910403e-05	5.771172990910403e-05	5.771172990910403e-05	5.771172990910403e-05
_scratch_st-cdeboer-1_asfar_VLPs_results_crispresso_aggregated_spacer_AYBE_rep3_.staging_CRISPRessoPooled_on_AYBE_D3_rep3_CRISPResso_on_B2M	A	7.334246039507138e-05	3.667123019753569e-05	0.9996332876980246	3.667123019753569e-05	0.000207803637786	6.111871699589283e-05	0.0	0.9993888128300412	7.334246039507138e-05	8.556620379424995e-05	0.000415607275572	0.9993521415998436	2.444748679835713e-05	3.667123019753569e-05	0.0002200273811852	0.0041071777821239	0.0001222374339917	0.9994254840602386	1.2223743399178565e-05	2.444748679835713e-05
_scratch_st-cdeboer-1_asfar_VLPs_results_crispresso_aggregated_spacer_AYBE_rep3_.staging_CRISPRessoPooled_on_AYBE_D3_rep3_CRISPResso_on_B2M	T	0.0001100136905926	0.0004522785057696	0.0	0.0004522785057696	4.889497359671426e-05	3.667123019753569e-05	0.9968829454332094	2.444748679835713e-05	0.99047770389204	3.667123019753569e-05	0.0005867396831605	1.2223743399178565e-05	7.334246039507138e-05	0.0001222374339917	0.0001466849207901	0.5205114414238217	0.0001955798943868	0.0	0.0001589086641893	0.997261881478584
_scratch_st-cdeboer-1_asfar_VLPs_results_crispresso_aggregated_spacer_AYBE_rep3_.staging_CRISPRessoPooled_on_AYBE_D3_rep3_CRISPResso_on_B2M	C	8.556620379424995e-05	6.111871699589283e-05	2.444748679835713e-05	9.778994719342852e-05	6.111871699589283e-05	0.9994988265206336	0.0025914336006258	2.444748679835713e-05	0.0087888715040093	0.9993276941130452	0.997946411108938	0.0001344611773909	3.667123019753569e-05	0.9993276941130452	6.111871699589283e-05	0.4721176413064737	0.0003667123019753	3.667123019753569e-05	0.0001344611773909	0.0024569724232348
_scratch_st-cdeboer-1_asfar_VLPs_results_crispresso_aggregated_spacer_AYBE_rep3_.staging_CRISPRessoPooled_on_AYBE_D3_rep3_CRISPResso_on_B2M	G	0.9995966164678272	0.9992787991394484	0.000207803637786	0.999181009192255	0.9993032466262468	2.444748679835713e-05	0.0001466849207901	0.0001344611773909	0.0002322511245843	0.0001955798943868	0.0006600821435556	0.0001100136905926	0.999449931547037	9.778994719342852e-05	0.9992299041658518	0.0028848034422061	0.9990343242714648	0.0003055935849794	0.9994743790338352	0.0001833561509876
_scratch_st-cdeboer-1_asfar_VLPs_results_crispresso_aggregated_spacer_AYBE_rep3_.staging_CRISPRessoPooled_on_AYBE_D3_rep3_CRISPResso_on_B2M	N	0.0	0.0	0.0	0.0	0.0	0.0	0.0	0.0	0.0	0.0	0.0	0.0	0.0	0.0	0.0	0.0	0.0	0.0	0.0	0.0
_scratch_st-cdeboer-1_asfar_VLPs_results_crispresso_aggregated_spacer_AYBE_rep3_.staging_CRISPRessoPooled_on_AYBE_D3_rep3_CRISPResso_on_B2M	-	0.0001344611773909	0.0001711324075884	0.0001344611773909	0.0002322511245843	0.0003789360453745	0.0003789360453745	0.0003789360453745	0.0004278310189712	0.0004278310189712	0.0003544885585761	0.0003911597887737	0.0003911597887737	0.000415607275572	0.000415607275572	0.0003422648151769	0.0003789360453745	0.0002811460981811	0.0002322511245843	0.0002200273811852	7.334246039507138e-05
_scratch_st-cdeboer-1_asfar_VLPs_results_crispresso_aggregated_spacer_AYBE_rep3_.staging_CRISPRessoPooled_on_AYBE_D4_rep3_CRISPResso_on_B2M	A	0.00012276511685	2.232093033637642e-05	0.9995647418584408	1.116046516818821e-05	6.696279100912926e-05	5.5802325840941054e-05	0.0	0.9992634092988996	0.000178567442691	0.0002008883730273	0.0003459744202138	0.9988616325528448	1.116046516818821e-05	3.348139550456463e-05	0.0001897279078591	0.0052565790942166	8.928372134550569e-05	0.9992187674382268	2.232093033637642e-05	0.0
_scratch_st-cdeboer-1_asfar_VLPs_results_crispresso_aggregated_spacer_AYBE_rep3_.staging_CRISPRessoPooled_on_AYBE_D4_rep3_CRISPResso_on_B2M	T	6.696279100912926e-05	0.0002678511640365	1.116046516818821e-05	0.0001562465123546	5.5802325840941054e-05	0.0001004441865136	0.9959822325394524	0.0	0.9862837883082968	5.5802325840941054e-05	0.0003794558157183	2.232093033637642e-05	6.696279100912926e-05	0.0001674069775228	0.0001450860471864	0.3704604807928394	0.0002343697685319	0.0	7.812325617731747e-05	0.9952121604428472
_scratch_st-cdeboer-1_asfar_VLPs_results_crispresso_aggregated_spacer_AYBE_rep3_.staging_CRISPRessoPooled_on_AYBE_D4_rep3_CRISPResso_on_B2M	C	3.348139550456463e-05	5.5802325840941054e-05	2.232093033637642e-05	7.812325617731747e-05	8.928372134550569e-05	0.9993192116247404	0.0033927814111292	4.464186067275284e-05	0.0125443628490435	0.9987277069708266	0.996975513939421	6.696279100912926e-05	4.464186067275284e-05	0.9988393116225084	0.0001116046516818	0.619896877301846	0.0004575790718957	4.464186067275284e-05	6.696279100912926e-05	0.0041740139729023
_scratch_st-cdeboer-1_asfar_VLPs_results_crispresso_aggregated_spacer_AYBE_rep3_.staging_CRISPRessoPooled_on_AYBE_D4_rep3_CRISPResso_on_B2M	G	0.9995759023236088	0.999408495346086	0.0001674069775228	0.999520099997768	0.9994308162764224	1.116046516818821e-05	0.00012276511685	0.00012276511685	0.0001897279078591	0.0001562465123546	0.0013392558201825	0.00012276511685	0.9989509162741904	4.464186067275284e-05	0.9987277069708266	0.0036383116448293	0.9986830651101538	0.0001897279078591	0.999408495346086	0.0002790116292047
_scratch_st-cdeboer-1_asfar_VLPs_results_crispresso_aggregated_spacer_AYBE_rep3_.staging_CRISPRessoPooled_on_AYBE_D4_rep3_CRISPResso_on_B2M	N	0.0	0.0	0.0	0.0	0.0	0.0	0.0	0.0	0.0	0.0	0.0	0.0	0.0	0.0	0.0	0.0	0.0	0.0	0.0	0.0
_scratch_st-cdeboer-1_asfar_VLPs_results_crispresso_aggregated_spacer_AYBE_rep3_.staging_CRISPRessoPooled_on_AYBE_D4_rep3_CRISPResso_on_B2M	-	0.0002008883730273	0.0002455302337001	0.0002343697685319	0.0002343697685319	0.000357134885382	0.0005133813977366	0.0005022209325684	0.0005691837235775	0.0008035534921095	0.0008593558179504	0.0009598000044641	0.0009263186089596	0.0009263186089596	0.0009151581437914	0.0008258744224459	0.0007477511662686	0.000535702328073	0.0005468627932412	0.0004240976763911	0.0003348139550456
_scratch_st-cdeboer-1_asfar_VLPs_results_crispresso_aggregated_spacer_AYBE_rep3_.staging_CRISPRessoPooled_on_AYBE_D5_rep3_CRISPResso_on_B2M	A	0.0	0.0	0.9996513006485808	0.0	0.0002092196108515	6.973987028384127e-05	0.0	0.9995118209080132	0.0005579189622707	6.973987028384127e-05	0.0002092196108515	0.9994420810377292	0.0002092196108515	0.0	0.0	0.0025803752005021	0.0001394797405676	0.9997210405188648	0.0	0.0
_scratch_st-cdeboer-1_asfar_VLPs_results_crispresso_aggregated_spacer_AYBE_rep3_.staging_CRISPRessoPooled_on_AYBE_D5_rep3_CRISPResso_on_B2M	T	0.0003486993514192	0.0006973987028384	0.0	0.0003486993514192	0.0	6.973987028384127e-05	0.9981170235023364	0.0	0.9901666782899784	0.0001394797405676	0.0004881790919868	6.973987028384127e-05	0.0001394797405676	6.973987028384127e-05	0.0	0.5526187321291582	6.973987028384127e-05	0.0	0.0002789594811353	0.9966524862263756
_scratch_st-cdeboer-1_asfar_VLPs_results_crispresso_aggregated_spacer_AYBE_rep3_.staging_CRISPRessoPooled_on_AYBE_D5_rep3_CRISPResso_on_B2M	C	0.0001394797405676	0.0003486993514192	0.0	0.0002789594811353	6.973987028384127e-05	0.999581560778297	0.0013947974056768	0.0	0.0083687844340609	0.9992328614268776	0.9985354627240394	6.973987028384127e-05	0.0	0.9995118209080132	0.0	0.4412441592858637	0.0002789594811353	0.0	6.973987028384127e-05	0.003068554292489
_scratch_st-cdeboer-1_asfar_VLPs_results_crispresso_aggregated_spacer_AYBE_rep3_.staging_CRISPRessoPooled_on_AYBE_D5_rep3_CRISPResso_on_B2M	G	0.9995118209080132	0.998674942464607	0.0	0.99909338168631	0.9994420810377292	0.0	0.0001394797405676	0.0001394797405676	0.0005579189622707	0.0002092196108515	0.000418439221703	6.973987028384127e-05	0.9993026012971616	6.973987028384127e-05	0.9997210405188648	0.0032777739033405	0.9992328614268776	0.0	0.9993723411674454	0.0002789594811353
_scratch_st-cdeboer-1_asfar_VLPs_results_crispresso_aggregated_spacer_AYBE_rep3_.staging_CRISPRessoPooled_on_AYBE_D5_rep3_CRISPResso_on_B2M	N	0.0	0.0	0.0	0.0	0.0	0.0	0.0	0.0	0.0	0.0	0.0	0.0	0.0	0.0	0.0	0.0	0.0	0.0	0.0	0.0
_scratch_st-cdeboer-1_asfar_VLPs_results_crispresso_aggregated_spacer_AYBE_rep3_.staging_CRISPRessoPooled_on_AYBE_D5_rep3_CRISPResso_on_B2M	-	0.0	0.0002789594811353	0.0003486993514192	0.0002789594811353	0.0002789594811353	0.0002789594811353	0.0003486993514192	0.0003486993514192	0.0003486993514192	0.0003486993514192	0.0003486993514192	0.0003486993514192	0.0003486993514192	0.0003486993514192	0.0002789594811353	0.0002789594811353	0.0002789594811353	0.0002789594811353	0.0002789594811353	0.0
