Folder	Nucleotide	C	A	C	C	T	A	C	C	T	A	A	G	A	A	C	C	A	T	C	C
_scratch_st-cdeboer-1_asfar_VLPs_results_crispresso_aggregated_spacer_AYBE_rep1_.staging_CRISPRessoPooled_on_AYBE_D1_rep1_CRISPResso_on_PDCD1	A	3.9997866780438376e-05	0.9992533731534318	5.33304890405845e-05	6.666311130073063e-05	0.0	0.9957602261212736	6.666311130073063e-05	0.0001066609780811	0.0	0.9984934136846036	0.9996666844434964	0.0001199936003413	0.9996533518212362	0.9996533518212362	1.3332622260146126e-05	0.0001066609780811	0.9997733454215776	1.3332622260146126e-05	2.666524452029225e-05	5.33304890405845e-05
_scratch_st-cdeboer-1_asfar_VLPs_results_crispresso_aggregated_spacer_AYBE_rep1_.staging_CRISPRessoPooled_on_AYBE_D1_rep1_CRISPResso_on_PDCD1	T	9.332835582102289e-05	3.9997866780438376e-05	9.332835582102289e-05	5.33304890405845e-05	0.9997200149325368	5.33304890405845e-05	0.0001333262226014	6.666311130073063e-05	0.999733347554797	1.3332622260146126e-05	1.3332622260146126e-05	0.0001333262226014	0.0	0.0	0.0001066609780811	3.9997866780438376e-05	1.3332622260146126e-05	0.9997066823102768	2.666524452029225e-05	3.9997866780438376e-05
_scratch_st-cdeboer-1_asfar_VLPs_results_crispresso_aggregated_spacer_AYBE_rep1_.staging_CRISPRessoPooled_on_AYBE_D1_rep1_CRISPResso_on_PDCD1	C	0.9998000106660978	2.666524452029225e-05	0.9997866780438376	0.999813343288358	0.0001199936003413	0.0001199936003413	0.999733347554797	0.9997466801770571	7.999573356087675e-05	1.3332622260146126e-05	1.3332622260146126e-05	1.3332622260146126e-05	7.999573356087675e-05	0.0001466588448616	0.9998000106660978	0.9997866780438376	6.666311130073063e-05	0.0001999893339021	0.9998533411551384	0.9998400085328782
_scratch_st-cdeboer-1_asfar_VLPs_results_crispresso_aggregated_spacer_AYBE_rep1_.staging_CRISPRessoPooled_on_AYBE_D1_rep1_CRISPResso_on_PDCD1	G	0.0	0.0006266332462268	1.3332622260146126e-05	0.0	9.332835582102289e-05	0.0040131193003039	1.3332622260146126e-05	2.666524452029225e-05	0.0001333262226014	0.0014265905818356	0.0002399872006826	0.9996800170657564	0.0002133219561623	0.0001333262226014	2.666524452029225e-05	1.3332622260146126e-05	9.332835582102289e-05	2.666524452029225e-05	3.9997866780438376e-05	1.3332622260146126e-05
_scratch_st-cdeboer-1_asfar_VLPs_results_crispresso_aggregated_spacer_AYBE_rep1_.staging_CRISPRessoPooled_on_AYBE_D1_rep1_CRISPResso_on_PDCD1	N	0.0	0.0	0.0	0.0	0.0	0.0	0.0	0.0	0.0	0.0	0.0	0.0	0.0	0.0	0.0	0.0	0.0	0.0	0.0	0.0
_scratch_st-cdeboer-1_asfar_VLPs_results_crispresso_aggregated_spacer_AYBE_rep1_.staging_CRISPRessoPooled_on_AYBE_D1_rep1_CRISPResso_on_PDCD1	-	6.666311130073063e-05	5.33304890405845e-05	5.33304890405845e-05	6.666311130073063e-05	6.666311130073063e-05	5.33304890405845e-05	5.33304890405845e-05	5.33304890405845e-05	5.33304890405845e-05	5.33304890405845e-05	6.666311130073063e-05	5.33304890405845e-05	5.33304890405845e-05	6.666311130073063e-05	5.33304890405845e-05	5.33304890405845e-05	5.33304890405845e-05	5.33304890405845e-05	5.33304890405845e-05	5.33304890405845e-05
_scratch_st-cdeboer-1_asfar_VLPs_results_crispresso_aggregated_spacer_AYBE_rep1_.staging_CRISPRessoPooled_on_AYBE_D2_rep1_CRISPResso_on_PDCD1	A	9.770554804670323e-05	0.9980621732970736	0.0	6.51370320311355e-05	0.0	0.9721702030646974	3.256851601556775e-05	0.0001628425800778	0.0	0.991271637707828	0.9992672083896498	6.51370320311355e-05	0.9994626194857432	0.9998045889039066	1.6284258007783875e-05	3.256851601556775e-05	0.999772020387891	0.0	4.885277402335162e-05	9.770554804670323e-05
_scratch_st-cdeboer-1_asfar_VLPs_results_crispresso_aggregated_spacer_AYBE_rep1_.staging_CRISPRessoPooled_on_AYBE_D2_rep1_CRISPResso_on_PDCD1	T	6.51370320311355e-05	3.256851601556775e-05	0.00014655832207	8.142129003891937e-05	0.999690599097852	0.0	0.00014655832207	1.6284258007783875e-05	0.9995766092917976	0.0004559592242179	1.6284258007783875e-05	0.0001302740640622	1.6284258007783875e-05	0.0	0.0001139898060544	6.51370320311355e-05	0.0	0.99956032503379	6.51370320311355e-05	1.6284258007783875e-05
_scratch_st-cdeboer-1_asfar_VLPs_results_crispresso_aggregated_spacer_AYBE_rep1_.staging_CRISPRessoPooled_on_AYBE_D2_rep1_CRISPResso_on_PDCD1	C	0.9998208731619144	4.885277402335162e-05	0.9998371574199222	0.99985344167793	0.0001628425800778	0.0002931166441401	0.9995766092917976	0.9996254620658208	6.51370320311355e-05	0.0002442638701167	0.0002279796121089	6.51370320311355e-05	0.0001791268380856	3.256851601556775e-05	0.99985344167793	0.9999022944519532	6.51370320311355e-05	0.0002768323861323	0.9998860101939456	0.9998697259359376
_scratch_st-cdeboer-1_asfar_VLPs_results_crispresso_aggregated_spacer_AYBE_rep1_.staging_CRISPRessoPooled_on_AYBE_D2_rep1_CRISPResso_on_PDCD1	G	0.0	0.0018564054128873	1.6284258007783875e-05	0.0	0.0001139898060544	0.0275366802911625	4.885277402335162e-05	0.0	0.0001302740640622	0.007832728101744	0.0004722434822257	0.9997394518718754	0.0003419694181634	0.0001628425800778	1.6284258007783875e-05	0.0	0.0001628425800778	0.0001628425800778	0.0	0.0
_scratch_st-cdeboer-1_asfar_VLPs_results_crispresso_aggregated_spacer_AYBE_rep1_.staging_CRISPRessoPooled_on_AYBE_D2_rep1_CRISPResso_on_PDCD1	N	0.0	0.0	0.0	0.0	1.6284258007783875e-05	0.0	0.0	0.0	0.0	0.0	0.0	0.0	0.0	0.0	0.0	0.0	0.0	0.0	0.0	0.0
_scratch_st-cdeboer-1_asfar_VLPs_results_crispresso_aggregated_spacer_AYBE_rep1_.staging_CRISPRessoPooled_on_AYBE_D2_rep1_CRISPResso_on_PDCD1	-	1.6284258007783875e-05	0.0	0.0	0.0	1.6284258007783875e-05	0.0	0.0001954110960934	0.0001954110960934	0.0002279796121089	0.0001954110960934	1.6284258007783875e-05	0.0	0.0	0.0	0.0	0.0	0.0	0.0	0.0	1.6284258007783875e-05
_scratch_st-cdeboer-1_asfar_VLPs_results_crispresso_aggregated_spacer_AYBE_rep1_.staging_CRISPRessoPooled_on_AYBE_D3_rep1_CRISPResso_on_PDCD1	A	6.446580411420762e-05	0.9790615068237054	7.735896493704914e-05	0.000199843992754	0.0	0.854906814680153	0.0002965426989253	8.38055453484699e-05	3.867948246852457e-05	0.9410524687179684	0.9962351970397304	3.867948246852457e-05	0.999355341958858	0.9994778269866748	3.867948246852457e-05	6.446580411420762e-05	0.9995745256928462	1.9339741234262285e-05	3.223290205710381e-05	8.38055453484699e-05
_scratch_st-cdeboer-1_asfar_VLPs_results_crispresso_aggregated_spacer_AYBE_rep1_.staging_CRISPRessoPooled_on_AYBE_D3_rep1_CRISPResso_on_PDCD1	T	3.867948246852457e-05	0.0001611645102855	9.669870617131142e-05	0.0003610085030395	0.9995745256928462	0.0009992199637702	0.0003545619226281	0.0002256303143997	0.9994262543433836	0.003416687618053	6.446580411420762e-05	0.0001869508319312	0.0	6.4465804114207615e-06	4.512606287994533e-05	0.0001289316082284	0.0	0.999600312014492	4.512606287994533e-05	7.735896493704914e-05
_scratch_st-cdeboer-1_asfar_VLPs_results_crispresso_aggregated_spacer_AYBE_rep1_.staging_CRISPRessoPooled_on_AYBE_D3_rep1_CRISPResso_on_PDCD1	C	0.999755029944366	0.0001224850278169	0.9997227970423088	0.99877514972183	8.38055453484699e-05	0.002436807395517	0.9989685471341728	0.9992715364135094	9.669870617131142e-05	0.0069300739422773	0.000199843992754	0.0001482713494626	9.669870617131142e-05	5.157264329136609e-05	0.9996712243990176	0.9995745256928462	0.0001095918669941	0.0002320768948111	0.9998066025876574	0.9997163504618974
_scratch_st-cdeboer-1_asfar_VLPs_results_crispresso_aggregated_spacer_AYBE_rep1_.staging_CRISPRessoPooled_on_AYBE_D3_rep1_CRISPResso_on_PDCD1	G	6.4465804114207615e-06	0.0205581449320208	0.0	0.0005479593349707	0.000154717929874	0.1414379742265715	0.000154717929874	0.0001224850278169	0.0001482713494626	0.0483171201835986	0.0031588244015961	0.9993811282805036	0.0003029892793367	0.0002127371535768	1.2893160822841525e-05	0.0	0.0001418247690512	3.867948246852457e-05	1.2893160822841525e-05	1.9339741234262285e-05
_scratch_st-cdeboer-1_asfar_VLPs_results_crispresso_aggregated_spacer_AYBE_rep1_.staging_CRISPRessoPooled_on_AYBE_D3_rep1_CRISPResso_on_PDCD1	N	0.0	0.0	1.2893160822841525e-05	0.0	0.0	0.0	6.4465804114207615e-06	0.0	0.0	0.0	0.0	0.0	0.0	0.0	0.0	0.0	0.0	6.4465804114207615e-06	0.0	0.0
_scratch_st-cdeboer-1_asfar_VLPs_results_crispresso_aggregated_spacer_AYBE_rep1_.staging_CRISPRessoPooled_on_AYBE_D3_rep1_CRISPResso_on_PDCD1	-	0.0001353781886398	9.669870617131142e-05	9.025212575989066e-05	0.0001160384474055	0.0001869508319312	0.0002191837339883	0.0002191837339883	0.0002965426989253	0.0002900961185139	0.0002836495381025	0.0003416687618053	0.0002449700556339	0.0002449700556339	0.0002514166360454	0.0002320768948111	0.0002320768948111	0.0001740576711083	0.0001031452865827	0.0001031452865827	0.0001031452865827
_scratch_st-cdeboer-1_asfar_VLPs_results_crispresso_aggregated_spacer_AYBE_rep1_.staging_CRISPRessoPooled_on_AYBE_D4_rep1_CRISPResso_on_PDCD1	A	2.811252506700152e-05	0.9755046198249526	0.000121820941957	0.000318608617426	0.0	0.8211855988904924	0.000449800401072	0.000131191783646	6.559589182300355e-05	0.9298873624828982	0.9964015967914238	6.559589182300355e-05	0.999400266131904	0.999493974548794	4.685420844500253e-05	2.811252506700152e-05	0.999681391382574	0.0	3.7483366756002026e-05	7.496673351200405e-05
_scratch_st-cdeboer-1_asfar_VLPs_results_crispresso_aggregated_spacer_AYBE_rep1_.staging_CRISPRessoPooled_on_AYBE_D4_rep1_CRISPResso_on_PDCD1	T	6.559589182300355e-05	0.000384204509249	7.496673351200405e-05	0.000534137976273	0.999709503907641	0.0022677436887381	0.000449800401072	0.000112450100268	0.9995408287572388	0.0047041625278782	8.433757520100456e-05	0.000140562625335	0.0	0.0	2.811252506700152e-05	7.496673351200405e-05	9.370841689000508e-06	0.999615795490751	4.685420844500253e-05	0.000103079258579
_scratch_st-cdeboer-1_asfar_VLPs_results_crispresso_aggregated_spacer_AYBE_rep1_.staging_CRISPRessoPooled_on_AYBE_D4_rep1_CRISPResso_on_PDCD1	C	0.999803212324531	6.559589182300355e-05	0.999700133065952	0.998734936371985	9.370841689000508e-05	0.0039357535093802	0.9988848698390088	0.999475232865416	0.000121820941957	0.0080120696440954	0.000121820941957	4.685420844500253e-05	8.433757520100456e-05	4.685420844500253e-05	0.999831324849598	0.999803212324531	5.622505013400304e-05	0.000215529358847	0.999831324849598	0.999737616432708
_scratch_st-cdeboer-1_asfar_VLPs_results_crispresso_aggregated_spacer_AYBE_rep1_.staging_CRISPRessoPooled_on_AYBE_D4_rep1_CRISPResso_on_PDCD1	G	9.370841689000508e-06	0.0239612421987742	2.811252506700152e-05	0.000290496092359	0.000121820941957	0.1725171954944993	8.433757520100456e-05	0.000149933467024	0.000140562625335	0.057265213561482	0.0030548943906141	0.999578312123995	0.000346721142493	0.000346721142493	9.370841689000508e-06	1.8741683378001013e-05	0.000178045992091	9.370841689000508e-05	9.370841689000508e-06	0.0
_scratch_st-cdeboer-1_asfar_VLPs_results_crispresso_aggregated_spacer_AYBE_rep1_.staging_CRISPRessoPooled_on_AYBE_D4_rep1_CRISPResso_on_PDCD1	N	0.0	0.0	0.0	0.0	0.0	0.0	0.0	0.0	0.0	0.0	0.0	0.0	0.0	0.0	9.370841689000508e-06	0.0	0.0	0.0	0.0	0.0
_scratch_st-cdeboer-1_asfar_VLPs_results_crispresso_aggregated_spacer_AYBE_rep1_.staging_CRISPRessoPooled_on_AYBE_D4_rep1_CRISPResso_on_PDCD1	-	9.370841689000508e-05	8.433757520100456e-05	7.496673351200405e-05	0.000121820941957	7.496673351200405e-05	9.370841689000508e-05	0.000131191783646	0.000131191783646	0.000131191783646	0.000131191783646	0.000337350300804	0.000168675150402	0.000168675150402	0.000112450100268	7.496673351200405e-05	7.496673351200405e-05	7.496673351200405e-05	7.496673351200405e-05	7.496673351200405e-05	8.433757520100456e-05
_scratch_st-cdeboer-1_asfar_VLPs_results_crispresso_aggregated_spacer_AYBE_rep1_.staging_CRISPRessoPooled_on_AYBE_D5_rep1_CRISPResso_on_PDCD1	A	6.118774147305117e-05	0.98916976975927	7.866995332249437e-05	9.615216517193757e-05	2.6223317774164783e-05	0.9206394993094528	0.0002360098599674	5.244663554832957e-05	8.741105924721597e-06	0.9716700756979773	0.9980507333787872	8.741105924721596e-05	0.9995367213859896	0.9995454624919144	1.7482211849443193e-05	5.244663554832957e-05	0.9996765790807852	0.0	7.866995332249437e-05	8.741105924721596e-05
_scratch_st-cdeboer-1_asfar_VLPs_results_crispresso_aggregated_spacer_AYBE_rep1_.staging_CRISPRessoPooled_on_AYBE_D5_rep1_CRISPResso_on_PDCD1	T	0.0001223754829461	3.4964423698886386e-05	0.0001398576947955	8.741105924721596e-05	0.9996678379748606	0.0010052271813429	0.000279715389591	7.866995332249437e-05	0.9995716858096888	0.0020629009982342	4.370552962360798e-05	7.866995332249437e-05	8.741105924721597e-06	0.0	6.118774147305117e-05	4.370552962360798e-05	2.6223317774164783e-05	0.9995454624919144	5.244663554832957e-05	5.244663554832957e-05
_scratch_st-cdeboer-1_asfar_VLPs_results_crispresso_aggregated_spacer_AYBE_rep1_.staging_CRISPRessoPooled_on_AYBE_D5_rep1_CRISPResso_on_PDCD1	C	0.9996940612926348	7.866995332249437e-05	0.9996678379748606	0.9997465079281832	0.0001048932710966	0.0016520690197723	0.9993531581615706	0.9996328735511616	0.0001048932710966	0.0041957308438663	0.0001223754829461	9.615216517193757e-05	9.615216517193757e-05	4.370552962360798e-05	0.9997989545637314	0.9997727312459572	3.4964423698886386e-05	0.0002534920718169	0.9997377668222583	0.9997465079281832
_scratch_st-cdeboer-1_asfar_VLPs_results_crispresso_aggregated_spacer_AYBE_rep1_.staging_CRISPRessoPooled_on_AYBE_D5_rep1_CRISPResso_on_PDCD1	G	3.4964423698886386e-05	0.0106641492281603	6.118774147305117e-05	0.0	0.0001485988007202	0.0765983112183353	2.6223317774164783e-05	0.0001223754829461	0.0001835632244191	0.0219314347651264	0.0015821401723746	0.9996066502333876	0.0002272687540427	0.0003059387073652	1.7482211849443193e-05	2.6223317774164783e-05	0.0001573399066449	9.615216517193757e-05	2.6223317774164783e-05	0.0
_scratch_st-cdeboer-1_asfar_VLPs_results_crispresso_aggregated_spacer_AYBE_rep1_.staging_CRISPRessoPooled_on_AYBE_D5_rep1_CRISPResso_on_PDCD1	N	0.0	0.0	0.0	0.0	0.0	0.0	0.0	0.0	0.0	8.741105924721597e-06	0.0	0.0	0.0	0.0	0.0	0.0	0.0	0.0	0.0	0.0
_scratch_st-cdeboer-1_asfar_VLPs_results_crispresso_aggregated_spacer_AYBE_rep1_.staging_CRISPRessoPooled_on_AYBE_D5_rep1_CRISPResso_on_PDCD1	-	8.741105924721596e-05	5.244663554832957e-05	5.244663554832957e-05	6.992884739777277e-05	5.244663554832957e-05	0.0001048932710966	0.0001048932710966	0.0001136343770213	0.0001311165888708	0.0001311165888708	0.0002010454362685	0.0001311165888708	0.0001311165888708	0.0001048932710966	0.0001048932710966	0.0001048932710966	0.0001048932710966	0.0001048932710966	0.0001048932710966	0.0001136343770213
