Folder	Nucleotide	G	G	C	C	C	A	G	A	C	T	G	A	G	C	A	C	G	T	G	A
_scratch_st-cdeboer-1_asfar_VLPs_results_crispresso_aggregated_spacer_AYBE_rep1_.staging_CRISPRessoPooled_on_AYBE_D1_rep1_CRISPResso_on_HEK3	A	6.159152500615915e-05	6.159152500615915e-05	0.0	0.0001231830500123	0.0001847745750184	0.929970436067997	0.0	0.954730229120473	0.0	0.0	0.0001847745750184	0.999260901699926	0.0	0.0	0.9994456762749444	0.0002463661000246	0.0	0.0001231830500123	0.0	0.9993840847499385
_scratch_st-cdeboer-1_asfar_VLPs_results_crispresso_aggregated_spacer_AYBE_rep1_.staging_CRISPRessoPooled_on_AYBE_D1_rep1_CRISPResso_on_HEK3	T	6.159152500615915e-05	6.159152500615915e-05	6.159152500615915e-05	0.0013550135501355	0.0014166050751416	0.0038186745503818	0.0	0.0005543237250554	0.0001231830500123	0.99919931017492	0.0002463661000246	0.0	0.0	6.159152500615915e-05	6.159152500615915e-05	0.0	0.0001231830500123	0.9991377186499136	6.159152500615915e-05	0.0
_scratch_st-cdeboer-1_asfar_VLPs_results_crispresso_aggregated_spacer_AYBE_rep1_.staging_CRISPRessoPooled_on_AYBE_D1_rep1_CRISPResso_on_HEK3	C	0.0	0.0004311406750431	0.9996920423749692	0.9974747474747476	0.9977827050997784	0.006590293175659	0.0001231830500123	0.0003695491500369	0.9994456762749444	0.0001231830500123	0.0002463661000246	0.0001231830500123	0.0001231830500123	0.9994456762749444	0.0	0.9993840847499385	0.0001847745750184	6.159152500615915e-05	0.0001231830500123	6.159152500615915e-05
_scratch_st-cdeboer-1_asfar_VLPs_results_crispresso_aggregated_spacer_AYBE_rep1_.staging_CRISPRessoPooled_on_AYBE_D1_rep1_CRISPResso_on_HEK3	G	0.9995688593249568	0.99919931017492	0.0	0.0006775067750677	0.0002463661000246	0.0591278640059127	0.9994456762749444	0.0432372505543237	0.0	0.0002463661000246	0.9988913525498893	0.0001847745750184	0.9994456762749444	6.159152500615915e-05	6.159152500615915e-05	0.0	0.9991377186499136	0.0001231830500123	0.999260901699926	0.0002463661000246
_scratch_st-cdeboer-1_asfar_VLPs_results_crispresso_aggregated_spacer_AYBE_rep1_.staging_CRISPRessoPooled_on_AYBE_D1_rep1_CRISPResso_on_HEK3	N	0.0	0.0	0.0	0.0	0.0	0.0	0.0	0.0	0.0	0.0	0.0	0.0	0.0	0.0	0.0	0.0	0.0	0.0	0.0	0.0
_scratch_st-cdeboer-1_asfar_VLPs_results_crispresso_aggregated_spacer_AYBE_rep1_.staging_CRISPRessoPooled_on_AYBE_D1_rep1_CRISPResso_on_HEK3	-	0.0003079576250307	0.0002463661000246	0.0002463661000246	0.0003695491500369	0.0003695491500369	0.0004927322000492	0.0004311406750431	0.0011086474501108	0.0004311406750431	0.0004311406750431	0.0004311406750431	0.0004311406750431	0.0004311406750431	0.0004311406750431	0.0004311406750431	0.0003695491500369	0.0005543237250554	0.0005543237250554	0.0005543237250554	0.0003079576250307
_scratch_st-cdeboer-1_asfar_VLPs_results_crispresso_aggregated_spacer_AYBE_rep1_.staging_CRISPRessoPooled_on_AYBE_D2_rep1_CRISPResso_on_HEK3	A	4.445893476392306e-05	5.927857968523074e-05	1.4819644921307686e-05	0.0002074750288983	0.0003556714781113	0.8678680458816207	5.927857968523074e-05	0.9170248080855984	4.445893476392306e-05	0.0	5.927857968523074e-05	0.9986069533773972	2.963928984261537e-05	2.963928984261537e-05	0.9998369839058656	2.963928984261537e-05	1.4819644921307686e-05	1.4819644921307686e-05	5.927857968523074e-05	0.9997925249711016
_scratch_st-cdeboer-1_asfar_VLPs_results_crispresso_aggregated_spacer_AYBE_rep1_.staging_CRISPRessoPooled_on_AYBE_D2_rep1_CRISPResso_on_HEK3	T	0.0001037375144491	4.445893476392306e-05	0.0002815732535048	0.0005483268620883	0.001111473369098	0.0034529772666646	8.891786952784612e-05	0.0001926553839769	0.0	0.999422033848069	0.0001333768042917	0.0	7.409822460653843e-05	7.409822460653843e-05	0.0	5.927857968523074e-05	4.445893476392306e-05	0.9997925249711016	5.927857968523074e-05	0.0
_scratch_st-cdeboer-1_asfar_VLPs_results_crispresso_aggregated_spacer_AYBE_rep1_.staging_CRISPRessoPooled_on_AYBE_D2_rep1_CRISPResso_on_HEK3	C	4.445893476392306e-05	8.891786952784612e-05	0.999229378464092	0.9983401997688136	0.9966507602477844	0.0080915261270339	4.445893476392306e-05	0.0005186875722457	0.9992590177539348	7.409822460653843e-05	2.963928984261537e-05	0.000148196449213	7.409822460653843e-05	0.999807344616023	1.4819644921307686e-05	0.9998814428406296	0.000148196449213	0.0001037375144491	5.927857968523074e-05	2.963928984261537e-05
_scratch_st-cdeboer-1_asfar_VLPs_results_crispresso_aggregated_spacer_AYBE_rep1_.staging_CRISPRessoPooled_on_AYBE_D2_rep1_CRISPResso_on_HEK3	G	0.9993479356234624	0.9986958712469248	1.4819644921307686e-05	0.0004297697027179	0.0013782269776816	0.1201132220871988	0.9993479356234624	0.0818785381902249	1.4819644921307686e-05	1.4819644921307686e-05	0.999273837398856	0.0007558018909866	0.9997332463914164	0.0	5.927857968523074e-05	1.4819644921307686e-05	0.999762885681259	7.409822460653843e-05	0.999807344616023	0.0001778357390556
_scratch_st-cdeboer-1_asfar_VLPs_results_crispresso_aggregated_spacer_AYBE_rep1_.staging_CRISPRessoPooled_on_AYBE_D2_rep1_CRISPResso_on_HEK3	N	0.0	0.0	0.0	1.4819644921307686e-05	1.4819644921307686e-05	0.0	0.0	0.0	0.0	0.0	0.0	0.0	0.0	0.0	0.0	0.0	1.4819644921307686e-05	0.0	1.4819644921307686e-05	0.0
_scratch_st-cdeboer-1_asfar_VLPs_results_crispresso_aggregated_spacer_AYBE_rep1_.staging_CRISPRessoPooled_on_AYBE_D2_rep1_CRISPResso_on_HEK3	-	0.0004594089925605	0.001111473369098	0.0004594089925605	0.0004594089925605	0.0004890482824031	0.0004742286374818	0.0004594089925605	0.0003853107679539	0.0006817036663801	0.0004890482824031	0.0005038679273244	0.0004890482824031	8.891786952784612e-05	8.891786952784612e-05	8.891786952784612e-05	1.4819644921307686e-05	1.4819644921307686e-05	1.4819644921307686e-05	0.0	0.0
_scratch_st-cdeboer-1_asfar_VLPs_results_crispresso_aggregated_spacer_AYBE_rep1_.staging_CRISPRessoPooled_on_AYBE_D3_rep1_CRISPResso_on_HEK3	A	0.0	5.775339301183944e-05	8.663008951775917e-05	0.000693040716142	0.0019924920589084	0.676234478775628	5.775339301183944e-05	0.7709211666185388	8.663008951775917e-05	2.887669650591972e-05	2.887669650591972e-05	0.9961305226682068	5.775339301183944e-05	0.0001155067860236	0.997487727403985	5.775339301183944e-05	2.887669650591972e-05	0.0	0.0	0.9988449321397632
_scratch_st-cdeboer-1_asfar_VLPs_results_crispresso_aggregated_spacer_AYBE_rep1_.staging_CRISPRessoPooled_on_AYBE_D3_rep1_CRISPResso_on_HEK3	T	0.0002310135720473	0.0001155067860236	0.0002310135720473	0.0020213687554143	0.002858792954086	0.0096736933294831	0.0002021368755414	0.001068437770719	5.775339301183944e-05	0.9970257002598902	0.0002310135720473	0.0	5.775339301183944e-05	0.0002021368755414	2.887669650591972e-05	0.0002021368755414	0.0001443834825295	0.9984117816921744	0.0001155067860236	2.887669650591972e-05
_scratch_st-cdeboer-1_asfar_VLPs_results_crispresso_aggregated_spacer_AYBE_rep1_.staging_CRISPRessoPooled_on_AYBE_D3_rep1_CRISPResso_on_HEK3	C	2.887669650591972e-05	0.000693040716142	0.9982673982096448	0.9943690441813456	0.991394744441236	0.0263355472133987	0.0001155067860236	0.0019347386658966	0.9964770430262778	2.887669650591972e-05	0.0001732601790355	2.887669650591972e-05	0.0001732601790355	0.9972278371354316	0.0	0.9972567138319376	0.0001155067860236	8.663008951775917e-05	0.0	2.887669650591972e-05
_scratch_st-cdeboer-1_asfar_VLPs_results_crispresso_aggregated_spacer_AYBE_rep1_.staging_CRISPRessoPooled_on_AYBE_D3_rep1_CRISPResso_on_HEK3	G	0.9986716719607276	0.9975454807969968	8.663008951775917e-05	0.0010973144672249	0.001790355183367	0.2838290499566849	0.9969679468668784	0.2216286456829338	5.775339301183944e-05	5.775339301183944e-05	0.996361536240254	0.0008085475021657	0.9970257002598902	2.887669650591972e-05	0.0001155067860236	2.887669650591972e-05	0.9979786312445856	0.0001155067860236	0.9987294253537397	0.0001443834825295
_scratch_st-cdeboer-1_asfar_VLPs_results_crispresso_aggregated_spacer_AYBE_rep1_.staging_CRISPRessoPooled_on_AYBE_D3_rep1_CRISPResso_on_HEK3	N	0.0	0.0	0.0	0.0	0.0	0.0	0.0	0.0	0.0	0.0	0.0	0.0	0.0	0.0	0.0	0.0	0.0	0.0	0.0	0.0
_scratch_st-cdeboer-1_asfar_VLPs_results_crispresso_aggregated_spacer_AYBE_rep1_.staging_CRISPRessoPooled_on_AYBE_D3_rep1_CRISPResso_on_HEK3	-	0.001068437770719	0.0015882183078255	0.0013283280392723	0.0018192318798729	0.0019636153624025	0.003927230724805	0.0026566560785446	0.0044470112619116	0.0033208200981807	0.002858792954086	0.003205313312157	0.0030320531331215	0.0026855327750505	0.0024256425064972	0.0023678891134854	0.0024545192030031	0.0017326017903551	0.0013860814322841	0.0011550678602367	0.0009529309846953
_scratch_st-cdeboer-1_asfar_VLPs_results_crispresso_aggregated_spacer_AYBE_rep1_.staging_CRISPRessoPooled_on_AYBE_D4_rep1_CRISPResso_on_HEK3	A	2.8834232000230678e-05	0.0001153369280009	0.0002018396240016	0.0017300539200138	0.0049306536720394	0.2052997318416424	0.0002306738560018	0.379631498515037	0.0001441711600011	2.8834232000230678e-05	0.0001441711600011	0.9916092384879328	5.766846400046135e-05	2.8834232000230678e-05	0.994117816671953	0.0	0.0001441711600011	2.8834232000230678e-05	8.650269600069202e-05	0.9980392722239844
_scratch_st-cdeboer-1_asfar_VLPs_results_crispresso_aggregated_spacer_AYBE_rep1_.staging_CRISPRessoPooled_on_AYBE_D4_rep1_CRISPResso_on_HEK3	T	0.0004325134800034	0.0002306738560018	0.0003748450160029	0.0069490499120555	0.0085926011360687	0.032005997520256	0.0004901819440039	0.0068625472160549	0.0002883423200023	0.9924742654479398	0.0002306738560018	0.0001730053920013	0.0001441711600011	0.0001153369280009	5.766846400046135e-05	0.0002018396240016	0.0001730053920013	0.9965975606239728	5.766846400046135e-05	0.0
_scratch_st-cdeboer-1_asfar_VLPs_results_crispresso_aggregated_spacer_AYBE_rep1_.staging_CRISPRessoPooled_on_AYBE_D4_rep1_CRISPResso_on_HEK3	C	0.0001153369280009	0.0019318935440154	0.9958767048239672	0.9838528300798708	0.9758657478158068	0.0782849398806262	0.000259508088002	0.0071797237680574	0.9908307142239268	0.0001730053920013	0.0007785242640062	0.0002306738560018	5.766846400046135e-05	0.9945214959199562	0.0001730053920013	0.9953865228799632	0.0004325134800034	0.0002306738560018	0.0001153369280009	5.766846400046135e-05
_scratch_st-cdeboer-1_asfar_VLPs_results_crispresso_aggregated_spacer_AYBE_rep1_.staging_CRISPRessoPooled_on_AYBE_D4_rep1_CRISPResso_on_HEK3	G	0.9967128975519736	0.994002479743952	0.0001153369280009	0.0020472304720163	0.0045558086560364	0.6735388252933883	0.9915804042559326	0.5934084945647473	5.766846400046135e-05	0.0001730053920013	0.9916669069519334	0.0014128773680113	0.994002479743952	5.766846400046135e-05	0.001009198120008	0.0001441711600011	0.9958190363599666	5.766846400046135e-05	0.9970877425679768	0.0001730053920013
_scratch_st-cdeboer-1_asfar_VLPs_results_crispresso_aggregated_spacer_AYBE_rep1_.staging_CRISPRessoPooled_on_AYBE_D4_rep1_CRISPResso_on_HEK3	N	0.0	0.0	0.0	0.0	0.0	0.0	0.0	0.0	0.0	0.0	0.0	0.0	0.0	0.0	0.0	0.0	0.0	0.0	0.0	0.0
_scratch_st-cdeboer-1_asfar_VLPs_results_crispresso_aggregated_spacer_AYBE_rep1_.staging_CRISPRessoPooled_on_AYBE_D4_rep1_CRISPResso_on_HEK3	-	0.0027104178080216	0.0037196159280297	0.0034312736080274	0.0054208356160433	0.0060551887200484	0.0108705054640869	0.0074392318560595	0.0129177359361033	0.0086791038320694	0.0071508895360572	0.0071797237680574	0.0065742048960525	0.0057380121680459	0.0052766644560422	0.0046423113520371	0.0042674663360341	0.0034312736080274	0.0030852628240246	0.0026527493440212	0.0017300539200138
_scratch_st-cdeboer-1_asfar_VLPs_results_crispresso_aggregated_spacer_AYBE_rep1_.staging_CRISPRessoPooled_on_AYBE_D5_rep1_CRISPResso_on_HEK3	A	0.0001620920682947	0.0001080613788631	0.0002431381024421	0.0024313810244218	0.0049978387724227	0.1581478279662848	0.0002431381024421	0.3684352712340609	0.0003241841365895	0.0	0.0002161227577263	0.9910309055543548	0.0001891074130105	2.701534471579857e-05	0.9930840717527556	0.0001080613788631	2.701534471579857e-05	2.701534471579857e-05	2.701534471579857e-05	0.998676248108926
_scratch_st-cdeboer-1_asfar_VLPs_results_crispresso_aggregated_spacer_AYBE_rep1_.staging_CRISPRessoPooled_on_AYBE_D5_rep1_CRISPResso_on_HEK3	T	0.0002431381024421	0.0004862762048843	0.0013507672357899	0.0065917441106548	0.0085638642749081	0.0336070888264534	0.0005673222390317	0.0065377134212232	0.0001891074130105	0.9928679489950292	0.0004862762048843	0.0	2.701534471579857e-05	0.0003241841365895	2.701534471579857e-05	8.104603414739572e-05	0.0005673222390317	0.9974875729414308	2.701534471579857e-05	0.0
_scratch_st-cdeboer-1_asfar_VLPs_results_crispresso_aggregated_spacer_AYBE_rep1_.staging_CRISPRessoPooled_on_AYBE_D5_rep1_CRISPResso_on_HEK3	C	2.701534471579857e-05	0.0025664577480008	0.9958126215690511	0.9861141128160796	0.9789820618111088	0.0930408472012102	0.0002431381024421	0.0069969742813918	0.9923276421007132	0.0001891074130105	0.0012967365463583	0.0001350767235789	2.701534471579857e-05	0.9937054246812188	0.0001080613788631	0.994110654851956	0.0001350767235789	0.0001891074130105	2.701534471579857e-05	2.701534471579857e-05
_scratch_st-cdeboer-1_asfar_VLPs_results_crispresso_aggregated_spacer_AYBE_rep1_.staging_CRISPRessoPooled_on_AYBE_D5_rep1_CRISPResso_on_HEK3	G	0.9976226496650096	0.993840501404798	5.403068943159715e-05	0.0013237518910741	0.0033228874000432	0.703452561054679	0.9939215474389452	0.6050356602550249	2.701534471579857e-05	0.0002971687918737	0.9899502917657228	0.0010806137886319	0.992894964339745	2.701534471579857e-05	0.0012427058569267	8.104603414739572e-05	0.9961908363950724	0.0001620920682947	0.9980548951804624	0.0001080613788631
_scratch_st-cdeboer-1_asfar_VLPs_results_crispresso_aggregated_spacer_AYBE_rep1_.staging_CRISPRessoPooled_on_AYBE_D5_rep1_CRISPResso_on_HEK3	N	0.0	0.0	0.0	0.0	0.0	0.0	0.0	0.0	0.0	0.0	0.0	0.0	0.0	0.0	0.0	0.0	0.0	0.0	0.0	0.0
_scratch_st-cdeboer-1_asfar_VLPs_results_crispresso_aggregated_spacer_AYBE_rep1_.staging_CRISPRessoPooled_on_AYBE_D5_rep1_CRISPResso_on_HEK3	-	0.0019451048195374	0.0029987032634536	0.002539442403285	0.0035390101577696	0.0041333477415171	0.0117516749513723	0.0050248541171385	0.0129943808082991	0.0071320510049708	0.0066457748000864	0.0080505727253079	0.0077534039334341	0.0068618975578128	0.0059163604927598	0.0055381456667387	0.0056191917008861	0.003079749297601	0.002134212232548	0.0018640587853901	0.0011886751674951
