Folder	Nucleotide	G	G	A	G	G	C	T	A	T	C	C	A	G	C	G	T	G	A	G	T
_scratch_st-cdeboer-1_asfar_VLPs_results_crispresso_aggregated_spacer_AYBE_rep2_.staging_CRISPRessoPooled_on_AYBE_D1_rep2_CRISPResso_on_B2M	A	0.000181262858334	9.063142916700651e-06	0.9995649691399984	1.8126285833401302e-05	0.000181262858334	9.96945720837072e-05	9.063142916700651e-06	0.999818737141666	1.8126285833401302e-05	1.8126285833401302e-05	2.718942875010196e-05	0.9996827899979156	3.625257166680261e-05	3.625257166680261e-05	4.531571458350327e-05	9.063142916700651e-06	2.718942875010196e-05	0.999637474283332	9.063142916700651e-06	1.8126285833401302e-05
_scratch_st-cdeboer-1_asfar_VLPs_results_crispresso_aggregated_spacer_AYBE_rep2_.staging_CRISPRessoPooled_on_AYBE_D1_rep2_CRISPResso_on_B2M	T	0.0001087577150004	0.0003806520025014	0.0	0.0002356417158342	2.718942875010196e-05	5.437885750020392e-05	0.9997099794266656	9.063142916700651e-06	0.999664663712082	6.344200041690457e-05	9.063142916700652e-05	0.0	2.718942875010196e-05	0.0001631365725006	1.8126285833401302e-05	0.9984502025612442	9.96945720837072e-05	9.063142916700651e-06	0.0001721997154173	0.9995287165683316
_scratch_st-cdeboer-1_asfar_VLPs_results_crispresso_aggregated_spacer_AYBE_rep2_.staging_CRISPRessoPooled_on_AYBE_D1_rep2_CRISPResso_on_B2M	C	7.250514333360522e-05	0.0001359471437505	9.96945720837072e-05	8.156828625030588e-05	2.718942875010196e-05	0.999845926570416	0.0001359471437505	2.718942875010196e-05	0.0001268840008338	0.9999003054279164	0.999845926570416	0.0001359471437505	4.531571458350327e-05	0.9997734214270824	3.625257166680261e-05	0.0014319765808387	0.0001178208579171	4.531571458350327e-05	6.344200041690457e-05	0.0001903260012507
_scratch_st-cdeboer-1_asfar_VLPs_results_crispresso_aggregated_spacer_AYBE_rep2_.staging_CRISPRessoPooled_on_AYBE_D1_rep2_CRISPResso_on_B2M	G	0.999637474283332	0.9994290219962478	0.0003353362879179	0.999664663712082	0.9997643582841658	0.0	0.0001450102866672	0.0001359471437505	0.0001903260012507	1.8126285833401302e-05	9.063142916700651e-06	0.000181262858334	0.9998912422849996	2.718942875010196e-05	0.9999003054279164	0.0001087577150004	0.9997552951412492	0.0003081468591678	0.9997552951412492	0.0002628311445843
_scratch_st-cdeboer-1_asfar_VLPs_results_crispresso_aggregated_spacer_AYBE_rep2_.staging_CRISPRessoPooled_on_AYBE_D1_rep2_CRISPResso_on_B2M	N	0.0	9.063142916700651e-06	0.0	0.0	0.0	0.0	0.0	9.063142916700651e-06	0.0	0.0	0.0	0.0	0.0	0.0	0.0	0.0	0.0	0.0	0.0	0.0
_scratch_st-cdeboer-1_asfar_VLPs_results_crispresso_aggregated_spacer_AYBE_rep2_.staging_CRISPRessoPooled_on_AYBE_D1_rep2_CRISPResso_on_B2M	-	0.0	3.625257166680261e-05	0.0	0.0	0.0	0.0	0.0	0.0	0.0	0.0	2.718942875010196e-05	0.0	0.0	0.0	0.0	0.0	0.0	0.0	0.0	0.0
_scratch_st-cdeboer-1_asfar_VLPs_results_crispresso_aggregated_spacer_AYBE_rep2_.staging_CRISPRessoPooled_on_AYBE_D2_rep2_CRISPResso_on_B2M	A	0.000175765458572	2.343539447627752e-05	0.999648469082856	3.515309171441628e-05	7.030618342883256e-05	0.0	1.171769723813876e-05	0.999824234541428	2.343539447627752e-05	9.374157790511007e-05	0.0003280955226678	0.9995078567159982	2.343539447627752e-05	5.8588486190693806e-05	2.343539447627752e-05	0.0019099846498166	7.030618342883256e-05	0.9997187752662848	1.171769723813876e-05	0.0
_scratch_st-cdeboer-1_asfar_VLPs_results_crispresso_aggregated_spacer_AYBE_rep2_.staging_CRISPRessoPooled_on_AYBE_D2_rep2_CRISPResso_on_B2M	T	0.0001171769723813	0.0004804255867636	0.0	0.0003280955226678	5.8588486190693806e-05	2.343539447627752e-05	0.9977267667358012	1.171769723813876e-05	0.9935318311245472	8.202388066697132e-05	0.0001874831558102	0.0	5.8588486190693806e-05	0.0001288946696195	0.0001171769723813	0.7143342590314151	0.0001171769723813	1.171769723813876e-05	0.0001992008530483	0.9979376852860876
_scratch_st-cdeboer-1_asfar_VLPs_results_crispresso_aggregated_spacer_AYBE_rep2_.staging_CRISPRessoPooled_on_AYBE_D2_rep2_CRISPResso_on_B2M	C	7.030618342883256e-05	8.202388066697132e-05	4.687078895255504e-05	8.202388066697132e-05	2.343539447627752e-05	0.9999414115138092	0.0021209032001031	1.171769723813876e-05	0.0057768247384024	0.999578162899427	0.9990039957347582	0.0001171769723813	4.687078895255504e-05	0.9996836221745704	0.0001640477613339	0.2813419106877116	0.0004569901922874	2.343539447627752e-05	4.687078895255504e-05	0.0016170422188631
_scratch_st-cdeboer-1_asfar_VLPs_results_crispresso_aggregated_spacer_AYBE_rep2_.staging_CRISPRessoPooled_on_AYBE_D2_rep2_CRISPResso_on_B2M	G	0.9996015982939032	0.999320373560188	0.000257789339239	0.9995195744132364	0.9998125168441898	0.0	0.0001054592751432	0.0001171769723813	0.0003866840088585	8.202388066697132e-05	0.0002929424309534	0.000257789339239	0.999753928357999	1.171769723813876e-05	0.999578162899427	0.002284950961437	0.9993086558629498	0.0002226362475246	0.9997187752662848	0.0004218371005729
_scratch_st-cdeboer-1_asfar_VLPs_results_crispresso_aggregated_spacer_AYBE_rep2_.staging_CRISPRessoPooled_on_AYBE_D2_rep2_CRISPResso_on_B2M	N	0.0	0.0	0.0	0.0	0.0	0.0	0.0	0.0	0.0	0.0	0.0	0.0	0.0	0.0	0.0	0.0	0.0	0.0	0.0	0.0
_scratch_st-cdeboer-1_asfar_VLPs_results_crispresso_aggregated_spacer_AYBE_rep2_.staging_CRISPRessoPooled_on_AYBE_D2_rep2_CRISPResso_on_B2M	-	3.515309171441628e-05	9.374157790511007e-05	4.687078895255504e-05	3.515309171441628e-05	3.515309171441628e-05	3.515309171441628e-05	3.515309171441628e-05	3.515309171441628e-05	0.0002812247337153	0.0001640477613339	0.0001874831558102	0.0001171769723813	0.0001171769723813	0.0001171769723813	0.0001171769723813	0.0001288946696195	4.687078895255504e-05	2.343539447627752e-05	2.343539447627752e-05	2.343539447627752e-05
_scratch_st-cdeboer-1_asfar_VLPs_results_crispresso_aggregated_spacer_AYBE_rep2_.staging_CRISPRessoPooled_on_AYBE_D3_rep2_CRISPResso_on_B2M	A	0.0001364682029087	1.9495457558388892e-05	0.999649081763949	3.899091511677779e-05	0.0001169727453503	5.848637267516669e-05	0.0	0.9994151362732484	0.0001754591180255	9.747728779194448e-05	0.0002924318633758	0.9993371544430149	1.9495457558388892e-05	5.848637267516669e-05	0.0001754591180255	0.0034896869029516	7.798183023355558e-05	0.9995905953912738	1.9495457558388892e-05	0.0001559636604671
_scratch_st-cdeboer-1_asfar_VLPs_results_crispresso_aggregated_spacer_AYBE_rep2_.staging_CRISPRessoPooled_on_AYBE_D3_rep2_CRISPResso_on_B2M	T	0.0001949545755838	0.0003899091511677	0.0	0.000350918236051	0.0	1.9495457558388892e-05	0.9966077903848404	0.0	0.989725893866729	0.0001364682029087	0.0002924318633758	3.899091511677779e-05	1.9495457558388892e-05	0.0001949545755838	1.9495457558388892e-05	0.5215619760595781	7.798183023355558e-05	0.0	0.0001364682029087	0.9958279720825048
_scratch_st-cdeboer-1_asfar_VLPs_results_crispresso_aggregated_spacer_AYBE_rep2_.staging_CRISPRessoPooled_on_AYBE_D3_rep2_CRISPResso_on_B2M	C	7.798183023355558e-05	1.9495457558388892e-05	3.899091511677779e-05	0.0001559636604671	1.9495457558388892e-05	0.9997855499668578	0.0030217959215502	5.848637267516669e-05	0.0096502514914025	0.99939564081569	0.998596327055796	7.798183023355558e-05	5.848637267516669e-05	0.9993761453581316	3.899091511677779e-05	0.4721604866066206	0.0001754591180255	5.848637267516669e-05	1.9495457558388892e-05	0.0035871641907435
_scratch_st-cdeboer-1_asfar_VLPs_results_crispresso_aggregated_spacer_AYBE_rep2_.staging_CRISPRessoPooled_on_AYBE_D3_rep2_CRISPResso_on_B2M	G	0.9994931181034818	0.9994346317308068	0.0002144500331422	0.9993371544430149	0.9997270635941824	0.0	7.798183023355558e-05	0.0002729364058174	0.0002144500331422	0.0001364682029087	0.0004483955238429	0.0002144500331422	0.9996685772215074	3.899091511677779e-05	0.9996100908488322	0.0026903731430576	0.9996295863063906	0.0003119273209342	0.9997855499668578	0.0004094046087261
_scratch_st-cdeboer-1_asfar_VLPs_results_crispresso_aggregated_spacer_AYBE_rep2_.staging_CRISPRessoPooled_on_AYBE_D3_rep2_CRISPResso_on_B2M	N	0.0	0.0	0.0	0.0	0.0	0.0	0.0	0.0	0.0	0.0	1.9495457558388892e-05	0.0	0.0	0.0	0.0	0.0	0.0	0.0	0.0	0.0
_scratch_st-cdeboer-1_asfar_VLPs_results_crispresso_aggregated_spacer_AYBE_rep2_.staging_CRISPRessoPooled_on_AYBE_D3_rep2_CRISPResso_on_B2M	-	9.747728779194448e-05	0.0001364682029087	9.747728779194448e-05	0.0001169727453503	0.0001364682029087	0.0001364682029087	0.0002924318633758	0.000253440948259	0.0002339454907006	0.0002339454907006	0.000350918236051	0.0003314227784926	0.0002339454907006	0.0003314227784926	0.0001559636604671	9.747728779194448e-05	3.899091511677779e-05	3.899091511677779e-05	3.899091511677779e-05	1.9495457558388892e-05
_scratch_st-cdeboer-1_asfar_VLPs_results_crispresso_aggregated_spacer_AYBE_rep2_.staging_CRISPRessoPooled_on_AYBE_D4_rep2_CRISPResso_on_B2M	A	0.0001681520094165	3.3630401883302503e-05	0.999663695981167	3.3630401883302503e-05	0.0001008912056499	3.3630401883302503e-05	0.0	0.9993610223642172	0.0	0.0	0.0002017824112998	0.999226500756684	3.3630401883302503e-05	3.3630401883302503e-05	0.0003026736169497	0.0051790818900285	0.0002354128131831	0.9994619135698672	6.726080376660501e-05	6.726080376660501e-05
_scratch_st-cdeboer-1_asfar_VLPs_results_crispresso_aggregated_spacer_AYBE_rep2_.staging_CRISPRessoPooled_on_AYBE_D4_rep2_CRISPResso_on_B2M	T	0.0002017824112998	0.0002354128131831	0.0	0.0001681520094165	3.3630401883302503e-05	3.3630401883302503e-05	0.997544980662519	3.3630401883302503e-05	0.9865814696485624	0.0	0.0005380864301328	0.0	6.726080376660501e-05	0.0001008912056499	0.0003699344207163	0.3527829157558433	3.3630401883302503e-05	0.0	3.3630401883302503e-05	0.9944509836892552
_scratch_st-cdeboer-1_asfar_VLPs_results_crispresso_aggregated_spacer_AYBE_rep2_.staging_CRISPRessoPooled_on_AYBE_D4_rep2_CRISPResso_on_B2M	C	0.0	0.0001345216075332	6.726080376660501e-05	3.3630401883302503e-05	0.0	0.9996973263830504	0.002118715318648	0.0001008912056499	0.0127459223137716	0.9994282831679838	0.9974777198587524	0.0001008912056499	0.0001345216075332	0.9994955439717504	0.0001681520094165	0.6392130485959308	0.0005380864301328	6.726080376660501e-05	0.0001008912056499	0.005010929880612
_scratch_st-cdeboer-1_asfar_VLPs_results_crispresso_aggregated_spacer_AYBE_rep2_.staging_CRISPRessoPooled_on_AYBE_D4_rep2_CRISPResso_on_B2M	G	0.9994619135698672	0.9993610223642172	0.0001345216075332	0.9996300655792836	0.999663695981167	0.0	6.726080376660501e-05	0.0002017824112998	0.0002017824112998	6.726080376660501e-05	0.0012779552715654	0.0001681520094165	0.9992601311585674	0.0	0.9987893055322012	0.0024213889355977	0.9988901967378512	0.0001681520094165	0.9994955439717504	0.0002354128131831
_scratch_st-cdeboer-1_asfar_VLPs_results_crispresso_aggregated_spacer_AYBE_rep2_.staging_CRISPRessoPooled_on_AYBE_D4_rep2_CRISPResso_on_B2M	N	0.0	0.0	0.0	0.0	0.0	0.0	0.0	0.0	0.0	0.0	0.0	0.0	0.0	0.0	0.0	0.0	0.0	0.0	0.0	0.0
_scratch_st-cdeboer-1_asfar_VLPs_results_crispresso_aggregated_spacer_AYBE_rep2_.staging_CRISPRessoPooled_on_AYBE_D4_rep2_CRISPResso_on_B2M	-	0.0001681520094165	0.0002354128131831	0.0001345216075332	0.0001345216075332	0.0002017824112998	0.0002354128131831	0.0002690432150664	0.0003026736169497	0.0004708256263662	0.0005044560282495	0.0005044560282495	0.0005044560282495	0.0005044560282495	0.0003699344207163	0.0003699344207163	0.0004035648225996	0.0003026736169497	0.0003026736169497	0.0003026736169497	0.0002354128131831
_scratch_st-cdeboer-1_asfar_VLPs_results_crispresso_aggregated_spacer_AYBE_rep2_.staging_CRISPRessoPooled_on_AYBE_D5_rep2_CRISPResso_on_B2M	A	0.0001048474469646	4.368643623527767e-05	0.9995543983504002	1.747457449411107e-05	0.0002446440429175	0.0001135847342117	0.0	0.9995456610631532	0.0001485338831999	0.0001048474469646	0.0001572711704469	0.9992485932967532	0.000166008457694	4.368643623527767e-05	0.0001223220214587	0.003940516548422	6.116101072938874e-05	0.999379652605459	8.737287247055534e-06	6.989829797644427e-05
_scratch_st-cdeboer-1_asfar_VLPs_results_crispresso_aggregated_spacer_AYBE_rep2_.staging_CRISPRessoPooled_on_AYBE_D5_rep2_CRISPResso_on_B2M	T	0.000166008457694	0.0005504490965644	8.737287247055534e-06	0.0002446440429175	5.24237234823332e-05	1.747457449411107e-05	0.99655750882466	0.0	0.9909306958375564	6.989829797644427e-05	0.0001922203194352	0.0	3.494914898822214e-05	0.0001135847342117	6.989829797644427e-05	0.5395799112291616	0.0001310593087058	8.737287247055534e-06	0.0001922203194352	0.9970817460594834
_scratch_st-cdeboer-1_asfar_VLPs_results_crispresso_aggregated_spacer_AYBE_rep2_.staging_CRISPRessoPooled_on_AYBE_D5_rep2_CRISPResso_on_B2M	C	5.24237234823332e-05	9.611015971761088e-05	2.62118617411666e-05	5.24237234823332e-05	6.116101072938874e-05	0.9996242966483766	0.0029444658022577	8.737287247055534e-06	0.0080645161290322	0.999213644147765	0.9983923391465418	7.863558522349981e-05	6.116101072938874e-05	0.9993010170202355	4.368643623527767e-05	0.4538234368993115	0.0004106525006116	3.494914898822214e-05	5.24237234823332e-05	0.0024377031419284
_scratch_st-cdeboer-1_asfar_VLPs_results_crispresso_aggregated_spacer_AYBE_rep2_.staging_CRISPRessoPooled_on_AYBE_D5_rep2_CRISPResso_on_B2M	G	0.9996592457973648	0.999222381435012	0.0002708559046587	0.9995718729248942	0.9994058644672004	8.737287247055534e-06	0.000166008457694	7.863558522349981e-05	0.0002883304791528	0.0002359067556704	0.0007514067032467	0.0001922203194352	0.9992573305840002	6.116101072938874e-05	0.9994320763289414	0.0022804319714814	0.9990825848390592	0.0002970677663998	0.9994757627651768	0.0002359067556704
_scratch_st-cdeboer-1_asfar_VLPs_results_crispresso_aggregated_spacer_AYBE_rep2_.staging_CRISPRessoPooled_on_AYBE_D5_rep2_CRISPResso_on_B2M	N	0.0	0.0	8.737287247055534e-06	0.0	0.0	0.0	0.0	0.0	0.0	0.0	8.737287247055534e-06	0.0	0.0	0.0	0.0	0.0	0.0	8.737287247055534e-06	0.0	0.0
_scratch_st-cdeboer-1_asfar_VLPs_results_crispresso_aggregated_spacer_AYBE_rep2_.staging_CRISPRessoPooled_on_AYBE_D5_rep2_CRISPResso_on_B2M	-	1.747457449411107e-05	8.737287247055535e-05	0.0001310593087058	0.0001135847342117	0.0002359067556704	0.0002359067556704	0.0003320169153881	0.0003669660643763	0.0005679236710586	0.0003757033516233	0.0004980253730821	0.000480550798588	0.000480550798588	0.000480550798588	0.0003320169153881	0.0003757033516233	0.0003145423408939	0.0002708559046587	0.0002708559046587	0.0001747457449411
