Folder	Nucleotide	G	G	C	C	C	A	G	A	C	T	G	A	G	C	A	C	G	T	G	A
_scratch_st-cdeboer-1_asfar_VLPs_results_crispresso_aggregated_spacer_AYBE_rep3_.staging_CRISPRessoPooled_on_AYBE_D1_rep3_CRISPResso_on_HEK3	A	3.664547336790223e-05	1.8322736683951117e-05	3.664547336790223e-05	0.0003298092603111	0.0004763911537827	0.9278817084119684	1.8322736683951117e-05	0.9539366399765468	1.8322736683951117e-05	0.0	1.8322736683951117e-05	0.9993587042160618	1.8322736683951117e-05	3.664547336790223e-05	0.9994686406361656	1.8322736683951117e-05	3.664547336790223e-05	0.0	3.664547336790223e-05	0.999633545266321
_scratch_st-cdeboer-1_asfar_VLPs_results_crispresso_aggregated_spacer_AYBE_rep3_.staging_CRISPRessoPooled_on_AYBE_D1_rep3_CRISPResso_on_HEK3	T	5.496821005185335e-05	1.8322736683951117e-05	9.161368341975558e-05	0.0004214229437308	0.0004214229437308	0.0024918921890173	0.0001465818934716	0.0002748410502592	5.496821005185335e-05	0.9995236088462172	9.161368341975558e-05	0.0	5.496821005185335e-05	0.0001099364201037	1.8322736683951117e-05	7.329094673580446e-05	7.329094673580446e-05	0.999651868003005	0.0001099364201037	0.0
_scratch_st-cdeboer-1_asfar_VLPs_results_crispresso_aggregated_spacer_AYBE_rep3_.staging_CRISPRessoPooled_on_AYBE_D1_rep3_CRISPResso_on_HEK3	C	0.0	0.0002565183135753	0.9996701907396888	0.9987357311688074	0.998497535591916	0.0039943565971013	1.8322736683951117e-05	0.0002565183135753	0.9993770269527456	3.664547336790223e-05	0.0001099364201037	5.496821005185335e-05	0.0001099364201037	0.9994136724261136	1.8322736683951117e-05	0.9996152225296372	0.0001465818934716	9.161368341975558e-05	7.329094673580446e-05	1.8322736683951117e-05
_scratch_st-cdeboer-1_asfar_VLPs_results_crispresso_aggregated_spacer_AYBE_rep3_.staging_CRISPRessoPooled_on_AYBE_D1_rep3_CRISPResso_on_HEK3	G	0.999651868003005	0.9993953496894296	0.0	0.0001649046301555	0.0002381955768913	0.0649907470179746	0.9993403814793778	0.0448357366656283	0.0	0.0	0.999267090532642	7.329094673580446e-05	0.9993587042160618	0.0	0.0001099364201037	1.8322736683951117e-05	0.9994869633728494	0.0	0.9995052861095334	0.0001465818934716
_scratch_st-cdeboer-1_asfar_VLPs_results_crispresso_aggregated_spacer_AYBE_rep3_.staging_CRISPRessoPooled_on_AYBE_D1_rep3_CRISPResso_on_HEK3	N	0.0	0.0	0.0	0.0	0.0	0.0	0.0	0.0	0.0	0.0	0.0	0.0	0.0	0.0	0.0	0.0	0.0	0.0	0.0	0.0
_scratch_st-cdeboer-1_asfar_VLPs_results_crispresso_aggregated_spacer_AYBE_rep3_.staging_CRISPRessoPooled_on_AYBE_D1_rep3_CRISPResso_on_HEK3	-	0.0002565183135753	0.0003114865236271	0.0002015501035234	0.000348131996995	0.000366454733679	0.0006412957839382	0.0004763911537827	0.0006962639939901	0.0005496821005185	0.0004397456804148	0.0005130366271506	0.0005130366271506	0.0004580684170987	0.0004397456804148	0.0003847774703629	0.0002748410502592	0.0002565183135753	0.0002565183135753	0.0002748410502592	0.0002015501035234
_scratch_st-cdeboer-1_asfar_VLPs_results_crispresso_aggregated_spacer_AYBE_rep3_.staging_CRISPRessoPooled_on_AYBE_D2_rep3_CRISPResso_on_HEK3	A	8.014747134727899e-05	4.007373567363949e-05	0.0	0.0002003686783681	0.0008014747134727	0.8588603029574416	4.007373567363949e-05	0.9048248777751062	4.007373567363949e-05	0.0	0.0	0.9985573455157488	4.007373567363949e-05	4.007373567363949e-05	0.9994389677005692	4.007373567363949e-05	0.0	4.007373567363949e-05	4.007373567363949e-05	0.999318746493548
_scratch_st-cdeboer-1_asfar_VLPs_results_crispresso_aggregated_spacer_AYBE_rep3_.staging_CRISPRessoPooled_on_AYBE_D2_rep3_CRISPResso_on_HEK3	T	8.014747134727899e-05	4.007373567363949e-05	8.014747134727899e-05	0.0007614009777991	0.0012422858058828	0.0048088482808367	8.014747134727899e-05	0.0006011060351045	4.007373567363949e-05	0.9986374929870964	4.007373567363949e-05	0.0	8.014747134727899e-05	8.014747134727899e-05	0.0	8.014747134727899e-05	0.0001602949426945	0.9994389677005692	8.014747134727899e-05	0.0
_scratch_st-cdeboer-1_asfar_VLPs_results_crispresso_aggregated_spacer_AYBE_rep3_.staging_CRISPRessoPooled_on_AYBE_D2_rep3_CRISPResso_on_HEK3	C	4.007373567363949e-05	0.0001602949426945	0.999318746493548	0.997876092009297	0.9966338062034142	0.0107397611605353	0.0001602949426945	0.0003606636210627	0.9981966818946862	4.007373567363949e-05	0.0001202212070209	4.007373567363949e-05	8.014747134727899e-05	0.9994790414362428	4.007373567363949e-05	0.9994790414362428	0.0002404424140418	0.0001202212070209	8.014747134727899e-05	8.014747134727899e-05
_scratch_st-cdeboer-1_asfar_VLPs_results_crispresso_aggregated_spacer_AYBE_rep3_.staging_CRISPRessoPooled_on_AYBE_D2_rep3_CRISPResso_on_HEK3	G	0.999318746493548	0.9989580828724852	8.014747134727899e-05	0.0002805161497154	0.0003606636210627	0.1237476957601987	0.9983970505730544	0.0922497395207181	0.0	4.007373567363949e-05	0.9985573455157488	0.0002404424140418	0.9989580828724852	0.0	0.0001202212070209	4.007373567363949e-05	0.9992385990222008	8.014747134727899e-05	0.9994389677005692	0.0002805161497154
_scratch_st-cdeboer-1_asfar_VLPs_results_crispresso_aggregated_spacer_AYBE_rep3_.staging_CRISPRessoPooled_on_AYBE_D2_rep3_CRISPResso_on_HEK3	N	0.0	0.0	0.0	0.0	0.0	0.0	0.0	0.0	0.0	0.0	0.0	0.0	0.0	0.0	0.0	0.0	0.0	0.0	0.0	0.0
_scratch_st-cdeboer-1_asfar_VLPs_results_crispresso_aggregated_spacer_AYBE_rep3_.staging_CRISPRessoPooled_on_AYBE_D2_rep3_CRISPResso_on_HEK3	-	0.0004808848280836	0.0008014747134727	0.0005209585637573	0.00088162218482	0.0009617696561673	0.0018433918409874	0.0013224332772301	0.0019636130480083	0.0017231706339664	0.0012823595415564	0.0012823595415564	0.0011621383345355	0.0008415484491464	0.0004007373567363	0.0004007373567363	0.0003606636210627	0.0003606636210627	0.0003205898853891	0.0003606636210627	0.0003205898853891
_scratch_st-cdeboer-1_asfar_VLPs_results_crispresso_aggregated_spacer_AYBE_rep3_.staging_CRISPRessoPooled_on_AYBE_D3_rep3_CRISPResso_on_HEK3	A	0.0	0.0001228878648233	6.144393241167435e-05	0.00073732718894	0.0012903225806451	0.6700768049155146	3.0721966205837174e-05	0.7678955453149001	9.216589861751152e-05	0.0	6.144393241167435e-05	0.9970506912442396	9.216589861751152e-05	3.0721966205837174e-05	0.9981566820276496	0.0001228878648233	3.0721966205837174e-05	3.0721966205837174e-05	3.0721966205837174e-05	0.99926267281106
_scratch_st-cdeboer-1_asfar_VLPs_results_crispresso_aggregated_spacer_AYBE_rep3_.staging_CRISPRessoPooled_on_AYBE_D3_rep3_CRISPResso_on_HEK3	T	9.216589861751152e-05	0.0001536098310291	0.0004915514592933	0.0023041474654377	0.0040552995391705	0.0113671274961597	9.216589861751152e-05	0.0015975422427035	6.144393241167435e-05	0.996958525345622	6.144393241167435e-05	9.216589861751152e-05	3.0721966205837174e-05	0.0002764976958525	0.0	6.144393241167435e-05	9.216589861751152e-05	0.998678955453149	6.144393241167435e-05	3.0721966205837174e-05
_scratch_st-cdeboer-1_asfar_VLPs_results_crispresso_aggregated_spacer_AYBE_rep3_.staging_CRISPRessoPooled_on_AYBE_D3_rep3_CRISPResso_on_HEK3	C	6.144393241167435e-05	0.00073732718894	0.997941628264209	0.994347158218126	0.9911827956989248	0.0238402457757296	0.0002457757296466	0.0017204301075268	0.9965284178187404	9.216589861751152e-05	9.216589861751152e-05	0.0001536098310291	0.0	0.9980337941628264	6.144393241167435e-05	0.9984024577572964	0.0002457757296466	0.0001536098310291	9.216589861751152e-05	9.216589861751152e-05
_scratch_st-cdeboer-1_asfar_VLPs_results_crispresso_aggregated_spacer_AYBE_rep3_.staging_CRISPRessoPooled_on_AYBE_D3_rep3_CRISPResso_on_HEK3	G	0.9985560675883256	0.9971428571428572	3.0721966205837174e-05	0.00073732718894	0.0014746543778801	0.2899231950844854	0.9971121351766512	0.2245468509984639	3.0721966205837174e-05	9.216589861751152e-05	0.9968970814132104	0.0002764976958525	0.9978187403993856	6.144393241167435e-05	0.00036866359447	0.0	0.9985253456221198	0.0001536098310291	0.9990476190476192	0.0002150537634408
_scratch_st-cdeboer-1_asfar_VLPs_results_crispresso_aggregated_spacer_AYBE_rep3_.staging_CRISPRessoPooled_on_AYBE_D3_rep3_CRISPResso_on_HEK3	N	0.0	0.0	0.0	0.0	0.0	0.0	0.0	0.0	0.0	0.0	0.0	0.0	0.0	0.0	0.0	0.0	0.0	0.0	0.0	0.0
_scratch_st-cdeboer-1_asfar_VLPs_results_crispresso_aggregated_spacer_AYBE_rep3_.staging_CRISPRessoPooled_on_AYBE_D3_rep3_CRISPResso_on_HEK3	-	0.0012903225806451	0.0018433179723502	0.0014746543778801	0.001874039938556	0.0019969278033794	0.0047926267281105	0.0025192012288786	0.0042396313364055	0.0032872503840245	0.0028571428571428	0.0028878648233486	0.0024270353302611	0.002058371735791	0.0015975422427035	0.0014132104454685	0.0014132104454685	0.0011059907834101	0.0009831029185867	0.0007680491551459	0.0003993855606758
_scratch_st-cdeboer-1_asfar_VLPs_results_crispresso_aggregated_spacer_AYBE_rep3_.staging_CRISPRessoPooled_on_AYBE_D4_rep3_CRISPResso_on_HEK3	A	0.0	0.0002374689463685	0.0002922694724536	0.0024477568317989	0.0040552389302937	0.1778094403039602	7.306736811340056e-05	0.3523856495689025	0.0002557357883969	0.0	0.0001644015782551	0.9910675142481368	0.0001644015782551	0.0001461347362268	0.994154610550928	0.0001096010521701	7.306736811340056e-05	0.0001278678941984	0.0001644015782551	0.9977531784305128
_scratch_st-cdeboer-1_asfar_VLPs_results_crispresso_aggregated_spacer_AYBE_rep3_.staging_CRISPRessoPooled_on_AYBE_D4_rep3_CRISPResso_on_HEK3	T	9.13342101417507e-05	0.0002557357883969	0.000420137366652	0.0068317989186029	0.0096083589069121	0.0317843051293292	0.0004932047347654	0.0080556773345024	0.0004749378927371	0.9925471284524332	0.0004384042086804	0.0	7.306736811340056e-05	0.0001278678941984	0.0	0.000365336840567	0.0002922694724536	0.9969494373812656	3.653368405670028e-05	5.480052608505042e-05
_scratch_st-cdeboer-1_asfar_VLPs_results_crispresso_aggregated_spacer_AYBE_rep3_.staging_CRISPRessoPooled_on_AYBE_D4_rep3_CRISPResso_on_HEK3	C	9.13342101417507e-05	0.0031053631448195	0.996145696332018	0.9835781090165132	0.977677919041356	0.0822190559696039	0.0001278678941984	0.0068500657606313	0.9911405816162502	0.0001826684202835	0.0004566710507087	0.0003288031565103	5.480052608505042e-05	0.9935152710799356	9.13342101417507e-05	0.9947939500219202	0.0004018705246237	0.0001826684202835	3.653368405670028e-05	9.13342101417507e-05
_scratch_st-cdeboer-1_asfar_VLPs_results_crispresso_aggregated_spacer_AYBE_rep3_.staging_CRISPRessoPooled_on_AYBE_D4_rep3_CRISPResso_on_HEK3	G	0.997132105801549	0.9930220663451702	0.0002009352623118	0.0027400263042525	0.0037812362998684	0.6976289639047202	0.9925288616104048	0.6195016805494666	0.0	7.306736811340056e-05	0.9911588484582784	0.0008402747333041	0.9928941984509718	1.826684202835014e-05	0.0007124068391056	0.0	0.9958168931755078	5.480052608505042e-05	0.9974243752740026	0.0001644015782551
_scratch_st-cdeboer-1_asfar_VLPs_results_crispresso_aggregated_spacer_AYBE_rep3_.staging_CRISPRessoPooled_on_AYBE_D4_rep3_CRISPResso_on_HEK3	N	0.0	0.0	0.0	0.0	0.0	0.0	0.0	0.0	0.0	0.0	0.0	0.0	0.0	0.0	0.0	0.0	0.0	0.0	0.0	0.0
_scratch_st-cdeboer-1_asfar_VLPs_results_crispresso_aggregated_spacer_AYBE_rep3_.staging_CRISPRessoPooled_on_AYBE_D4_rep3_CRISPResso_on_HEK3	-	0.0026852257781674	0.0033793657752447	0.0029409615665643	0.0044023089288323	0.0048772468215694	0.0105582346923863	0.0067769983925179	0.0132069267864971	0.0081287447026158	0.0071971357591699	0.0077816747040771	0.0077634078620488	0.0068135320765746	0.0061924594476106	0.0050416483998246	0.0047311120853426	0.0034158994593014	0.0026852257781674	0.0023381557796288	0.0019362852550051
_scratch_st-cdeboer-1_asfar_VLPs_results_crispresso_aggregated_spacer_AYBE_rep3_.staging_CRISPRessoPooled_on_AYBE_D5_rep3_CRISPResso_on_HEK3	A	0.0	7.4360499702558e-05	0.0001982946658734	0.0020325203252032	0.0061967083085465	0.1550416418798334	0.0001487209994051	0.3548235177473726	0.0002230814991076	7.4360499702558e-05	4.9573666468372e-05	0.9916468372000792	4.9573666468372e-05	4.9573666468372e-05	0.9939767995240928	2.4786833234186e-05	0.0001982946658734	0.0	0.0	0.9982897085068412
_scratch_st-cdeboer-1_asfar_VLPs_results_crispresso_aggregated_spacer_AYBE_rep3_.staging_CRISPRessoPooled_on_AYBE_D5_rep3_CRISPResso_on_HEK3	T	0.0001735078326393	0.0003222288320444	0.0010410469958358	0.0063950029744199	0.0078574261352369	0.0307604600436248	0.0001735078326393	0.005998413642673	0.0002974419988102	0.9926135236962126	0.0002230814991076	7.4360499702558e-05	0.0001487209994051	0.0002230814991076	0.0	0.0002230814991076	0.0001982946658734	0.9969512195121952	0.0	0.0
_scratch_st-cdeboer-1_asfar_VLPs_results_crispresso_aggregated_spacer_AYBE_rep3_.staging_CRISPRessoPooled_on_AYBE_D5_rep3_CRISPResso_on_HEK3	C	9.9147332936744e-05	0.0023547491572476	0.9955383700178464	0.9857227840571088	0.9766012294269284	0.0918847907991275	4.9573666468372e-05	0.0080309339678762	0.9901844140392624	0.0001982946658734	0.0007188181637913	9.9147332936744e-05	2.4786833234186e-05	0.9943733888558398	2.4786833234186e-05	0.9948691255205236	0.0001487209994051	7.4360499702558e-05	2.4786833234186e-05	7.4360499702558e-05
_scratch_st-cdeboer-1_asfar_VLPs_results_crispresso_aggregated_spacer_AYBE_rep3_.staging_CRISPRessoPooled_on_AYBE_D5_rep3_CRISPResso_on_HEK3	G	0.996926432678961	0.993580210192346	0.0	0.001338488994646	0.0038419591512988	0.7101427721594289	0.9917955581994844	0.6163741820345032	0.000272655165576	0.0001982946658734	0.991745984533016	0.0011154074955383	0.9939767995240928	9.9147332936744e-05	0.0008675391631965	0.0001735078326393	0.9964306960142773	7.4360499702558e-05	0.9974469561768788	7.4360499702558e-05
_scratch_st-cdeboer-1_asfar_VLPs_results_crispresso_aggregated_spacer_AYBE_rep3_.staging_CRISPRessoPooled_on_AYBE_D5_rep3_CRISPResso_on_HEK3	N	0.0	0.0	0.0	0.0	0.0	0.0	0.0	0.0	0.0	0.0	0.0	0.0	0.0	0.0	0.0	0.0	0.0	0.0	0.0	0.0
_scratch_st-cdeboer-1_asfar_VLPs_results_crispresso_aggregated_spacer_AYBE_rep3_.staging_CRISPRessoPooled_on_AYBE_D5_rep3_CRISPResso_on_HEK3	-	0.002800912155463	0.0036684513186595	0.0032222883204441	0.0045112036486218	0.0055026769779892	0.0121703351179853	0.0078326393020027	0.0147729526075748	0.0090224072972437	0.0069155264723378	0.0072625421376164	0.007064247471743	0.0058001189767995	0.0052548086456474	0.0051308744794765	0.0047094983144953	0.0030239936545706	0.0029000594883997	0.0025282569898869	0.0015615704937537
