Folder	Nucleotide	G	G	C	C	C	A	G	A	C	T	G	A	G	C	A	C	G	T	G	A
_scratch_st-cdeboer-1_asfar_VLPs_results_crispresso_aggregated_spacer_AYBE_rep2_.staging_CRISPRessoPooled_on_AYBE_D1_rep2_CRISPResso_on_HEK3	A	0.0	5.386673370082416e-05	7.182231160109888e-05	5.386673370082416e-05	0.0002154669348032	0.9342287181512936	5.386673370082416e-05	0.9556138114305208	1.795557790027472e-05	0.0	8.97778895013736e-05	0.9989406209038838	0.0	1.795557790027472e-05	0.999407465929291	1.795557790027472e-05	0.0	0.0	1.795557790027472e-05	0.9996588440198948
_scratch_st-cdeboer-1_asfar_VLPs_results_crispresso_aggregated_spacer_AYBE_rep2_.staging_CRISPRessoPooled_on_AYBE_D1_rep2_CRISPResso_on_HEK3	T	0.0001256890453019	1.795557790027472e-05	0.0001436446232021	0.000197511356903	0.0007541342718115	0.00131075718672	0.0002154669348032	0.0002154669348032	8.97778895013736e-05	0.9991201766828866	5.386673370082416e-05	0.0	3.591115580054944e-05	0.0001256890453019	0.0	8.97778895013736e-05	0.0001795557790027	0.9994613326629918	3.591115580054944e-05	0.0
_scratch_st-cdeboer-1_asfar_VLPs_results_crispresso_aggregated_spacer_AYBE_rep2_.staging_CRISPRessoPooled_on_AYBE_D1_rep2_CRISPResso_on_HEK3	C	3.591115580054944e-05	0.000395022713806	0.9994613326629918	0.9991740434165872	0.9982044422099724	0.0052250731689799	0.0	3.591115580054944e-05	0.9991201766828866	8.97778895013736e-05	3.591115580054944e-05	1.795557790027472e-05	1.795557790027472e-05	0.9993176880397896	0.0	0.9993895103513908	8.97778895013736e-05	8.97778895013736e-05	0.0001077334674016	3.591115580054944e-05
_scratch_st-cdeboer-1_asfar_VLPs_results_crispresso_aggregated_spacer_AYBE_rep2_.staging_CRISPRessoPooled_on_AYBE_D1_rep2_CRISPResso_on_HEK3	G	0.9995151993966924	0.9989765320596844	0.0	0.0002513780906038	0.0003232004022049	0.0581222056631892	0.9991201766828866	0.0433806762070637	5.386673370082416e-05	8.97778895013736e-05	0.9990124432154848	0.0003411559801052	0.9993356436176898	3.591115580054944e-05	8.97778895013736e-05	0.0	0.9993356436176898	0.0001795557790027	0.999604977286194	0.0001795557790027
_scratch_st-cdeboer-1_asfar_VLPs_results_crispresso_aggregated_spacer_AYBE_rep2_.staging_CRISPRessoPooled_on_AYBE_D1_rep2_CRISPResso_on_HEK3	N	0.0	0.0	0.0	0.0	0.0	0.0	0.0	0.0	0.0	0.0	0.0	0.0	0.0	0.0	0.0	0.0	0.0	0.0	0.0	0.0
_scratch_st-cdeboer-1_asfar_VLPs_results_crispresso_aggregated_spacer_AYBE_rep2_.staging_CRISPRessoPooled_on_AYBE_D1_rep2_CRISPResso_on_HEK3	-	0.0003232004022049	0.0005566229149085	0.0003232004022049	0.0003232004022049	0.0005027561812076	0.001113245829817	0.0006104896486093	0.0007541342718115	0.0007182231160109	0.0007002675381107	0.0008080010055123	0.0007002675381107	0.0006104896486093	0.0005027561812076	0.0005027561812076	0.0005027561812076	0.000395022713806	0.0002693336685041	0.0002334225127035	0.0001256890453019
_scratch_st-cdeboer-1_asfar_VLPs_results_crispresso_aggregated_spacer_AYBE_rep2_.staging_CRISPRessoPooled_on_AYBE_D2_rep2_CRISPResso_on_HEK3	A	0.0	0.0	0.0	0.0002976367640931	0.0008929102922793	0.8631466158699923	0.0	0.9038633251979284	0.0	0.0	0.0	0.9988689802964462	0.0	0.0	0.9993451991189952	5.952735281862015e-05	0.0	0.0	5.952735281862015e-05	0.9996428358830884
_scratch_st-cdeboer-1_asfar_VLPs_results_crispresso_aggregated_spacer_AYBE_rep2_.staging_CRISPRessoPooled_on_AYBE_D2_rep2_CRISPResso_on_HEK3	T	0.0002381094112744	0.0	0.0004166914697303	0.0004762188225489	0.0007143282338234	0.0052384070480385	5.952735281862015e-05	0.0008333829394606	5.952735281862015e-05	0.9991070897077208	0.0001785820584558	0.0	0.0	5.952735281862015e-05	0.0	0.0001190547056372	0.0	0.9994047264718138	0.0	0.0
_scratch_st-cdeboer-1_asfar_VLPs_results_crispresso_aggregated_spacer_AYBE_rep2_.staging_CRISPRessoPooled_on_AYBE_D2_rep2_CRISPResso_on_HEK3	C	0.0001785820584558	0.0001785820584558	0.9992856717661766	0.9985118161795346	0.9972617417703434	0.0088100482171557	0.0001190547056372	0.0002976367640931	0.9991666170605392	0.0001190547056372	5.952735281862015e-05	0.0	0.0	0.9994047264718138	0.0001785820584558	0.9994642538246324	5.952735281862015e-05	0.0001190547056372	0.0	0.0001785820584558
_scratch_st-cdeboer-1_asfar_VLPs_results_crispresso_aggregated_spacer_AYBE_rep2_.staging_CRISPRessoPooled_on_AYBE_D2_rep2_CRISPResso_on_HEK3	G	0.9993451991189952	0.999523781177451	0.0	0.0002976367640931	0.0007143282338234	0.1212572176915292	0.999226144413358	0.0942913268646943	5.952735281862015e-05	5.952735281862015e-05	0.9988689802964462	0.0003571641169117	0.9995833085302696	0.0001190547056372	0.0001190547056372	0.0	0.9997023632359068	0.0002381094112744	0.9997618905887256	5.952735281862015e-05
_scratch_st-cdeboer-1_asfar_VLPs_results_crispresso_aggregated_spacer_AYBE_rep2_.staging_CRISPRessoPooled_on_AYBE_D2_rep2_CRISPResso_on_HEK3	N	0.0	0.0	0.0	0.0	0.0	0.0	0.0	0.0	0.0	0.0	0.0	0.0	0.0	0.0	0.0	0.0	0.0	0.0	0.0	0.0
_scratch_st-cdeboer-1_asfar_VLPs_results_crispresso_aggregated_spacer_AYBE_rep2_.staging_CRISPRessoPooled_on_AYBE_D2_rep2_CRISPResso_on_HEK3	-	0.0002381094112744	0.0002976367640931	0.0002976367640931	0.0004166914697303	0.0004166914697303	0.0015477111732841	0.0005952735281862	0.0007143282338234	0.0007143282338234	0.0007143282338234	0.0008929102922793	0.000773855586642	0.0004166914697303	0.0004166914697303	0.0003571641169117	0.0003571641169117	0.0002381094112744	0.0002381094112744	0.0001785820584558	0.0001190547056372
_scratch_st-cdeboer-1_asfar_VLPs_results_crispresso_aggregated_spacer_AYBE_rep2_.staging_CRISPRessoPooled_on_AYBE_D3_rep2_CRISPResso_on_HEK3	A	0.0	0.0001487342713508	5.949370854032186e-05	0.0006098105125382	0.0016212035577237	0.6493887021447482	0.0001041139899455	0.7544397179998216	8.92405628104828e-05	1.4873427135080464e-05	7.436713567540232e-05	0.9971889222714698	0.0	2.974685427016093e-05	0.9980069607638992	2.974685427016093e-05	7.436713567540232e-05	0.0	0.0	0.9991075943718952
_scratch_st-cdeboer-1_asfar_VLPs_results_crispresso_aggregated_spacer_AYBE_rep2_.staging_CRISPRessoPooled_on_AYBE_D3_rep2_CRISPResso_on_HEK3	T	0.0001784811256209	1.4873427135080464e-05	0.0003123419698366	0.0021715203617217	0.0031382931255019	0.009994943034774	0.0001636076984858	0.0019632923818306	0.0003569622512419	0.997783859356873	0.0001189874170806	2.974685427016093e-05	1.4873427135080464e-05	0.0001189874170806	0.0	0.000193354552756	0.0002082279798911	0.9988249992563286	5.949370854032186e-05	2.974685427016093e-05
_scratch_st-cdeboer-1_asfar_VLPs_results_crispresso_aggregated_spacer_AYBE_rep2_.staging_CRISPRessoPooled_on_AYBE_D3_rep2_CRISPResso_on_HEK3	C	2.974685427016093e-05	0.0011452538894011	0.9989737335276796	0.995002528482613	0.9922658178897582	0.0283784989737335	0.0002082279798911	0.0012047475979415	0.9969658208644436	5.949370854032186e-05	0.0002677216884314	8.92405628104828e-05	2.974685427016093e-05	0.9980962013267096	2.974685427016093e-05	0.9982449355980604	0.0001189874170806	7.436713567540232e-05	8.92405628104828e-05	5.949370854032186e-05
_scratch_st-cdeboer-1_asfar_VLPs_results_crispresso_aggregated_spacer_AYBE_rep2_.staging_CRISPRessoPooled_on_AYBE_D3_rep2_CRISPResso_on_HEK3	G	0.999256328643246	0.9978879733468186	8.92405628104828e-05	0.0010262664723205	0.0014129755778326	0.3087277270428652	0.997382276824226	0.2387333789451765	0.0001189874170806	5.949370854032186e-05	0.9972781628342804	0.0005800636582681	0.9982003153166552	8.92405628104828e-05	0.0003272153969717	0.0	0.9983936698694114	0.0001041139899455	0.999077847517625	0.0002231014070262
_scratch_st-cdeboer-1_asfar_VLPs_results_crispresso_aggregated_spacer_AYBE_rep2_.staging_CRISPRessoPooled_on_AYBE_D3_rep2_CRISPResso_on_HEK3	N	0.0	0.0	0.0	0.0	0.0	0.0	0.0	0.0	0.0	0.0	0.0	0.0	0.0	0.0	0.0	0.0	0.0	0.0	0.0	0.0
_scratch_st-cdeboer-1_asfar_VLPs_results_crispresso_aggregated_spacer_AYBE_rep2_.staging_CRISPRessoPooled_on_AYBE_D3_rep2_CRISPResso_on_HEK3	-	0.0005354433768628	0.0008031650652943	0.000565190231133	0.0011898741708064	0.0015617098491834	0.0035101288038789	0.0021417735074515	0.0036588630752297	0.0024689889044233	0.0020822797989112	0.0022607609245322	0.0021120266531814	0.0017550644019394	0.001665823839129	0.0016360769848588	0.0015319629949132	0.0012047475979415	0.0009965196180503	0.0007734182110241	0.0005800636582681
_scratch_st-cdeboer-1_asfar_VLPs_results_crispresso_aggregated_spacer_AYBE_rep2_.staging_CRISPRessoPooled_on_AYBE_D4_rep2_CRISPResso_on_HEK3	A	9.960556197458066e-05	0.000219132236344	0.0002589744611339	0.0021514801386509	0.005219331447468	0.1858241364197776	0.0001394477867644	0.3568867285549225	0.000219132236344	0.0	0.0002988166859237	0.99047770827523	3.9842224789832265e-05	1.9921112394916133e-05	0.9934658751344676	9.960556197458066e-05	0.0001394477867644	7.968444957966453e-05	3.9842224789832265e-05	0.9975895454002152
_scratch_st-cdeboer-1_asfar_VLPs_results_crispresso_aggregated_spacer_AYBE_rep2_.staging_CRISPRessoPooled_on_AYBE_D4_rep2_CRISPResso_on_HEK3	T	0.0001593688991593	0.0001593688991593	0.0009960556197458	0.0067930993266664	0.0078489182835969	0.031814016494681	0.0002988166859237	0.0061357026176341	0.0001394477867644	0.9915534483445556	0.0003785011355034	1.9921112394916133e-05	9.960556197458066e-05	9.960556197458066e-05	0.0	0.0001195266743694	0.0001394477867644	0.9965138053308896	7.968444957966453e-05	7.968444957966453e-05
_scratch_st-cdeboer-1_asfar_VLPs_results_crispresso_aggregated_spacer_AYBE_rep2_.staging_CRISPRessoPooled_on_AYBE_D4_rep2_CRISPResso_on_HEK3	C	5.97633371847484e-05	0.0024502968245746	0.995238854137615	0.9839236622973028	0.9770309574086616	0.0804613729630662	0.0001394477867644	0.0071317582373799	0.9904179449380454	7.968444957966453e-05	0.0003785011355034	0.0001792900115542	5.97633371847484e-05	0.9934260329096776	0.0001195266743694	0.9944420096418184	0.0001792900115542	0.0001394477867644	9.960556197458066e-05	9.960556197458066e-05
_scratch_st-cdeboer-1_asfar_VLPs_results_crispresso_aggregated_spacer_AYBE_rep2_.staging_CRISPRessoPooled_on_AYBE_D4_rep2_CRISPResso_on_HEK3	G	0.9965337264432846	0.993326427347703	1.9921112394916133e-05	0.0020120323518865	0.0030479301964221	0.6907645722937169	0.9920315550420336	0.6160404797003864	5.97633371847484e-05	7.968444957966453e-05	0.9903183393760708	0.0011554245189051	0.9929479262121996	7.968444957966453e-05	0.0007370811586118	1.9921112394916133e-05	0.9958564086218574	0.0001593688991593	0.9970317542531576	0.0001394477867644
_scratch_st-cdeboer-1_asfar_VLPs_results_crispresso_aggregated_spacer_AYBE_rep2_.staging_CRISPRessoPooled_on_AYBE_D4_rep2_CRISPResso_on_HEK3	N	0.0	0.0	0.0	0.0	0.0	0.0	0.0	0.0	0.0	0.0	0.0	0.0	0.0	0.0	0.0	0.0	0.0	0.0	0.0	0.0
_scratch_st-cdeboer-1_asfar_VLPs_results_crispresso_aggregated_spacer_AYBE_rep2_.staging_CRISPRessoPooled_on_AYBE_D4_rep2_CRISPResso_on_HEK3	-	0.0031475357583967	0.0038447746922188	0.0034861946691103	0.0051197258854934	0.0068528626638511	0.0111359018287581	0.0073907326985138	0.0138053308896768	0.0091637117016614	0.0082871827562851	0.0086258416669986	0.0081676560819156	0.0068528626638511	0.0063747559663731	0.005677517032551	0.0053189370094426	0.0036854057930594	0.0031076935336069	0.0027491135104984	0.0020917168014661
_scratch_st-cdeboer-1_asfar_VLPs_results_crispresso_aggregated_spacer_AYBE_rep2_.staging_CRISPRessoPooled_on_AYBE_D5_rep2_CRISPResso_on_HEK3	A	0.0002039734018683	8.158936074735855e-05	4.079468037367928e-05	0.0022437074205523	0.0039570839962468	0.152245747154571	4.079468037367928e-05	0.3513237873781259	0.0001631787214947	4.079468037367928e-05	0.0	0.990209276710317	0.000244768082242	4.079468037367928e-05	0.9922082160486272	0.0004487414841104	0.0	0.0	4.079468037367928e-05	0.9964916574878636
_scratch_st-cdeboer-1_asfar_VLPs_results_crispresso_aggregated_spacer_AYBE_rep2_.staging_CRISPRessoPooled_on_AYBE_D5_rep2_CRISPResso_on_HEK3	T	0.000122384041121	8.158936074735855e-05	0.0006119202056051	0.0057928446130624	0.00864847223922	0.0318606453718435	0.0005303308448578	0.007628605229878	0.0002039734018683	0.9915555011626483	0.0002039734018683	0.000122384041121	0.000244768082242	0.0003263574429894	8.158936074735855e-05	0.000122384041121	0.0003671521233631	0.9953902011177742	4.079468037367928e-05	8.158936074735855e-05
_scratch_st-cdeboer-1_asfar_VLPs_results_crispresso_aggregated_spacer_AYBE_rep2_.staging_CRISPRessoPooled_on_AYBE_D5_rep2_CRISPResso_on_HEK3	C	0.000122384041121	0.0023252967812997	0.9944927181495532	0.9826214661608126	0.9769918002692448	0.089789091502468	0.0004487414841104	0.0071798637457675	0.9895157671439644	8.158936074735855e-05	0.0006527148859788	0.0004895361644841	0.000122384041121	0.9931872883775956	0.0002855627626157	0.9931872883775956	8.158936074735855e-05	0.0002039734018683	0.000122384041121	8.158936074735855e-05
_scratch_st-cdeboer-1_asfar_VLPs_results_crispresso_aggregated_spacer_AYBE_rep2_.staging_CRISPRessoPooled_on_AYBE_D5_rep2_CRISPResso_on_HEK3	G	0.9956349692000164	0.9923306000897484	4.079468037367928e-05	0.0028556276261575	0.0035899318728837	0.7132949863337821	0.9909843756374168	0.618161791702362	0.0	0.0	0.9902500713906908	0.0005303308448578	0.9922082160486272	0.000122384041121	0.0011014563700893	0.0	0.9943703341084322	8.158936074735855e-05	0.9960429160037532	0.0002855627626157
_scratch_st-cdeboer-1_asfar_VLPs_results_crispresso_aggregated_spacer_AYBE_rep2_.staging_CRISPRessoPooled_on_AYBE_D5_rep2_CRISPResso_on_HEK3	N	0.0	0.0	0.0	0.0	0.0	0.0	0.0	0.0	0.0	0.0	0.0	0.0	0.0	0.0	0.0	0.0	0.0	0.0	0.0	0.0
_scratch_st-cdeboer-1_asfar_VLPs_results_crispresso_aggregated_spacer_AYBE_rep2_.staging_CRISPRessoPooled_on_AYBE_D5_rep2_CRISPResso_on_HEK3	-	0.0039162893158732	0.0051809244074572	0.0048137722840941	0.006486354179415	0.0068127116224044	0.0128095296373352	0.0079957573532411	0.0157059519438665	0.0101170807326724	0.0083221147962305	0.008893240321462	0.00864847223922	0.0071798637457675	0.0063231754579202	0.0063231754579202	0.0062415860971729	0.0051809244074572	0.00432423611961	0.0037531105943784	0.0030596010280259
