Folder	Nucleotide	C	A	C	C	T	A	C	C	T	A	A	G	A	A	C	C	A	T	C	C
_scratch_st-cdeboer-1_asfar_VLPs_results_crispresso_aggregated_spacer_AYBE_rep2_.staging_CRISPRessoPooled_on_AYBE_D1_rep2_CRISPResso_on_PDCD1	A	2.648690884530321e-05	0.9998013481836602	2.648690884530321e-05	5.297381769060642e-05	0.0	0.998781602193116	0.0001059476353812	5.297381769060642e-05	0.0	0.9996556701850112	0.9998013481836602	5.297381769060642e-05	0.9997086440027017	0.9998013481836602	0.0	3.9730363267954814e-05	0.9998940523646188	1.3243454422651604e-05	5.297381769060642e-05	0.0001456779986491
_scratch_st-cdeboer-1_asfar_VLPs_results_crispresso_aggregated_spacer_AYBE_rep2_.staging_CRISPRessoPooled_on_AYBE_D1_rep2_CRISPResso_on_PDCD1	T	5.297381769060642e-05	0.0	6.621727211325803e-05	3.9730363267954814e-05	0.9998145916380828	3.9730363267954814e-05	2.648690884530321e-05	0.0	0.999774861274815	1.3243454422651604e-05	0.0	7.946072653590963e-05	1.3243454422651604e-05	1.3243454422651604e-05	5.297381769060642e-05	6.621727211325803e-05	0.0	0.9997616178203924	1.3243454422651604e-05	7.946072653590963e-05
_scratch_st-cdeboer-1_asfar_VLPs_results_crispresso_aggregated_spacer_AYBE_rep2_.staging_CRISPRessoPooled_on_AYBE_D1_rep2_CRISPResso_on_PDCD1	C	0.9999072958190416	0.0	0.9998940523646188	0.9999072958190416	0.0001191910898038	7.946072653590963e-05	0.9998543220013508	0.9999337827278868	0.0001191910898038	2.648690884530321e-05	2.648690884530321e-05	2.648690884530321e-05	0.0001059476353812	1.3243454422651604e-05	0.9999337827278868	0.9998808089101962	6.621727211325803e-05	0.0001456779986491	0.999920539273464	0.9997616178203924
_scratch_st-cdeboer-1_asfar_VLPs_results_crispresso_aggregated_spacer_AYBE_rep2_.staging_CRISPRessoPooled_on_AYBE_D1_rep2_CRISPResso_on_PDCD1	G	1.3243454422651604e-05	0.0001986518163397	1.3243454422651604e-05	0.0	6.621727211325803e-05	0.00109920671708	1.3243454422651604e-05	1.3243454422651604e-05	0.0001059476353812	0.0003045994517209	0.0001191910898038	0.9998410785469282	0.0001721649074944	0.0001721649074944	1.3243454422651604e-05	0.0	3.9730363267954814e-05	6.621727211325803e-05	1.3243454422651604e-05	0.0
_scratch_st-cdeboer-1_asfar_VLPs_results_crispresso_aggregated_spacer_AYBE_rep2_.staging_CRISPRessoPooled_on_AYBE_D1_rep2_CRISPResso_on_PDCD1	N	0.0	0.0	0.0	0.0	0.0	0.0	0.0	0.0	0.0	0.0	0.0	0.0	0.0	0.0	0.0	0.0	0.0	1.3243454422651604e-05	0.0	0.0
_scratch_st-cdeboer-1_asfar_VLPs_results_crispresso_aggregated_spacer_AYBE_rep2_.staging_CRISPRessoPooled_on_AYBE_D1_rep2_CRISPResso_on_PDCD1	-	0.0	0.0	0.0	0.0	0.0	0.0	0.0	0.0	0.0	0.0	5.297381769060642e-05	0.0	0.0	0.0	0.0	1.3243454422651604e-05	0.0	0.0	0.0	1.3243454422651604e-05
_scratch_st-cdeboer-1_asfar_VLPs_results_crispresso_aggregated_spacer_AYBE_rep2_.staging_CRISPRessoPooled_on_AYBE_D2_rep2_CRISPResso_on_PDCD1	A	6.089392278650591e-05	0.9980818414322252	4.059594852433728e-05	8.119189704867455e-05	0.0	0.98015873015873	4.059594852433728e-05	3.0446961393252957e-05	0.0	0.9927130272398814	0.9994519546949214	8.119189704867455e-05	0.9995838915276256	0.9997462753217228	4.059594852433728e-05	2.029797426216864e-05	0.9998376162059026	2.029797426216864e-05	4.059594852433728e-05	9.134088417975886e-05
_scratch_st-cdeboer-1_asfar_VLPs_results_crispresso_aggregated_spacer_AYBE_rep2_.staging_CRISPRessoPooled_on_AYBE_D2_rep2_CRISPResso_on_PDCD1	T	1.0148987131084318e-05	1.0148987131084318e-05	7.104290991759022e-05	5.074493565542159e-05	0.9996853813989364	8.119189704867455e-05	8.119189704867455e-05	5.074493565542159e-05	0.9996955303860676	0.0003856615109812	0.0	0.000121787845573	2.029797426216864e-05	0.0	3.0446961393252957e-05	4.059594852433728e-05	1.0148987131084318e-05	0.9997868712702472	2.029797426216864e-05	3.0446961393252957e-05
_scratch_st-cdeboer-1_asfar_VLPs_results_crispresso_aggregated_spacer_AYBE_rep2_.staging_CRISPRessoPooled_on_AYBE_D2_rep2_CRISPResso_on_PDCD1	C	0.9998579141801648	7.104290991759022e-05	0.9998173182316404	0.999776722283116	0.000131936832704	0.0003146186010636	0.9997056793731984	0.9996853813989364	9.134088417975886e-05	0.0009438558031908	5.074493565542159e-05	1.0148987131084318e-05	0.0001420858198351	0.0001014898713108	0.999868063167296	0.9998579141801648	0.0001014898713108	0.0001623837940973	0.9999086591158204	0.9998579141801648
_scratch_st-cdeboer-1_asfar_VLPs_results_crispresso_aggregated_spacer_AYBE_rep2_.staging_CRISPRessoPooled_on_AYBE_D2_rep2_CRISPResso_on_PDCD1	G	1.0148987131084318e-05	0.0017862217350708	2.029797426216864e-05	4.059594852433728e-05	3.0446961393252957e-05	0.0192932245361912	1.0148987131084318e-05	7.104290991759022e-05	5.074493565542159e-05	0.0058965615231599	0.0003755125238501	0.999736126334592	0.0001928307554906	0.0001014898713108	1.0148987131084318e-05	2.029797426216864e-05	4.059594852433728e-05	2.029797426216864e-05	2.029797426216864e-05	1.0148987131084318e-05
_scratch_st-cdeboer-1_asfar_VLPs_results_crispresso_aggregated_spacer_AYBE_rep2_.staging_CRISPRessoPooled_on_AYBE_D2_rep2_CRISPResso_on_PDCD1	N	0.0	0.0	0.0	0.0	0.0	0.0	0.0	0.0	0.0	0.0	0.0	0.0	1.0148987131084318e-05	0.0	0.0	0.0	0.0	0.0	0.0	0.0
_scratch_st-cdeboer-1_asfar_VLPs_results_crispresso_aggregated_spacer_AYBE_rep2_.staging_CRISPRessoPooled_on_AYBE_D2_rep2_CRISPResso_on_PDCD1	-	6.089392278650591e-05	5.074493565542159e-05	5.074493565542159e-05	5.074493565542159e-05	0.0001522348069662	0.0001522348069662	0.0001623837940973	0.0001623837940973	0.0001623837940973	6.089392278650591e-05	0.000121787845573	5.074493565542159e-05	5.074493565542159e-05	5.074493565542159e-05	5.074493565542159e-05	6.089392278650591e-05	1.0148987131084318e-05	1.0148987131084318e-05	1.0148987131084318e-05	1.0148987131084318e-05
_scratch_st-cdeboer-1_asfar_VLPs_results_crispresso_aggregated_spacer_AYBE_rep2_.staging_CRISPRessoPooled_on_AYBE_D3_rep2_CRISPResso_on_PDCD1	A	5.054845068998635e-05	0.988879340848203	0.0001010969013799	0.0001010969013799	2.5274225344993176e-05	0.9138401657989182	0.0004296618308648	7.582267603497952e-05	0.0	0.9672319668402164	0.9975863114795532	6.318556336248294e-05	0.9994692412677552	0.9997219835212052	5.054845068998635e-05	7.582267603497952e-05	0.999823080422585	0.0	3.791133801748976e-05	6.318556336248294e-05
_scratch_st-cdeboer-1_asfar_VLPs_results_crispresso_aggregated_spacer_AYBE_rep2_.staging_CRISPRessoPooled_on_AYBE_D3_rep2_CRISPResso_on_PDCD1	T	3.791133801748976e-05	7.582267603497952e-05	0.0001137340140524	0.0001642824647424	0.9996335237324976	0.0010109690137997	0.0002274680281049	0.0001769195774149	0.99944396704241	0.0022999545063943	5.054845068998635e-05	0.0001390082393974	3.791133801748976e-05	0.0	2.5274225344993176e-05	2.5274225344993176e-05	1.2637112672496588e-05	0.99974725774655	2.5274225344993176e-05	3.791133801748976e-05
_scratch_st-cdeboer-1_asfar_VLPs_results_crispresso_aggregated_spacer_AYBE_rep2_.staging_CRISPRessoPooled_on_AYBE_D3_rep2_CRISPResso_on_PDCD1	C	0.99989890309862	0.0002906535914674	0.999671435070515	0.9995450639437902	0.0002021938027599	0.0019966638022544	0.9991659505636152	0.9992923216903402	0.0001516453520699	0.0038669564777839	7.582267603497952e-05	6.318556336248294e-05	0.0001137340140524	2.5274225344993176e-05	0.999873628873275	0.999823080422585	5.054845068998635e-05	0.0001516453520699	0.9999115402112924	0.99989890309862
_scratch_st-cdeboer-1_asfar_VLPs_results_crispresso_aggregated_spacer_AYBE_rep2_.staging_CRISPRessoPooled_on_AYBE_D3_rep2_CRISPResso_on_PDCD1	G	0.0	0.0107415457716221	2.5274225344993176e-05	8.845978870747612e-05	2.5274225344993176e-05	0.0830258302583025	1.2637112672496588e-05	0.0002527422534499	0.0001263711267249	0.0263231056968103	0.0021483091543244	0.999671435070515	0.0003159278168124	0.0002021938027599	0.0	2.5274225344993176e-05	0.0001137340140524	8.845978870747612e-05	2.5274225344993176e-05	0.0
_scratch_st-cdeboer-1_asfar_VLPs_results_crispresso_aggregated_spacer_AYBE_rep2_.staging_CRISPRessoPooled_on_AYBE_D3_rep2_CRISPResso_on_PDCD1	N	0.0	0.0	0.0	0.0	0.0	0.0	0.0	0.0	0.0	0.0	0.0	0.0	0.0	0.0	0.0	0.0	0.0	0.0	0.0	0.0
_scratch_st-cdeboer-1_asfar_VLPs_results_crispresso_aggregated_spacer_AYBE_rep2_.staging_CRISPRessoPooled_on_AYBE_D3_rep2_CRISPResso_on_PDCD1	-	1.2637112672496588e-05	1.2637112672496588e-05	8.845978870747612e-05	0.0001010969013799	0.0001137340140524	0.0001263711267249	0.0001642824647424	0.0002021938027599	0.0002780164787949	0.0002780164787949	0.0001390082393974	6.318556336248294e-05	6.318556336248294e-05	5.054845068998635e-05	5.054845068998635e-05	5.054845068998635e-05	0.0	1.2637112672496588e-05	0.0	0.0
_scratch_st-cdeboer-1_asfar_VLPs_results_crispresso_aggregated_spacer_AYBE_rep2_.staging_CRISPRessoPooled_on_AYBE_D4_rep2_CRISPResso_on_PDCD1	A	7.325112928824319e-05	0.9758271273348798	7.325112928824319e-05	0.0001220852154804	0.0	0.8095348553290197	0.0002075448663166	0.0002075448663166	0.0	0.9252105969967036	0.9947259186912464	6.104260774020266e-05	0.9992308631424734	0.9995116591380784	3.66255646441216e-05	8.545965083628372e-05	0.9996459528751068	1.2208521548040531e-05	9.766817238432426e-05	6.104260774020266e-05
_scratch_st-cdeboer-1_asfar_VLPs_results_crispresso_aggregated_spacer_AYBE_rep2_.staging_CRISPRessoPooled_on_AYBE_D4_rep2_CRISPResso_on_PDCD1	T	0.0001342937370284	8.545965083628372e-05	6.104260774020266e-05	0.000317421560249	0.9996703699182028	0.0015016481504089	0.0005371749481137	0.0004272982541814	0.9991820290562812	0.0054205835673299	3.66255646441216e-05	0.0001220852154804	1.2208521548040531e-05	2.4417043096081063e-05	2.4417043096081063e-05	6.104260774020266e-05	1.2208521548040531e-05	0.9996215358320109	3.66255646441216e-05	2.4417043096081063e-05
_scratch_st-cdeboer-1_asfar_VLPs_results_crispresso_aggregated_spacer_AYBE_rep2_.staging_CRISPRessoPooled_on_AYBE_D4_rep2_CRISPResso_on_PDCD1	C	0.999694786961299	8.545965083628372e-05	0.9997314125259432	0.9991942375778292	0.0001342937370284	0.0041875228909779	0.9986326455866196	0.9987058967159076	0.0002319619094127	0.0089488462947137	0.0004395067757294	3.66255646441216e-05	9.766817238432426e-05	9.766817238432426e-05	0.999706995482847	0.9996215358320109	8.545965083628372e-05	0.0001831278232206	0.9997436210474911	0.9997680380905872
_scratch_st-cdeboer-1_asfar_VLPs_results_crispresso_aggregated_spacer_AYBE_rep2_.staging_CRISPRessoPooled_on_AYBE_D4_rep2_CRISPResso_on_PDCD1	G	0.0	0.0239287022341594	3.66255646441216e-05	0.0002197533878647	2.4417043096081063e-05	0.1846050543279208	0.0001342937370284	0.0001342937370284	7.325112928824319e-05	0.0598705896715907	0.0044072762788426	0.9994750335734344	0.0003540471248931	9.766817238432426e-05	0.0	0.0	3.66255646441216e-05	6.104260774020266e-05	1.2208521548040531e-05	3.66255646441216e-05
_scratch_st-cdeboer-1_asfar_VLPs_results_crispresso_aggregated_spacer_AYBE_rep2_.staging_CRISPRessoPooled_on_AYBE_D4_rep2_CRISPResso_on_PDCD1	N	0.0	0.0	0.0	0.0	0.0	0.0	0.0	0.0	0.0	0.0	0.0	0.0	0.0	0.0	0.0	0.0	0.0	0.0	0.0	0.0
_scratch_st-cdeboer-1_asfar_VLPs_results_crispresso_aggregated_spacer_AYBE_rep2_.staging_CRISPRessoPooled_on_AYBE_D4_rep2_CRISPResso_on_PDCD1	-	9.766817238432426e-05	7.325112928824319e-05	9.766817238432426e-05	0.0001465022585764	0.0001709193016725	0.0001709193016725	0.0004883408619216	0.0005249664265657	0.0005127579050177	0.0005493834696618	0.0003906726895372	0.000305213038701	0.000305213038701	0.0002685874740568	0.0002319619094127	0.0002319619094127	0.0002197533878647	0.0001220852154804	0.0001098766939323	0.0001098766939323
_scratch_st-cdeboer-1_asfar_VLPs_results_crispresso_aggregated_spacer_AYBE_rep2_.staging_CRISPRessoPooled_on_AYBE_D5_rep2_CRISPResso_on_PDCD1	A	8.436479336651682e-05	0.9894905571691996	6.026056669036916e-05	8.436479336651682e-05	0.0	0.9211912308823352	0.0002169380400853	6.026056669036916e-05	0.0	0.9716534294288504	0.9978185674858088	6.026056669036916e-05	0.9996384365998576	0.9997951140732528	6.026056669036916e-05	3.615634001422149e-05	0.9997951140732528	1.2052113338073833e-05	7.231268002844299e-05	4.820845335229532e-05
_scratch_st-cdeboer-1_asfar_VLPs_results_crispresso_aggregated_spacer_AYBE_rep2_.staging_CRISPRessoPooled_on_AYBE_D5_rep2_CRISPResso_on_PDCD1	T	0.0001084690200426	0.0001084690200426	8.436479336651682e-05	0.0002169380400853	0.9997830619599146	0.0009521169537078	0.0002048859267472	0.0001325732467188	0.9994817591264628	0.0016149831873018	4.820845335229532e-05	0.0001084690200426	4.820845335229532e-05	0.0	4.820845335229532e-05	1.2052113338073833e-05	2.4104226676147665e-05	0.999674592939872	3.615634001422149e-05	3.615634001422149e-05
_scratch_st-cdeboer-1_asfar_VLPs_results_crispresso_aggregated_spacer_AYBE_rep2_.staging_CRISPRessoPooled_on_AYBE_D5_rep2_CRISPResso_on_PDCD1	C	0.9997830619599146	1.2052113338073833e-05	0.9997951140732528	0.9994456027864486	0.0001205211333807	0.0010485338604124	0.9994817591264628	0.9995540718064913	0.0001446253600568	0.0034228001880129	0.0001566774733949	8.436479336651682e-05	7.231268002844299e-05	2.4104226676147665e-05	0.9998674267532812	0.9999276873199716	4.820845335229532e-05	0.0002530943800995	0.9998553746399432	0.9998794788666192
_scratch_st-cdeboer-1_asfar_VLPs_results_crispresso_aggregated_spacer_AYBE_rep2_.staging_CRISPRessoPooled_on_AYBE_D5_rep2_CRISPResso_on_PDCD1	G	1.2052113338073833e-05	0.0103889216974196	1.2052113338073833e-05	0.0002048859267472	4.820845335229532e-05	0.0767599098501922	0.0	8.436479336651682e-05	0.0001807817000711	0.0231159533824256	0.0016872958673303	0.9995902281465054	0.0002169380400853	0.0001566774733949	0.0	0.0	0.0001084690200426	3.615634001422149e-05	1.2052113338073833e-05	0.0
_scratch_st-cdeboer-1_asfar_VLPs_results_crispresso_aggregated_spacer_AYBE_rep2_.staging_CRISPRessoPooled_on_AYBE_D5_rep2_CRISPResso_on_PDCD1	N	0.0	0.0	0.0	0.0	0.0	0.0	0.0	0.0	0.0	0.0	0.0	0.0	0.0	0.0	0.0	0.0	0.0	0.0	0.0	0.0
_scratch_st-cdeboer-1_asfar_VLPs_results_crispresso_aggregated_spacer_AYBE_rep2_.staging_CRISPRessoPooled_on_AYBE_D5_rep2_CRISPResso_on_PDCD1	-	1.2052113338073833e-05	0.0	4.820845335229532e-05	4.820845335229532e-05	4.820845335229532e-05	4.820845335229532e-05	9.641690670459063e-05	0.000168729586733	0.0001928338134091	0.0001928338134091	0.0002892507201137	0.0001566774733949	2.4104226676147665e-05	2.4104226676147665e-05	2.4104226676147665e-05	2.4104226676147665e-05	2.4104226676147665e-05	2.4104226676147665e-05	2.4104226676147665e-05	3.615634001422149e-05
