Folder	Nucleotide	C	A	C	C	T	A	C	C	T	A	A	G	A	A	C	C	A	T	C	C
_scratch_st-cdeboer-1_asfar_VLPs_results_crispresso_aggregated_spacer_AYBE_rep3_.staging_CRISPRessoPooled_on_AYBE_D1_rep3_CRISPResso_on_PDCD1	A	8.220574453742828e-05	0.9997040593196652	0.0	1.6441148907485654e-05	0.0	0.9982243559179916	3.288229781497131e-05	4.932344672245697e-05	3.288229781497131e-05	0.9990299722144584	0.9996876181707578	3.288229781497131e-05	0.9997040593196652	0.9997698239152952	4.932344672245697e-05	1.6441148907485654e-05	0.9999177942554626	0.0	6.576459562994261e-05	6.576459562994261e-05
_scratch_st-cdeboer-1_asfar_VLPs_results_crispresso_aggregated_spacer_AYBE_rep3_.staging_CRISPRessoPooled_on_AYBE_D1_rep3_CRISPResso_on_PDCD1	T	3.288229781497131e-05	1.6441148907485654e-05	6.576459562994261e-05	4.932344672245697e-05	0.9998027062131102	1.6441148907485654e-05	3.288229781497131e-05	1.6441148907485654e-05	0.9996876181707578	4.932344672245697e-05	1.6441148907485654e-05	3.288229781497131e-05	0.0	1.6441148907485654e-05	3.288229781497131e-05	1.6441148907485654e-05	0.0	0.9996876181707578	3.288229781497131e-05	3.288229781497131e-05
_scratch_st-cdeboer-1_asfar_VLPs_results_crispresso_aggregated_spacer_AYBE_rep3_.staging_CRISPRessoPooled_on_AYBE_D1_rep3_CRISPResso_on_PDCD1	C	0.9998191473620176	0.0	0.999901353106555	0.9999177942554626	0.0001315291912598	1.6441148907485654e-05	0.999901353106555	0.999901353106555	0.0001479703401673	1.6441148907485654e-05	3.288229781497131e-05	3.288229781497131e-05	0.0001479703401673	4.932344672245697e-05	0.9998849119576476	0.9999177942554626	3.288229781497131e-05	0.0001972937868898	0.9998520296598328	0.9998849119576476
_scratch_st-cdeboer-1_asfar_VLPs_results_crispresso_aggregated_spacer_AYBE_rep3_.staging_CRISPRessoPooled_on_AYBE_D1_rep3_CRISPResso_on_PDCD1	G	1.6441148907485654e-05	0.0002630583825197	1.6441148907485654e-05	0.0	4.932344672245697e-05	0.0017263206352859	1.6441148907485654e-05	1.6441148907485654e-05	0.0001150880423523	0.0008878220410042	0.0001972937868898	0.9998849119576476	0.0001315291912598	0.0001479703401673	1.6441148907485654e-05	3.288229781497131e-05	3.288229781497131e-05	9.864689344491394e-05	3.288229781497131e-05	0.0
_scratch_st-cdeboer-1_asfar_VLPs_results_crispresso_aggregated_spacer_AYBE_rep3_.staging_CRISPRessoPooled_on_AYBE_D1_rep3_CRISPResso_on_PDCD1	N	0.0	0.0	0.0	0.0	0.0	0.0	0.0	0.0	0.0	0.0	0.0	0.0	0.0	0.0	0.0	0.0	0.0	0.0	0.0	0.0
_scratch_st-cdeboer-1_asfar_VLPs_results_crispresso_aggregated_spacer_AYBE_rep3_.staging_CRISPRessoPooled_on_AYBE_D1_rep3_CRISPResso_on_PDCD1	-	4.932344672245697e-05	1.6441148907485654e-05	1.6441148907485654e-05	1.6441148907485654e-05	1.6441148907485654e-05	1.6441148907485654e-05	1.6441148907485654e-05	1.6441148907485654e-05	1.6441148907485654e-05	1.6441148907485654e-05	6.576459562994261e-05	1.6441148907485654e-05	1.6441148907485654e-05	1.6441148907485654e-05	1.6441148907485654e-05	1.6441148907485654e-05	1.6441148907485654e-05	1.6441148907485654e-05	1.6441148907485654e-05	1.6441148907485654e-05
_scratch_st-cdeboer-1_asfar_VLPs_results_crispresso_aggregated_spacer_AYBE_rep3_.staging_CRISPRessoPooled_on_AYBE_D2_rep3_CRISPResso_on_PDCD1	A	4.302000430200043e-05	0.9984168638416864	4.302000430200043e-05	6.883200688320068e-05	0.0	0.9858120025812004	3.441600344160034e-05	0.0001462680146268	8.604000860400085e-06	0.994708539470854	0.9994923639492364	3.441600344160034e-05	0.9996214239621424	0.9997935039793504	4.302000430200043e-05	4.302000430200043e-05	0.9998451279845127	8.604000860400085e-06	3.441600344160034e-05	4.302000430200043e-05
_scratch_st-cdeboer-1_asfar_VLPs_results_crispresso_aggregated_spacer_AYBE_rep3_.staging_CRISPRessoPooled_on_AYBE_D2_rep3_CRISPResso_on_PDCD1	T	2.5812002581200258e-05	1.720800172080017e-05	7.743600774360077e-05	2.5812002581200258e-05	0.9998021079802109	7.743600774360077e-05	6.0228006022800605e-05	8.604000860400085e-06	0.9998365239836524	0.0002064960206496	8.604000860400085e-06	3.441600344160034e-05	1.720800172080017e-05	0.0	2.5812002581200258e-05	2.5812002581200258e-05	0.0	0.9997160679716068	3.441600344160034e-05	4.302000430200043e-05
_scratch_st-cdeboer-1_asfar_VLPs_results_crispresso_aggregated_spacer_AYBE_rep3_.staging_CRISPRessoPooled_on_AYBE_D2_rep3_CRISPResso_on_PDCD1	C	0.9998881479888148	6.0228006022800605e-05	0.9998623359862336	0.9998881479888148	0.000129060012906	0.0002064960206496	0.9998795439879544	0.9998107119810712	5.162400516240052e-05	0.000344160034416	1.720800172080017e-05	8.604000860400085e-06	0.0001376640137664	6.0228006022800605e-05	0.9998967519896752	0.9998795439879544	3.441600344160034e-05	0.0001978920197892	0.9999053559905356	0.9998881479888148
_scratch_st-cdeboer-1_asfar_VLPs_results_crispresso_aggregated_spacer_AYBE_rep3_.staging_CRISPRessoPooled_on_AYBE_D2_rep3_CRISPResso_on_PDCD1	G	2.5812002581200258e-05	0.00150570015057	1.720800172080017e-05	1.720800172080017e-05	6.0228006022800605e-05	0.0138954613895461	0.0	8.604000860400085e-06	6.0228006022800605e-05	0.0047063884706388	0.0004474080447408	0.9999053559905356	0.0002064960206496	0.0001204560120456	0.0	8.604000860400085e-06	0.0001032480103248	6.0228006022800605e-05	8.604000860400085e-06	8.604000860400085e-06
_scratch_st-cdeboer-1_asfar_VLPs_results_crispresso_aggregated_spacer_AYBE_rep3_.staging_CRISPRessoPooled_on_AYBE_D2_rep3_CRISPResso_on_PDCD1	N	0.0	0.0	0.0	0.0	0.0	0.0	0.0	0.0	0.0	0.0	0.0	0.0	0.0	0.0	0.0	0.0	0.0	0.0	0.0	0.0
_scratch_st-cdeboer-1_asfar_VLPs_results_crispresso_aggregated_spacer_AYBE_rep3_.staging_CRISPRessoPooled_on_AYBE_D2_rep3_CRISPResso_on_PDCD1	-	1.720800172080017e-05	0.0	0.0	0.0	8.604000860400085e-06	8.604000860400085e-06	2.5812002581200258e-05	2.5812002581200258e-05	4.302000430200043e-05	3.441600344160034e-05	3.441600344160034e-05	1.720800172080017e-05	1.720800172080017e-05	2.5812002581200258e-05	3.441600344160034e-05	4.302000430200043e-05	1.720800172080017e-05	1.720800172080017e-05	1.720800172080017e-05	1.720800172080017e-05
_scratch_st-cdeboer-1_asfar_VLPs_results_crispresso_aggregated_spacer_AYBE_rep3_.staging_CRISPRessoPooled_on_AYBE_D3_rep3_CRISPResso_on_PDCD1	A	2.069857697283312e-05	0.9965433376455368	3.104786545924968e-05	4.139715394566624e-05	1.034928848641656e-05	0.975875808538163	0.0001552393272962	5.17464424320828e-05	0.0	0.9908201811125484	0.9994204398447608	3.104786545924968e-05	0.9997205692108668	0.9998137128072444	2.069857697283312e-05	5.17464424320828e-05	0.9998861578266496	0.0	2.069857697283312e-05	5.17464424320828e-05
_scratch_st-cdeboer-1_asfar_VLPs_results_crispresso_aggregated_spacer_AYBE_rep3_.staging_CRISPRessoPooled_on_AYBE_D3_rep3_CRISPResso_on_PDCD1	T	4.139715394566624e-05	1.034928848641656e-05	4.139715394566624e-05	6.209573091849936e-05	0.9998240620957308	0.0001034928848641	0.0001552393272962	8.279430789133247e-05	0.999699870633894	0.0005071151358344	2.069857697283312e-05	6.209573091849936e-05	1.034928848641656e-05	0.0	4.139715394566624e-05	0.0001034928848641	0.0	0.9997309184993532	2.069857697283312e-05	3.104786545924968e-05
_scratch_st-cdeboer-1_asfar_VLPs_results_crispresso_aggregated_spacer_AYBE_rep3_.staging_CRISPRessoPooled_on_AYBE_D3_rep3_CRISPResso_on_PDCD1	C	0.9998654592496766	6.209573091849936e-05	0.9998965071151358	0.999803363518758	0.0001034928848641	0.0004036222509702	0.999627425614489	0.9997930142302716	0.0001448900388098	0.0012108667529107	5.17464424320828e-05	3.104786545924968e-05	0.0001034928848641	7.244501940491591e-05	0.9999172056921086	0.9998447606727038	2.069857697283312e-05	0.0002276843467011	0.9999586028460544	0.9998654592496766
_scratch_st-cdeboer-1_asfar_VLPs_results_crispresso_aggregated_spacer_AYBE_rep3_.staging_CRISPRessoPooled_on_AYBE_D3_rep3_CRISPResso_on_PDCD1	G	1.034928848641656e-05	0.0033738680465717	2.069857697283312e-05	8.279430789133247e-05	5.17464424320828e-05	0.0235860284605433	3.104786545924968e-05	4.139715394566624e-05	0.0001448900388098	0.0074514877102199	0.0004553686934023	0.999875808538163	0.0001655886157826	0.0001138421733505	2.069857697283312e-05	0.0	9.314359637774902e-05	4.139715394566624e-05	0.0	4.139715394566624e-05
_scratch_st-cdeboer-1_asfar_VLPs_results_crispresso_aggregated_spacer_AYBE_rep3_.staging_CRISPRessoPooled_on_AYBE_D3_rep3_CRISPResso_on_PDCD1	N	0.0	0.0	0.0	0.0	0.0	0.0	0.0	0.0	0.0	0.0	0.0	0.0	0.0	0.0	0.0	0.0	0.0	0.0	0.0	0.0
_scratch_st-cdeboer-1_asfar_VLPs_results_crispresso_aggregated_spacer_AYBE_rep3_.staging_CRISPRessoPooled_on_AYBE_D3_rep3_CRISPResso_on_PDCD1	-	6.209573091849936e-05	1.034928848641656e-05	1.034928848641656e-05	1.034928848641656e-05	1.034928848641656e-05	3.104786545924968e-05	3.104786545924968e-05	3.104786545924968e-05	1.034928848641656e-05	1.034928848641656e-05	5.17464424320828e-05	0.0	0.0	0.0	0.0	0.0	0.0	0.0	0.0	1.034928848641656e-05
_scratch_st-cdeboer-1_asfar_VLPs_results_crispresso_aggregated_spacer_AYBE_rep3_.staging_CRISPRessoPooled_on_AYBE_D4_rep3_CRISPResso_on_PDCD1	A	2.32460830350086e-05	0.9751731833186108	0.0	0.00018596866428	0.0	0.816448928355572	0.0002789529964201	0.00023246083035	0.0	0.924450230136222	0.9943976939885628	9.29843321400344e-05	0.9993258635919848	0.9994653400901948	0.0	2.32460830350086e-05	0.9996978009205448	0.0	2.32460830350086e-05	2.32460830350086e-05
_scratch_st-cdeboer-1_asfar_VLPs_results_crispresso_aggregated_spacer_AYBE_rep3_.staging_CRISPRessoPooled_on_AYBE_D4_rep3_CRISPResso_on_PDCD1	T	0.000162722581245	6.973824910502581e-05	2.32460830350086e-05	0.0002789529964201	0.99958157050537	0.0016504718954856	0.0004649216607001	0.0004184294946301	0.9994188479241248	0.0048119391882467	0.0	0.000116230415175	2.32460830350086e-05	0.0	4.64921660700172e-05	2.32460830350086e-05	2.32460830350086e-05	0.9995583244223348	2.32460830350086e-05	4.64921660700172e-05
_scratch_st-cdeboer-1_asfar_VLPs_results_crispresso_aggregated_spacer_AYBE_rep3_.staging_CRISPRessoPooled_on_AYBE_D4_rep3_CRISPResso_on_PDCD1	C	0.9996513087544748	0.0003951834115951	0.99986052350179	0.9991166488446696	0.00013947649821	0.0046492166070017	0.9989771723464596	0.9989771723464596	0.000162722581245	0.0086707889720582	0.0002789529964201	9.29843321400344e-05	0.00013947649821	9.29843321400344e-05	0.9997442930866148	0.99972104700358	9.29843321400344e-05	0.0002789529964201	0.9998837695848248	0.9998372774187548
_scratch_st-cdeboer-1_asfar_VLPs_results_crispresso_aggregated_spacer_AYBE_rep3_.staging_CRISPRessoPooled_on_AYBE_D4_rep3_CRISPResso_on_PDCD1	G	4.64921660700172e-05	0.0242224185224789	4.64921660700172e-05	0.0003254451624901	6.973824910502581e-05	0.1769724301455204	0.0	9.29843321400344e-05	9.29843321400344e-05	0.0617415965409828	0.0048584313543167	0.9994653400901948	0.0002789529964201	0.00023246083035	0.0	0.0	9.29843321400344e-05	9.29843321400344e-05	0.0	0.0
_scratch_st-cdeboer-1_asfar_VLPs_results_crispresso_aggregated_spacer_AYBE_rep3_.staging_CRISPRessoPooled_on_AYBE_D4_rep3_CRISPResso_on_PDCD1	N	0.0	0.0	0.0	0.0	0.0	0.0	0.0	0.0	0.0	0.0	0.0	0.0	0.0	0.0	0.0	0.0	0.0	0.0	0.0	0.0
_scratch_st-cdeboer-1_asfar_VLPs_results_crispresso_aggregated_spacer_AYBE_rep3_.staging_CRISPRessoPooled_on_AYBE_D4_rep3_CRISPResso_on_PDCD1	-	0.000116230415175	0.00013947649821	6.973824910502581e-05	9.29843321400344e-05	0.000209214747315	0.0002789529964201	0.0002789529964201	0.0002789529964201	0.0003254451624901	0.0003254451624901	0.0004649216607001	0.00023246083035	0.00023246083035	0.000209214747315	0.000209214747315	0.00023246083035	9.29843321400344e-05	6.973824910502581e-05	6.973824910502581e-05	9.29843321400344e-05
_scratch_st-cdeboer-1_asfar_VLPs_results_crispresso_aggregated_spacer_AYBE_rep3_.staging_CRISPRessoPooled_on_AYBE_D5_rep3_CRISPResso_on_PDCD1	A	6.76109664987661e-05	0.98958791115919	1.6902741624691524e-05	0.0001690274162469	1.6902741624691524e-05	0.933098948649471	6.76109664987661e-05	0.0001521246746222	0.0	0.9743585409553428	0.9979885737466616	0.0001183191913728	0.9995774314593828	0.9997295561340048	1.6902741624691524e-05	0.0	0.9996619451675062	0.0	5.070822487407458e-05	3.380548324938305e-05
_scratch_st-cdeboer-1_asfar_VLPs_results_crispresso_aggregated_spacer_AYBE_rep3_.staging_CRISPRessoPooled_on_AYBE_D5_rep3_CRISPResso_on_PDCD1	T	6.76109664987661e-05	0.0001521246746222	0.0001014164497481	3.380548324938305e-05	0.9996957506507556	0.0005746932152395	0.0001521246746222	6.76109664987661e-05	0.9996957506507556	0.0018762043203407	3.380548324938305e-05	6.76109664987661e-05	1.6902741624691524e-05	0.0	8.451370812345763e-05	6.76109664987661e-05	1.6902741624691524e-05	0.9996619451675062	3.380548324938305e-05	0.0001014164497481
_scratch_st-cdeboer-1_asfar_VLPs_results_crispresso_aggregated_spacer_AYBE_rep3_.staging_CRISPRessoPooled_on_AYBE_D5_rep3_CRISPResso_on_PDCD1	C	0.9996788479091308	0.0001352219329975	0.999780264358879	0.9996281396842568	0.0001352219329975	0.0012169973969777	0.9996619451675062	0.9995943342010074	6.76109664987661e-05	0.0030424934924444	0.0001014164497481	5.070822487407458e-05	5.070822487407458e-05	5.070822487407458e-05	0.999780264358879	0.9997971671005036	8.451370812345763e-05	0.0002028328994962	0.9997971671005036	0.9997295561340048
_scratch_st-cdeboer-1_asfar_VLPs_results_crispresso_aggregated_spacer_AYBE_rep3_.staging_CRISPRessoPooled_on_AYBE_D5_rep3_CRISPResso_on_PDCD1	G	8.451370812345763e-05	0.010023325783442	0.0	6.76109664987661e-05	5.070822487407458e-05	0.0650079442885636	0.0	5.070822487407458e-05	8.451370812345763e-05	0.0205706365572495	0.0016902741624691	0.9996281396842568	0.0002366383827456	0.0001014164497481	0.0	0.0	0.0001183191913728	1.6902741624691524e-05	0.0	1.6902741624691524e-05
_scratch_st-cdeboer-1_asfar_VLPs_results_crispresso_aggregated_spacer_AYBE_rep3_.staging_CRISPRessoPooled_on_AYBE_D5_rep3_CRISPResso_on_PDCD1	N	0.0	0.0	0.0	0.0	0.0	0.0	0.0	0.0	0.0	0.0	0.0	0.0	0.0	0.0	0.0	0.0	0.0	0.0	0.0	0.0
_scratch_st-cdeboer-1_asfar_VLPs_results_crispresso_aggregated_spacer_AYBE_rep3_.staging_CRISPRessoPooled_on_AYBE_D5_rep3_CRISPResso_on_PDCD1	-	0.0001014164497481	0.0001014164497481	0.0001014164497481	0.0001014164497481	0.0001014164497481	0.0001014164497481	0.0001183191913728	0.0001352219329975	0.0001521246746222	0.0001521246746222	0.0001859301578716	0.0001352219329975	0.0001183191913728	0.0001183191913728	0.0001183191913728	0.0001352219329975	0.0001183191913728	0.0001183191913728	0.0001183191913728	0.0001183191913728
