Folder	Nucleotide	G	G	A	G	G	C	T	A	T	C	C	A	G	C	G	T	G	A	G	T
_scratch_st-cdeboer-1_asfar_VLPs_results_crispresso_aggregated_spacer_AYBE_rep1_.staging_CRISPRessoPooled_on_AYBE_D1_rep1_CRISPResso_on_B2M	A	0.0001499550134959	1.24962511246626e-05	0.9996875937218834	1.24962511246626e-05	4.99850044986504e-05	8.74737578726382e-05	0.0	0.99981255623313	0.0	2.49925022493252e-05	4.99850044986504e-05	0.99962511246626	3.7488753373987805e-05	6.2481255623313e-05	3.7488753373987805e-05	0.0	2.49925022493252e-05	0.999775067479756	0.0	1.24962511246626e-05
_scratch_st-cdeboer-1_asfar_VLPs_results_crispresso_aggregated_spacer_AYBE_rep1_.staging_CRISPRessoPooled_on_AYBE_D1_rep1_CRISPResso_on_B2M	T	0.0001124662601219	0.0005373387983604	0.0	6.2481255623313e-05	4.99850044986504e-05	3.7488753373987805e-05	0.9996750974707588	2.49925022493252e-05	0.9996750974707588	0.0001124662601219	0.0001124662601219	0.0	8.74737578726382e-05	0.0001499550134959	3.7488753373987805e-05	0.9985379386184144	7.497750674797561e-05	0.0	0.0001999400179946	0.999662601219634
_scratch_st-cdeboer-1_asfar_VLPs_results_crispresso_aggregated_spacer_AYBE_rep1_.staging_CRISPRessoPooled_on_AYBE_D1_rep1_CRISPResso_on_B2M	C	9.99700089973008e-05	0.0001249625112466	7.497750674797561e-05	1.24962511246626e-05	1.24962511246626e-05	0.999850044986504	0.0002124362691192	2.49925022493252e-05	0.0001499550134959	0.9998625412376289	0.9998000599820054	0.0001249625112466	2.49925022493252e-05	0.9997250824752574	3.7488753373987805e-05	0.0013870838748375	7.497750674797561e-05	1.24962511246626e-05	6.2481255623313e-05	0.0001749475157452
_scratch_st-cdeboer-1_asfar_VLPs_results_crispresso_aggregated_spacer_AYBE_rep1_.staging_CRISPRessoPooled_on_AYBE_D1_rep1_CRISPResso_on_B2M	G	0.9996376087173848	0.9993252024392684	0.0002374287713685	0.9999125262421272	0.999887533739878	2.49925022493252e-05	0.0001124662601219	0.0001249625112466	0.0001624512646206	0.0	3.7488753373987805e-05	0.0002499250224932	0.999850044986504	6.2481255623313e-05	0.999887533739878	7.497750674797561e-05	0.9998250524842548	0.0002124362691192	0.999737578726382	0.0001499550134959
_scratch_st-cdeboer-1_asfar_VLPs_results_crispresso_aggregated_spacer_AYBE_rep1_.staging_CRISPRessoPooled_on_AYBE_D1_rep1_CRISPResso_on_B2M	N	0.0	0.0	0.0	0.0	0.0	0.0	0.0	1.24962511246626e-05	0.0	0.0	0.0	0.0	0.0	0.0	0.0	0.0	0.0	0.0	0.0	0.0
_scratch_st-cdeboer-1_asfar_VLPs_results_crispresso_aggregated_spacer_AYBE_rep1_.staging_CRISPRessoPooled_on_AYBE_D1_rep1_CRISPResso_on_B2M	-	0.0	0.0	0.0	0.0	0.0	0.0	0.0	0.0	1.24962511246626e-05	0.0	0.0	0.0	0.0	0.0	0.0	0.0	0.0	0.0	0.0	0.0
_scratch_st-cdeboer-1_asfar_VLPs_results_crispresso_aggregated_spacer_AYBE_rep1_.staging_CRISPRessoPooled_on_AYBE_D2_rep1_CRISPResso_on_B2M	A	8.226615844462117e-05	0.0	0.9996160912605918	2.742205281487372e-05	2.742205281487372e-05	5.484410562974744e-05	0.0	0.9996983574190365	8.226615844462117e-05	5.484410562974744e-05	0.0001645323168892	0.9996709353662216	5.484410562974744e-05	2.742205281487372e-05	2.742205281487372e-05	0.0024405627005237	0.0001371102640743	0.9996709353662216	2.742205281487372e-05	0.0
_scratch_st-cdeboer-1_asfar_VLPs_results_crispresso_aggregated_spacer_AYBE_rep1_.staging_CRISPRessoPooled_on_AYBE_D2_rep1_CRISPResso_on_B2M	T	0.0001371102640743	0.0004387528450379	2.742205281487372e-05	0.0002467984753338	2.742205281487372e-05	2.742205281487372e-05	0.9979707680916994	0.0	0.9940768365919872	8.226615844462117e-05	0.0001645323168892	0.0	0.0001096882112594	0.0001919543697041	5.484410562974744e-05	0.6803685523898318	0.0001096882112594	0.0	0.0001645323168892	0.9973400608769571
_scratch_st-cdeboer-1_asfar_VLPs_results_crispresso_aggregated_spacer_AYBE_rep1_.staging_CRISPRessoPooled_on_AYBE_D2_rep1_CRISPResso_on_B2M	C	0.0001096882112594	0.0001096882112594	5.484410562974744e-05	2.742205281487372e-05	2.742205281487372e-05	0.999808045630296	0.0016179011160775	5.484410562974744e-05	0.0051279238763813	0.9995886692077768	0.9990676502042944	0.0001096882112594	0.0001645323168892	0.9996160912605918	2.742205281487372e-05	0.3152164971069734	0.0002742205281487	0.0	0.0	0.0021114980667452
_scratch_st-cdeboer-1_asfar_VLPs_results_crispresso_aggregated_spacer_AYBE_rep1_.staging_CRISPRessoPooled_on_AYBE_D2_rep1_CRISPResso_on_B2M	G	0.9996435133134066	0.999369292785258	0.0002467984753338	0.9996435133134066	0.9998354676831108	2.742205281487372e-05	0.0003290646337784	0.0001645323168892	0.0004113307922231	0.0001645323168892	0.0004935969506677	0.0001645323168892	0.9995886692077768	8.226615844462117e-05	0.999780623577481	0.0018372775385965	0.999369292785258	0.0002193764225189	0.9996983574190365	0.0004661748978528
_scratch_st-cdeboer-1_asfar_VLPs_results_crispresso_aggregated_spacer_AYBE_rep1_.staging_CRISPRessoPooled_on_AYBE_D2_rep1_CRISPResso_on_B2M	N	0.0	0.0	0.0	0.0	0.0	0.0	0.0	0.0	2.742205281487372e-05	0.0	0.0	0.0	0.0	0.0	0.0	2.742205281487372e-05	0.0	0.0	0.0	0.0
_scratch_st-cdeboer-1_asfar_VLPs_results_crispresso_aggregated_spacer_AYBE_rep1_.staging_CRISPRessoPooled_on_AYBE_D2_rep1_CRISPResso_on_B2M	-	2.742205281487372e-05	8.226615844462117e-05	5.484410562974744e-05	5.484410562974744e-05	8.226615844462117e-05	8.226615844462117e-05	8.226615844462117e-05	8.226615844462117e-05	0.0002742205281487	0.0001096882112594	0.0001096882112594	5.484410562974744e-05	8.226615844462117e-05	8.226615844462117e-05	0.0001096882112594	0.0001096882112594	0.0001096882112594	0.0001096882112594	0.0001096882112594	8.226615844462117e-05
_scratch_st-cdeboer-1_asfar_VLPs_results_crispresso_aggregated_spacer_AYBE_rep1_.staging_CRISPRessoPooled_on_AYBE_D3_rep1_CRISPResso_on_B2M	A	0.0001002280187426	0.0	0.99942368889223	1.252850234282994e-05	5.011400937131976e-05	0.0001503420281139	1.252850234282994e-05	0.99924828985943	0.0001879275351424	0.0001753990327996	0.0002630985491994	0.9993485178781728	7.517101405697962e-05	8.769951639980957e-05	0.0001252850234282	0.0031697110927359	5.011400937131976e-05	0.999486331403944	2.505700468565988e-05	0.0001002280187426
_scratch_st-cdeboer-1_asfar_VLPs_results_crispresso_aggregated_spacer_AYBE_rep1_.staging_CRISPRessoPooled_on_AYBE_D3_rep1_CRISPResso_on_B2M	T	0.0002129845398281	0.0005011400937131	3.758550702848981e-05	0.0002255130421709	0.0001127565210854	3.758550702848981e-05	0.9959157082362374	3.758550702848981e-05	0.9895011150367086	0.0001002280187426	7.517101405697962e-05	2.505700468565988e-05	6.264251171414969e-05	0.0001753990327996	0.0001252850234282	0.5707108672229322	0.0002255130421709	0.0	0.0002505700468565	0.9968177604049212
_scratch_st-cdeboer-1_asfar_VLPs_results_crispresso_aggregated_spacer_AYBE_rep1_.staging_CRISPRessoPooled_on_AYBE_D3_rep1_CRISPResso_on_B2M	C	0.0001127565210854	8.769951639980957e-05	2.505700468565988e-05	7.517101405697962e-05	5.011400937131976e-05	0.999486331403944	0.0035580946653637	2.505700468565988e-05	0.0094590192688366	0.99924828985943	0.9983963517001178	7.517101405697962e-05	0.0001252850234282	0.9994362173945728	3.758550702848981e-05	0.4218597308877697	0.0003257410609135	1.252850234282994e-05	0.0001002280187426	0.0027061565060512
_scratch_st-cdeboer-1_asfar_VLPs_results_crispresso_aggregated_spacer_AYBE_rep1_.staging_CRISPRessoPooled_on_AYBE_D3_rep1_CRISPResso_on_B2M	G	0.9993986318875442	0.999185647347716	0.0003006840562279	0.9995113884086296	0.9995113884086296	5.011400937131976e-05	0.0001252850234282	0.0002255130421709	0.000363326567942	1.252850234282994e-05	0.0007517101405697	0.0001753990327996	0.9993735748828584	3.758550702848981e-05	0.9994612743992584	0.0039339497356486	0.9990979478313162	0.0003382695632564	0.9995364454133152	0.0002630985491994
_scratch_st-cdeboer-1_asfar_VLPs_results_crispresso_aggregated_spacer_AYBE_rep1_.staging_CRISPRessoPooled_on_AYBE_D3_rep1_CRISPResso_on_B2M	N	0.0	0.0	0.0	0.0	0.0	0.0	0.0	0.0	0.0	0.0	1.252850234282994e-05	0.0	0.0	0.0	0.0	0.0	0.0	0.0	0.0	0.0
_scratch_st-cdeboer-1_asfar_VLPs_results_crispresso_aggregated_spacer_AYBE_rep1_.staging_CRISPRessoPooled_on_AYBE_D3_rep1_CRISPResso_on_B2M	-	0.0001753990327996	0.0002255130421709	0.0002129845398281	0.0001753990327996	0.0002756270515422	0.0002756270515422	0.0003883835726277	0.0004635545866847	0.0004886115913703	0.0004635545866847	0.0005011400937131	0.0003758550702848	0.000363326567942	0.0002630985491994	0.0002505700468565	0.0003257410609135	0.0003006840562279	0.0001628705304567	8.769951639980957e-05	0.0001127565210854
_scratch_st-cdeboer-1_asfar_VLPs_results_crispresso_aggregated_spacer_AYBE_rep1_.staging_CRISPRessoPooled_on_AYBE_D4_rep1_CRISPResso_on_B2M	A	0.0001672940192388	5.2279381012128815e-05	0.9996131325805102	2.0911752404851527e-05	4.1823504809703055e-05	0.0001359263906315	0.0	0.9996445002091175	0.0002823086574654	9.410288582183188e-05	0.0003973232956921	0.99930991217064	3.136762860727729e-05	5.2279381012128815e-05	0.0003764115432873	0.0041823504809703	0.0002927645336679	0.9993308239230448	0.0	4.1823504809703055e-05
_scratch_st-cdeboer-1_asfar_VLPs_results_crispresso_aggregated_spacer_AYBE_rep1_.staging_CRISPRessoPooled_on_AYBE_D4_rep1_CRISPResso_on_B2M	T	0.0001777498954412	0.0003764115432873	0.0	0.0001150146382266	0.0001254705144291	5.2279381012128815e-05	0.9963927227101632	3.136762860727729e-05	0.9883939774153074	0.0001045587620242	0.0007319113341698	2.0911752404851527e-05	0.0001150146382266	0.0002509410288582	0.0001777498954412	0.3579987452948557	0.0002404851526557	1.0455876202425764e-05	0.0001568381430363	0.9947302383939776
_scratch_st-cdeboer-1_asfar_VLPs_results_crispresso_aggregated_spacer_AYBE_rep1_.staging_CRISPRessoPooled_on_AYBE_D4_rep1_CRISPResso_on_B2M	C	1.0455876202425764e-05	0.0001254705144291	5.2279381012128815e-05	8.364700961940611e-05	5.2279381012128815e-05	0.9996340443329153	0.0032099539941447	4.1823504809703055e-05	0.0108427436219155	0.9995608531994982	0.997396486825596	6.273525721455458e-05	5.2279381012128815e-05	0.999090338770389	6.273525721455458e-05	0.6335006273525722	0.0006273525721455	5.2279381012128815e-05	7.319113341698034e-05	0.004496026767043
_scratch_st-cdeboer-1_asfar_VLPs_results_crispresso_aggregated_spacer_AYBE_rep1_.staging_CRISPRessoPooled_on_AYBE_D4_rep1_CRISPResso_on_B2M	G	0.9996340443329153	0.9992785445420326	0.0002404851526557	0.9996758678377248	0.9996235884567126	2.0911752404851527e-05	0.0002509410288582	0.0001359263906315	0.0002509410288582	9.410288582183188e-05	0.0008573818485989	0.0001045587620242	0.9992994562944376	9.410288582183188e-05	0.998870765370138	0.0038686741948975	0.9983897950648264	0.0002509410288582	0.999414470932664	0.0003764115432873
_scratch_st-cdeboer-1_asfar_VLPs_results_crispresso_aggregated_spacer_AYBE_rep1_.staging_CRISPRessoPooled_on_AYBE_D4_rep1_CRISPResso_on_B2M	N	0.0	1.0455876202425764e-05	0.0	1.0455876202425764e-05	0.0	0.0	0.0	0.0	0.0	0.0	0.0	0.0	0.0	0.0	0.0	0.0	0.0	0.0	0.0	0.0
_scratch_st-cdeboer-1_asfar_VLPs_results_crispresso_aggregated_spacer_AYBE_rep1_.staging_CRISPRessoPooled_on_AYBE_D4_rep1_CRISPResso_on_B2M	-	1.0455876202425764e-05	0.0001568381430363	9.410288582183188e-05	9.410288582183188e-05	0.0001568381430363	0.0001568381430363	0.0001463822668339	0.0001463822668339	0.0002300292764533	0.0001463822668339	0.0006168966959431	0.0005018820577164	0.0005018820577164	0.0005123379339188	0.0005123379339188	0.0004496026767043	0.0004496026767043	0.0003554997908824	0.0003554997908824	0.0003554997908824
_scratch_st-cdeboer-1_asfar_VLPs_results_crispresso_aggregated_spacer_AYBE_rep1_.staging_CRISPRessoPooled_on_AYBE_D5_rep1_CRISPResso_on_B2M	A	0.0	0.0	1.0	0.0	0.0001996805111821	0.0	0.0	0.999800319488818	0.0003993610223642	0.0	0.0003993610223642	0.9994009584664536	0.0	0.0001996805111821	0.0003993610223642	0.0043929712460063	0.0	0.9996006389776356	0.0	0.0
_scratch_st-cdeboer-1_asfar_VLPs_results_crispresso_aggregated_spacer_AYBE_rep1_.staging_CRISPRessoPooled_on_AYBE_D5_rep1_CRISPResso_on_B2M	T	0.0001996805111821	0.0001996805111821	0.0	0.0005990415335463	0.0	0.0	0.9972044728434504	0.0	0.9886182108626198	0.0	0.0001996805111821	0.0	0.0	0.0001996805111821	0.0	0.5563099041533547	0.0001996805111821	0.0	0.0007987220447284	0.9968051118210862
_scratch_st-cdeboer-1_asfar_VLPs_results_crispresso_aggregated_spacer_AYBE_rep1_.staging_CRISPRessoPooled_on_AYBE_D5_rep1_CRISPResso_on_B2M	C	0.0	0.0	0.0	0.0	0.0	1.0	0.0025958466453674	0.0	0.0105830670926517	1.0	0.9988019169329072	0.0001996805111821	0.0	0.9994009584664536	0.0	0.435702875399361	0.0001996805111821	0.0	0.0	0.0029952076677316
_scratch_st-cdeboer-1_asfar_VLPs_results_crispresso_aggregated_spacer_AYBE_rep1_.staging_CRISPRessoPooled_on_AYBE_D5_rep1_CRISPResso_on_B2M	G	0.999800319488818	0.999800319488818	0.0	0.9994009584664536	0.999800319488818	0.0	0.0	0.0	0.0001996805111821	0.0	0.0003993610223642	0.0001996805111821	0.999800319488818	0.0	0.9994009584664536	0.0033945686900958	0.9994009584664536	0.0001996805111821	0.9990015974440896	0.0
_scratch_st-cdeboer-1_asfar_VLPs_results_crispresso_aggregated_spacer_AYBE_rep1_.staging_CRISPRessoPooled_on_AYBE_D5_rep1_CRISPResso_on_B2M	N	0.0	0.0	0.0	0.0	0.0	0.0	0.0	0.0	0.0	0.0	0.0	0.0	0.0	0.0	0.0	0.0	0.0	0.0	0.0	0.0
_scratch_st-cdeboer-1_asfar_VLPs_results_crispresso_aggregated_spacer_AYBE_rep1_.staging_CRISPRessoPooled_on_AYBE_D5_rep1_CRISPResso_on_B2M	-	0.0	0.0	0.0	0.0	0.0	0.0	0.0001996805111821	0.0001996805111821	0.0001996805111821	0.0	0.0001996805111821	0.0001996805111821	0.0001996805111821	0.0001996805111821	0.0001996805111821	0.0001996805111821	0.0001996805111821	0.0001996805111821	0.0001996805111821	0.0001996805111821
