Folder	Nucleotide	C	A	C	C	T	A	C	C	T	A	A	G	A	A	C	C	A	T	C	C
_scratch_st-cdeboer-1_asfar_VLPs_results_crispresso_aggregated_spacer_CBE6d_rep3_.staging_CRISPRessoPooled_on_CBE6d_D0_rep3_CRISPResso_on_PDCD1	A	5.301102629346904e-05	0.9998586372632174	7.068136839129205e-05	5.301102629346904e-05	0.0	0.9998763076053152	3.5340684195646025e-05	1.7670342097823013e-05	0.0	0.9997879558948262	0.9999646593158044	0.0	0.9997702855527284	0.9998763076053152	3.5340684195646025e-05	5.301102629346904e-05	0.9998409669211196	0.0	1.7670342097823013e-05	5.301102629346904e-05
_scratch_st-cdeboer-1_asfar_VLPs_results_crispresso_aggregated_spacer_CBE6d_rep3_.staging_CRISPRessoPooled_on_CBE6d_D0_rep3_CRISPResso_on_PDCD1	T	3.5340684195646025e-05	0.0	7.068136839129205e-05	1.7670342097823013e-05	0.999805626236924	0.0	0.0001060220525869	1.7670342097823013e-05	0.9998763076053152	1.7670342097823013e-05	0.0	8.835171048911507e-05	1.7670342097823013e-05	0.0	5.301102629346904e-05	1.7670342097823013e-05	1.7670342097823013e-05	0.9996289228159456	7.068136839129205e-05	5.301102629346904e-05
_scratch_st-cdeboer-1_asfar_VLPs_results_crispresso_aggregated_spacer_CBE6d_rep3_.staging_CRISPRessoPooled_on_CBE6d_D0_rep3_CRISPResso_on_PDCD1	C	0.9998763076053152	5.301102629346904e-05	0.9998409669211196	0.9999116482895108	0.0001236923946847	0.0	0.9998409669211196	0.9999469889737064	5.301102629346904e-05	1.7670342097823013e-05	0.0	3.5340684195646025e-05	0.0001236923946847	3.5340684195646025e-05	0.9999116482895108	0.9999116482895108	5.301102629346904e-05	0.0003180661577608	0.9998939779474132	0.9998232965790218
_scratch_st-cdeboer-1_asfar_VLPs_results_crispresso_aggregated_spacer_CBE6d_rep3_.staging_CRISPRessoPooled_on_CBE6d_D0_rep3_CRISPResso_on_PDCD1	G	0.0	8.835171048911507e-05	1.7670342097823013e-05	1.7670342097823013e-05	7.068136839129205e-05	0.0001236923946847	1.7670342097823013e-05	1.7670342097823013e-05	7.068136839129205e-05	0.0001767034209782	0.0	0.9998763076053152	8.835171048911507e-05	8.835171048911507e-05	0.0	1.7670342097823013e-05	8.835171048911507e-05	5.301102629346904e-05	1.7670342097823013e-05	5.301102629346904e-05
_scratch_st-cdeboer-1_asfar_VLPs_results_crispresso_aggregated_spacer_CBE6d_rep3_.staging_CRISPRessoPooled_on_CBE6d_D0_rep3_CRISPResso_on_PDCD1	N	0.0	0.0	0.0	0.0	0.0	0.0	0.0	0.0	0.0	0.0	0.0	0.0	0.0	0.0	0.0	0.0	0.0	0.0	0.0	0.0
_scratch_st-cdeboer-1_asfar_VLPs_results_crispresso_aggregated_spacer_CBE6d_rep3_.staging_CRISPRessoPooled_on_CBE6d_D0_rep3_CRISPResso_on_PDCD1	-	3.5340684195646025e-05	0.0	0.0	0.0	0.0	0.0	0.0	0.0	0.0	0.0	3.5340684195646025e-05	0.0	0.0	0.0	0.0	0.0	0.0	0.0	0.0	1.7670342097823013e-05
_scratch_st-cdeboer-1_asfar_VLPs_results_crispresso_aggregated_spacer_CBE6d_rep3_.staging_CRISPRessoPooled_on_CBE6d_D1_rep3_CRISPResso_on_PDCD1	A	2.468465355088741e-05	0.9996790995038384	9.873861420354964e-05	0.0005430623781195	7.405396065266224e-05	0.9997037841573894	0.0042704450643035	0.0003209004961615	2.468465355088741e-05	0.9996790995038384	0.9997531534644912	7.405396065266224e-05	0.999605045543186	0.9997037841573894	2.468465355088741e-05	4.9369307101774825e-05	0.9998765767322456	2.468465355088741e-05	4.9369307101774825e-05	4.9369307101774825e-05
_scratch_st-cdeboer-1_asfar_VLPs_results_crispresso_aggregated_spacer_CBE6d_rep3_.staging_CRISPRessoPooled_on_CBE6d_D1_rep3_CRISPResso_on_PDCD1	T	0.0	2.468465355088741e-05	0.0003702698032633	0.0005183777245686	0.999358199007677	9.873861420354964e-05	0.007652242600775	0.0006664856458739	0.999555676236084	0.0	0.0	0.0001481079213053	4.9369307101774825e-05	4.9369307101774825e-05	0.0	0.0	0.0	0.9997037841573894	2.468465355088741e-05	2.468465355088741e-05
_scratch_st-cdeboer-1_asfar_VLPs_results_crispresso_aggregated_spacer_CBE6d_rep3_.staging_CRISPRessoPooled_on_CBE6d_D1_rep3_CRISPResso_on_PDCD1	C	0.9999753153464492	4.9369307101774825e-05	0.9994569376218804	0.998691713361803	0.0004936930710177	4.9369307101774825e-05	0.9860531707437488	0.9975562192984622	7.405396065266224e-05	2.468465355088741e-05	0.0	2.468465355088741e-05	0.000197477228407	9.873861420354964e-05	0.9999506306928982	0.9999012613857964	2.468465355088741e-05	0.000197477228407	0.9999259460393474	0.9998518920786946
_scratch_st-cdeboer-1_asfar_VLPs_results_crispresso_aggregated_spacer_CBE6d_rep3_.staging_CRISPRessoPooled_on_CBE6d_D1_rep3_CRISPResso_on_PDCD1	G	0.0	0.0001234232677544	0.0	2.468465355088741e-05	2.468465355088741e-05	0.0001481079213053	0.0018513490163165	0.0011354940633408	0.0001481079213053	0.0001234232677544	0.0001481079213053	0.9997284688109402	0.0001234232677544	0.0001234232677544	0.0	0.0	7.405396065266224e-05	4.9369307101774825e-05	0.0	2.468465355088741e-05
_scratch_st-cdeboer-1_asfar_VLPs_results_crispresso_aggregated_spacer_CBE6d_rep3_.staging_CRISPRessoPooled_on_CBE6d_D1_rep3_CRISPResso_on_PDCD1	N	0.0	0.0	0.0	0.0	0.0	0.0	0.0	0.0	0.0	0.0	0.0	0.0	0.0	0.0	0.0	0.0	0.0	0.0	0.0	2.468465355088741e-05
_scratch_st-cdeboer-1_asfar_VLPs_results_crispresso_aggregated_spacer_CBE6d_rep3_.staging_CRISPRessoPooled_on_CBE6d_D1_rep3_CRISPResso_on_PDCD1	-	0.0	0.0001234232677544	7.405396065266224e-05	0.0002221618819579	4.9369307101774825e-05	0.0	0.0001727925748562	0.0003209004961615	0.000197477228407	0.0001727925748562	9.873861420354964e-05	2.468465355088741e-05	2.468465355088741e-05	2.468465355088741e-05	2.468465355088741e-05	4.9369307101774825e-05	2.468465355088741e-05	2.468465355088741e-05	0.0	2.468465355088741e-05
_scratch_st-cdeboer-1_asfar_VLPs_results_crispresso_aggregated_spacer_CBE6d_rep3_.staging_CRISPRessoPooled_on_CBE6d_D2_rep3_CRISPResso_on_PDCD1	A	0.0001803385856946	0.998940510809044	0.0004508464642366	0.0031559252496562	0.0011271161605915	0.9988954261626204	0.0190933477604201	0.0016005049480399	0.0	0.9982191564662656	0.9983769527287484	4.508464642366042e-05	0.9983544104055364	0.998940510809044	0.0001127116160591	0.0002254232321183	0.9991433917179504	0.0	9.016929284732084e-05	4.508464642366042e-05
_scratch_st-cdeboer-1_asfar_VLPs_results_crispresso_aggregated_spacer_CBE6d_rep3_.staging_CRISPRessoPooled_on_CBE6d_D2_rep3_CRISPResso_on_PDCD1	T	0.0004733887874484	0.0	0.0014877933319807	0.0049593111066026	0.9967539054574964	2.254232321183021e-05	0.0392461847117963	0.0036743986835283	0.99815152949663	0.0	0.0	0.0001352539392709	0.0001803385856946	0.0	9.016929284732084e-05	2.254232321183021e-05	0.0	0.9990983070715268	2.254232321183021e-05	6.762696963549064e-05
_scratch_st-cdeboer-1_asfar_VLPs_results_crispresso_aggregated_spacer_CBE6d_rep3_.staging_CRISPRessoPooled_on_CBE6d_D2_rep3_CRISPResso_on_PDCD1	C	0.998917968485832	2.254232321183021e-05	0.9967764477807084	0.988706296070873	0.000518473433872	2.254232321183021e-05	0.932688622889475	0.9867451139514438	0.0003155925249656	2.254232321183021e-05	4.508464642366042e-05	0.0001803385856946	0.0001127116160591	4.508464642366042e-05	0.998917968485832	0.9988503415161968	0.0	0.0002479655553301	0.9992335610107976	0.9993913572732804
_scratch_st-cdeboer-1_asfar_VLPs_results_crispresso_aggregated_spacer_CBE6d_rep3_.staging_CRISPRessoPooled_on_CBE6d_D2_rep3_CRISPResso_on_PDCD1	G	2.254232321183021e-05	0.0001577962624828	2.254232321183021e-05	0.0011722008070151	0.0001352539392709	4.508464642366042e-05	0.0076869322152341	0.0047338878744843	4.508464642366042e-05	0.0002705078785419	0.0002254232321183	0.9988503415161968	0.0002028809089064	0.0001352539392709	0.0	0.0	0.0001127116160591	0.0	0.0	0.0
_scratch_st-cdeboer-1_asfar_VLPs_results_crispresso_aggregated_spacer_CBE6d_rep3_.staging_CRISPRessoPooled_on_CBE6d_D2_rep3_CRISPResso_on_PDCD1	N	0.0	0.0	0.0	0.0	0.0	0.0	0.0	0.0	0.0	0.0	0.0	0.0	0.0	0.0	0.0	0.0	0.0	0.0	0.0	0.0
_scratch_st-cdeboer-1_asfar_VLPs_results_crispresso_aggregated_spacer_CBE6d_rep3_.staging_CRISPRessoPooled_on_CBE6d_D2_rep3_CRISPResso_on_PDCD1	-	0.0004057618178129	0.0008791506052613	0.0012623700998624	0.0020062667658528	0.0014652510087689	0.0010144045445323	0.0012849124230743	0.0032460945425035	0.0014877933319807	0.0014877933319807	0.0013525393927098	0.000788981312414	0.0011496584838033	0.0008791506052613	0.0008791506052613	0.0009016929284732	0.0007438966659903	0.000653727373143	0.000653727373143	0.0004959311106602
_scratch_st-cdeboer-1_asfar_VLPs_results_crispresso_aggregated_spacer_CBE6d_rep3_.staging_CRISPRessoPooled_on_CBE6d_D3_rep3_CRISPResso_on_PDCD1	A	9.743359900227996e-05	0.9964729037161176	0.0005943449539139	0.0059531928990393	0.0009548492702223	0.9960052224409064	0.0371611746594695	0.0052516709862228	2.9230079700683983e-05	0.9953524173275912	0.9959954790810064	3.897343960091198e-05	0.9963462400374145	0.996921098271528	5.8460159401367966e-05	4.871679950113997e-05	0.9981585049788568	1.948671980045599e-05	0.0001071769589025	4.871679950113997e-05
_scratch_st-cdeboer-1_asfar_VLPs_results_crispresso_aggregated_spacer_CBE6d_rep3_.staging_CRISPRessoPooled_on_CBE6d_D3_rep3_CRISPResso_on_PDCD1	T	0.0003215308767075	4.871679950113997e-05	0.0043942553150028	0.0089638911082097	0.9941539840598632	8.769023910205196e-05	0.0952315996648284	0.0105228286922462	0.9946801254944756	1.948671980045599e-05	4.871679950113997e-05	0.0001364070386031	2.9230079700683983e-05	0.0	1.948671980045599e-05	0.0001558937584036	2.9230079700683983e-05	0.9983241420971608	4.871679950113997e-05	3.897343960091198e-05
_scratch_st-cdeboer-1_asfar_VLPs_results_crispresso_aggregated_spacer_CBE6d_rep3_.staging_CRISPRessoPooled_on_CBE6d_D3_rep3_CRISPResso_on_PDCD1	C	0.9973303193873376	0.0002533273574059	0.9912212327298946	0.9779020597462827	0.0005943449539139	9.743359900227995e-06	0.8424985872128145	0.9633065066157414	0.0003410175965079	5.8460159401367966e-05	3.897343960091198e-05	4.871679950113997e-05	0.0001266636787029	7.794687920182396e-05	0.997096478749732	0.9972426291482356	4.871679950113997e-05	0.0002825574371066	0.9986164428941676	0.9987333632129703
_scratch_st-cdeboer-1_asfar_VLPs_results_crispresso_aggregated_spacer_CBE6d_rep3_.staging_CRISPRessoPooled_on_CBE6d_D3_rep3_CRISPResso_on_PDCD1	G	2.9230079700683983e-05	9.743359900227996e-05	0.0001364070386031	0.0016466278231385	4.871679950113997e-05	0.0003117875168072	0.0197985073172632	0.0141668452949315	0.0001071769589025	0.0001364070386031	4.871679950113997e-05	0.996414443556716	0.000214353917805	0.0001656371183038	0.0	0.0	0.0001071769589025	4.871679950113997e-05	9.743359900227995e-06	9.743359900227995e-06
_scratch_st-cdeboer-1_asfar_VLPs_results_crispresso_aggregated_spacer_CBE6d_rep3_.staging_CRISPRessoPooled_on_CBE6d_D3_rep3_CRISPResso_on_PDCD1	N	0.0	0.0	9.743359900227995e-06	0.0	9.743359900227995e-06	0.0	0.0	0.0	0.0	0.0	0.0	0.0	0.0	0.0	0.0	0.0	0.0	0.0	0.0	0.0
_scratch_st-cdeboer-1_asfar_VLPs_results_crispresso_aggregated_spacer_CBE6d_rep3_.staging_CRISPRessoPooled_on_CBE6d_D3_rep3_CRISPResso_on_PDCD1	-	0.0022214860572519	0.0031276185279731	0.0036440166026852	0.0055342284233295	0.0042383615565991	0.0035855564432839	0.0053101311456242	0.006752148410858	0.0048424498704133	0.0044332287546037	0.0038681138803905	0.0033614591655786	0.0032835122863768	0.0028353177309663	0.0028255743710661	0.0025527602938597	0.0016563711830387	0.001325096946431	0.0012179199875284	0.0011692031880273
_scratch_st-cdeboer-1_asfar_VLPs_results_crispresso_aggregated_spacer_CBE6d_rep3_.staging_CRISPRessoPooled_on_CBE6d_D4_rep3_CRISPResso_on_PDCD1	A	0.000286255339763	0.9904544854009776	0.0023230721803849	0.0198286871889725	0.0020698463029021	0.989926014004492	0.0898071079402827	0.0153807196018848	4.40392830404721e-05	0.9884176685603558	0.9900361122120932	4.40392830404721e-05	0.9910820451843044	0.9915554674769896	1.1009820760118025e-05	6.605892456070815e-05	0.9945171092614612	1.1009820760118025e-05	4.40392830404721e-05	3.302946228035408e-05
_scratch_st-cdeboer-1_asfar_VLPs_results_crispresso_aggregated_spacer_CBE6d_rep3_.staging_CRISPRessoPooled_on_CBE6d_D4_rep3_CRISPResso_on_PDCD1	T	0.000660589245607	7.706874532082618e-05	0.0141145902144713	0.0325009908838684	0.984531201832034	0.0003413044435636	0.2434931959307702	0.0422336724358127	0.98786717752235	2.201964152023605e-05	2.201964152023605e-05	7.706874532082618e-05	1.1009820760118025e-05	6.605892456070815e-05	2.201964152023605e-05	9.908838684106225e-05	3.302946228035408e-05	0.9955410225921522	3.302946228035408e-05	0.0001211080283612
_scratch_st-cdeboer-1_asfar_VLPs_results_crispresso_aggregated_spacer_CBE6d_rep3_.staging_CRISPRessoPooled_on_CBE6d_D4_rep3_CRISPResso_on_PDCD1	C	0.9936913727044524	0.0003413044435636	0.9720790945523408	0.9262452107279694	0.0022019641520236	1.1009820760118025e-05	0.6069493988637865	0.8875236711146343	0.0002532258774827	3.302946228035408e-05	2.201964152023605e-05	0.0001211080283612	7.706874532082618e-05	4.40392830404721e-05	0.9920398995904348	0.9923041352886774	6.605892456070815e-05	0.000187166952922	0.9957832386488747	0.9957942484696348
_scratch_st-cdeboer-1_asfar_VLPs_results_crispresso_aggregated_spacer_CBE6d_rep3_.staging_CRISPRessoPooled_on_CBE6d_D4_rep3_CRISPResso_on_PDCD1	G	0.0001211080283612	0.0002091865944422	0.0005835205002862	0.0036332408508389	4.40392830404721e-05	0.000187166952922	0.043191526841943	0.0352754657154181	5.504910380059013e-05	7.706874532082618e-05	4.40392830404721e-05	0.990850838948342	0.0001541374906416	0.0001100982076011	3.302946228035408e-05	0.0	9.908838684106225e-05	5.504910380059013e-05	1.1009820760118025e-05	3.302946228035408e-05
_scratch_st-cdeboer-1_asfar_VLPs_results_crispresso_aggregated_spacer_CBE6d_rep3_.staging_CRISPRessoPooled_on_CBE6d_D4_rep3_CRISPResso_on_PDCD1	N	0.0	0.0	2.201964152023605e-05	0.0	0.0	0.0	0.0	0.0	0.0	0.0	0.0	0.0	1.1009820760118025e-05	0.0	0.0	0.0	0.0	0.0	0.0	0.0
_scratch_st-cdeboer-1_asfar_VLPs_results_crispresso_aggregated_spacer_CBE6d_rep3_.staging_CRISPRessoPooled_on_CBE6d_D4_rep3_CRISPResso_on_PDCD1	-	0.0052406746818161	0.0089179548156956	0.0108777029109966	0.0177918703483507	0.0111529484299995	0.0095345047782622	0.0165587704232175	0.0195864711322499	0.0117805082133262	0.0114502135905227	0.0098758092218258	0.0089069449949354	0.0086647289382128	0.0082243361078081	0.0078940414850046	0.0075307173999207	0.0052847139648566	0.004205751530365	0.0041286827850442	0.004018584577443
_scratch_st-cdeboer-1_asfar_VLPs_results_crispresso_aggregated_spacer_CBE6d_rep3_.staging_CRISPRessoPooled_on_CBE6d_D5_rep3_CRISPResso_on_PDCD1	A	0.0002587226493199	0.994363542282673	0.001755617977528	0.013952542874039	0.0020697811945594	0.9931992903607332	0.0702986398580721	0.0085378474275576	0.0002217622708456	0.9930514488468362	0.993956978119456	7.392075694855116e-05	0.9944005026611472	0.99489946777055	0.0	0.0001293613246599	0.9964518036664696	5.5440567711413366e-05	1.848018923713779e-05	1.848018923713779e-05
_scratch_st-cdeboer-1_asfar_VLPs_results_crispresso_aggregated_spacer_CBE6d_rep3_.staging_CRISPRessoPooled_on_CBE6d_D5_rep3_CRISPResso_on_PDCD1	T	0.0003696037847427	0.0002032820816085	0.0069115907746895	0.0180921052631578	0.9883944411590776	0.0002956830277942	0.170202542874039	0.0199401241868716	0.9926818450620934	1.848018923713779e-05	1.848018923713779e-05	9.240094618568896e-05	5.5440567711413366e-05	1.848018923713779e-05	5.5440567711413366e-05	1.848018923713779e-05	5.5440567711413366e-05	0.9970986102897692	9.240094618568896e-05	0.0001478415138971
_scratch_st-cdeboer-1_asfar_VLPs_results_crispresso_aggregated_spacer_CBE6d_rep3_.staging_CRISPRessoPooled_on_CBE6d_D5_rep3_CRISPResso_on_PDCD1	C	0.995841957421644	0.0002217622708456	0.9841994382022472	0.9544648137196924	0.0020697811945594	3.696037847427558e-05	0.7163290952099349	0.9334528385570668	3.696037847427558e-05	0.0001293613246599	9.240094618568896e-05	5.5440567711413366e-05	0.0001663217031342	0.0001663217031342	0.9952505913660556	0.9954169130691898	0.0002587226493199	0.0002402424600827	0.9973942933175636	0.9974127735068008
_scratch_st-cdeboer-1_asfar_VLPs_results_crispresso_aggregated_spacer_CBE6d_rep3_.staging_CRISPRessoPooled_on_CBE6d_D5_rep3_CRISPResso_on_PDCD1	G	1.848018923713779e-05	0.0001478415138971	0.0005913660555884	0.0029383500887049	0.0002032820816085	0.0003141632170313	0.033134979302188	0.0252439384979302	7.392075694855116e-05	0.0002032820816085	0.0001108811354228	0.9944929036073328	0.0002032820816085	0.0002032820816085	7.392075694855116e-05	0.0	7.392075694855116e-05	0.0001108811354228	0.0	1.848018923713779e-05
_scratch_st-cdeboer-1_asfar_VLPs_results_crispresso_aggregated_spacer_CBE6d_rep3_.staging_CRISPRessoPooled_on_CBE6d_D5_rep3_CRISPResso_on_PDCD1	N	0.0	0.0	0.0	0.0	0.0	0.0	0.0	0.0	0.0	0.0	0.0	0.0	0.0	0.0	0.0	0.0	0.0	0.0	0.0	0.0
_scratch_st-cdeboer-1_asfar_VLPs_results_crispresso_aggregated_spacer_CBE6d_rep3_.staging_CRISPRessoPooled_on_CBE6d_D5_rep3_CRISPResso_on_PDCD1	-	0.0035112359550561	0.0050635718509757	0.0065419869899467	0.0105521880544056	0.0072627143701951	0.0061539030159668	0.0100347427557658	0.0128252513305736	0.006985511531638	0.0065974275576581	0.0058212596096984	0.0052853341218214	0.0051744529863985	0.0047124482554701	0.0046200473092844	0.004435245416913	0.0031601123595505	0.0024948255470136	0.0024948255470136	0.0024024246008279
