Folder	Nucleotide	G	G	C	C	C	A	G	A	C	T	G	A	G	C	A	C	G	T	G	A
_scratch_st-cdeboer-1_asfar_VLPs_results_crispresso_aggregated_spacer_CBE6d_rep1_.staging_CRISPRessoPooled_on_CBE6d_D0_rep1_CRISPResso_on_HEK3	A	0.0	0.0	0.0	5.295768680824022e-05	0.0	0.9999470423131918	7.943653021236032e-05	0.9998940846263836	5.295768680824022e-05	0.0	0.0001323942170206	0.999576338505534	5.295768680824022e-05	7.943653021236032e-05	0.9998411269395752	7.943653021236032e-05	0.0	0.0	2.647884340412011e-05	0.9997616904093628
_scratch_st-cdeboer-1_asfar_VLPs_results_crispresso_aggregated_spacer_CBE6d_rep1_.staging_CRISPRessoPooled_on_CBE6d_D0_rep1_CRISPResso_on_HEK3	T	0.0001853519038288	5.295768680824022e-05	0.0001059153736164	5.295768680824022e-05	7.943653021236032e-05	0.0	0.0001588730604247	0.0	7.943653021236032e-05	0.9998676057829794	5.295768680824022e-05	2.647884340412011e-05	2.647884340412011e-05	0.0001588730604247	0.0	0.0001059153736164	5.295768680824022e-05	0.9997087327225548	0.0	0.0
_scratch_st-cdeboer-1_asfar_VLPs_results_crispresso_aggregated_spacer_CBE6d_rep1_.staging_CRISPRessoPooled_on_CBE6d_D0_rep1_CRISPResso_on_HEK3	C	2.647884340412011e-05	0.0001059153736164	0.9998940846263836	0.9998676057829794	0.9998940846263836	2.647884340412011e-05	2.647884340412011e-05	0.0	0.9998411269395752	0.0001059153736164	0.0	0.0002912672774453	5.295768680824022e-05	0.9997087327225548	0.0	0.9997616904093628	0.0001059153736164	0.0001588730604247	0.0001588730604247	0.0
_scratch_st-cdeboer-1_asfar_VLPs_results_crispresso_aggregated_spacer_CBE6d_rep1_.staging_CRISPRessoPooled_on_CBE6d_D0_rep1_CRISPResso_on_HEK3	G	0.999788169252767	0.999788169252767	0.0	2.647884340412011e-05	0.0	2.647884340412011e-05	0.9997352115659588	0.0001059153736164	2.647884340412011e-05	2.647884340412011e-05	0.9998146480961712	0.0001059153736164	0.9998676057829794	5.295768680824022e-05	0.0001588730604247	5.295768680824022e-05	0.9998411269395752	0.0001323942170206	0.9998146480961712	0.000238309590637
_scratch_st-cdeboer-1_asfar_VLPs_results_crispresso_aggregated_spacer_CBE6d_rep1_.staging_CRISPRessoPooled_on_CBE6d_D0_rep1_CRISPResso_on_HEK3	N	0.0	0.0	0.0	0.0	0.0	0.0	0.0	0.0	0.0	0.0	0.0	0.0	0.0	0.0	0.0	0.0	0.0	0.0	0.0	0.0
_scratch_st-cdeboer-1_asfar_VLPs_results_crispresso_aggregated_spacer_CBE6d_rep1_.staging_CRISPRessoPooled_on_CBE6d_D0_rep1_CRISPResso_on_HEK3	-	0.0	5.295768680824022e-05	0.0	0.0	2.647884340412011e-05	0.0	0.0	0.0	0.0	0.0	0.0	0.0	0.0	0.0	0.0	0.0	0.0	0.0	0.0	0.0
_scratch_st-cdeboer-1_asfar_VLPs_results_crispresso_aggregated_spacer_CBE6d_rep1_.staging_CRISPRessoPooled_on_CBE6d_D1_rep1_CRISPResso_on_HEK3	A	0.0008240111865761	0.0017978425888933	0.007915501398322	0.0359069117059528	0.0086646024770275	0.9910107870555334	0.0001248501797842	0.9909358769476628	0.0069166999600479	0.0	4.994007191370356e-05	0.992259288853376	4.994007191370356e-05	4.994007191370356e-05	0.9958300039952056	7.491010787055533e-05	2.4970035956851777e-05	2.4970035956851777e-05	0.0	0.997128445864962
_scratch_st-cdeboer-1_asfar_VLPs_results_crispresso_aggregated_spacer_CBE6d_rep1_.staging_CRISPRessoPooled_on_CBE6d_D1_rep1_CRISPResso_on_HEK3	T	0.0002996404314822	0.0051937674790251	0.0698911306432281	0.1089192968437874	0.0701907710747103	7.491010787055533e-05	0.0001747902516979	9.988014382740712e-05	0.0043447862564922	0.9909358769476628	9.988014382740712e-05	4.994007191370356e-05	0.0	0.0001997602876548	2.4970035956851777e-05	0.0001747902516979	7.491010787055533e-05	0.9964292848581702	2.4970035956851777e-05	0.0
_scratch_st-cdeboer-1_asfar_VLPs_results_crispresso_aggregated_spacer_CBE6d_rep1_.staging_CRISPRessoPooled_on_CBE6d_D1_rep1_CRISPResso_on_HEK3	C	9.988014382740712e-05	4.994007191370356e-05	0.9138533759488614	0.821089692369157	0.8525519376747902	0.0002247303236116	0.0	0.0001248501797842	0.9751048741510188	0.0002746703955253	9.988014382740712e-05	0.0001747902516979	4.994007191370356e-05	0.9939822213343988	2.4970035956851777e-05	0.9959298841390332	0.0001498202157411	0.0001997602876548	9.988014382740712e-05	0.0
_scratch_st-cdeboer-1_asfar_VLPs_results_crispresso_aggregated_spacer_CBE6d_rep1_.staging_CRISPRessoPooled_on_CBE6d_D1_rep1_CRISPResso_on_HEK3	G	0.992933479824211	0.983519776268478	0.0006492209348781	0.0233469836196564	0.0273921294446664	0.0002247303236116	0.9912854574510588	0.0001248501797842	0.0043198162205353	0.0001747902516979	0.9918597682780664	0.0001997602876548	0.9934578505793048	7.491010787055533e-05	9.988014382740712e-05	2.4970035956851777e-05	0.9964292848581702	0.0001498202157411	0.9967289252896524	0.0002746703955253
_scratch_st-cdeboer-1_asfar_VLPs_results_crispresso_aggregated_spacer_CBE6d_rep1_.staging_CRISPRessoPooled_on_CBE6d_D1_rep1_CRISPResso_on_HEK3	N	0.0	0.0	0.0	0.0	0.0	0.0	0.0	0.0	0.0	0.0	0.0	0.0	0.0	0.0	0.0	0.0	0.0	0.0	0.0	0.0
_scratch_st-cdeboer-1_asfar_VLPs_results_crispresso_aggregated_spacer_CBE6d_rep1_.staging_CRISPRessoPooled_on_CBE6d_D1_rep1_CRISPResso_on_HEK3	-	0.0058429884139033	0.0094386735916899	0.0076907710747103	0.0107371154614462	0.0412005593288054	0.0084648421893727	0.008414902117459	0.0087145425489412	0.0093138234119057	0.0086146624051138	0.0078905313623651	0.0073162205353575	0.0064422692768677	0.0056931681981622	0.0040201757890531	0.0037954454654414	0.0033210147822612	0.003196164602477	0.0031462245305633	0.0025968837395125
_scratch_st-cdeboer-1_asfar_VLPs_results_crispresso_aggregated_spacer_CBE6d_rep1_.staging_CRISPRessoPooled_on_CBE6d_D2_rep1_CRISPResso_on_HEK3	A	0.001201655614402	0.0050291512750901	0.0193600071209221	0.0788197071520761	0.0183363745605055	0.9793938315011794	0.0002225288174818	0.9794383372646758	0.0175352708175708	0.0002670345809782	4.450576349637278e-05	0.9837108905603276	8.901152699274556e-05	8.901152699274556e-05	0.9884730072544394	0.0002670345809782	0.0002225288174818	4.450576349637278e-05	4.450576349637278e-05	0.9953714005963772
_scratch_st-cdeboer-1_asfar_VLPs_results_crispresso_aggregated_spacer_CBE6d_rep1_.staging_CRISPRessoPooled_on_CBE6d_D2_rep1_CRISPResso_on_HEK3	T	0.0005785749254528	0.0127731541234589	0.1539454359339534	0.2459388490809559	0.1481151809159286	0.0002225288174818	0.0008011037429347	0.0003560461079709	0.0095687391517201	0.9817081312029908	0.0003560461079709	0.0002670345809782	0.0002225288174818	0.0004005518714673	0.0002225288174818	8.901152699274556e-05	0.0003115403444746	0.9932796297120478	0.0	8.901152699274556e-05
_scratch_st-cdeboer-1_asfar_VLPs_results_crispresso_aggregated_spacer_CBE6d_rep1_.staging_CRISPRessoPooled_on_CBE6d_D2_rep1_CRISPResso_on_HEK3	C	0.0004005518714673	0.0002670345809782	0.8064444345542747	0.6026970492678801	0.6727046152476746	0.0001335172904891	0.0002225288174818	0.0004895633984601	0.943388668832614	0.0003560461079709	0.0	0.0001335172904891	0.0003115403444746	0.9862032133161244	0.0001335172904891	0.9898081801593306	0.0002225288174818	0.0002225288174818	0.0002670345809782	0.0002225288174818
_scratch_st-cdeboer-1_asfar_VLPs_results_crispresso_aggregated_spacer_CBE6d_rep1_.staging_CRISPRessoPooled_on_CBE6d_D2_rep1_CRISPResso_on_HEK3	G	0.983532867506342	0.9599448128532644	0.0023142997018113	0.0494013974809737	0.0631091726378566	0.0001780230539854	0.9788152565757264	0.0003560461079709	0.0093017045707419	8.901152699274556e-05	0.9823757176554364	0.0004005518714673	0.9848235346477368	8.901152699274556e-05	8.901152699274556e-05	4.450576349637278e-05	0.9914103876452	0.0001335172904891	0.9946593083804351	8.901152699274556e-05
_scratch_st-cdeboer-1_asfar_VLPs_results_crispresso_aggregated_spacer_CBE6d_rep1_.staging_CRISPRessoPooled_on_CBE6d_D2_rep1_CRISPResso_on_HEK3	N	0.0	0.0	0.0	0.0	0.0	0.0	0.0	0.0	0.0	0.0	0.0	0.0	0.0	0.0	0.0	0.0	0.0	0.0	0.0	0.0
_scratch_st-cdeboer-1_asfar_VLPs_results_crispresso_aggregated_spacer_CBE6d_rep1_.staging_CRISPRessoPooled_on_CBE6d_D2_rep1_CRISPResso_on_HEK3	-	0.0142863500823356	0.0219858471672081	0.0179358226890382	0.0231429970181138	0.0977346566380346	0.0200720993368641	0.019938582046375	0.0193600071209221	0.0202056166273532	0.0175797765810672	0.0172237304730962	0.0154880056967377	0.0145533846633139	0.0132182117584227	0.0110819351105968	0.009791267969202	0.0078330143753616	0.0063198184164849	0.0050291512750901	0.0042280475321554
_scratch_st-cdeboer-1_asfar_VLPs_results_crispresso_aggregated_spacer_CBE6d_rep1_.staging_CRISPRessoPooled_on_CBE6d_D3_rep1_CRISPResso_on_HEK3	A	0.0006070908207867	0.0084507042253521	0.021551724137931	0.0882102962603205	0.0229723166585721	0.9735186983972802	0.0002914035939776	0.9726687712481789	0.0202161243322	0.0003278290432248	9.713453132588636e-05	0.9789218067022828	7.285089849441477e-05	4.856726566294317e-05	0.986206896551724	0.0001214181641573	0.0002306945118989	7.285089849441477e-05	1.2141816415735792e-05	0.9953011170471102
_scratch_st-cdeboer-1_asfar_VLPs_results_crispresso_aggregated_spacer_CBE6d_rep1_.staging_CRISPRessoPooled_on_CBE6d_D3_rep1_CRISPResso_on_HEK3	T	0.0005342399222923	0.013878096163186	0.196090335114133	0.3067751335599806	0.1749392909179213	0.0003521126760563	0.0006070908207867	0.0008742107819329	0.014242350655658	0.976189898008742	0.0004249635745507	2.4283632831471587e-05	0.0001214181641573	0.0003399708596406	2.4283632831471587e-05	0.0003521126760563	0.0003521126760563	0.991682855755221	6.070908207867897e-05	0.0001214181641573
_scratch_st-cdeboer-1_asfar_VLPs_results_crispresso_aggregated_spacer_CBE6d_rep1_.staging_CRISPRessoPooled_on_CBE6d_D3_rep1_CRISPResso_on_HEK3	C	0.0003156872268091	0.0009834871296745	0.7595070422535212	0.5118261291889267	0.6144730451675571	2.4283632831471587e-05	0.0001214181641573	0.000594949004371	0.927938319572608	0.000133559980573	0.0003035454103933	0.000133559980573	3.6425449247207385e-05	0.982540067994172	2.4283632831471587e-05	0.987178241864983	0.0001578436134045	8.499271491015056e-05	6.070908207867897e-05	1.2141816415735792e-05
_scratch_st-cdeboer-1_asfar_VLPs_results_crispresso_aggregated_spacer_CBE6d_rep1_.staging_CRISPRessoPooled_on_CBE6d_D3_rep1_CRISPResso_on_HEK3	G	0.9813016027197669	0.95	0.0021491015055852	0.0661000485672656	0.0733851384167071	0.0008377853326857	0.9741622146673142	0.0005463817387081	0.0117411364740165	3.6425449247207385e-05	0.9761170471102476	0.0002914035939776	0.9810587663914522	1.2141816415735792e-05	7.285089849441477e-05	0.0002914035939776	0.989885866925692	0.0003399708596406	0.9930913064594464	0.0001214181641573
_scratch_st-cdeboer-1_asfar_VLPs_results_crispresso_aggregated_spacer_CBE6d_rep1_.staging_CRISPRessoPooled_on_CBE6d_D3_rep1_CRISPResso_on_HEK3	N	0.0	0.0	0.0	0.0	0.0	0.0	0.0	0.0	0.0	0.0	0.0	0.0	0.0	0.0	0.0	0.0	0.0	0.0	0.0	0.0
_scratch_st-cdeboer-1_asfar_VLPs_results_crispresso_aggregated_spacer_CBE6d_rep1_.staging_CRISPRessoPooled_on_CBE6d_D3_rep1_CRISPResso_on_HEK3	-	0.0172413793103448	0.0266877124817872	0.0207017969888295	0.0270883924235065	0.1142302088392423	0.0252671199611461	0.0248178727537639	0.0253156872268091	0.0258620689655172	0.0233122875182127	0.0230573093734822	0.0206289460903351	0.0187105390966488	0.0170592520641087	0.0136716852841185	0.0120568237008256	0.009373482272948	0.0078193297717338	0.0067751335599805	0.0044439048081593
_scratch_st-cdeboer-1_asfar_VLPs_results_crispresso_aggregated_spacer_CBE6d_rep1_.staging_CRISPRessoPooled_on_CBE6d_D4_rep1_CRISPResso_on_HEK3	A	0.0018140354514356	0.0124131854462527	0.0399606095159116	0.1140250855188141	0.0290245672229708	0.9665699181092569	0.0002591479216336	0.9633564838809991	0.0276769980304757	0.0003109775059604	0.0005960402197574	0.9722193428008707	0.0003887218824505	0.0002332331294703	0.9848398465844304	7.774437649010055e-05	0.0003109775059604	0.0	0.0	0.9948688711516532
_scratch_st-cdeboer-1_asfar_VLPs_results_crispresso_aggregated_spacer_CBE6d_rep1_.staging_CRISPRessoPooled_on_CBE6d_D4_rep1_CRISPResso_on_HEK3	T	0.0004664662589406	0.0256556442417331	0.2851663729656888	0.4183165751010677	0.2484191976780346	0.0004405514667772	0.0012439100238416	0.0006737845962475	0.0246449673473618	0.9685912718979994	7.774437649010055e-05	0.0010365916865346	0.0003109775059604	0.0002332331294703	2.591479216336685e-05	7.774437649010055e-05	0.0005960402197574	0.9919923292215196	5.18295843267337e-05	0.0
_scratch_st-cdeboer-1_asfar_VLPs_results_crispresso_aggregated_spacer_CBE6d_rep1_.staging_CRISPRessoPooled_on_CBE6d_D4_rep1_CRISPResso_on_HEK3	C	0.0009329325178812	0.0007515289727376	0.6432051414947653	0.3367627241629522	0.4386596869493107	0.0002073183373069	0.0001295739608168	0.0010365916865346	0.8922981237690474	0.0001295739608168	0.0001814035451435	7.774437649010055e-05	0.0001554887529802	0.9799160360733908	0.0002332331294703	0.986368819322069	0.000285062713797	0.0001814035451435	5.18295843267337e-05	0.0001036591686534
_scratch_st-cdeboer-1_asfar_VLPs_results_crispresso_aggregated_spacer_CBE6d_rep1_.staging_CRISPRessoPooled_on_CBE6d_D4_rep1_CRISPResso_on_HEK3	G	0.9753291178604748	0.9286047475899244	0.003679900487198	0.0928786151135067	0.1108634808748833	0.0002073183373069	0.9649113714108012	0.0003628070902871	0.019073287032238	0.0001295739608168	0.9704312221415984	0.0002332331294703	0.9753809474448016	0.0002591479216336	0.0001554887529802	0.0001036591686534	0.9890121281227324	2.591479216336685e-05	0.9933139836218512	0.0001554887529802
_scratch_st-cdeboer-1_asfar_VLPs_results_crispresso_aggregated_spacer_CBE6d_rep1_.staging_CRISPRessoPooled_on_CBE6d_D4_rep1_CRISPResso_on_HEK3	N	0.0	0.0	0.0	0.0	0.0	0.0	0.0	0.0	0.0	0.0	0.0	0.0	0.0	0.0	0.0	0.0	0.0	0.0	0.0	0.0
_scratch_st-cdeboer-1_asfar_VLPs_results_crispresso_aggregated_spacer_CBE6d_rep1_.staging_CRISPRessoPooled_on_CBE6d_D4_rep1_CRISPResso_on_HEK3	-	0.0214574479112677	0.0325748937493521	0.0279879755364362	0.0380170001036591	0.1730330672748004	0.0325748937493521	0.0334559966829066	0.0345703327459313	0.0363066238208769	0.0308386026744065	0.0287135897170104	0.0264330880066341	0.0237638644138074	0.019358349746035	0.0147455167409557	0.0133720327562972	0.0097957914377526	0.0078003524411734	0.0065823572094951	0.0048719809267129
_scratch_st-cdeboer-1_asfar_VLPs_results_crispresso_aggregated_spacer_CBE6d_rep1_.staging_CRISPRessoPooled_on_CBE6d_D5_rep1_CRISPResso_on_HEK3	A	0.0012880933152046	0.009589139124301	0.0408509594250605	0.1219190545803984	0.0297079299522587	0.9646285486459686	0.0009302896165366	0.964199184207567	0.0324476839877733	0.0	0.0001022296281908	0.9727353581615024	6.133777691450536e-05	2.044592563816845e-05	0.981067072859056	0.0002351281448389	0.000245351107658	9.200666537175804e-05	1.0222962819084227e-05	0.9912184749384066
_scratch_st-cdeboer-1_asfar_VLPs_results_crispresso_aggregated_spacer_CBE6d_rep1_.staging_CRISPRessoPooled_on_CBE6d_D5_rep1_CRISPResso_on_HEK3	T	0.0005929318435068	0.0261401159283983	0.2991443380120426	0.4214314192539282	0.2374589803616884	0.0005009251781351	0.001093857021642	0.0002146822192007	0.0212330937752379	0.9698627056093396	0.0001737903679244	0.0005009251781351	9.200666537175804e-05	0.0002964659217534	7.15607397335896e-05	0.0001840133307435	0.0003475807358488	0.987967572761938	2.044592563816845e-05	1.0222962819084227e-05
_scratch_st-cdeboer-1_asfar_VLPs_results_crispresso_aggregated_spacer_CBE6d_rep1_.staging_CRISPRessoPooled_on_CBE6d_D5_rep1_CRISPResso_on_HEK3	C	5.1114814095421134e-05	0.0003373577730297	0.6265244993303959	0.3382369478322207	0.4422658174792218	2.044592563816845e-05	0.0001635674051053	0.000971181467813	0.8932109303918462	0.0001840133307435	0.0004804792524969	0.0001124525910099	0.0001737903679244	0.9774992588351956	0.0001431214794671	0.9818542409961256	0.0005111481409542	8.178370255267382e-05	7.15607397335896e-05	9.200666537175804e-05
_scratch_st-cdeboer-1_asfar_VLPs_results_crispresso_aggregated_spacer_CBE6d_rep1_.staging_CRISPRessoPooled_on_CBE6d_D5_rep1_CRISPResso_on_HEK3	G	0.9757511321931324	0.927795213608808	0.0045185495660352	0.0794017522158272	0.1109191465870638	0.0003884725871252	0.9641582923562908	0.0013903229433954	0.0186773530704668	0.0001124525910099	0.9688710782158886	0.0002249051820198	0.9751684233124444	0.0001942362935626	0.0001840133307435	0.0001942362935626	0.9846655557713736	8.178370255267382e-05	0.9898690438462876	0.0002351281448389
_scratch_st-cdeboer-1_asfar_VLPs_results_crispresso_aggregated_spacer_CBE6d_rep1_.staging_CRISPRessoPooled_on_CBE6d_D5_rep1_CRISPResso_on_HEK3	N	0.0	0.0	0.0	0.0	0.0	0.0	0.0	0.0	0.0	0.0	0.0	0.0	0.0	0.0	0.0	0.0	0.0	0.0	0.0	0.0
_scratch_st-cdeboer-1_asfar_VLPs_results_crispresso_aggregated_spacer_CBE6d_rep1_.staging_CRISPRessoPooled_on_CBE6d_D5_rep1_CRISPResso_on_HEK3	-	0.0223167278340608	0.0361381735654627	0.0289616536664656	0.0390108261176254	0.1796481256197671	0.0344616076631329	0.0336539936004252	0.0332246291620237	0.0344309387746756	0.0298408284689068	0.0303724225354992	0.0264263588873327	0.0245044418773448	0.0219895930238501	0.0185342315909997	0.0175323812347294	0.0142303642441652	0.011776853167585	0.0100287265255216	0.0084441672885635
