Folder	Nucleotide	G	G	C	C	C	A	G	A	C	T	G	A	G	C	A	C	G	T	G	A
_scratch_st-cdeboer-1_asfar_VLPs_results_crispresso_aggregated_spacer_CBE6d_rep3_.staging_CRISPRessoPooled_on_CBE6d_D0_rep3_CRISPResso_on_HEK3	A	5.263342573423629e-05	5.263342573423629e-05	1.754447524474543e-05	0.0	0.0	0.9998245552475524	1.754447524474543e-05	0.9999122776237764	0.0	0.0	5.263342573423629e-05	0.9996315660198604	3.508895048949086e-05	0.0	0.9998771886732868	1.754447524474543e-05	1.754447524474543e-05	0.0	5.263342573423629e-05	0.9998070107723078
_scratch_st-cdeboer-1_asfar_VLPs_results_crispresso_aggregated_spacer_CBE6d_rep3_.staging_CRISPRessoPooled_on_CBE6d_D0_rep3_CRISPResso_on_HEK3	T	5.263342573423629e-05	5.263342573423629e-05	3.508895048949086e-05	0.0	3.508895048949086e-05	0.0	0.0001228113267132	0.0	1.754447524474543e-05	0.9998771886732868	5.263342573423629e-05	0.0	3.508895048949086e-05	1.754447524474543e-05	0.0	0.0001052668514684	1.754447524474543e-05	0.9999122776237764	7.017790097898172e-05	0.0
_scratch_st-cdeboer-1_asfar_VLPs_results_crispresso_aggregated_spacer_CBE6d_rep3_.staging_CRISPRessoPooled_on_CBE6d_D0_rep3_CRISPResso_on_HEK3	C	3.508895048949086e-05	0.0001052668514684	0.9999122776237764	1.0	0.9998771886732868	5.263342573423629e-05	3.508895048949086e-05	0.0	0.9999824555247552	5.263342573423629e-05	0.0	0.0001929892276921	3.508895048949086e-05	0.9999473665742658	5.263342573423629e-05	0.999859644198042	0.0001403558019579	5.263342573423629e-05	1.754447524474543e-05	1.754447524474543e-05
_scratch_st-cdeboer-1_asfar_VLPs_results_crispresso_aggregated_spacer_CBE6d_rep3_.staging_CRISPRessoPooled_on_CBE6d_D0_rep3_CRISPResso_on_HEK3	G	0.999859644198042	0.9997368328713288	3.508895048949086e-05	0.0	1.754447524474543e-05	0.0001228113267132	0.9998245552475524	8.772237622372715e-05	0.0	7.017790097898172e-05	0.9998947331485316	0.0001754447524474	0.9998947331485316	1.754447524474543e-05	7.017790097898172e-05	1.754447524474543e-05	0.9998245552475524	3.508895048949086e-05	0.999859644198042	0.0001754447524474
_scratch_st-cdeboer-1_asfar_VLPs_results_crispresso_aggregated_spacer_CBE6d_rep3_.staging_CRISPRessoPooled_on_CBE6d_D0_rep3_CRISPResso_on_HEK3	N	0.0	0.0	0.0	0.0	0.0	0.0	0.0	0.0	0.0	0.0	0.0	0.0	0.0	0.0	0.0	0.0	0.0	0.0	0.0	0.0
_scratch_st-cdeboer-1_asfar_VLPs_results_crispresso_aggregated_spacer_CBE6d_rep3_.staging_CRISPRessoPooled_on_CBE6d_D0_rep3_CRISPResso_on_HEK3	-	0.0	5.263342573423629e-05	0.0	0.0	7.017790097898172e-05	0.0	0.0	0.0	0.0	0.0	0.0	0.0	0.0	1.754447524474543e-05	0.0	0.0	0.0	0.0	0.0	0.0
_scratch_st-cdeboer-1_asfar_VLPs_results_crispresso_aggregated_spacer_CBE6d_rep3_.staging_CRISPRessoPooled_on_CBE6d_D1_rep3_CRISPResso_on_HEK3	A	0.0003115719779952	0.0018207487464096	0.0088700647485516	0.0380117813154179	0.0092108465994839	0.9901465361959008	0.0001460493646852	0.9897083881018452	0.0065430115378998	0.0001752592376223	2.9209872937052725e-05	0.9918796553234992	1.947324862470181e-05	2.9209872937052725e-05	0.994313811401587	7.789299449880726e-05	3.894649724940363e-05	9.736624312350907e-06	2.9209872937052725e-05	0.9975463706732876
_scratch_st-cdeboer-1_asfar_VLPs_results_crispresso_aggregated_spacer_CBE6d_rep3_.staging_CRISPRessoPooled_on_CBE6d_D1_rep3_CRISPResso_on_HEK3	T	0.0001557859889976	0.0051701475098583	0.0768024925758239	0.1279002969670415	0.0786427145708582	0.0003407818509322	0.000223942359184	9.736624312350908e-05	0.0045859500511172	0.9912273014945718	0.0001265761160605	0.0001265761160605	3.894649724940363e-05	0.0001655226133099	9.736624312350907e-06	3.894649724940363e-05	0.0001849958619346	0.9963195560099314	3.894649724940363e-05	9.736624312350907e-06
_scratch_st-cdeboer-1_asfar_VLPs_results_crispresso_aggregated_spacer_CBE6d_rep3_.staging_CRISPRessoPooled_on_CBE6d_D1_rep3_CRISPResso_on_HEK3	C	4.868312156175454e-05	0.0002628888564334	0.9055839540431332	0.798169514629278	0.83102088505915	9.736624312350908e-05	2.9209872937052725e-05	0.0001557859889976	0.974752933158074	7.789299449880726e-05	3.894649724940363e-05	9.736624312350908e-05	4.868312156175454e-05	0.9934083053405384	7.789299449880726e-05	0.9949272187332652	0.0001557859889976	0.0001557859889976	8.762961881115817e-05	4.868312156175454e-05
_scratch_st-cdeboer-1_asfar_VLPs_results_crispresso_aggregated_spacer_CBE6d_rep3_.staging_CRISPRessoPooled_on_CBE6d_D1_rep3_CRISPResso_on_HEK3	G	0.9929409473735455	0.981188841828538	0.0007886665693004	0.0256170585657952	0.0359573535855119	0.0001557859889976	0.9900004868312156	0.0002726254807458	0.0045177936809308	4.868312156175454e-05	0.9909936225110754	0.0001363127403729	0.9929020008762962	3.894649724940363e-05	3.894649724940363e-05	9.736624312350907e-06	0.995589309186505	6.815637018645636e-05	0.996864806971423	0.0001752592376223
_scratch_st-cdeboer-1_asfar_VLPs_results_crispresso_aggregated_spacer_CBE6d_rep3_.staging_CRISPRessoPooled_on_CBE6d_D1_rep3_CRISPResso_on_HEK3	N	0.0	0.0	0.0	0.0	0.0	9.736624312350907e-06	0.0	0.0	0.0	0.0	0.0	0.0	0.0	0.0	0.0	0.0	9.736624312350907e-06	0.0	0.0	0.0
_scratch_st-cdeboer-1_asfar_VLPs_results_crispresso_aggregated_spacer_CBE6d_rep3_.staging_CRISPRessoPooled_on_CBE6d_D1_rep3_CRISPResso_on_HEK3	-	0.0065430115378998	0.0115573730587605	0.0079548220631906	0.0103013485224672	0.0451682001849958	0.0092497930967333	0.0096003115719779	0.0097658341852879	0.0096003115719779	0.0084708631517452	0.0088116450026775	0.0077600895769436	0.0069908962562679	0.0063580156759651	0.0055596124823523	0.0049462051506742	0.0040212258410009	0.0034467650065722	0.0029794070395793	0.002219950343216
_scratch_st-cdeboer-1_asfar_VLPs_results_crispresso_aggregated_spacer_CBE6d_rep3_.staging_CRISPRessoPooled_on_CBE6d_D2_rep3_CRISPResso_on_HEK3	A	0.0004227959936434	0.0055473750200463	0.0189820821973728	0.0793763030135148	0.0180635943491128	0.9794287880334156	0.000291583443892	0.9780291875027336	0.0160954061028414	0.0002697146856001	3.6447930486506976e-05	0.9815063200711464	0.0001676604802379	0.0001020542053622	0.9878045224592148	0.0002041084107244	0.000291583443892	5.831668877841116e-05	5.102710268110977e-05	0.9957355921330788
_scratch_st-cdeboer-1_asfar_VLPs_results_crispresso_aggregated_spacer_CBE6d_rep3_.staging_CRISPRessoPooled_on_CBE6d_D2_rep3_CRISPResso_on_HEK3	T	0.0005831668877841	0.0121881879546879	0.1630899097549241	0.2540785234214401	0.1526803808079777	0.0002113979968217	0.0004519543380326	0.0003717688909623	0.0104168185330436	0.9800775611960753	0.0002113979968217	0.0002113979968217	0.0001749500663352	0.0002259771690163	0.0001385021358487	0.0001385021358487	0.0002332667551136	0.9935341371316936	0.0001676604802379	5.102710268110977e-05
_scratch_st-cdeboer-1_asfar_VLPs_results_crispresso_aggregated_spacer_CBE6d_rep3_.staging_CRISPRessoPooled_on_CBE6d_D2_rep3_CRISPResso_on_HEK3	C	0.0003280313743785	0.000437375165838	0.7988365820588706	0.5921330786837923	0.6668659153533263	0.0002478459273082	8.747503316761674e-05	0.0003353209604758	0.9420842384569404	0.0002332667551136	0.0001530813080433	0.0001603708941406	0.0001749500663352	0.9854572757358836	0.0002770042716974	0.989065620854048	0.0002478459273082	9.476461926491814e-05	0.0001166333775568	0.0001239229636541
_scratch_st-cdeboer-1_asfar_VLPs_results_crispresso_aggregated_spacer_CBE6d_rep3_.staging_CRISPRessoPooled_on_CBE6d_D2_rep3_CRISPResso_on_HEK3	G	0.9853552215305216	0.960650814246767	0.0020921112099255	0.0526016532781268	0.0674942776749136	0.0006414835765625	0.9794579463778048	0.0005831668877841	0.0099429954367191	0.0001166333775568	0.9802670904346052	0.0003061626160866	0.983554693764488	3.6447930486506976e-05	5.831668877841116e-05	0.0001822396524325	0.9911650216500708	0.0001968188246271	0.9945255208409266	0.0001312125497514
_scratch_st-cdeboer-1_asfar_VLPs_results_crispresso_aggregated_spacer_CBE6d_rep3_.staging_CRISPRessoPooled_on_CBE6d_D2_rep3_CRISPResso_on_HEK3	N	0.0	0.0	0.0	0.0	0.0	0.0	0.0	0.0	0.0	0.0	0.0	0.0	0.0	0.0	0.0	0.0	0.0	0.0	0.0	0.0
_scratch_st-cdeboer-1_asfar_VLPs_results_crispresso_aggregated_spacer_CBE6d_rep3_.staging_CRISPRessoPooled_on_CBE6d_D2_rep3_CRISPResso_on_HEK3	-	0.0133107842136723	0.0211762476126605	0.0169993147789068	0.0218104416031257	0.0948958318146695	0.019470484465892	0.0197110408071029	0.020680555758044	0.0214605414704553	0.019302823985654	0.0193319823300433	0.0178157484218046	0.0159277456226035	0.0141782449592512	0.0117216544444606	0.0104095289469463	0.0080622822236153	0.0061159627356358	0.0051391581985974	0.0039582452508346
_scratch_st-cdeboer-1_asfar_VLPs_results_crispresso_aggregated_spacer_CBE6d_rep3_.staging_CRISPRessoPooled_on_CBE6d_D3_rep3_CRISPResso_on_HEK3	A	0.0007351970893735	0.0073896733085754	0.0239221822157709	0.0961600090485795	0.0220370614737873	0.971873998529606	0.0003016193187173	0.9704978603879578	0.0218674006070088	0.000113107244519	0.0001508096593586	0.9789997549343036	0.0001696608667785	1.885120741983524e-05	0.9862951722057798	9.42560370991762e-05	5.655362225950572e-05	0.0001319584519388	1.885120741983524e-05	0.994514298640828
_scratch_st-cdeboer-1_asfar_VLPs_results_crispresso_aggregated_spacer_CBE6d_rep3_.staging_CRISPRessoPooled_on_CBE6d_D3_rep3_CRISPResso_on_HEK3	T	0.0008106019190529	0.0140441495277772	0.2037438497935793	0.3173977793277659	0.1841385940769506	0.0005089826003355	0.0006974946745339	0.0007163458819537	0.0148170490319905	0.9748524893019398	0.0002073632816181	0.0003581729409768	0.0001696608667785	0.0002827681112975	0.0001885120741983	0.0001319584519388	0.0003581729409768	0.9921767489207683	0.0001508096593586	0.0
_scratch_st-cdeboer-1_asfar_VLPs_results_crispresso_aggregated_spacer_CBE6d_rep3_.staging_CRISPRessoPooled_on_CBE6d_D3_rep3_CRISPResso_on_HEK3	C	0.0004335777706562	0.0004335777706562	0.7465266650328953	0.4875864799140385	0.5937187776877109	9.42560370991762e-05	0.0	0.0004712801854958	0.920598714347654	0.0002450656964578	0.0002639169038776	0.0001508096593586	0.0002450656964578	0.9834486398853848	7.540482967934096e-05	0.9875770543103286	0.0001696608667785	9.42560370991762e-05	5.655362225950572e-05	3.770241483967048e-05
_scratch_st-cdeboer-1_asfar_VLPs_results_crispresso_aggregated_spacer_CBE6d_rep3_.staging_CRISPRessoPooled_on_CBE6d_D3_rep3_CRISPResso_on_HEK3	G	0.9804701491130506	0.9499688955077572	0.003657134239448	0.0693535920975738	0.0759326634870963	0.0003016193187173	0.9705355628027976	0.000452428978076	0.0138556374535789	7.540482967934096e-05	0.976643354006824	0.0003958753558165	0.9817143288027598	5.655362225950572e-05	0.000113107244519	5.655362225950572e-05	0.9898957528229684	0.0001508096593586	0.9933832261956378	0.0001885120741983
_scratch_st-cdeboer-1_asfar_VLPs_results_crispresso_aggregated_spacer_CBE6d_rep3_.staging_CRISPRessoPooled_on_CBE6d_D3_rep3_CRISPResso_on_HEK3	N	0.0	0.0	0.0	0.0	0.0	0.0	0.0	0.0	0.0	0.0	0.0	0.0	0.0	0.0	0.0	0.0	0.0	0.0	0.0	0.0
_scratch_st-cdeboer-1_asfar_VLPs_results_crispresso_aggregated_spacer_CBE6d_rep3_.staging_CRISPRessoPooled_on_CBE6d_D3_rep3_CRISPResso_on_HEK3	-	0.0175504741078666	0.0281637038852338	0.0221501687183064	0.0295021396120421	0.1241729032744547	0.027221143514242	0.0284653232039512	0.0278620845665164	0.0288611985597677	0.024713932927404	0.0227345561483213	0.0200953871095443	0.0177012837672252	0.0161931871736384	0.0133278036458235	0.0121401775783738	0.0095198597470167	0.0074462269308349	0.0063905593153241	0.005259486870134
_scratch_st-cdeboer-1_asfar_VLPs_results_crispresso_aggregated_spacer_CBE6d_rep3_.staging_CRISPRessoPooled_on_CBE6d_D4_rep3_CRISPResso_on_HEK3	A	0.0011327183427877	0.0091342407162404	0.0339453032966634	0.1204487376986788	0.0271943019736484	0.9667796364427208	0.0005346430577958	0.9648313608931256	0.0313627054751073	6.343222719611432e-05	0.0002265436685575	0.9722348079815866	0.0003262228827228	0.0002265436685575	0.980888776120485	0.0004259020968881	0.0003805933631766	0.0001631114413614	4.530873371151023e-05	0.9926056146582816
_scratch_st-cdeboer-1_asfar_VLPs_results_crispresso_aggregated_spacer_CBE6d_rep3_.staging_CRISPRessoPooled_on_CBE6d_D4_rep3_CRISPResso_on_HEK3	T	0.0011508418362723	0.0201986334885912	0.2888069304239085	0.4128622433260235	0.2393841636913931	0.0006433840187034	0.000661507512188	0.0007340014861264	0.0226543668557551	0.9692353698098846	0.0002265436685575	0.0002084201750729	0.000271852402269	0.0003443463762074	0.0001902966815883	0.0002990376424959	0.0003080993892382	0.98901716294833	6.343222719611432e-05	2.7185240226906135e-05
_scratch_st-cdeboer-1_asfar_VLPs_results_crispresso_aggregated_spacer_CBE6d_rep3_.staging_CRISPRessoPooled_on_CBE6d_D4_rep3_CRISPResso_on_HEK3	C	0.0006071370317342	0.000661507512188	0.6447976511952443	0.3453703535893578	0.4645957554778259	3.624698696920818e-05	0.0002990376424959	0.0006433840187034	0.8933251173496203	0.0002627906555267	0.0003080993892382	0.0001902966815883	0.0001721731881037	0.9772822009170488	0.0002356054152998	0.981994309223046	0.0003805933631766	0.0001359262011345	0.0001721731881037	9.967921416532253e-05
_scratch_st-cdeboer-1_asfar_VLPs_results_crispresso_aggregated_spacer_CBE6d_rep3_.staging_CRISPRessoPooled_on_CBE6d_D4_rep3_CRISPResso_on_HEK3	G	0.9752070609130616	0.9375464414520543	0.0047483552929662	0.0851894811243815	0.1082425648367979	0.0004259020968881	0.9654294361781176	0.0004440255903728	0.0177247766279428	9.061746742302046e-05	0.9690178878880692	0.0004712108305997	0.975098319952154	0.0002084201750729	9.061746742302046e-05	0.0002174819218152	0.9855827609329976	0.0003080993892382	0.990548598147779	0.0002174819218152
_scratch_st-cdeboer-1_asfar_VLPs_results_crispresso_aggregated_spacer_CBE6d_rep3_.staging_CRISPRessoPooled_on_CBE6d_D4_rep3_CRISPResso_on_HEK3	N	0.0	0.0	0.0	0.0	0.0	0.0	0.0	0.0	0.0	0.0	0.0	0.0	0.0	0.0	0.0	0.0	0.0	0.0	0.0	0.0
_scratch_st-cdeboer-1_asfar_VLPs_results_crispresso_aggregated_spacer_CBE6d_rep3_.staging_CRISPRessoPooled_on_CBE6d_D4_rep3_CRISPResso_on_HEK3	-	0.021902241876144	0.0324591768309259	0.0277017597912173	0.0361291842615582	0.1605832140203345	0.0321148304547184	0.0330753756094024	0.0333472280116715	0.0349330336915743	0.0303477898399695	0.0302209253855773	0.0268952643311524	0.0241314315747503	0.0219384888631132	0.0185947043152037	0.0170632691157547	0.0133479529514109	0.0103757000199358	0.0091704877032096	0.0070500389655109
_scratch_st-cdeboer-1_asfar_VLPs_results_crispresso_aggregated_spacer_CBE6d_rep3_.staging_CRISPRessoPooled_on_CBE6d_D5_rep3_CRISPResso_on_HEK3	A	0.0013096433404636	0.0086436460470598	0.0371720434801589	0.1236521587287728	0.0299253503295935	0.9639193259702274	0.0002619286680927	0.9634172960230496	0.0326756013445671	0.0001964465010695	4.365477801545379e-05	0.9728467280743878	8.730955603090758e-05	0.0001091369450386	0.980901034618239	8.730955603090758e-05	4.365477801545379e-05	0.0	6.548216702318068e-05	0.9926878246824116
_scratch_st-cdeboer-1_asfar_VLPs_results_crispresso_aggregated_spacer_CBE6d_rep3_.staging_CRISPRessoPooled_on_CBE6d_D5_rep3_CRISPResso_on_HEK3	T	0.0009822325053477	0.02285327629109	0.2901296546907059	0.4179726721089623	0.237132754179945	0.0007421312262627	0.0009385777273322	0.0002619286680927	0.0232898240712445	0.9693543458331514	0.0005238573361854	0.000152791723054	0.0002182738900772	8.730955603090758e-05	8.730955603090758e-05	0.0005456847251931	0.0003055834461081	0.9886279303269744	0.0001091369450386	2.1827389007726896e-05
_scratch_st-cdeboer-1_asfar_VLPs_results_crispresso_aggregated_spacer_CBE6d_rep3_.staging_CRISPRessoPooled_on_CBE6d_D5_rep3_CRISPResso_on_HEK3	C	0.000632994281224	0.0006766490592395	0.6386912297550967	0.3375823983935042	0.4627843017418256	0.0002619286680927	0.0002401012790849	0.0006111668922163	0.8900990963460951	0.0003710656131313	0.0001746191120618	0.0001091369450386	6.548216702318068e-05	0.97810712882525	0.0003274108351159	0.9823198149037412	0.0004147203911468	0.000152791723054	0.0001091369450386	0.0001746191120618
_scratch_st-cdeboer-1_asfar_VLPs_results_crispresso_aggregated_spacer_CBE6d_rep3_.staging_CRISPRessoPooled_on_CBE6d_D5_rep3_CRISPResso_on_HEK3	G	0.9735670319116428	0.9336883921945256	0.0038852752433753	0.0810232679966822	0.1007334002706596	0.0007203038372549	0.9637010520801502	0.0008076133932858	0.0186405902125987	0.0003274108351159	0.9688741432749814	0.0005020299471777	0.9756406338673768	0.0001746191120618	8.730955603090758e-05	0.0001091369450386	0.9857248875889466	0.0001309643340463	0.9902868118915616	0.000152791723054
_scratch_st-cdeboer-1_asfar_VLPs_results_crispresso_aggregated_spacer_CBE6d_rep3_.staging_CRISPRessoPooled_on_CBE6d_D5_rep3_CRISPResso_on_HEK3	N	0.0	0.0	0.0	0.0	0.0	0.0	0.0	0.0	0.0	0.0	0.0	0.0	0.0	0.0	0.0	0.0	0.0	0.0	0.0	0.0
_scratch_st-cdeboer-1_asfar_VLPs_results_crispresso_aggregated_spacer_CBE6d_rep3_.staging_CRISPRessoPooled_on_CBE6d_D5_rep3_CRISPResso_on_HEK3	-	0.0235080979613218	0.0341380364080848	0.0301217968306631	0.0397695027720784	0.1694241934779761	0.0343563102981621	0.0348583402453398	0.0349019950233553	0.0352948880254943	0.0297507312175317	0.0303837254987558	0.0263893133103418	0.0239883005194918	0.0215218055616187	0.0185969354345833	0.016938053869996	0.0135111537957829	0.0110883136159252	0.009429432051338	0.0069629370934648
