Folder	Nucleotide	G	G	A	G	G	C	T	A	T	C	C	A	G	C	G	T	G	A	G	T
_scratch_st-cdeboer-1_asfar_VLPs_results_crispresso_aggregated_spacer_CBE6d_rep2_.staging_CRISPRessoPooled_on_CBE6d_D0_rep2_CRISPResso_on_B2M	A	0.0002145094169634	4.290188339268094e-05	0.9996567849328586	0.0	8.580376678536188e-05	4.290188339268094e-05	0.0	0.9998283924664292	0.0	4.290188339268094e-05	4.290188339268094e-05	0.9997854905830366	0.0	8.580376678536188e-05	4.290188339268094e-05	0.0	0.0	0.9996996868162512	0.0	0.0
_scratch_st-cdeboer-1_asfar_VLPs_results_crispresso_aggregated_spacer_CBE6d_rep2_.staging_CRISPRessoPooled_on_CBE6d_D0_rep2_CRISPResso_on_B2M	T	0.0003861169505341	0.0005148226007121	0.0	0.0001716075335707	4.290188339268094e-05	0.0002145094169634	0.999871294349822	0.0	0.999871294349822	0.000128705650178	0.0	0.0	4.290188339268094e-05	0.0002145094169634	8.580376678536188e-05	0.9997854905830366	4.290188339268094e-05	0.0	0.0	0.999742588699644
_scratch_st-cdeboer-1_asfar_VLPs_results_crispresso_aggregated_spacer_CBE6d_rep2_.staging_CRISPRessoPooled_on_CBE6d_D0_rep2_CRISPResso_on_B2M	C	0.000128705650178	8.580376678536188e-05	4.290188339268094e-05	4.290188339268094e-05	4.290188339268094e-05	0.999742588699644	8.580376678536188e-05	0.0	8.580376678536188e-05	0.9997854905830366	0.9999570981166072	4.290188339268094e-05	4.290188339268094e-05	0.9996996868162512	0.0	0.0001716075335707	8.580376678536188e-05	4.290188339268094e-05	8.580376678536188e-05	0.000128705650178
_scratch_st-cdeboer-1_asfar_VLPs_results_crispresso_aggregated_spacer_CBE6d_rep2_.staging_CRISPRessoPooled_on_CBE6d_D0_rep2_CRISPResso_on_B2M	G	0.9992706679823244	0.9993135698657172	0.000257411300356	0.9997854905830366	0.9998283924664292	0.0	4.290188339268094e-05	0.0001716075335707	4.290188339268094e-05	4.290188339268094e-05	0.0	0.0001716075335707	0.9999141962332146	0.0	0.999871294349822	4.290188339268094e-05	0.999871294349822	0.000257411300356	0.9999141962332146	0.000128705650178
_scratch_st-cdeboer-1_asfar_VLPs_results_crispresso_aggregated_spacer_CBE6d_rep2_.staging_CRISPRessoPooled_on_CBE6d_D0_rep2_CRISPResso_on_B2M	N	0.0	0.0	0.0	0.0	0.0	0.0	0.0	0.0	0.0	0.0	0.0	0.0	0.0	0.0	0.0	0.0	0.0	0.0	0.0	0.0
_scratch_st-cdeboer-1_asfar_VLPs_results_crispresso_aggregated_spacer_CBE6d_rep2_.staging_CRISPRessoPooled_on_CBE6d_D0_rep2_CRISPResso_on_B2M	-	0.0	4.290188339268094e-05	4.290188339268094e-05	0.0	0.0	0.0	0.0	0.0	0.0	0.0	0.0	0.0	0.0	0.0	0.0	0.0	0.0	0.0	0.0	0.0
_scratch_st-cdeboer-1_asfar_VLPs_results_crispresso_aggregated_spacer_CBE6d_rep2_.staging_CRISPRessoPooled_on_CBE6d_D1_rep2_CRISPResso_on_B2M	A	0.0002779321845469	0.0	0.9991198814156012	0.0	0.0001389660922734	0.0002779321845469	0.0	0.9962942375393736	0.0	0.0004168982768204	0.0003705762460626	0.995645729108764	0.0159347785806929	0.0003705762460626	0.0182508801185844	0.0	0.0082453214748934	0.9966184917546784	0.0003242542153047	0.0
_scratch_st-cdeboer-1_asfar_VLPs_results_crispresso_aggregated_spacer_CBE6d_rep2_.staging_CRISPRessoPooled_on_CBE6d_D1_rep2_CRISPResso_on_B2M	T	0.0001852881230313	0.0002779321845469	4.632203075782842e-05	0.0002316101537891	9.264406151565684e-05	0.0002779321845469	0.9966184917546784	0.0	0.9949045766166388	9.264406151565684e-05	9.264406151565684e-05	9.264406151565684e-05	0.0048638132295719	0.0001852881230313	0.0089864739670187	0.9963405595701316	0.0011580507689457	0.0002316101537891	0.0009264406151565	0.9981471187696868
_scratch_st-cdeboer-1_asfar_VLPs_results_crispresso_aggregated_spacer_CBE6d_rep2_.staging_CRISPRessoPooled_on_CBE6d_D1_rep2_CRISPResso_on_B2M	C	9.264406151565684e-05	9.264406151565684e-05	4.632203075782842e-05	9.264406151565684e-05	9.264406151565684e-05	0.9974986103390772	0.0004168982768204	9.264406151565684e-05	0.0001389660922734	0.995414118954975	0.9955994070780064	0.0001852881230313	0.0232536594404298	0.9954604409857328	0.0038447285528997	0.0002316101537891	0.0044469149527515	9.264406151565684e-05	0.0004632203075782	0.0001389660922734
_scratch_st-cdeboer-1_asfar_VLPs_results_crispresso_aggregated_spacer_CBE6d_rep2_.staging_CRISPRessoPooled_on_CBE6d_D1_rep2_CRISPResso_on_B2M	G	0.9990735593848434	0.9991198814156012	0.0002779321845469	0.9990735593848434	0.9979618306466556	0.0	0.0002779321845469	0.0004632203075782	0.0008337965536409	4.632203075782842e-05	0.0	0.0002316101537891	0.9521030201964054	0.0004168982768204	0.9653974430239022	9.264406151565684e-05	0.9830461367426347	0.0006021863998517	0.9960626273855846	0.0002316101537891
_scratch_st-cdeboer-1_asfar_VLPs_results_crispresso_aggregated_spacer_CBE6d_rep2_.staging_CRISPRessoPooled_on_CBE6d_D1_rep2_CRISPResso_on_B2M	N	0.0	0.0	0.0	0.0	0.0	0.0	0.0	0.0	0.0	0.0	0.0	0.0	0.0	0.0	0.0	0.0	0.0	0.0	0.0	0.0
_scratch_st-cdeboer-1_asfar_VLPs_results_crispresso_aggregated_spacer_CBE6d_rep2_.staging_CRISPRessoPooled_on_CBE6d_D1_rep2_CRISPResso_on_B2M	-	0.0003705762460626	0.0005095423383361	0.0005095423383361	0.0006021863998517	0.0017139151380396	0.0019455252918287	0.002686677783954	0.0031498980915323	0.0041226607374467	0.004030016675931	0.0039373726144154	0.0038447285528997	0.0038447285528997	0.0035667963683527	0.0035204743375949	0.0033351862145636	0.0031035760607745	0.0024550676301649	0.0022234574763757	0.0014823049842505
_scratch_st-cdeboer-1_asfar_VLPs_results_crispresso_aggregated_spacer_CBE6d_rep2_.staging_CRISPRessoPooled_on_CBE6d_D2_rep2_CRISPResso_on_B2M	A	7.835762419683435e-05	7.835762419683435e-05	0.9914590189625452	0.0003134304967873	0.0005485033693778	0.0021156558533145	0.0	0.9742203416392416	7.835762419683435e-05	0.0011753643629525	0.0	0.9634853471242752	0.1407302930575145	0.0017238677323303	0.1871963642062372	0.0	0.1023350572010656	0.9705375333019904	0.0050148879485973	0.0
_scratch_st-cdeboer-1_asfar_VLPs_results_crispresso_aggregated_spacer_CBE6d_rep2_.staging_CRISPRessoPooled_on_CBE6d_D2_rep2_CRISPResso_on_B2M	T	7.835762419683435e-05	0.0005485033693778	0.0	0.0006268609935746	0.0	0.0	0.9811941701927598	7.835762419683435e-05	0.968265162200282	0.0	0.0008619338661651	0.0006268609935746	0.0363579376273311	0.000940291490362	0.0878388967246513	0.9642689233662436	0.0077574047954866	0.0001567152483936	0.0026641592226923	0.9786867262184612
_scratch_st-cdeboer-1_asfar_VLPs_results_crispresso_aggregated_spacer_CBE6d_rep2_.staging_CRISPRessoPooled_on_CBE6d_D2_rep2_CRISPResso_on_B2M	C	0.000470145745181	0.0001567152483936	0.0001567152483936	7.835762419683435e-05	7.835762419683435e-05	0.9818993888105312	0.0002350728725905	0.0	0.0002350728725905	0.9685002350728726	0.9619965522645352	0.0002350728725905	0.1915060335370631	0.9551794389594108	0.0350258580159849	0.0001567152483936	0.0490518727472183	7.835762419683435e-05	0.001880582980724	0.0002350728725905
_scratch_st-cdeboer-1_asfar_VLPs_results_crispresso_aggregated_spacer_CBE6d_rep2_.staging_CRISPRessoPooled_on_CBE6d_D2_rep2_CRISPResso_on_B2M	G	0.9932612443190724	0.9911455884657576	0.0002350728725905	0.9907538003447736	0.9847202632816172	7.835762419683435e-05	0.0001567152483936	0.0019589406049208	0.0021940134775113	0.0003917881209841	0.0	7.835762419683435e-05	0.5874471086036671	0.002820874471086	0.6514652875724808	7.835762419683435e-05	0.8066133834822128	0.0001567152483936	0.9637204199968656	0.000470145745181
_scratch_st-cdeboer-1_asfar_VLPs_results_crispresso_aggregated_spacer_CBE6d_rep2_.staging_CRISPRessoPooled_on_CBE6d_D2_rep2_CRISPResso_on_B2M	N	0.0	0.0	0.0	0.0	0.0	0.0	0.0	0.0	0.0	0.0	0.0	0.0	0.0	0.0	0.0	0.0	0.0	0.0	0.0	0.0
_scratch_st-cdeboer-1_asfar_VLPs_results_crispresso_aggregated_spacer_CBE6d_rep2_.staging_CRISPRessoPooled_on_CBE6d_D2_rep2_CRISPResso_on_B2M	-	0.006111894687353	0.0080708352922739	0.0081491929164707	0.0082275505406676	0.014652875724808	0.0159065977119573	0.018414041686256	0.0237423601316408	0.0292273938254192	0.0299326124431907	0.0371415138692994	0.0355743613853627	0.043958627174424	0.0393355273468108	0.0384735934806456	0.0354960037611659	0.0342422817740166	0.0290706785770255	0.0267199498511205	0.0206080551637674
_scratch_st-cdeboer-1_asfar_VLPs_results_crispresso_aggregated_spacer_CBE6d_rep2_.staging_CRISPRessoPooled_on_CBE6d_D3_rep2_CRISPResso_on_B2M	A	0.0001204625762929	8.030838419531e-05	0.9935753292643752	0.0002810793446835	0.0008432380340507	0.000923546418246	0.0003212335367812	0.9757468679730164	0.0002409251525859	0.0007227754577577	0.0002409251525859	0.9687600385480244	0.1290555734018631	0.0016463218760038	0.1577256665595888	0.0006023128814648	0.0811516222293607	0.9751847092836492	0.0034131063283006	0.0002007709604882
_scratch_st-cdeboer-1_asfar_VLPs_results_crispresso_aggregated_spacer_CBE6d_rep2_.staging_CRISPRessoPooled_on_CBE6d_D3_rep2_CRISPResso_on_B2M	T	8.030838419531e-05	0.0003613877288788	8.030838419531e-05	0.0008432380340507	0.0002409251525859	0.0002409251525859	0.980926758753614	4.0154192097655e-05	0.971129135881786	0.0001606167683906	0.0008432380340507	0.0007629296498554	0.041198201092194	0.0010038548024413	0.0732814005782203	0.9718920655316416	0.0108014776742691	0.0002007709604882	0.0038548024413748	0.9837375522004496
_scratch_st-cdeboer-1_asfar_VLPs_results_crispresso_aggregated_spacer_CBE6d_rep2_.staging_CRISPRessoPooled_on_CBE6d_D3_rep2_CRISPResso_on_B2M	C	0.0002007709604882	0.0002007709604882	8.030838419531e-05	0.0002409251525859	0.0002810793446835	0.983938323160938	0.0005621586893671	0.0004015419209765	0.0004416961130742	0.97277545775779	0.9670735624799228	0.0003613877288788	0.1780035335689045	0.962977834885962	0.0369017025377449	0.0001204625762929	0.0399534211371667	0.0002409251525859	0.0015258592997108	0.0002409251525859
_scratch_st-cdeboer-1_asfar_VLPs_results_crispresso_aggregated_spacer_CBE6d_rep2_.staging_CRISPRessoPooled_on_CBE6d_D3_rep2_CRISPResso_on_B2M	G	0.9943382589142308	0.9937761002248636	0.0001204625762929	0.9916077738515902	0.985343719884356	0.0001606167683906	0.0002007709604882	0.0017667844522968	0.002088017989078	0.0001204625762929	0.0001204625762929	0.0003613877288788	0.6155637648570511	0.0026501766784452	0.7008512688724703	0.0001606167683906	0.8406280115644074	0.000803083841953	0.9687198843559268	0.0002409251525859
_scratch_st-cdeboer-1_asfar_VLPs_results_crispresso_aggregated_spacer_CBE6d_rep2_.staging_CRISPRessoPooled_on_CBE6d_D3_rep2_CRISPResso_on_B2M	N	0.0	0.0	0.0	0.0	0.0	0.0	0.0	0.0	0.0	0.0	0.0	0.0	0.0	0.0	0.0	0.0	0.0	0.0	0.0	0.0
_scratch_st-cdeboer-1_asfar_VLPs_results_crispresso_aggregated_spacer_CBE6d_rep2_.staging_CRISPRessoPooled_on_CBE6d_D3_rep2_CRISPResso_on_B2M	-	0.0052601991647928	0.005581432701574	0.0061435913909412	0.0070269836170896	0.0132910375843238	0.0147365884998393	0.0179890780597494	0.0220446514616125	0.0261002248634757	0.0262206874397687	0.0317218117571474	0.0297542563443623	0.0361789270799871	0.0317218117571474	0.0312399614519755	0.02722454224221	0.027465467394796	0.0235705107613234	0.0224863475746868	0.0155798265338901
_scratch_st-cdeboer-1_asfar_VLPs_results_crispresso_aggregated_spacer_CBE6d_rep2_.staging_CRISPRessoPooled_on_CBE6d_D4_rep2_CRISPResso_on_B2M	A	0.0002455192732629	4.910385465259023e-05	0.9895408789589982	0.0008838693837466	0.0007365578197888	0.002995335133808	0.0003928308372207	0.9668548981095016	0.0004419346918733	0.0008838693837466	0.0001473115639577	0.9538423766265652	0.2184139454947213	0.0020132580407561	0.3110238153695065	0.0005401424011784	0.1702430640805303	0.9688190522956052	0.0130125214829364	0.0002455192732629
_scratch_st-cdeboer-1_asfar_VLPs_results_crispresso_aggregated_spacer_CBE6d_rep2_.staging_CRISPRessoPooled_on_CBE6d_D4_rep2_CRISPResso_on_B2M	T	9.820770930518046e-05	0.000589246255831	0.0002455192732629	0.0006383501104836	0.0003928308372207	0.0002946231279155	0.9724527375398968	0.0002455192732629	0.9605205008593176	0.0004910385465259	0.0009329732383992	0.0014240117849251	0.0638841149030198	0.001669531058188	0.1160815123987233	0.9619936164988953	0.0143383255585563	0.0002455192732629	0.005745150994353	0.9795727964645224
_scratch_st-cdeboer-1_asfar_VLPs_results_crispresso_aggregated_spacer_CBE6d_rep2_.staging_CRISPRessoPooled_on_CBE6d_D4_rep2_CRISPResso_on_B2M	C	0.0001473115639577	0.0004910385465259	0.0001964154186103	4.910385465259023e-05	0.0003437269825681	0.9740731647434324	0.0003437269825681	0.0003437269825681	0.0003928308372207	0.9611097471151484	0.9521728455683772	0.0003928308372207	0.2385465259022833	0.9471151485391603	0.062902037809968	0.0002946231279155	0.0766020132580407	0.0002455192732629	0.0029462312791554	0.0003437269825681
_scratch_st-cdeboer-1_asfar_VLPs_results_crispresso_aggregated_spacer_CBE6d_rep2_.staging_CRISPRessoPooled_on_CBE6d_D4_rep2_CRISPResso_on_B2M	G	0.9930272526393322	0.9914068254357968	9.820770930518046e-05	0.9872821016449792	0.9779032654063344	0.0002946231279155	9.820770930518046e-05	0.0015713233488828	0.0021605696047139	0.0	0.0002455192732629	0.0001964154186103	0.4243555119076848	0.004664866191996	0.468303461821753	0.0002455192732629	0.7026761600785661	0.0008838693837466	0.949668548981095	9.820770930518046e-05
_scratch_st-cdeboer-1_asfar_VLPs_results_crispresso_aggregated_spacer_CBE6d_rep2_.staging_CRISPRessoPooled_on_CBE6d_D4_rep2_CRISPResso_on_B2M	N	0.0	0.0	0.0	0.0	0.0	0.0	0.0	0.0	0.0	0.0	0.0	0.0	0.0	0.0	0.0	0.0	0.0	0.0	0.0	0.0
_scratch_st-cdeboer-1_asfar_VLPs_results_crispresso_aggregated_spacer_CBE6d_rep2_.staging_CRISPRessoPooled_on_CBE6d_D4_rep2_CRISPResso_on_B2M	-	0.0064817088141419	0.0074637859071937	0.0099189786398232	0.0111465750061379	0.0206236189540878	0.0223422538669285	0.026712496931009	0.0309845322857844	0.0364841640068745	0.0375153449545789	0.0465013503560029	0.0441443653326786	0.0547999017922906	0.0445371961698993	0.0416891726000491	0.0369260986987478	0.0361404370243064	0.0298060397741222	0.0286275472624601	0.0197397495703412
_scratch_st-cdeboer-1_asfar_VLPs_results_crispresso_aggregated_spacer_CBE6d_rep2_.staging_CRISPRessoPooled_on_CBE6d_D5_rep2_CRISPResso_on_B2M	A	0.000339200241209	7.53778313797912e-05	0.9854143896280104	0.0004899559039686	0.0008668450608675	0.0016960012060453	0.0001884445784494	0.9637432631063204	0.0003015113255191	0.0011306674706968	0.000339200241209	0.9514189876757244	0.2060076131609693	0.0019221347001846	0.2620133418761542	0.0010176007236271	0.143670146609882	0.9646854859985678	0.008291561451777	3.76889156898956e-05
_scratch_st-cdeboer-1_asfar_VLPs_results_crispresso_aggregated_spacer_CBE6d_rep2_.staging_CRISPRessoPooled_on_CBE6d_D5_rep2_CRISPResso_on_B2M	T	0.0003768891568989	0.0003015113255191	0.0003015113255191	0.0006030226510383	0.0006030226510383	0.0003015113255191	0.9695473561225644	0.0004899559039686	0.957411525270418	0.0001884445784494	0.0010929785550069	0.0011683563863867	0.0629781781178155	0.002525157351223	0.1186070176761014	0.9550371235819546	0.0145479214562997	0.0004522669882787	0.0043342253043379	0.975464515885878
_scratch_st-cdeboer-1_asfar_VLPs_results_crispresso_aggregated_spacer_CBE6d_rep2_.staging_CRISPRessoPooled_on_CBE6d_D5_rep2_CRISPResso_on_B2M	C	0.0003768891568989	0.0002638224098292	0.0002638224098292	0.0001884445784494	0.0003768891568989	0.9714318019070592	0.0005653337353484	0.0008291561451777	0.0008291561451777	0.9578261033430068	0.9493084083970904	0.0006407115667282	0.2579806278973354	0.9405268910413448	0.0571740851015716	0.0005276448196585	0.0711566728225229	3.76889156898956e-05	0.0015829344589756	0.0003768891568989
_scratch_st-cdeboer-1_asfar_VLPs_results_crispresso_aggregated_spacer_CBE6d_rep2_.staging_CRISPRessoPooled_on_CBE6d_D5_rep2_CRISPResso_on_B2M	G	0.9893340368597596	0.9872988354125052	0.0003015113255191	0.9828892322767874	0.9727886028718954	7.53778313797912e-05	0.0001884445784494	0.001771379037425	0.0026759130139825	0.0003768891568989	0.0002638224098292	0.0005653337353484	0.4153318509026495	0.006105604341763	0.5148682772396638	0.0004899559039686	0.7295820299249991	0.001055289639317	0.9537180115328082	0.0002261334941393
_scratch_st-cdeboer-1_asfar_VLPs_results_crispresso_aggregated_spacer_CBE6d_rep2_.staging_CRISPRessoPooled_on_CBE6d_D5_rep2_CRISPResso_on_B2M	N	0.0	0.0	0.0	0.0	0.0	0.0	0.0	0.0	0.0	0.0	0.0	0.0	0.0	0.0	0.0	0.0	0.0	0.0	0.0	0.0
_scratch_st-cdeboer-1_asfar_VLPs_results_crispresso_aggregated_spacer_CBE6d_rep2_.staging_CRISPRessoPooled_on_CBE6d_D5_rep2_CRISPResso_on_B2M	-	0.0095729845852334	0.0120604530207665	0.0137187653111219	0.0158293445897561	0.0253646402592997	0.0264953077299966	0.0295104209851882	0.0331662458071081	0.0387818942449025	0.0404778954509478	0.0489955903968642	0.046206610635812	0.0577017299212301	0.0489202125654844	0.0473372781065088	0.042927674970791	0.0410432291862963	0.0337692684581464	0.0320732672521011	0.0238947725473938
