Folder	Nucleotide	C	A	C	C	T	A	C	C	T	A	A	G	A	A	C	C	A	T	C	C
_scratch_st-cdeboer-1_asfar_VLPs_results_crispresso_aggregated_spacer_CBE6d_rep2_.staging_CRISPRessoPooled_on_CBE6d_D0_rep2_CRISPResso_on_PDCD1	A	2.228610906821778e-05	0.9998662833455908	2.228610906821778e-05	6.685832720465334e-05	0.0	0.9999108555637272	4.457221813643556e-05	0.0002005749816139	0.0	0.9998662833455908	0.9998885694546588	6.685832720465334e-05	0.9997325666911814	0.9998439972365224	2.228610906821778e-05	0.0	0.9997102805821132	0.0	2.228610906821778e-05	8.914443627287111e-05
_scratch_st-cdeboer-1_asfar_VLPs_results_crispresso_aggregated_spacer_CBE6d_rep2_.staging_CRISPRessoPooled_on_CBE6d_D0_rep2_CRISPResso_on_PDCD1	T	2.228610906821778e-05	4.457221813643556e-05	4.457221813643556e-05	0.0	0.9996879944730448	0.0	6.685832720465334e-05	0.0	0.9998885694546588	2.228610906821778e-05	0.0	4.457221813643556e-05	0.0	0.0	2.228610906821778e-05	6.685832720465334e-05	0.0	0.9996879944730448	4.457221813643556e-05	0.0
_scratch_st-cdeboer-1_asfar_VLPs_results_crispresso_aggregated_spacer_CBE6d_rep2_.staging_CRISPRessoPooled_on_CBE6d_D0_rep2_CRISPResso_on_PDCD1	C	0.9998439972365224	6.685832720465334e-05	0.9999331416727952	0.9999331416727952	0.0001560027634775	0.0	0.9998885694546588	0.999777138909318	6.685832720465334e-05	2.228610906821778e-05	2.228610906821778e-05	4.457221813643556e-05	6.685832720465334e-05	0.000111430545341	0.9999554277818636	0.9999108555637272	6.685832720465334e-05	0.0002674333088186	0.9998662833455908	0.9999108555637272
_scratch_st-cdeboer-1_asfar_VLPs_results_crispresso_aggregated_spacer_CBE6d_rep2_.staging_CRISPRessoPooled_on_CBE6d_D0_rep2_CRISPResso_on_PDCD1	G	6.685832720465334e-05	2.228610906821778e-05	0.0	0.0	0.0001560027634775	8.914443627287111e-05	0.0	0.0	2.228610906821778e-05	8.914443627287111e-05	6.685832720465334e-05	0.9998439972365224	0.0002005749816139	4.457221813643556e-05	0.0	2.228610906821778e-05	0.0002228610906821	4.457221813643556e-05	6.685832720465334e-05	0.0
_scratch_st-cdeboer-1_asfar_VLPs_results_crispresso_aggregated_spacer_CBE6d_rep2_.staging_CRISPRessoPooled_on_CBE6d_D0_rep2_CRISPResso_on_PDCD1	N	0.0	0.0	0.0	0.0	0.0	0.0	0.0	0.0	0.0	0.0	0.0	0.0	0.0	0.0	0.0	0.0	0.0	0.0	0.0	0.0
_scratch_st-cdeboer-1_asfar_VLPs_results_crispresso_aggregated_spacer_CBE6d_rep2_.staging_CRISPRessoPooled_on_CBE6d_D0_rep2_CRISPResso_on_PDCD1	-	4.457221813643556e-05	0.0	0.0	0.0	0.0	0.0	0.0	2.228610906821778e-05	2.228610906821778e-05	0.0	2.228610906821778e-05	0.0	0.0	0.0	0.0	0.0	0.0	0.0	0.0	0.0
_scratch_st-cdeboer-1_asfar_VLPs_results_crispresso_aggregated_spacer_CBE6d_rep2_.staging_CRISPRessoPooled_on_CBE6d_D1_rep2_CRISPResso_on_PDCD1	A	7.182876023559833e-05	0.9997126849590576	9.577168031413112e-05	0.0003591438011779	0.0003591438011779	0.9998084566393718	0.0035674950917013	0.0001197146003926	0.0	0.9996169132787436	0.999640856198822	9.577168031413112e-05	0.9998323995594502	0.9996647991189004	2.3942920078532777e-05	0.0	0.9998802853996074	2.3942920078532777e-05	0.0	7.182876023559833e-05
_scratch_st-cdeboer-1_asfar_VLPs_results_crispresso_aggregated_spacer_CBE6d_rep2_.staging_CRISPRessoPooled_on_CBE6d_D1_rep2_CRISPResso_on_PDCD1	T	7.182876023559833e-05	4.7885840157065554e-05	0.0003352008810994	0.0005028013216491	0.9993056553177224	0.0	0.0072307618637168	0.000766173442513	0.9994732557582724	0.0	0.0	9.577168031413112e-05	0.0	0.0	0.0	0.0	0.0	0.999736627879136	2.3942920078532777e-05	0.0
_scratch_st-cdeboer-1_asfar_VLPs_results_crispresso_aggregated_spacer_CBE6d_rep2_.staging_CRISPRessoPooled_on_CBE6d_D1_rep2_CRISPResso_on_PDCD1	C	0.9997845137192932	4.7885840157065554e-05	0.9995211415984292	0.9987789110759948	0.0002873150409423	0.0	0.9869271656371212	0.997031077910262	0.0001436575204711	0.0	0.0001197146003926	0.0	2.3942920078532777e-05	0.0001436575204711	0.999952114159843	0.9999760570799214	2.3942920078532777e-05	0.0002394292007853	0.9999760570799214	0.9999042283196858
_scratch_st-cdeboer-1_asfar_VLPs_results_crispresso_aggregated_spacer_CBE6d_rep2_.staging_CRISPRessoPooled_on_CBE6d_D1_rep2_CRISPResso_on_PDCD1	G	2.3942920078532777e-05	0.0001676004405497	0.0	0.0002154862807067	2.3942920078532777e-05	0.0001676004405497	0.0021069769669108	0.0014605181247904	0.0001197146003926	0.0001197146003926	7.182876023559833e-05	0.9997845137192932	0.0001197146003926	0.0001676004405497	0.0	0.0	7.182876023559833e-05	0.0	0.0	2.3942920078532777e-05
_scratch_st-cdeboer-1_asfar_VLPs_results_crispresso_aggregated_spacer_CBE6d_rep2_.staging_CRISPRessoPooled_on_CBE6d_D1_rep2_CRISPResso_on_PDCD1	N	0.0	0.0	2.3942920078532777e-05	0.0	0.0	0.0	0.0	0.0	0.0	0.0	0.0	0.0	0.0	0.0	0.0	0.0	0.0	0.0	0.0	0.0
_scratch_st-cdeboer-1_asfar_VLPs_results_crispresso_aggregated_spacer_CBE6d_rep2_.staging_CRISPRessoPooled_on_CBE6d_D1_rep2_CRISPResso_on_PDCD1	-	4.7885840157065554e-05	2.3942920078532777e-05	2.3942920078532777e-05	0.0001436575204711	2.3942920078532777e-05	2.3942920078532777e-05	0.0001676004405497	0.0006225159220418	0.0002633721208638	0.0002633721208638	0.0001676004405497	2.3942920078532777e-05	2.3942920078532777e-05	2.3942920078532777e-05	2.3942920078532777e-05	2.3942920078532777e-05	2.3942920078532777e-05	0.0	0.0	0.0
_scratch_st-cdeboer-1_asfar_VLPs_results_crispresso_aggregated_spacer_CBE6d_rep2_.staging_CRISPRessoPooled_on_CBE6d_D2_rep2_CRISPResso_on_PDCD1	A	5.520820393910535e-05	0.9990338564310656	0.0001518225608325	0.0026913999420313	0.0007177066512083	0.9984541702897052	0.0146439760948476	0.001476819455371	2.760410196955268e-05	0.9983161497798572	0.9983023477288724	8.281230590865803e-05	0.9982885456778876	0.9983575559328116	4.1406152954329015e-05	5.520820393910535e-05	0.9991028666859896	0.0	0.000179426662802	2.760410196955268e-05
_scratch_st-cdeboer-1_asfar_VLPs_results_crispresso_aggregated_spacer_CBE6d_rep2_.staging_CRISPRessoPooled_on_CBE6d_D2_rep2_CRISPResso_on_PDCD1	T	0.0002346348667411	8.281230590865803e-05	0.0012697886905994	0.0031054614715746	0.9968393303244862	2.760410196955268e-05	0.0361061653761749	0.0030088471146812	0.9981781292700096	1.3802050984776338e-05	0.0	9.661435689343435e-05	2.760410196955268e-05	0.0	0.0	4.1406152954329015e-05	0.0	0.998951044125157	0.0	0.0001104164078782
_scratch_st-cdeboer-1_asfar_VLPs_results_crispresso_aggregated_spacer_CBE6d_rep2_.staging_CRISPRessoPooled_on_CBE6d_D2_rep2_CRISPResso_on_PDCD1	C	0.999254689246822	5.520820393910535e-05	0.9976398492816032	0.9920638206837536	0.0006348943452997	4.1406152954329015e-05	0.940195713082964	0.986308365423102	9.661435689343435e-05	2.760410196955268e-05	5.520820393910535e-05	1.3802050984776338e-05	0.0001656246118173	5.520820393910535e-05	0.9985645866975832	0.9985093784936442	1.3802050984776338e-05	0.0002070307647716	0.9989786482271266	0.9990476584820503
_scratch_st-cdeboer-1_asfar_VLPs_results_crispresso_aggregated_spacer_CBE6d_rep2_.staging_CRISPRessoPooled_on_CBE6d_D2_rep2_CRISPResso_on_PDCD1	G	0.0	0.0001380205098477	9.661435689343435e-05	0.0004554676824976	0.0001242184588629	8.281230590865803e-05	0.0073564931748857	0.006597380370723	0.0001104164078782	6.901025492388169e-05	0.0001104164078782	0.9984265661877356	0.0001380205098477	0.0002070307647716	1.3802050984776338e-05	2.760410196955268e-05	2.760410196955268e-05	1.3802050984776338e-05	2.760410196955268e-05	1.3802050984776338e-05
_scratch_st-cdeboer-1_asfar_VLPs_results_crispresso_aggregated_spacer_CBE6d_rep2_.staging_CRISPRessoPooled_on_CBE6d_D2_rep2_CRISPResso_on_PDCD1	N	0.0	0.0	0.0	0.0	0.0	0.0	0.0	0.0	0.0	0.0	0.0	0.0	0.0	0.0	0.0	0.0	0.0	0.0	0.0	0.0
_scratch_st-cdeboer-1_asfar_VLPs_results_crispresso_aggregated_spacer_CBE6d_rep2_.staging_CRISPRessoPooled_on_CBE6d_D2_rep2_CRISPResso_on_PDCD1	-	0.0004554676824976	0.0006901025492388	0.0008419251100713	0.0016838502201427	0.0016838502201427	0.0013940071494624	0.0016976522711274	0.0026085876361227	0.0015872358632492	0.0015734338122645	0.0015320276593101	0.0013802050984776	0.0013802050984776	0.0013802050984776	0.0013802050984776	0.0013664030474928	0.0008557271610561	0.0008281230590865	0.0008143210081018	0.000800518957117
_scratch_st-cdeboer-1_asfar_VLPs_results_crispresso_aggregated_spacer_CBE6d_rep2_.staging_CRISPRessoPooled_on_CBE6d_D3_rep2_CRISPResso_on_PDCD1	A	0.0002429897458327	0.9947028235408466	0.0009233610341643	0.0080348609288688	0.0011177528308305	0.994540830376958	0.0448883057134988	0.0050541867133206	6.479726555539356e-05	0.9942978406311254	0.9946218269589024	6.479726555539356e-05	0.9952050023489007	0.9954641914111224	1.619931638884839e-05	6.479726555539356e-05	0.9963389544961204	6.479726555539356e-05	3.239863277769678e-05	6.479726555539356e-05
_scratch_st-cdeboer-1_asfar_VLPs_results_crispresso_aggregated_spacer_CBE6d_rep2_.staging_CRISPRessoPooled_on_CBE6d_D3_rep2_CRISPResso_on_PDCD1	T	0.0007127699211093	1.619931638884839e-05	0.0039850318316567	0.0085370397369231	0.9915763554777988	0.0001943917966661	0.1138163969480487	0.0128460578963567	0.9941358474672368	4.8597949166545175e-05	1.619931638884839e-05	0.0001133952147219	0.0	0.0	3.239863277769678e-05	0.0001619931638884	1.619931638884839e-05	0.9966953394566748	9.719589833309036e-05	3.239863277769678e-05
_scratch_st-cdeboer-1_asfar_VLPs_results_crispresso_aggregated_spacer_CBE6d_rep2_.staging_CRISPRessoPooled_on_CBE6d_D3_rep2_CRISPResso_on_PDCD1	C	0.995836775688066	0.0002267904294438	0.9888386710080834	0.9746156712186744	0.0012149487291636	0.0	0.8109377784257504	0.9568774197728857	0.0001457938474996	8.099658194424195e-05	6.479726555539356e-05	6.479726555539356e-05	8.099658194424195e-05	0.0001295945311107	0.9957395797897328	0.9956909818405664	0.0001619931638884	0.0002753883786104	0.997116521682785	0.9971813189483404
_scratch_st-cdeboer-1_asfar_VLPs_results_crispresso_aggregated_spacer_CBE6d_rep2_.staging_CRISPRessoPooled_on_CBE6d_D3_rep2_CRISPResso_on_PDCD1	G	0.0	0.0001133952147219	0.0002429897458327	0.0011339521472193	0.0001295945311107	0.0003401856441658	0.0236510019277186	0.0172360726377346	0.0001781924802773	0.0001457938474996	0.0002267904294438	0.99507540781779	0.0001619931638884	0.0001133952147219	1.619931638884839e-05	1.619931638884839e-05	0.0001295945311107	3.239863277769678e-05	0.0	3.239863277769678e-05
_scratch_st-cdeboer-1_asfar_VLPs_results_crispresso_aggregated_spacer_CBE6d_rep2_.staging_CRISPRessoPooled_on_CBE6d_D3_rep2_CRISPResso_on_PDCD1	N	0.0	0.0	0.0	1.619931638884839e-05	0.0	0.0	0.0	1.619931638884839e-05	0.0	0.0	0.0	0.0	0.0	0.0	1.619931638884839e-05	0.0	0.0	0.0	0.0	0.0
_scratch_st-cdeboer-1_asfar_VLPs_results_crispresso_aggregated_spacer_CBE6d_rep2_.staging_CRISPRessoPooled_on_CBE6d_D3_rep2_CRISPResso_on_PDCD1	-	0.0032074646449919	0.0049407914985987	0.0060099463802627	0.0076622766519252	0.0059613484310962	0.0049245921822099	0.0067065169849832	0.0079700636633134	0.0054753689394307	0.0054267709902642	0.0050703860297095	0.0046816024363771	0.0045520079052663	0.0042928188430448	0.0041794236283228	0.0040660284136009	0.0033532584924916	0.0029320762663815	0.0027538837861042	0.0026890865205488
_scratch_st-cdeboer-1_asfar_VLPs_results_crispresso_aggregated_spacer_CBE6d_rep2_.staging_CRISPRessoPooled_on_CBE6d_D4_rep2_CRISPResso_on_PDCD1	A	0.00019416533178	0.9910805300713558	0.0015654579874763	0.018494247852046	0.00165040532013	0.9899883500800932	0.0810761613513907	0.0130454832289694	3.6405999708752e-05	0.9893087714188632	0.990170380078637	4.854133294500267e-05	0.9910319887384108	0.9921363040629096	0.0001213533323625	8.494733265375468e-05	0.9951458667054998	0.0001334886655987	0.000145623998835	9.708266589000534e-05
_scratch_st-cdeboer-1_asfar_VLPs_results_crispresso_aggregated_spacer_CBE6d_rep2_.staging_CRISPRessoPooled_on_CBE6d_D4_rep2_CRISPResso_on_PDCD1	T	0.0005460899956312	0.0001577593320712	0.0132396485607494	0.0300592204261929	0.9842847434590554	0.0003276539973787	0.2312630454832289	0.0344400757244793	0.9887505460899956	2.4270666472501336e-05	6.0676666181253336e-05	3.6405999708752e-05	6.0676666181253336e-05	6.0676666181253336e-05	6.0676666181253336e-05	6.0676666181253336e-05	2.4270666472501336e-05	0.995886122032911	9.708266589000534e-05	9.708266589000534e-05
_scratch_st-cdeboer-1_asfar_VLPs_results_crispresso_aggregated_spacer_CBE6d_rep2_.staging_CRISPRessoPooled_on_CBE6d_D4_rep2_CRISPResso_on_PDCD1	C	0.9931556720547546	0.0005946313285762	0.97472210086889	0.929712149895636	0.0031430513081889	2.4270666472501336e-05	0.6313649822824134	0.9039609727683122	0.0004004659967962	3.6405999708752e-05	3.6405999708752e-05	0.0001334886655987	0.0002063006650162	8.494733265375468e-05	0.9924882287267608	0.9928401533906122	3.6405999708752e-05	0.0002669773311975	0.996177370030581	0.9963351293626524
_scratch_st-cdeboer-1_asfar_VLPs_results_crispresso_aggregated_spacer_CBE6d_rep2_.staging_CRISPRessoPooled_on_CBE6d_D4_rep2_CRISPResso_on_PDCD1	G	0.0001577593320712	0.0001213533323625	0.0006917139944662	0.0039682539682539	0.0001092179991262	0.0002063006650162	0.0404227950099509	0.0300470850929566	0.0001213533323625	0.000339789330615	8.494733265375468e-05	0.990995582738702	0.0002669773311975	0.0003155186641425	1.2135333236250668e-05	1.2135333236250668e-05	0.0001334886655987	2.4270666472501336e-05	0.0	0.0
_scratch_st-cdeboer-1_asfar_VLPs_results_crispresso_aggregated_spacer_CBE6d_rep2_.staging_CRISPRessoPooled_on_CBE6d_D4_rep2_CRISPResso_on_PDCD1	N	0.0	0.0	1.2135333236250668e-05	0.0	0.0	0.0	0.0	0.0	0.0	0.0	0.0	0.0	0.0	0.0	0.0	0.0	0.0	0.0	0.0	0.0
_scratch_st-cdeboer-1_asfar_VLPs_results_crispresso_aggregated_spacer_CBE6d_rep2_.staging_CRISPRessoPooled_on_CBE6d_D4_rep2_CRISPResso_on_PDCD1	-	0.0059463132857628	0.0080457259356341	0.0097689432551817	0.0177661278578709	0.0108125819134993	0.0094534245910392	0.0158730158730158	0.0185063831852822	0.0106912285811368	0.0102907625843405	0.0096475899228192	0.0087859812630454	0.0084340565991942	0.0074025532741129	0.0073176059414591	0.0070020872773166	0.0046599679627202	0.0036891413038202	0.0035799233046939	0.0034707053055676
_scratch_st-cdeboer-1_asfar_VLPs_results_crispresso_aggregated_spacer_CBE6d_rep2_.staging_CRISPRessoPooled_on_CBE6d_D5_rep2_CRISPResso_on_PDCD1	A	0.0002930096274591	0.9938363331938048	0.0017057346169945	0.0135307660108832	0.0018731686898283	0.9924236082042696	0.0677166178317287	0.0098053578903306	0.0001151109250732	0.9918794474675596	0.9922457095018836	4.185851820845542e-05	0.9933968187526162	0.994213059857681	0.0	4.185851820845542e-05	0.9956362494767684	3.139388865634156e-05	0.0001046462955211	6.278777731268313e-05
_scratch_st-cdeboer-1_asfar_VLPs_results_crispresso_aggregated_spacer_CBE6d_rep2_.staging_CRISPRessoPooled_on_CBE6d_D5_rep2_CRISPResso_on_PDCD1	T	0.0003034742570113	0.0001674340728338	0.0072205943909585	0.0169003767266638	0.9875366262034324	0.0002616157388028	0.1750313938886563	0.0181352030138133	0.9910946002511511	2.092925910422771e-05	4.185851820845542e-05	8.371703641691084e-05	5.232314776056928e-05	3.139388865634156e-05	4.185851820845542e-05	5.232314776056928e-05	0.0	0.9964420259522812	5.232314776056928e-05	4.185851820845542e-05
_scratch_st-cdeboer-1_asfar_VLPs_results_crispresso_aggregated_spacer_CBE6d_rep2_.staging_CRISPRessoPooled_on_CBE6d_D5_rep2_CRISPResso_on_PDCD1	C	0.99539556299707	0.0003976559229803	0.983915864378401	0.9556718292172456	0.0018103809125156	0.0001255755546253	0.7091356215989953	0.931718292172457	0.000188363331938	7.325240686479699e-05	3.139388865634156e-05	4.185851820845542e-05	0.0001046462955211	5.232314776056928e-05	0.9944432817078276	0.9943595646714106	8.371703641691084e-05	0.0002511511092507	0.9966722478024278	0.9968292172457096
_scratch_st-cdeboer-1_asfar_VLPs_results_crispresso_aggregated_spacer_CBE6d_rep2_.staging_CRISPRessoPooled_on_CBE6d_D5_rep2_CRISPResso_on_PDCD1	G	3.139388865634156e-05	0.0001151109250732	0.0004081205525324	0.0030556718292172	5.232314776056928e-05	0.0002720803683549	0.0375156969443281	0.0259104227710339	0.0001569694432817	0.0002616157388028	0.0002302218501465	0.992999162829636	0.0001988279614901	0.0001569694432817	0.0	1.0464629552113857e-05	7.325240686479699e-05	5.232314776056928e-05	0.0	3.139388865634156e-05
_scratch_st-cdeboer-1_asfar_VLPs_results_crispresso_aggregated_spacer_CBE6d_rep2_.staging_CRISPRessoPooled_on_CBE6d_D5_rep2_CRISPResso_on_PDCD1	N	0.0	0.0	0.0	0.0	0.0	0.0	0.0	0.0	0.0	0.0	0.0	0.0	0.0	0.0	0.0	0.0	0.0	0.0	0.0	0.0
_scratch_st-cdeboer-1_asfar_VLPs_results_crispresso_aggregated_spacer_CBE6d_rep2_.staging_CRISPRessoPooled_on_CBE6d_D5_rep2_CRISPResso_on_PDCD1	-	0.0039765592298032	0.0054834658853076	0.0067496860611134	0.0108413562159899	0.0087275010464629	0.0069171201339472	0.0106006697362913	0.014430724152365	0.0084449560485558	0.0077647551276684	0.007450816241105	0.0068334030975303	0.0062473838426119	0.0055462536626203	0.005514859773964	0.0055357890330682	0.0042067810799497	0.003223105902051	0.0031707827542904	0.003034742570113
