Folder	Nucleotide	C	A	C	C	T	A	C	C	T	A	A	G	A	A	C	C	A	T	C	C
_scratch_st-cdeboer-1_asfar_VLPs_results_crispresso_aggregated_spacer_CBE6d_rep1_.staging_CRISPRessoPooled_on_CBE6d_D0_rep1_CRISPResso_on_PDCD1	A	7.79635910030016e-05	0.9997466183292404	1.94908977507504e-05	9.7454488753752e-05	0.0	0.9998148364713678	5.84726932522512e-05	8.77090398783768e-05	9.7454488753752e-06	0.999922036408997	0.9997758546758664	0.0001656726308813	0.9996394183916112	0.9997856001247416	2.92363466261256e-05	2.92363466261256e-05	0.9998245819202431	2.92363466261256e-05	4.8727244376876e-05	3.89817955015008e-05
_scratch_st-cdeboer-1_asfar_VLPs_results_crispresso_aggregated_spacer_CBE6d_rep1_.staging_CRISPRessoPooled_on_CBE6d_D0_rep1_CRISPResso_on_PDCD1	T	8.77090398783768e-05	2.92363466261256e-05	0.0001169453865045	9.7454488753752e-05	0.999688145635988	9.7454488753752e-06	7.79635910030016e-05	5.84726932522512e-05	0.9997271274314896	0.0	9.7454488753752e-06	6.82181421276264e-05	9.7454488753752e-06	0.0	1.94908977507504e-05	2.92363466261256e-05	0.0	0.9995809456983588	4.8727244376876e-05	7.79635910030016e-05
_scratch_st-cdeboer-1_asfar_VLPs_results_crispresso_aggregated_spacer_CBE6d_rep1_.staging_CRISPRessoPooled_on_CBE6d_D0_rep1_CRISPResso_on_PDCD1	C	0.9997758546758664	5.84726932522512e-05	0.9998343273691186	0.9997368728803648	0.0001169453865045	1.94908977507504e-05	0.9998538182668694	0.9998245819202431	8.77090398783768e-05	9.7454488753752e-06	4.8727244376876e-05	4.8727244376876e-05	9.7454488753752e-05	7.79635910030016e-05	0.9999512727556232	0.9999122909601216	2.92363466261256e-05	0.0002923634662612	0.9998830546134956	0.9998635637157448
_scratch_st-cdeboer-1_asfar_VLPs_results_crispresso_aggregated_spacer_CBE6d_rep1_.staging_CRISPRessoPooled_on_CBE6d_D0_rep1_CRISPResso_on_PDCD1	G	3.89817955015008e-05	0.0001656726308813	2.92363466261256e-05	6.82181421276264e-05	0.0001949089775075	0.0001461817331306	9.7454488753752e-06	2.92363466261256e-05	0.0001754180797567	5.84726932522512e-05	8.77090398783768e-05	0.9997173819826142	0.0002533816707597	0.0001364362842552	0.0	1.94908977507504e-05	0.0001461817331306	9.7454488753752e-05	1.94908977507504e-05	9.7454488753752e-06
_scratch_st-cdeboer-1_asfar_VLPs_results_crispresso_aggregated_spacer_CBE6d_rep1_.staging_CRISPRessoPooled_on_CBE6d_D0_rep1_CRISPResso_on_PDCD1	N	0.0	0.0	0.0	0.0	0.0	0.0	0.0	0.0	0.0	0.0	0.0	0.0	0.0	0.0	0.0	0.0	0.0	0.0	0.0	0.0
_scratch_st-cdeboer-1_asfar_VLPs_results_crispresso_aggregated_spacer_CBE6d_rep1_.staging_CRISPRessoPooled_on_CBE6d_D0_rep1_CRISPResso_on_PDCD1	-	1.94908977507504e-05	0.0	0.0	0.0	0.0	9.7454488753752e-06	0.0	0.0	0.0	9.7454488753752e-06	7.79635910030016e-05	0.0	0.0	0.0	0.0	9.7454488753752e-06	0.0	0.0	0.0	9.7454488753752e-06
_scratch_st-cdeboer-1_asfar_VLPs_results_crispresso_aggregated_spacer_CBE6d_rep1_.staging_CRISPRessoPooled_on_CBE6d_D1_rep1_CRISPResso_on_PDCD1	A	7.635433501737061e-05	0.9997836627174508	0.0001781601150405	0.0009926063552258	0.0	0.9998472913299652	0.0036522823583308	0.0003817716750868	0.0	0.999656405492422	0.9998091141624564	0.0001781601150405	0.9997327598274393	0.9998218398849594	6.362861251447551e-05	2.5451445005790203e-05	0.999885468497474	1.2725722502895102e-05	2.5451445005790203e-05	2.5451445005790203e-05
_scratch_st-cdeboer-1_asfar_VLPs_results_crispresso_aggregated_spacer_CBE6d_rep1_.staging_CRISPRessoPooled_on_CBE6d_D1_rep1_CRISPResso_on_PDCD1	T	5.090289001158041e-05	2.5451445005790203e-05	0.0004072231200926	0.0008908005752026	0.9994146167648668	2.5451445005790203e-05	0.0076990621142515	0.0002163372825492	0.9995673254349016	0.0	0.0	0.0001399829475318	0.0	1.2725722502895102e-05	6.362861251447551e-05	7.635433501737061e-05	0.0	0.999630954047416	8.908005752026571e-05	7.635433501737061e-05
_scratch_st-cdeboer-1_asfar_VLPs_results_crispresso_aggregated_spacer_CBE6d_rep1_.staging_CRISPRessoPooled_on_CBE6d_D1_rep1_CRISPResso_on_PDCD1	C	0.9998218398849594	3.8177167508685305e-05	0.999401891042364	0.997951158677034	0.000114531502526	3.8177167508685305e-05	0.9866507170944632	0.9983074789071148	0.0001908858375434	2.5451445005790203e-05	2.5451445005790203e-05	1.2725722502895102e-05	6.362861251447551e-05	8.908005752026571e-05	0.9998472913299652	0.9998727427749712	3.8177167508685305e-05	0.000241788727555	0.9998345656074624	0.9998472913299652
_scratch_st-cdeboer-1_asfar_VLPs_results_crispresso_aggregated_spacer_CBE6d_rep1_.staging_CRISPRessoPooled_on_CBE6d_D1_rep1_CRISPResso_on_PDCD1	G	0.0	0.0001399829475318	1.2725722502895102e-05	0.0001527086700347	7.635433501737061e-05	8.908005752026571e-05	0.0018961326529313	0.0009926063552258	0.0001272572250289	0.0002036115600463	0.0001272572250289	0.9996691312149248	0.0002036115600463	7.635433501737061e-05	2.5451445005790203e-05	2.5451445005790203e-05	7.635433501737061e-05	0.000114531502526	5.090289001158041e-05	3.8177167508685305e-05
_scratch_st-cdeboer-1_asfar_VLPs_results_crispresso_aggregated_spacer_CBE6d_rep1_.staging_CRISPRessoPooled_on_CBE6d_D1_rep1_CRISPResso_on_PDCD1	N	0.0	0.0	0.0	0.0	0.0	0.0	0.0	0.0	1.2725722502895102e-05	0.0	0.0	0.0	0.0	0.0	0.0	0.0	0.0	0.0	0.0	0.0
_scratch_st-cdeboer-1_asfar_VLPs_results_crispresso_aggregated_spacer_CBE6d_rep1_.staging_CRISPRessoPooled_on_CBE6d_D1_rep1_CRISPResso_on_PDCD1	-	5.090289001158041e-05	1.2725722502895102e-05	0.0	1.2725722502895102e-05	0.0003944973975897	0.0	0.0001018057800231	0.0001018057800231	0.0001018057800231	0.000114531502526	3.8177167508685305e-05	0.0	0.0	0.0	0.0	0.0	0.0	0.0	0.0	1.2725722502895102e-05
_scratch_st-cdeboer-1_asfar_VLPs_results_crispresso_aggregated_spacer_CBE6d_rep1_.staging_CRISPRessoPooled_on_CBE6d_D2_rep1_CRISPResso_on_PDCD1	A	0.0001294800082867	0.999015951937021	0.0005179200331468	0.0011135280712657	2.5896001657344107e-05	0.9985498239071888	0.0170913610938471	0.0015278640977833	2.5896001657344107e-05	0.9978506318624404	0.9984721359022168	7.768800497203231e-05	0.9985498239071888	0.9985239279055312	2.5896001657344107e-05	0.0	0.999015951937021	0.0	0.0	7.768800497203231e-05
_scratch_st-cdeboer-1_asfar_VLPs_results_crispresso_aggregated_spacer_CBE6d_rep1_.staging_CRISPRessoPooled_on_CBE6d_D2_rep1_CRISPResso_on_PDCD1	T	0.000155376009944	0.0001035840066293	0.0012948000828672	0.004065672260203	0.998575719908846	0.0	0.0371607623782887	0.0020975761342448	0.9976434638491816	0.0	0.0001035840066293	0.000155376009944	2.5896001657344107e-05	0.0	5.179200331468821e-05	2.5896001657344107e-05	0.0	0.9993008079552516	2.5896001657344107e-05	0.0001294800082867
_scratch_st-cdeboer-1_asfar_VLPs_results_crispresso_aggregated_spacer_CBE6d_rep1_.staging_CRISPRessoPooled_on_CBE6d_D2_rep1_CRISPResso_on_PDCD1	C	0.9994043919618812	7.768800497203231e-05	0.996840687797804	0.9919722394862234	0.0003107520198881	7.768800497203231e-05	0.9354153718665836	0.9900300393619224	7.768800497203231e-05	2.5896001657344107e-05	0.0	5.179200331468821e-05	2.5896001657344107e-05	0.0001035840066293	0.9987051999171328	0.9988605759270768	0.0001294800082867	0.000155376009944	0.9995079759685104	0.999326703956909
_scratch_st-cdeboer-1_asfar_VLPs_results_crispresso_aggregated_spacer_CBE6d_rep1_.staging_CRISPRessoPooled_on_CBE6d_D2_rep1_CRISPResso_on_PDCD1	G	0.0	0.0001812720116014	2.5896001657344107e-05	0.0010099440646364	0.0001294800082867	0.000155376009944	0.0082608245286927	0.0042728402734617	7.768800497203231e-05	0.0001294800082867	7.768800497203231e-05	0.9984462399005594	0.0001294800082867	0.000155376009944	0.0	0.0	0.0002589600165734	7.768800497203231e-05	0.0	0.0
_scratch_st-cdeboer-1_asfar_VLPs_results_crispresso_aggregated_spacer_CBE6d_rep1_.staging_CRISPRessoPooled_on_CBE6d_D2_rep1_CRISPResso_on_PDCD1	N	0.0	0.0	0.0	0.0	0.0	0.0	0.0	0.0	0.0	0.0	0.0	0.0	0.0	0.0	0.0	0.0	0.0	0.0	0.0	0.0
_scratch_st-cdeboer-1_asfar_VLPs_results_crispresso_aggregated_spacer_CBE6d_rep1_.staging_CRISPRessoPooled_on_CBE6d_D2_rep1_CRISPResso_on_PDCD1	-	0.0003107520198881	0.0006215040397762	0.0013206960845245	0.0018386161176714	0.0009581520613217	0.0012171120778951	0.0020716801325875	0.0020716801325875	0.0021752641392169	0.0019939921276154	0.0013465920861818	0.0012689040812098	0.0012689040812098	0.0012171120778951	0.0012171120778951	0.0011135280712657	0.0005956080381189	0.0004661280298321	0.0004661280298321	0.0004661280298321
_scratch_st-cdeboer-1_asfar_VLPs_results_crispresso_aggregated_spacer_CBE6d_rep1_.staging_CRISPRessoPooled_on_CBE6d_D3_rep1_CRISPResso_on_PDCD1	A	0.000336931206923	0.9961400688048992	0.0014127466395545	0.0076134630616997	0.0008571057018217	0.995200208069798	0.0369087448425881	0.0054795654178538	0.0001182214761133	0.9949282986747372	0.9956317164576116	0.000124132549919	0.9958799815574496	0.9963292231666804	3.5466442834005226e-05	4.7288590445340304e-05	0.9971508624256682	4.7288590445340304e-05	3.5466442834005226e-05	2.3644295222670152e-05
_scratch_st-cdeboer-1_asfar_VLPs_results_crispresso_aggregated_spacer_CBE6d_rep1_.staging_CRISPRessoPooled_on_CBE6d_D3_rep1_CRISPResso_on_PDCD1	T	0.000514263421093	8.275503327934552e-05	0.0041259295163559	0.0095522952699587	0.9930958657949804	0.0002068875831983	0.0985316892666721	0.0113137952640476	0.9944849681393122	4.137751663967276e-05	2.3644295222670152e-05	0.0001655100665586	3.5466442834005226e-05	1.1822147611335076e-05	6.502181186234291e-05	0.0001004882546963	2.3644295222670152e-05	0.9973991275255064	2.9555369028337687e-05	5.319966425100784e-05
_scratch_st-cdeboer-1_asfar_VLPs_results_crispresso_aggregated_spacer_CBE6d_rep1_.staging_CRISPRessoPooled_on_CBE6d_D3_rep1_CRISPResso_on_PDCD1	C	0.9965774882665184	0.0001123104023076	0.9900753070802842	0.9739262534432004	0.0008393724804047	1.7733221417002613e-05	0.8396739451688794	0.9608391360374524	8.866610708501307e-05	7.093288566801045e-05	5.9110738056675375e-05	0.000124132549919	8.275503327934552e-05	4.137751663967276e-05	0.9963706006833202	0.9963114899452634	6.502181186234291e-05	0.000265998321255	0.9978247248395145	0.9978601912823484
_scratch_st-cdeboer-1_asfar_VLPs_results_crispresso_aggregated_spacer_CBE6d_rep1_.staging_CRISPRessoPooled_on_CBE6d_D3_rep1_CRISPResso_on_PDCD1	G	7.093288566801045e-05	0.0001359546975303	0.00017733221417	0.0014659463038055	7.093288566801045e-05	0.000336931206923	0.018472105642711	0.0146299076690271	0.0002364429522267	0.0003664865759513	0.0001655100665586	0.9956317164576116	0.0001655100665586	0.0001477768451416	0.0	0.0	0.000141865771336	7.093288566801045e-05	2.9555369028337687e-05	5.911073805667538e-06
_scratch_st-cdeboer-1_asfar_VLPs_results_crispresso_aggregated_spacer_CBE6d_rep1_.staging_CRISPRessoPooled_on_CBE6d_D3_rep1_CRISPResso_on_PDCD1	N	0.0	0.0	0.0	0.0	0.0	0.0	0.0	5.911073805667538e-06	0.0	0.0	5.911073805667538e-06	0.0	0.0	0.0	0.0	0.0	0.0	0.0	0.0	0.0
_scratch_st-cdeboer-1_asfar_VLPs_results_crispresso_aggregated_spacer_CBE6d_rep1_.staging_CRISPRessoPooled_on_CBE6d_D3_rep1_CRISPResso_on_PDCD1	-	0.0025003842197973	0.0035289110619835	0.0042086845496352	0.0074420419213354	0.005136723137125	0.0042382399186636	0.0064135150791492	0.0077316845378131	0.0050717013252627	0.0045929043470036	0.0041141073687446	0.0039545083759915	0.0038362868998782	0.0034698003239268	0.0035289110619835	0.0035407332095948	0.0026186056959107	0.0022166526771253	0.0020806979795949	0.0020570536843723
_scratch_st-cdeboer-1_asfar_VLPs_results_crispresso_aggregated_spacer_CBE6d_rep1_.staging_CRISPRessoPooled_on_CBE6d_D4_rep1_CRISPResso_on_PDCD1	A	2.1889661512867477e-05	0.991360880256255	0.0028091732274846	0.0185697295167492	0.0015249797520631	0.9920832390861796	0.0899008398333467	0.013644555676354	0.0001605241844276	0.9889019416129762	0.9912149491795024	4.377932302573495e-05	0.9916746320712728	0.9926231840701636	2.9186215350489965e-05	3.6482769188112456e-05	0.9951186054826304	0.0001167448614019	8.02620922138474e-05	5.107587686335744e-05
_scratch_st-cdeboer-1_asfar_VLPs_results_crispresso_aggregated_spacer_CBE6d_rep1_.staging_CRISPRessoPooled_on_CBE6d_D4_rep1_CRISPResso_on_PDCD1	T	0.000926662337378	0.0001824138459405	0.0123165828779067	0.0307622709794164	0.987588561922204	0.0002188966151286	0.234372605818272	0.039583804569102	0.9889603140436772	0.0002480828304791	2.9186215350489965e-05	0.0001751172921029	8.02620922138474e-05	4.377932302573495e-05	5.107587686335744e-05	3.6482769188112456e-05	0.0	0.9954907297283492	7.296553837622491e-05	2.1889661512867477e-05
_scratch_st-cdeboer-1_asfar_VLPs_results_crispresso_aggregated_spacer_CBE6d_rep1_.staging_CRISPRessoPooled_on_CBE6d_D4_rep1_CRISPResso_on_PDCD1	C	0.9944400259757316	0.0002918621535048	0.9745861029835609	0.930668145434911	0.0018752143362689	9.485519988909238e-05	0.6177189513392825	0.8970675150126595	0.0002188966151286	0.0001970069536158	7.296553837622491e-05	4.377932302573495e-05	0.0002991587073425	6.566898453860241e-05	0.9929807152082072	0.993236094592524	0.0001824138459405	0.0003502345842058	0.9959285229586068	0.9960890471430344
_scratch_st-cdeboer-1_asfar_VLPs_results_crispresso_aggregated_spacer_CBE6d_rep1_.staging_CRISPRessoPooled_on_CBE6d_D4_rep1_CRISPResso_on_PDCD1	G	6.566898453860241e-05	0.00015322763059	0.000809917475976	0.0041006632567438	0.0001386345229148	0.0004013104610692	0.0438303989025983	0.0328636784846517	0.0001167448614019	0.0002991587073425	0.0001167448614019	0.9919883838862904	0.0002188966151286	0.0001824138459405	1.4593107675244982e-05	1.4593107675244982e-05	8.75586460514699e-05	5.837243070097993e-05	1.4593107675244982e-05	1.4593107675244982e-05
_scratch_st-cdeboer-1_asfar_VLPs_results_crispresso_aggregated_spacer_CBE6d_rep1_.staging_CRISPRessoPooled_on_CBE6d_D4_rep1_CRISPResso_on_PDCD1	N	0.0	0.0	0.0	0.0	7.296553837622491e-06	0.0	0.0	0.0	0.0	0.0	0.0	0.0	0.0	0.0	0.0	0.0	0.0	0.0	0.0	0.0
_scratch_st-cdeboer-1_asfar_VLPs_results_crispresso_aggregated_spacer_CBE6d_rep1_.staging_CRISPRessoPooled_on_CBE6d_D4_rep1_CRISPResso_on_PDCD1	-	0.0045457530408388	0.0080116161137094	0.0094782234350716	0.0158991908121794	0.0088653129127113	0.0072016986377333	0.0141772041065005	0.0168404462572327	0.0105435202953645	0.0103538098955863	0.0085661542053688	0.007748940175555	0.0077270505140422	0.0070849537763314	0.0069244295919037	0.0066763467614245	0.0046114220253774	0.0039839183953418	0.003903656303128	0.0038233942109141
_scratch_st-cdeboer-1_asfar_VLPs_results_crispresso_aggregated_spacer_CBE6d_rep1_.staging_CRISPRessoPooled_on_CBE6d_D5_rep1_CRISPResso_on_PDCD1	A	0.0001087350489307	0.99363899963755	0.0014860456687205	0.0138455962305183	0.0022109459949256	0.991409931134469	0.0710039869517941	0.009441826748822	0.000144980065241	0.9910293584632112	0.9926422616890178	0.0001087350489307	0.9932765494744472	0.9932040594418268	0.0	1.812250815512867e-05	0.9953787604204422	9.061254077564336e-05	0.0001087350489307	7.249003262051468e-05
_scratch_st-cdeboer-1_asfar_VLPs_results_crispresso_aggregated_spacer_CBE6d_rep1_.staging_CRISPRessoPooled_on_CBE6d_D5_rep1_CRISPResso_on_PDCD1	T	0.0002718376223269	0.0002355926060166	0.0086625588981515	0.0162740123233055	0.9879485320768394	0.0002355926060166	0.1723269300471185	0.0210221094599492	0.9906669083001088	0.0	0.0	0.0001631025733961	0.0	0.0	7.249003262051468e-05	0.0001812250815512	0.0	0.9961036607466474	9.061254077564336e-05	1.812250815512867e-05
_scratch_st-cdeboer-1_asfar_VLPs_results_crispresso_aggregated_spacer_CBE6d_rep1_.staging_CRISPRessoPooled_on_CBE6d_D5_rep1_CRISPResso_on_PDCD1	C	0.9946538600942372	0.0002355926060166	0.9821855744835084	0.9524465386009424	0.0009786154403769	5.4367524465386007e-05	0.7086988039144617	0.9291228706052918	0.0001812250815512	3.624501631025734e-05	3.624501631025734e-05	0.0	5.4367524465386007e-05	9.061254077564336e-05	0.993530264588619	0.993385284523378	0.0001087350489307	0.0001631025733961	0.9961761507792678	0.9962667633200436
_scratch_st-cdeboer-1_asfar_VLPs_results_crispresso_aggregated_spacer_CBE6d_rep1_.staging_CRISPRessoPooled_on_CBE6d_D5_rep1_CRISPResso_on_PDCD1	G	5.4367524465386007e-05	0.0001087350489307	0.0001087350489307	0.0037332366799565	0.000144980065241	9.061254077564336e-05	0.0364987314244291	0.0262413918086263	0.0001812250815512	0.0002537151141718	0.0001812250815512	0.9928416092787242	0.0002718376223269	0.000289960130482	0.0	3.624501631025734e-05	0.0001268575570859	1.812250815512867e-05	0.0	0.0001087350489307
_scratch_st-cdeboer-1_asfar_VLPs_results_crispresso_aggregated_spacer_CBE6d_rep1_.staging_CRISPRessoPooled_on_CBE6d_D5_rep1_CRISPResso_on_PDCD1	N	0.0	0.0	0.0	0.0	0.0	0.0	3.624501631025734e-05	0.0	0.0	0.0	0.0	0.0	0.0	0.0	0.0	0.0	0.0	0.0	0.0	1.812250815512867e-05
_scratch_st-cdeboer-1_asfar_VLPs_results_crispresso_aggregated_spacer_CBE6d_rep1_.staging_CRISPRessoPooled_on_CBE6d_D5_rep1_CRISPResso_on_PDCD1	-	0.0049111997100398	0.005781080101486	0.0075570859006886	0.0137006161652772	0.0087169264226168	0.0082094961942732	0.0114353026458861	0.0141718013773106	0.0088256614715476	0.0086806814063066	0.0071402682131206	0.0068865530989488	0.0063972453787604	0.0064153678869155	0.0063972453787604	0.0063791228706052	0.0043856469735411	0.0036245016310257	0.0036245016310257	0.0035157665820949
