Folder	Nucleotide	G	G	C	C	C	A	G	A	C	T	G	A	G	C	A	C	G	T	G	A
_scratch_st-cdeboer-1_asfar_VLPs_results_crispresso_aggregated_spacer_CBE6d_rep2_.staging_CRISPRessoPooled_on_CBE6d_D0_rep2_CRISPResso_on_HEK3	A	0.0	6.311803071744161e-05	0.0	0.0	2.1039343572480537e-05	0.9998527245949926	2.1039343572480537e-05	0.9998948032821376	2.1039343572480537e-05	0.0	4.207868714496108e-05	0.9998316852514202	8.415737428992215e-05	6.311803071744161e-05	0.9999368819692824	4.207868714496108e-05	2.1039343572480537e-05	0.0	2.1039343572480537e-05	0.9997264885335576
_scratch_st-cdeboer-1_asfar_VLPs_results_crispresso_aggregated_spacer_CBE6d_rep2_.staging_CRISPRessoPooled_on_CBE6d_D0_rep2_CRISPResso_on_HEK3	T	0.0001051967178624	0.0	4.207868714496108e-05	4.207868714496108e-05	0.0	0.0	0.0001051967178624	0.0	0.0	0.9998527245949926	4.207868714496108e-05	0.0	4.207868714496108e-05	8.415737428992215e-05	0.0	2.1039343572480537e-05	4.207868714496108e-05	0.9998106459078476	0.0	0.0
_scratch_st-cdeboer-1_asfar_VLPs_results_crispresso_aggregated_spacer_CBE6d_rep2_.staging_CRISPRessoPooled_on_CBE6d_D0_rep2_CRISPResso_on_HEK3	C	2.1039343572480537e-05	0.0001262360614348	0.999957921312855	0.9999368819692824	0.9999789606564276	6.311803071744161e-05	6.311803071744161e-05	2.1039343572480537e-05	0.9999789606564276	8.415737428992215e-05	6.311803071744161e-05	6.311803071744161e-05	8.415737428992215e-05	0.9998527245949926	0.0	0.9999368819692824	8.415737428992215e-05	0.0001262360614348	8.415737428992215e-05	4.207868714496108e-05
_scratch_st-cdeboer-1_asfar_VLPs_results_crispresso_aggregated_spacer_CBE6d_rep2_.staging_CRISPRessoPooled_on_CBE6d_D0_rep2_CRISPResso_on_HEK3	G	0.9998737639385652	0.9997264885335576	0.0	2.1039343572480537e-05	0.0	8.415737428992215e-05	0.9998106459078476	8.415737428992215e-05	0.0	6.311803071744161e-05	0.9998527245949926	0.0001051967178624	0.9997896065642752	0.0	6.311803071744161e-05	0.0	0.9998527245949926	6.311803071744161e-05	0.9998948032821376	0.0002314327792972
_scratch_st-cdeboer-1_asfar_VLPs_results_crispresso_aggregated_spacer_CBE6d_rep2_.staging_CRISPRessoPooled_on_CBE6d_D0_rep2_CRISPResso_on_HEK3	N	0.0	0.0	0.0	0.0	0.0	0.0	0.0	0.0	0.0	0.0	0.0	0.0	0.0	0.0	0.0	0.0	0.0	0.0	0.0	0.0
_scratch_st-cdeboer-1_asfar_VLPs_results_crispresso_aggregated_spacer_CBE6d_rep2_.staging_CRISPRessoPooled_on_CBE6d_D0_rep2_CRISPResso_on_HEK3	-	0.0	8.415737428992215e-05	0.0	0.0	0.0	0.0	0.0	0.0	0.0	0.0	0.0	0.0	0.0	0.0	0.0	0.0	0.0	0.0	0.0	0.0
_scratch_st-cdeboer-1_asfar_VLPs_results_crispresso_aggregated_spacer_CBE6d_rep2_.staging_CRISPRessoPooled_on_CBE6d_D1_rep2_CRISPResso_on_HEK3	A	0.0002236302646291	0.0025344763324636	0.0093924711144241	0.0377189713007827	0.0097651882221393	0.9902348117778608	0.0002236302646291	0.9903093551994036	0.0073797987327618	7.454342154304882e-05	7.454342154304882e-05	0.9928438315318672	0.000149086843086	0.0	0.995527394707417	7.454342154304882e-05	0.0	0.0	0.000149086843086	0.9983600447260528
_scratch_st-cdeboer-1_asfar_VLPs_results_crispresso_aggregated_spacer_CBE6d_rep2_.staging_CRISPRessoPooled_on_CBE6d_D1_rep2_CRISPResso_on_HEK3	T	0.0	0.0036526276556093	0.065672754379426	0.109951546775997	0.0758852031308237	0.000149086843086	0.0002236302646291	0.000149086843086	0.0038762579202385	0.9919493104733508	0.0005963473723443	0.0005963473723443	0.0002236302646291	0.0	0.0	0.0	0.0	0.997167349981364	0.0	0.0
_scratch_st-cdeboer-1_asfar_VLPs_results_crispresso_aggregated_spacer_CBE6d_rep2_.staging_CRISPRessoPooled_on_CBE6d_D1_rep2_CRISPResso_on_HEK3	C	0.0	0.0	0.9156168468132688	0.8158032053671264	0.8429370108087961	0.000149086843086	0.0	0.0002236302646291	0.9745061498322772	0.0004472605292582	0.000149086843086	0.000149086843086	0.0	0.9951546775997018	0.0002236302646291	0.9959746552366754	0.0002236302646291	0.000149086843086	0.0	0.000149086843086
_scratch_st-cdeboer-1_asfar_VLPs_results_crispresso_aggregated_spacer_CBE6d_rep2_.staging_CRISPRessoPooled_on_CBE6d_D1_rep2_CRISPResso_on_HEK3	G	0.993738352590384	0.9810659709280656	0.0012672381662318	0.0266865449124114	0.0310100633619083	0.0006708907938874	0.990756615728662	0.0003727171077152	0.0047707789787551	7.454342154304882e-05	0.992471114424152	0.0002981736861721	0.9941110696980991	0.0	0.000149086843086	7.454342154304882e-05	0.9966455460305628	0.000149086843086	0.9973909802459932	0.0
_scratch_st-cdeboer-1_asfar_VLPs_results_crispresso_aggregated_spacer_CBE6d_rep2_.staging_CRISPRessoPooled_on_CBE6d_D1_rep2_CRISPResso_on_HEK3	N	0.0	0.0	0.0	0.0	0.0	0.0	0.0	0.0	0.0	0.0	0.0	0.0	0.0	0.0	0.0	0.0	0.0	0.0	0.0	0.0
_scratch_st-cdeboer-1_asfar_VLPs_results_crispresso_aggregated_spacer_CBE6d_rep2_.staging_CRISPRessoPooled_on_CBE6d_D1_rep2_CRISPResso_on_HEK3	-	0.0060380171449869	0.0127469250838613	0.0080506895266492	0.0098397316436824	0.0404025344763324	0.0087961237420797	0.0087961237420797	0.0089452105851658	0.0094670145359672	0.0074543421543048	0.0067089079388743	0.00611256056653	0.0055162131941856	0.0048453224002981	0.0040998881848676	0.0038762579202385	0.003130823704808	0.0025344763324636	0.0024599329109206	0.0014908684308609
_scratch_st-cdeboer-1_asfar_VLPs_results_crispresso_aggregated_spacer_CBE6d_rep2_.staging_CRISPRessoPooled_on_CBE6d_D2_rep2_CRISPResso_on_HEK3	A	0.0006330616443776	0.0040357679829073	0.0185961858035926	0.0716942312257656	0.0200997072089894	0.9827490701907098	0.0002373981166416	0.9814038141964072	0.0159848065205349	7.913270554720265e-05	7.913270554720265e-05	0.9868639708791644	7.913270554720265e-05	0.0	0.9905832080398828	0.0001582654110944	0.0001582654110944	7.913270554720265e-05	0.0	0.9962016301337344
_scratch_st-cdeboer-1_asfar_VLPs_results_crispresso_aggregated_spacer_CBE6d_rep2_.staging_CRISPRessoPooled_on_CBE6d_D2_rep2_CRISPResso_on_HEK3	T	0.0003165308221888	0.0127403655930996	0.1535965814671203	0.2481601645960275	0.1486903537231938	0.0001582654110944	0.000395663527736	0.0002373981166416	0.0087045976101922	0.9840943261850122	0.0001582654110944	0.0001582654110944	0.0	0.0001582654110944	0.000395663527736	0.0001582654110944	0.0001582654110944	0.9931945873229404	7.913270554720265e-05	0.0
_scratch_st-cdeboer-1_asfar_VLPs_results_crispresso_aggregated_spacer_CBE6d_rep2_.staging_CRISPRessoPooled_on_CBE6d_D2_rep2_CRISPResso_on_HEK3	C	0.0001582654110944	0.0002373981166416	0.8096858431589776	0.6107462214133101	0.673973253145525	0.000395663527736	0.0002373981166416	0.0004747962332832	0.946901954577827	0.0004747962332832	7.913270554720265e-05	0.0	0.0001582654110944	0.989475350162222	0.0001582654110944	0.9905832080398828	0.0001582654110944	0.0003165308221888	7.913270554720265e-05	7.913270554720265e-05
_scratch_st-cdeboer-1_asfar_VLPs_results_crispresso_aggregated_spacer_CBE6d_rep2_.staging_CRISPRessoPooled_on_CBE6d_D2_rep2_CRISPResso_on_HEK3	G	0.9865474400569756	0.9639946189760228	0.0034027063385297	0.0506449315502097	0.0658384110152726	0.0	0.9827490701907098	0.0007121943499248	0.0102872517211363	0.0001582654110944	0.9843317243016538	0.000395663527736	0.9883674922845612	0.0002373981166416	7.913270554720265e-05	0.0002373981166416	0.9915328005064492	0.0002373981166416	0.9943815779061486	0.0
_scratch_st-cdeboer-1_asfar_VLPs_results_crispresso_aggregated_spacer_CBE6d_rep2_.staging_CRISPRessoPooled_on_CBE6d_D2_rep2_CRISPResso_on_HEK3	N	0.0	0.0	0.0	0.0	0.0	0.0	0.0	0.0	0.0	0.0	0.0	0.0	0.0	0.0	0.0	0.0	0.0	0.0	0.0	0.0
_scratch_st-cdeboer-1_asfar_VLPs_results_crispresso_aggregated_spacer_CBE6d_rep2_.staging_CRISPRessoPooled_on_CBE6d_D2_rep2_CRISPResso_on_HEK3	-	0.0123447020653636	0.0189918493313286	0.0147186832317796	0.018754451214687	0.091398274907019	0.0166970008704597	0.0163804700482709	0.0171717971037429	0.0181213895703094	0.0151934794650629	0.0153517448761573	0.0125821001820052	0.0113951095987971	0.0101289863100419	0.0087837303157394	0.0088628630212866	0.0079924032602674	0.0061723510326818	0.0054601566827569	0.0037192371607185
_scratch_st-cdeboer-1_asfar_VLPs_results_crispresso_aggregated_spacer_CBE6d_rep2_.staging_CRISPRessoPooled_on_CBE6d_D3_rep2_CRISPResso_on_HEK3	A	0.0006030371141933	0.0080587687078559	0.0276300641412203	0.0915519982457102	0.0217641576667945	0.9725892220821228	0.0003837508908502	0.972972972972973	0.0224768378926593	0.0001096431116715	5.4821555835754616e-05	0.9787292363357272	5.4821555835754616e-05	0.000219286223343	0.9847047859218244	0.000219286223343	0.000219286223343	0.0001644646675072	0.0001644646675072	0.9930376624088592
_scratch_st-cdeboer-1_asfar_VLPs_results_crispresso_aggregated_spacer_CBE6d_rep2_.staging_CRISPRessoPooled_on_CBE6d_D3_rep2_CRISPResso_on_HEK3	T	0.0006030371141933	0.0169946823090839	0.2130365659777424	0.3277780823419768	0.1886409736308316	0.0006030371141933	0.0007126802258648	0.0009867880050435	0.0158982511923688	0.975878515432268	0.0003289293350145	0.0001644646675072	0.0001096431116715	0.0001644646675072	0.0001096431116715	5.4821555835754616e-05	0.000219286223343	0.9911189079546078	0.0	0.0001644646675072
_scratch_st-cdeboer-1_asfar_VLPs_results_crispresso_aggregated_spacer_CBE6d_rep2_.staging_CRISPRessoPooled_on_CBE6d_D3_rep2_CRISPResso_on_HEK3	C	0.000219286223343	0.0007126802258648	0.7307713392906091	0.4813880817937613	0.5766131242804671	0.0	0.000219286223343	0.000438572446686	0.9225919631599144	0.0002741077791787	0.0	0.0	5.4821555835754616e-05	0.9824571021325584	0.0001644646675072	0.986130146373554	0.0001644646675072	0.0	0.0	0.0001096431116715
_scratch_st-cdeboer-1_asfar_VLPs_results_crispresso_aggregated_spacer_CBE6d_rep2_.staging_CRISPRessoPooled_on_CBE6d_D3_rep2_CRISPResso_on_HEK3	G	0.9778520914423552	0.9425470094841292	0.0030151855709665	0.0670467627871279	0.0843703744312263	0.0003289293350145	0.972972972972973	0.0001644646675072	0.0123896716188805	0.0	0.9769201249931472	0.000219286223343	0.9809769201249932	0.0003837508908502	5.4821555835754616e-05	0.0001644646675072	0.9893646181678636	0.000219286223343	0.9921605175154872	0.0003837508908502
_scratch_st-cdeboer-1_asfar_VLPs_results_crispresso_aggregated_spacer_CBE6d_rep2_.staging_CRISPRessoPooled_on_CBE6d_D3_rep2_CRISPResso_on_HEK3	N	0.0	0.0	0.0	0.0	0.0	0.0	0.0	0.0	0.0	0.0	0.0	0.0	0.0	0.0	0.0	0.0	0.0	0.0	0.0	5.4821555835754616e-05
_scratch_st-cdeboer-1_asfar_VLPs_results_crispresso_aggregated_spacer_CBE6d_rep2_.staging_CRISPRessoPooled_on_CBE6d_D3_rep2_CRISPResso_on_HEK3	-	0.0207225481059152	0.0316868592730661	0.0255468450194616	0.0322350748314237	0.1286113699906803	0.0264788114686694	0.0257113096869689	0.0254372019077901	0.0266432761361767	0.0237377336768817	0.0226961241160024	0.0208870127734225	0.0188037936516638	0.0167753960857409	0.014966284743161	0.0134312811797598	0.010032344717943	0.0084973411545419	0.0076750178170056	0.006249657365276
_scratch_st-cdeboer-1_asfar_VLPs_results_crispresso_aggregated_spacer_CBE6d_rep2_.staging_CRISPRessoPooled_on_CBE6d_D4_rep2_CRISPResso_on_HEK3	A	0.0008390344649541	0.0093584613398735	0.0340777074996772	0.1139150638957015	0.0258809861882018	0.9684393958951852	0.0001290822253775	0.9668904091906544	0.0334968374854782	0.0003872466761326	0.0001936233380663	0.9741835549244868	0.0002581644507551	0.0001290822253775	0.9840583451658708	6.454111268878275e-05	0.0003227055634439	0.0005163289015102	0.0001290822253775	0.9926423131534788
_scratch_st-cdeboer-1_asfar_VLPs_results_crispresso_aggregated_spacer_CBE6d_rep2_.staging_CRISPRessoPooled_on_CBE6d_D4_rep2_CRISPResso_on_HEK3	T	0.0006454111268878	0.0200077449335226	0.2696527688137343	0.4069317155027753	0.24390086485091	0.0007099522395766	0.0007744933522653	0.0003872466761326	0.0217503549761197	0.9701174648250936	0.0003872466761326	0.0001290822253775	0.0003227055634439	0.0008390344649541	6.454111268878275e-05	0.000580870014199	0.0003872466761326	0.9896734219697948	0.0002581644507551	0.0
_scratch_st-cdeboer-1_asfar_VLPs_results_crispresso_aggregated_spacer_CBE6d_rep2_.staging_CRISPRessoPooled_on_CBE6d_D4_rep2_CRISPResso_on_HEK3	C	0.0003227055634439	0.0005163289015102	0.6672260229766361	0.3618820188460049	0.4760552471924616	0.0003872466761326	0.0003872466761326	0.0001936233380663	0.8934426229508197	0.0001290822253775	0.0003872466761326	0.0001290822253775	0.0003227055634439	0.9796050083903448	0.0003227055634439	0.9848973796308248	6.454111268878275e-05	0.0001290822253775	6.454111268878275e-05	6.454111268878275e-05
_scratch_st-cdeboer-1_asfar_VLPs_results_crispresso_aggregated_spacer_CBE6d_rep2_.staging_CRISPRessoPooled_on_CBE6d_D4_rep2_CRISPResso_on_HEK3	G	0.9781851039111914	0.9382986962695236	0.0038724667613269	0.08377436427004	0.1024267458370982	0.0004517877888214	0.9675358203175424	0.0003227055634439	0.0176197237640376	0.0001290822253775	0.9710210404027364	0.000580870014199	0.9767006583193494	6.454111268878275e-05	6.454111268878275e-05	0.0003227055634439	0.9874790241383762	6.454111268878275e-05	0.9907060797728152	0.0004517877888214
_scratch_st-cdeboer-1_asfar_VLPs_results_crispresso_aggregated_spacer_CBE6d_rep2_.staging_CRISPRessoPooled_on_CBE6d_D4_rep2_CRISPResso_on_HEK3	N	0.0	0.0	0.0	0.0	0.0	0.0	0.0	0.0	0.0	0.0	0.0	0.0	0.0	0.0	0.0	0.0	0.0	6.454111268878275e-05	0.0	0.0
_scratch_st-cdeboer-1_asfar_VLPs_results_crispresso_aggregated_spacer_CBE6d_rep2_.staging_CRISPRessoPooled_on_CBE6d_D4_rep2_CRISPResso_on_HEK3	-	0.0200077449335226	0.0318187685555699	0.0251710339486252	0.0334968374854782	0.1517361559313282	0.0300116174002839	0.031173357428682	0.0322060152317025	0.0336904608235446	0.0292371240480185	0.0280108429069317	0.0249774106105589	0.0223957661030076	0.0193623338066348	0.0154898670453078	0.0141345036788434	0.0117464825093584	0.0095520846779398	0.0088421324383632	0.0068413579450109
_scratch_st-cdeboer-1_asfar_VLPs_results_crispresso_aggregated_spacer_CBE6d_rep2_.staging_CRISPRessoPooled_on_CBE6d_D5_rep2_CRISPResso_on_HEK3	A	0.0012123967568386	0.010911570811548	0.0370917632795332	0.1231719330150791	0.0298173827385011	0.9650299310449344	0.0001515495946048	0.9649920436462832	0.0330378116238539	0.0003030991892096	0.0001136621959536	0.9748427672955976	0.000189436993256	7.577479730241721e-05	0.9829506706069562	3.788739865120861e-05	0.0	7.577479730241721e-05	0.0001136621959536	0.9940895658104114
_scratch_st-cdeboer-1_asfar_VLPs_results_crispresso_aggregated_spacer_CBE6d_rep2_.staging_CRISPRessoPooled_on_CBE6d_D5_rep2_CRISPResso_on_HEK3	T	0.0009850723649314	0.0209517314541183	0.2848374630597863	0.4217625217852542	0.2431234371448056	0.0007577479730241	0.000909297567629	0.000378873986512	0.0200803212851405	0.9709782526331742	0.0004546487838145	0.000378873986512	0.000378873986512	0.0006061983784193	0.0	0.000378873986512	0.0001515495946048	0.9901113889520344	0.000189436993256	0.0001136621959536
_scratch_st-cdeboer-1_asfar_VLPs_results_crispresso_aggregated_spacer_CBE6d_rep2_.staging_CRISPRessoPooled_on_CBE6d_D5_rep2_CRISPResso_on_HEK3	C	0.0006061983784193	0.0005683109797681	0.6449571872395241	0.3340910813063575	0.4593468212472532	0.0007198605743729	0.0004167613851632	0.0006819731757217	0.8937258467833599	0.0001136621959536	7.577479730241721e-05	0.0001515495946048	7.577479730241721e-05	0.9793513677350912	0.000189436993256	0.9844661665530045	0.0003030991892096	0.0002273243919072	3.788739865120861e-05	7.577479730241721e-05
_scratch_st-cdeboer-1_asfar_VLPs_results_crispresso_aggregated_spacer_CBE6d_rep2_.staging_CRISPRessoPooled_on_CBE6d_D5_rep2_CRISPResso_on_HEK3	G	0.9745396681063878	0.9356293096915964	0.0046601500340986	0.0826703038569371	0.1028642873380313	0.0005683109797681	0.964764719254376	0.0008714101689777	0.0192846859134651	0.0002273243919072	0.9720769871940592	0.0006061983784193	0.9770023490187164	0.0001136621959536	7.577479730241721e-05	3.788739865120861e-05	0.9879139198302644	0.000189436993256	0.9915132227021292	0.0002273243919072
_scratch_st-cdeboer-1_asfar_VLPs_results_crispresso_aggregated_spacer_CBE6d_rep2_.staging_CRISPRessoPooled_on_CBE6d_D5_rep2_CRISPResso_on_HEK3	N	0.0	0.0	0.0	0.0	0.0	0.0	0.0	0.0	0.0	0.0	0.0	0.0	0.0	0.0	0.0	0.0	0.0	0.0	0.0	0.0
_scratch_st-cdeboer-1_asfar_VLPs_results_crispresso_aggregated_spacer_CBE6d_rep2_.staging_CRISPRessoPooled_on_CBE6d_D5_rep2_CRISPResso_on_HEK3	-	0.0226566643934227	0.0319390770629688	0.0284534363870576	0.0383041600363719	0.1648480715314086	0.0329241494279002	0.0337576721982268	0.0330756990225051	0.0338713343941805	0.0283776615897552	0.0272789270288702	0.0240206107448662	0.022353565204213	0.0198529968932333	0.0167841176024854	0.015079184663181	0.011631431385921	0.0093960748654997	0.0081457907100098	0.0054936728044252
