Folder	Nucleotide	G	G	A	G	G	C	T	A	T	C	C	A	G	C	G	T	G	A	G	T
_scratch_st-cdeboer-1_asfar_VLPs_results_crispresso_aggregated_spacer_CBE6d_rep3_.staging_CRISPRessoPooled_on_CBE6d_D0_rep3_CRISPResso_on_B2M	A	0.0001729681331651	0.0	0.9997659842904236	3.052378820560824e-05	0.000152618941028	1.0174596068536078e-05	1.0174596068536078e-05	0.9998779048471776	0.0	5.08729803426804e-05	5.08729803426804e-05	0.9997558096943552	4.0698384274144313e-05	1.0174596068536078e-05	6.104757641121647e-05	0.0	8.139676854828863e-05	0.9997558096943552	2.034919213707216e-05	1.0174596068536078e-05
_scratch_st-cdeboer-1_asfar_VLPs_results_crispresso_aggregated_spacer_CBE6d_rep3_.staging_CRISPRessoPooled_on_CBE6d_D0_rep3_CRISPResso_on_B2M	T	0.0002238411135077	0.0004171584388099	2.034919213707216e-05	0.0003866346506043	2.034919213707216e-05	6.104757641121647e-05	0.9996642383297384	1.0174596068536078e-05	0.999735460502218	6.104757641121647e-05	0.0001017459606853	0.0	6.104757641121647e-05	0.0001424443449595	6.104757641121647e-05	0.999806682674698	0.0001220951528224	1.0174596068536078e-05	0.0001424443449595	0.9996744129258068
_scratch_st-cdeboer-1_asfar_VLPs_results_crispresso_aggregated_spacer_CBE6d_rep3_.staging_CRISPRessoPooled_on_CBE6d_D0_rep3_CRISPResso_on_B2M	C	5.08729803426804e-05	6.104757641121647e-05	1.0174596068536078e-05	6.104757641121647e-05	5.08729803426804e-05	0.9999186032314518	0.0002034919213707	4.0698384274144313e-05	0.0001322697488909	0.9998779048471776	0.9998168572707664	9.157136461682472e-05	6.104757641121647e-05	0.9998270318668347	2.034919213707216e-05	0.0001220951528224	0.0001933173253021	3.052378820560824e-05	4.0698384274144313e-05	0.000152618941028
_scratch_st-cdeboer-1_asfar_VLPs_results_crispresso_aggregated_spacer_CBE6d_rep3_.staging_CRISPRessoPooled_on_CBE6d_D0_rep3_CRISPResso_on_B2M	G	0.9995523177729844	0.9994403972162306	0.0002034919213707	0.9995217939847788	0.9997761588864922	1.0174596068536078e-05	0.0001220951528224	7.122217247975256e-05	0.0001322697488909	1.0174596068536078e-05	3.052378820560824e-05	0.000152618941028	0.9998372064629034	2.034919213707216e-05	0.9998575556550404	7.122217247975256e-05	0.999603190753327	0.0002034919213707	0.9997965080786292	0.0001627935370965
_scratch_st-cdeboer-1_asfar_VLPs_results_crispresso_aggregated_spacer_CBE6d_rep3_.staging_CRISPRessoPooled_on_CBE6d_D0_rep3_CRISPResso_on_B2M	N	0.0	0.0	0.0	0.0	0.0	0.0	0.0	0.0	0.0	0.0	0.0	0.0	0.0	0.0	0.0	0.0	0.0	0.0	0.0	0.0
_scratch_st-cdeboer-1_asfar_VLPs_results_crispresso_aggregated_spacer_CBE6d_rep3_.staging_CRISPRessoPooled_on_CBE6d_D0_rep3_CRISPResso_on_B2M	-	0.0	8.139676854828863e-05	0.0	0.0	0.0	0.0	0.0	0.0	0.0	0.0	0.0	0.0	0.0	0.0	0.0	0.0	0.0	0.0	0.0	0.0
_scratch_st-cdeboer-1_asfar_VLPs_results_crispresso_aggregated_spacer_CBE6d_rep3_.staging_CRISPRessoPooled_on_CBE6d_D1_rep3_CRISPResso_on_B2M	A	0.0001177370930711	0.0	0.9982045093306646	0.0002943427326779	0.0003826455524813	0.0002649084594101	0.0	0.9959675045623124	5.8868546535586034e-05	0.0001177370930711	5.8868546535586034e-05	0.9947018308117972	0.0134808971566492	8.830281980337905e-05	0.0149526108200388	0.0	0.0089185848001412	0.9966739271207394	0.0004120798257491	0.0
_scratch_st-cdeboer-1_asfar_VLPs_results_crispresso_aggregated_spacer_CBE6d_rep3_.staging_CRISPRessoPooled_on_CBE6d_D1_rep3_CRISPResso_on_B2M	T	0.0001177370930711	0.0003532112792135	0.0001177370930711	0.0001766056396067	0.0001766056396067	5.8868546535586034e-05	0.996026373108848	2.9434273267793017e-05	0.995025607817743	0.0001177370930711	2.9434273267793017e-05	0.0002354741861423	0.0052393006416671	0.0001471713663389	0.0075057396832872	0.9964090186613292	0.0008241596514982	0.0004120798257491	0.0003532112792135	0.997704126685112
_scratch_st-cdeboer-1_asfar_VLPs_results_crispresso_aggregated_spacer_CBE6d_rep3_.staging_CRISPRessoPooled_on_CBE6d_D1_rep3_CRISPResso_on_B2M	C	5.8868546535586034e-05	5.8868546535586034e-05	8.830281980337905e-05	5.8868546535586034e-05	2.9434273267793017e-05	0.9973509154058986	0.0002060399128745	0.0001766056396067	0.0002943427326779	0.9953788190969564	0.9952610820038852	0.0002060399128745	0.0277859539647966	0.9942603167127804	0.0044740095367045	8.830281980337905e-05	0.004827220815918	0.0001766056396067	0.0002649084594101	0.0001471713663389
_scratch_st-cdeboer-1_asfar_VLPs_results_crispresso_aggregated_spacer_CBE6d_rep3_.staging_CRISPRessoPooled_on_CBE6d_D1_rep3_CRISPResso_on_B2M	G	0.9984988520633424	0.998292812150468	0.0002060399128745	0.998027903691058	0.9974686524989698	2.9434273267793017e-05	2.9434273267793017e-05	8.830281980337905e-05	0.0002649084594101	2.9434273267793017e-05	0.0	0.0002060399128745	0.9486077588744334	0.0012068052039795	0.9693589215282274	5.8868546535586034e-05	0.9821039618531818	0.0003237770059457	0.9964973214811328	0.0003237770059457
_scratch_st-cdeboer-1_asfar_VLPs_results_crispresso_aggregated_spacer_CBE6d_rep3_.staging_CRISPRessoPooled_on_CBE6d_D1_rep3_CRISPResso_on_B2M	N	0.0	0.0	0.0	0.0	0.0	0.0	0.0	0.0	0.0	0.0	0.0	0.0	0.0	0.0	0.0	0.0	0.0	0.0	0.0	0.0
_scratch_st-cdeboer-1_asfar_VLPs_results_crispresso_aggregated_spacer_CBE6d_rep3_.staging_CRISPRessoPooled_on_CBE6d_D1_rep3_CRISPResso_on_B2M	-	0.0012068052039795	0.0012951080237828	0.0013834108435862	0.0014422793901218	0.0019426620356743	0.0022958733148878	0.0037381527050097	0.0037381527050097	0.0043562724436333	0.0043562724436333	0.0046506151763112	0.0046506151763112	0.0048860893624536	0.0042974038970977	0.0037087184317419	0.0034438099723317	0.0033260728792606	0.002413610407959	0.0024724789544946	0.0018249249426031
_scratch_st-cdeboer-1_asfar_VLPs_results_crispresso_aggregated_spacer_CBE6d_rep3_.staging_CRISPRessoPooled_on_CBE6d_D2_rep3_CRISPResso_on_B2M	A	0.00019887832624	0.0	0.997573684419872	3.977566524800128e-05	0.000238653991488	0.000517083648224	0.0	0.9949882661787518	0.0	3.977566524800128e-05	0.000159102660992	0.9937949962213118	0.0205242432679686	0.000318205321984	0.0193309733105286	0.000159102660992	0.0112962889304323	0.9956246768227198	0.000477307982976	0.0
_scratch_st-cdeboer-1_asfar_VLPs_results_crispresso_aggregated_spacer_CBE6d_rep3_.staging_CRISPRessoPooled_on_CBE6d_D2_rep3_CRISPResso_on_B2M	T	0.00019887832624	0.000238653991488	3.977566524800128e-05	0.000318205321984	0.000159102660992	0.0	0.9955451254922238	0.000159102660992	0.9939540988823038	0.0	0.00019887832624	7.955133049600255e-05	0.0050117338212481	0.000636410643968	0.0110974106041923	0.9946700608567678	0.001511475279424	0.0	0.000357980987232	0.997096376436896
_scratch_st-cdeboer-1_asfar_VLPs_results_crispresso_aggregated_spacer_CBE6d_rep3_.staging_CRISPRessoPooled_on_CBE6d_D2_rep3_CRISPResso_on_B2M	C	3.977566524800128e-05	0.000119326995744	0.0	0.000159102660992	3.977566524800128e-05	0.99622131180144	0.000318205321984	0.00019887832624	7.955133049600255e-05	0.99482916351776	0.9934370152340798	0.000159102660992	0.032775148164353	0.9928006045901118	0.0043753231772801	0.000278429656736	0.0051310608169921	0.000119326995744	0.000238653991488	0.000238653991488
_scratch_st-cdeboer-1_asfar_VLPs_results_crispresso_aggregated_spacer_CBE6d_rep3_.staging_CRISPRessoPooled_on_CBE6d_D2_rep3_CRISPResso_on_B2M	G	0.998528300385824	0.998289646394336	0.000517083648224	0.99761346008512	0.996937273775904	0.0	3.977566524800128e-05	0.000159102660992	0.000517083648224	0.0	0.0	0.000238653991488	0.934608806332286	0.000715961974464	0.9602243347519988	0.0	0.9772483194781432	0.000159102660992	0.9954257984964798	0.000159102660992
_scratch_st-cdeboer-1_asfar_VLPs_results_crispresso_aggregated_spacer_CBE6d_rep3_.staging_CRISPRessoPooled_on_CBE6d_D2_rep3_CRISPResso_on_B2M	N	0.0	0.0	0.0	0.0	0.0	0.0	0.0	0.0	0.0	0.0	0.0	0.0	0.0	0.0	0.0	0.0	0.0	0.0	0.0	0.0
_scratch_st-cdeboer-1_asfar_VLPs_results_crispresso_aggregated_spacer_CBE6d_rep3_.staging_CRISPRessoPooled_on_CBE6d_D2_rep3_CRISPResso_on_B2M	-	0.001034167296448	0.001352372618432	0.001869456266656	0.001869456266656	0.002625193906368	0.0032616045503361	0.0040968935205441	0.0044946501730241	0.0054492661389761	0.0051310608169921	0.0062050037786881	0.0057276957957121	0.0070800684141442	0.0055288174694721	0.0049719581560001	0.0048924068255041	0.0048128554950081	0.0040968935205441	0.0035002585418241	0.002505866910624
_scratch_st-cdeboer-1_asfar_VLPs_results_crispresso_aggregated_spacer_CBE6d_rep3_.staging_CRISPRessoPooled_on_CBE6d_D3_rep3_CRISPResso_on_B2M	A	0.0002773514782833	0.0001109405913133	0.9920307675239908	0.0004437623652534	0.0005547029565667	0.0017195791653569	0.0001479207884178	0.97391047094281	0.0002218811826267	0.0006656435478801	0.0002033910840744	0.9647393820609064	0.1287650463176968	0.0019414603479836	0.1597914316883309	0.0009245049276112	0.0808572009688811	0.9762772035574948	0.0031802969509827	3.698019710445057e-05
_scratch_st-cdeboer-1_asfar_VLPs_results_crispresso_aggregated_spacer_CBE6d_rep3_.staging_CRISPRessoPooled_on_CBE6d_D3_rep3_CRISPResso_on_B2M	T	0.0001849009855222	0.0004807425623578	7.396039420890113e-05	0.0007765841391934	7.396039420890113e-05	0.0004067821681489	0.9781077233141652	0.0002773514782833	0.968973614629366	0.0003882920695967	0.0011463861102379	0.0006656435478801	0.0438030434702216	0.0011463861102379	0.0758833644583325	0.971099975962872	0.0092080690790081	0.0001109405913133	0.0030138860640127	0.9837656934711462
_scratch_st-cdeboer-1_asfar_VLPs_results_crispresso_aggregated_spacer_CBE6d_rep3_.staging_CRISPRessoPooled_on_CBE6d_D3_rep3_CRISPResso_on_B2M	C	9.245049276112642e-05	0.0002403712811789	0.0001294306898655	0.0001479207884178	7.396039420890113e-05	0.9811955697723868	0.0005362128580145	0.0003143316753878	0.0002958415768356	0.969306436403306	0.9630013127969972	0.0004622524638056	0.1792615054638241	0.9584342584545976	0.0416581920381635	0.0005177227594623	0.0439509642586395	0.0004252722667011	0.0019969306436403	0.0005731930551189
_scratch_st-cdeboer-1_asfar_VLPs_results_crispresso_aggregated_spacer_CBE6d_rep3_.staging_CRISPRessoPooled_on_CBE6d_D3_rep3_CRISPResso_on_B2M	G	0.9940276981676311	0.9927333912689754	0.0002403712811789	0.9898489358948284	0.9845792578074442	0.0001849009855222	0.0002218811826267	0.0011094059131335	0.0017565593624614	0.0002033910840744	3.698019710445057e-05	0.0006101732522234	0.6073442671449438	0.0047334652293696	0.6920289185141357	0.0003513118724922	0.8387848307231478	0.00049923266091	0.9713773274411552	0.0002588613797311
_scratch_st-cdeboer-1_asfar_VLPs_results_crispresso_aggregated_spacer_CBE6d_rep3_.staging_CRISPRessoPooled_on_CBE6d_D3_rep3_CRISPResso_on_B2M	N	0.0	0.0	0.0	0.0	0.0	0.0	0.0	0.0	0.0	0.0	1.8490098552225284e-05	0.0	0.0	0.0	0.0	0.0	0.0	0.0	0.0	0.0
_scratch_st-cdeboer-1_asfar_VLPs_results_crispresso_aggregated_spacer_CBE6d_rep3_.staging_CRISPRessoPooled_on_CBE6d_D3_rep3_CRISPResso_on_B2M	-	0.005417598875802	0.0064345542961743	0.0075254701107556	0.008782796812307	0.0147181184475713	0.0164931679085849	0.0209862618567756	0.0243884399903851	0.0287521032487103	0.0294362368951426	0.0355934397130336	0.0335225486751844	0.0408261376033134	0.0337444298578111	0.0306380933010372	0.0271064844775622	0.0271989349703233	0.0226873509235804	0.0204315589002089	0.0153652718968992
_scratch_st-cdeboer-1_asfar_VLPs_results_crispresso_aggregated_spacer_CBE6d_rep3_.staging_CRISPRessoPooled_on_CBE6d_D4_rep3_CRISPResso_on_B2M	A	0.0003129172229639	0.0001043057409879	0.9901535380507344	0.0006154038718291	0.0009700433911882	0.0022112817089452	0.0006884178905206	0.9715871161548733	0.0005006675567423	0.0009491822429906	6.258344459279039e-05	0.9580273698264352	0.2096232476635514	0.0018879339118825	0.2755966288384512	0.0004589452603471	0.1474153037383177	0.9709404205607476	0.0097212950600801	5.215287049399199e-05
_scratch_st-cdeboer-1_asfar_VLPs_results_crispresso_aggregated_spacer_CBE6d_rep3_.staging_CRISPRessoPooled_on_CBE6d_D4_rep3_CRISPResso_on_B2M	T	0.0001981809078771	0.0004798064085447	0.0002190420560747	0.0005945427236315	0.0004276535380507	0.0001877503337783	0.975623748331108	0.0001564586114819	0.9639206441922564	0.0005632510013351	0.0013351134846461	0.000771862483311	0.0579731308411215	0.0021069759679572	0.1076852469959946	0.9627211281708944	0.0134658711615487	0.0001460280373831	0.00512141188251	0.9792848798397864
_scratch_st-cdeboer-1_asfar_VLPs_results_crispresso_aggregated_spacer_CBE6d_rep3_.staging_CRISPRessoPooled_on_CBE6d_D4_rep3_CRISPResso_on_B2M	C	0.0002294726301735	0.0002399032042723	0.0003337783711615	0.0001981809078771	7.301401869158878e-05	0.9785338785046728	0.0005528204272363	0.0004485146862483	0.0005841121495327	0.9645256174899868	0.9556909212283043	0.0004276535380507	0.2231829939919893	0.9506842456608812	0.0545206108144192	0.0003963618157543	0.0600488150867823	8.344459279038718e-05	0.0016480307076101	0.0005006675567423
_scratch_st-cdeboer-1_asfar_VLPs_results_crispresso_aggregated_spacer_CBE6d_rep3_.staging_CRISPRessoPooled_on_CBE6d_D4_rep3_CRISPResso_on_B2M	G	0.9926255841121496	0.9916451101468624	0.0003650700934579	0.988661965954606	0.9809329105473964	0.0001981809078771	0.0003546395193591	0.0016584612817089	0.0032230473965287	0.0001355974632843	0.0002086114819759	0.0003233477970627	0.4603220961281709	0.0042452436582109	0.5216643024032043	0.0001981809078771	0.7437520861148198	0.0003755006675567	0.9566818257676902	0.0002816255006675
_scratch_st-cdeboer-1_asfar_VLPs_results_crispresso_aggregated_spacer_CBE6d_rep3_.staging_CRISPRessoPooled_on_CBE6d_D4_rep3_CRISPResso_on_B2M	N	0.0	0.0	0.0	0.0	0.0	0.0	0.0	0.0	0.0	0.0	0.0	0.0	0.0	0.0	0.0	0.0	0.0	0.0	0.0	0.0
_scratch_st-cdeboer-1_asfar_VLPs_results_crispresso_aggregated_spacer_CBE6d_rep3_.staging_CRISPRessoPooled_on_CBE6d_D4_rep3_CRISPResso_on_B2M	-	0.0066338451268357	0.0075308744993324	0.0089285714285714	0.009929906542056	0.0175963785046728	0.0188689085447263	0.0227803738317757	0.0261494492656875	0.0317715287049399	0.0338263518024032	0.0427027703604806	0.0404497663551401	0.0488985313751668	0.041075600801068	0.0405332109479305	0.0362253838451268	0.0353179238985313	0.028454606141522	0.0268274365821094	0.0198806742323097
_scratch_st-cdeboer-1_asfar_VLPs_results_crispresso_aggregated_spacer_CBE6d_rep3_.staging_CRISPRessoPooled_on_CBE6d_D5_rep3_CRISPResso_on_B2M	A	0.0002220680083275	0.0003516076798519	0.9855008096229472	0.0009345362017117	0.0013601665510062	0.0025815405968077	0.0006754568586629	0.9604626416840156	0.0002868378440897	0.0010270645385149	0.0004163775156141	0.9484802220680084	0.2018783252371038	0.0020541290770298	0.2614388156372889	0.0009067777006708	0.1403192227619708	0.9630719407818644	0.0079296784640296	0.000148045338885
_scratch_st-cdeboer-1_asfar_VLPs_results_crispresso_aggregated_spacer_CBE6d_rep3_.staging_CRISPRessoPooled_on_CBE6d_D5_rep3_CRISPResso_on_B2M	T	0.0001850566736062	0.0003145963451306	0.0002313208420078	0.0007679851954661	0.0004071246819338	0.0004071246819338	0.9664214665741384	0.0003608605135322	0.9533657182512144	0.0004626416840157	0.0010548230395558	0.0017025213971778	0.0633634050427943	0.00176729123294	0.1171316215591024	0.9533194540828128	0.0129354614850798	0.0003516076798519	0.0058570437196391	0.974323386537127
_scratch_st-cdeboer-1_asfar_VLPs_results_crispresso_aggregated_spacer_CBE6d_rep3_.staging_CRISPRessoPooled_on_CBE6d_D5_rep3_CRISPResso_on_B2M	C	0.0001758038399259	0.0003701133472125	0.0003793661808928	0.0002220680083275	0.0003978718482535	0.9701040943789035	0.000471894517696	0.0007772380291464	0.0008420078649086	0.95500346981263	0.9473883876937312	0.0005644228544991	0.2538514920194309	0.9403654869303724	0.0593569280592181	0.0006106870229007	0.0708859588248901	0.0001943095072866	0.001795049733981	0.0005459171871385
_scratch_st-cdeboer-1_asfar_VLPs_results_crispresso_aggregated_spacer_CBE6d_rep3_.staging_CRISPRessoPooled_on_CBE6d_D5_rep3_CRISPResso_on_B2M	G	0.9898033772842934	0.9878972935461484	0.0004071246819338	0.9831228313671062	0.9730464954892436	0.0005921813555401	0.0003886190145732	0.0020356234096692	0.0030534351145038	0.0004163775156141	0.0001665510062456	0.000647698357622	0.4205783021050197	0.0046079111727966	0.5116909553550775	0.0003886190145732	0.7328984501503586	0.000943789035392	0.950969234328013	0.00029609067777
_scratch_st-cdeboer-1_asfar_VLPs_results_crispresso_aggregated_spacer_CBE6d_rep3_.staging_CRISPRessoPooled_on_CBE6d_D5_rep3_CRISPResso_on_B2M	N	0.0	0.0	0.0	0.0	0.0	0.0	0.0	0.0	0.0	0.0	0.0	0.0	0.0	0.0	9.252833680314596e-06	0.0	0.0	0.0	0.0	0.0
_scratch_st-cdeboer-1_asfar_VLPs_results_crispresso_aggregated_spacer_CBE6d_rep3_.staging_CRISPRessoPooled_on_CBE6d_D5_rep3_CRISPResso_on_B2M	-	0.0096136941938468	0.0110663890816562	0.0134813786722183	0.0149525792273883	0.0247883414295628	0.0263150589868147	0.0320425630349294	0.0363636363636363	0.0424520009252833	0.043090446449225	0.0509738607448531	0.0486051353226925	0.0603284755956511	0.0512051815868609	0.0503724265556326	0.0447744621790423	0.0429609067777006	0.0354383529956049	0.0334489937543372	0.0246865602590793
