Folder	Nucleotide	G	G	A	G	G	C	T	A	T	C	C	A	G	C	G	T	G	A	G	T
_scratch_st-cdeboer-1_asfar_VLPs_results_crispresso_aggregated_spacer_CBE6d_rep1_.staging_CRISPRessoPooled_on_CBE6d_D0_rep1_CRISPResso_on_B2M	A	0.0001161237879579	1.935396465966053e-05	0.9997871063887436	1.935396465966053e-05	4.838491164915133e-05	6.773887630881186e-05	9.676982329830266e-06	0.9998064603534034	0.0	2.90309469894908e-05	3.870792931932106e-05	0.999719367512435	3.870792931932106e-05	3.870792931932106e-05	1.935396465966053e-05	9.676982329830266e-06	9.676982329830266e-05	0.9997483984594244	2.90309469894908e-05	9.676982329830266e-06
_scratch_st-cdeboer-1_asfar_VLPs_results_crispresso_aggregated_spacer_CBE6d_rep1_.staging_CRISPRessoPooled_on_CBE6d_D0_rep1_CRISPResso_on_B2M	T	0.0001645086996071	0.0005806189397898	9.676982329830266e-06	0.0001741856819369	1.935396465966053e-05	9.676982329830266e-05	0.9996129207068069	0.0	0.9996903365654456	8.709284096847239e-05	0.0001548317172772	0.0	8.709284096847239e-05	0.0001354777526176	7.741585863864212e-05	0.999777429406414	3.870792931932106e-05	0.0	0.0001838626642667	0.9996419516537964
_scratch_st-cdeboer-1_asfar_VLPs_results_crispresso_aggregated_spacer_CBE6d_rep1_.staging_CRISPRessoPooled_on_CBE6d_D0_rep1_CRISPResso_on_B2M	C	3.870792931932106e-05	0.0001354777526176	3.870792931932106e-05	3.870792931932106e-05	3.870792931932106e-05	0.9998161373357332	0.000222570593586	2.90309469894908e-05	0.0001354777526176	0.9998645222473824	0.9997387214770944	6.773887630881186e-05	3.870792931932106e-05	0.9998161373357332	2.90309469894908e-05	8.709284096847239e-05	0.0001258007702877	6.773887630881186e-05	5.806189397898159e-05	0.0001451547349474
_scratch_st-cdeboer-1_asfar_VLPs_results_crispresso_aggregated_spacer_CBE6d_rep1_.staging_CRISPRessoPooled_on_CBE6d_D0_rep1_CRISPResso_on_B2M	G	0.9996709826007858	0.9992161644312836	0.0001548317172772	0.9997580754417542	0.999883876212042	9.676982329830266e-06	0.0001451547349474	0.0001548317172772	0.0001645086996071	9.676982329830266e-06	2.90309469894908e-05	0.0002032166289264	0.999825814318063	0.0	0.9998548452650524	0.0001161237879579	0.9997290444947649	0.0001645086996071	0.999719367512435	0.0001935396465966
_scratch_st-cdeboer-1_asfar_VLPs_results_crispresso_aggregated_spacer_CBE6d_rep1_.staging_CRISPRessoPooled_on_CBE6d_D0_rep1_CRISPResso_on_B2M	N	0.0	0.0	0.0	0.0	0.0	0.0	0.0	0.0	0.0	0.0	0.0	0.0	0.0	0.0	9.676982329830266e-06	0.0	0.0	9.676982329830266e-06	0.0	0.0
_scratch_st-cdeboer-1_asfar_VLPs_results_crispresso_aggregated_spacer_CBE6d_rep1_.staging_CRISPRessoPooled_on_CBE6d_D0_rep1_CRISPResso_on_B2M	-	9.676982329830266e-06	4.838491164915133e-05	9.676982329830266e-06	9.676982329830266e-06	9.676982329830266e-06	9.676982329830266e-06	9.676982329830266e-06	9.676982329830266e-06	9.676982329830266e-06	9.676982329830266e-06	3.870792931932106e-05	9.676982329830266e-06	9.676982329830266e-06	9.676982329830266e-06	9.676982329830266e-06	9.676982329830266e-06	9.676982329830266e-06	9.676982329830266e-06	9.676982329830266e-06	9.676982329830266e-06
_scratch_st-cdeboer-1_asfar_VLPs_results_crispresso_aggregated_spacer_CBE6d_rep1_.staging_CRISPRessoPooled_on_CBE6d_D1_rep1_CRISPResso_on_B2M	A	9.021199819576004e-05	5.262366561419336e-05	0.998466396030672	1.5035333032626672e-05	0.0001353179972936	8.26943316794467e-05	0.0	0.9959404600811907	1.5035333032626672e-05	0.0002029769959404	5.262366561419336e-05	0.99482032777026	0.0150503683656593	0.0002556006615546	0.0151180273643061	1.5035333032626672e-05	0.0078409261765148	0.9958126597504134	0.0008570139828597	2.255299954894001e-05
_scratch_st-cdeboer-1_asfar_VLPs_results_crispresso_aggregated_spacer_CBE6d_rep1_.staging_CRISPRessoPooled_on_CBE6d_D1_rep1_CRISPResso_on_B2M	T	0.0001879416629078	0.0006164486543376	1.5035333032626672e-05	0.0001653886633588	9.772966471207336e-05	9.021199819576004e-05	0.996233649075327	8.26943316794467e-05	0.9950834460983312	0.0001428356638099	0.000240565328522	4.510599909788002e-05	0.0071192301909487	0.0003157419936851	0.0086904224928582	0.9951135167643964	0.0015411216358442	3.0070666065253345e-05	0.0004736129905277	0.9968952037287626
_scratch_st-cdeboer-1_asfar_VLPs_results_crispresso_aggregated_spacer_CBE6d_rep1_.staging_CRISPRessoPooled_on_CBE6d_D1_rep1_CRISPResso_on_B2M	C	0.0001278003307773	0.0001428356638099	0.0001428356638099	0.0001052473312283	0.0001278003307773	0.997406405051872	0.0002330476620057	3.758833258156669e-05	0.0002330476620057	0.9953916704255	0.9946925274394828	8.26943316794467e-05	0.0251315591640354	0.9939182077883024	0.0046684709066305	7.517666516313337e-05	0.0071342655239813	3.758833258156669e-05	0.0004059539918809	0.0001954593294241
_scratch_st-cdeboer-1_asfar_VLPs_results_crispresso_aggregated_spacer_CBE6d_rep1_.staging_CRISPRessoPooled_on_CBE6d_D1_rep1_CRISPResso_on_B2M	G	0.9987370320252592	0.9979927830401444	0.0001653886633588	0.9982333483686664	0.997361299052774	1.5035333032626672e-05	0.0001954593294241	0.0003007066606525	0.0005938956547887	0.000120282664261	1.5035333032626672e-05	0.000218012328973	0.9468726507292136	0.0003232596602014	0.9668019846639604	0.0001503533303262	0.9786047210945722	0.0002706359945872	0.9947301157720644	0.0004585776574951
_scratch_st-cdeboer-1_asfar_VLPs_results_crispresso_aggregated_spacer_CBE6d_rep1_.staging_CRISPRessoPooled_on_CBE6d_D1_rep1_CRISPResso_on_B2M	N	0.0	0.0	0.0	0.0	0.0	0.0	0.0	0.0	0.0	0.0	0.0	0.0	0.0	0.0	0.0	0.0	0.0	0.0	0.0	0.0
_scratch_st-cdeboer-1_asfar_VLPs_results_crispresso_aggregated_spacer_CBE6d_rep1_.staging_CRISPRessoPooled_on_CBE6d_D1_rep1_CRISPResso_on_B2M	-	0.0008570139828597	0.0011953089760938	0.0012103443091264	0.0014809803037137	0.0022778529544429	0.0024056532852202	0.0033378439332431	0.0036385505938956	0.0040745752518418	0.0041422342504886	0.0049992482333483	0.0048338595699894	0.0058261915501428	0.0051871898962562	0.0047210945722447	0.0046459179070816	0.0048789655690873	0.0038490452563524	0.0035333032626672	0.0024282062847692
_scratch_st-cdeboer-1_asfar_VLPs_results_crispresso_aggregated_spacer_CBE6d_rep1_.staging_CRISPRessoPooled_on_CBE6d_D2_rep1_CRISPResso_on_B2M	A	9.394723581610257e-05	1.7081315602927738e-05	0.9983345717287144	5.978460461024708e-05	5.978460461024708e-05	0.000333085654257	0.0	0.9961908666205472	2.5621973404391607e-05	2.5621973404391607e-05	3.416263120585548e-05	0.9945425196648646	0.0184392801933604	0.0001964351294336	0.0204548754345059	0.0003672482854629	0.01003527291672	0.995379504129408	0.0004014109166688	8.540657801463869e-06
_scratch_st-cdeboer-1_asfar_VLPs_results_crispresso_aggregated_spacer_CBE6d_rep1_.staging_CRISPRessoPooled_on_CBE6d_D2_rep1_CRISPResso_on_B2M	T	0.0001366505248234	0.0004270328900731	3.416263120585548e-05	0.0002049757872351	0.0001964351294336	3.416263120585548e-05	0.9970876356897008	2.5621973404391607e-05	0.9956271832056504	0.0001024878936175	0.0003587076276614	0.0001708131560292	0.0075926447855013	0.0004782768368819	0.010496468437999	0.9943546251932324	0.0011871514344034	2.5621973404391607e-05	0.0008284438067419	0.9962335699095544
_scratch_st-cdeboer-1_asfar_VLPs_results_crispresso_aggregated_spacer_CBE6d_rep1_.staging_CRISPRessoPooled_on_CBE6d_D2_rep1_CRISPResso_on_B2M	C	8.540657801463869e-05	0.0001024878936175	0.0	0.0001622724982278	6.832526241171095e-05	0.9972669895035317	9.394723581610257e-05	0.0001964351294336	0.0001708131560292	0.995968809517709	0.9945766822960704	0.000111028551419	0.0275094587785151	0.9933895308616668	0.0059272165142159	0.0005807647304995	0.0067642009787593	0.0002476790762424	0.0006576306507127	0.0001708131560292
_scratch_st-cdeboer-1_asfar_VLPs_results_crispresso_aggregated_spacer_CBE6d_rep1_.staging_CRISPRessoPooled_on_CBE6d_D2_rep1_CRISPResso_on_B2M	G	0.9985053848847438	0.9982406244928984	0.0002989230230512	0.9980185673900605	0.9973780180549506	0.000111028551419	0.0001878944716322	0.0003160043386541	0.0006063867039039	8.540657801463869e-06	2.5621973404391607e-05	0.0002647603918453	0.9400018789447164	0.0009309317003595	0.9580226669058052	0.0001451911826248	0.9775209886665472	0.0002733010496468	0.9940813241435856	0.0002647603918453
_scratch_st-cdeboer-1_asfar_VLPs_results_crispresso_aggregated_spacer_CBE6d_rep1_.staging_CRISPRessoPooled_on_CBE6d_D2_rep1_CRISPResso_on_B2M	N	0.0	0.0	0.0	0.0	0.0	0.0	0.0	0.0	0.0	0.0	0.0	0.0	0.0	0.0	0.0	0.0	0.0	0.0	0.0	0.0
_scratch_st-cdeboer-1_asfar_VLPs_results_crispresso_aggregated_spacer_CBE6d_rep1_.staging_CRISPRessoPooled_on_CBE6d_D2_rep1_CRISPResso_on_B2M	-	0.001178610776602	0.0012127734078078	0.0013323426170283	0.0015543997198664	0.0022974369485937	0.0022547336595864	0.0026305226028508	0.0032710719379606	0.0035699949610118	0.0038945399574675	0.0050048254716578	0.0049108782358417	0.0064567372979066	0.0050048254716578	0.0050987727074739	0.0045521706081802	0.0044923860035699	0.0040738937712982	0.0040311904822909	0.0033223158847694
_scratch_st-cdeboer-1_asfar_VLPs_results_crispresso_aggregated_spacer_CBE6d_rep1_.staging_CRISPRessoPooled_on_CBE6d_D3_rep1_CRISPResso_on_B2M	A	0.0003642151837263	6.744725624561593e-05	0.989505206928182	0.0012680084174175	0.0009847299411859	0.001214050612421	0.000660983111207	0.9702018021906867	0.0003237468299789	0.0009037932336912	5.395780499649274e-05	0.962108131441213	0.1448901958668321	0.0010251982949333	0.1795311066745804	0.0007823881724491	0.0945745427076026	0.9729266713430098	0.0040333459234878	8.093670749473912e-05
_scratch_st-cdeboer-1_asfar_VLPs_results_crispresso_aggregated_spacer_CBE6d_rep1_.staging_CRISPRessoPooled_on_CBE6d_D3_rep1_CRISPResso_on_B2M	T	0.0001483839637403	0.0002832784762315	0.0001483839637403	0.0009982193924351	0.0003237468299789	0.0002832784762315	0.9734257810392272	0.0002562995737333	0.9656018993147358	0.000445151891221	0.0013084767711649	0.0015512868936491	0.0493983704742891	0.0021583121998597	0.0873037284843252	0.9661144984622024	0.0092132952031511	0.0004856202449684	0.0028867425673123	0.9817352830086872
_scratch_st-cdeboer-1_asfar_VLPs_results_crispresso_aggregated_spacer_CBE6d_rep1_.staging_CRISPRessoPooled_on_CBE6d_D3_rep1_CRISPResso_on_B2M	C	4.046835374736956e-05	0.0002562995737333	0.000229320671235	0.0002562995737333	0.000445151891221	0.978201046781417	0.0006879620137052	0.0002832784762315	0.0005125991474666	0.9651567474235148	0.9593158150326444	0.0001753628662386	0.2090325365564128	0.954014460691739	0.0468353747369557	0.0002158312199859	0.0541331678627313	0.0002967679274807	0.0013894134786596	0.0002832784762315
_scratch_st-cdeboer-1_asfar_VLPs_results_crispresso_aggregated_spacer_CBE6d_rep1_.staging_CRISPRessoPooled_on_CBE6d_D3_rep1_CRISPResso_on_B2M	G	0.9921896077267576	0.991110451626828	0.0002832784762315	0.9866184643608698	0.9789024982463712	0.0003911940862245	0.0001214050612421	0.0017671181136351	0.0013489451249123	0.0003777046349754	0.0001483839637403	0.0005260885987158	0.5535261425565208	0.0047078184859439	0.6507715966114499	0.000553067501214	0.8113904926347596	0.0004046835374736	0.967476933038364	0.0002832784762315
_scratch_st-cdeboer-1_asfar_VLPs_results_crispresso_aggregated_spacer_CBE6d_rep1_.staging_CRISPRessoPooled_on_CBE6d_D3_rep1_CRISPResso_on_B2M	N	0.0	0.0	0.0	0.0	0.0	0.0	0.0	0.0	0.0	0.0	0.0	0.0	0.0	0.0	0.0	0.0	0.0	0.0	0.0	0.0
_scratch_st-cdeboer-1_asfar_VLPs_results_crispresso_aggregated_spacer_CBE6d_rep1_.staging_CRISPRessoPooled_on_CBE6d_D3_rep1_CRISPResso_on_B2M	-	0.0072573247720282	0.0082825230669616	0.0098338099606108	0.0108590082555441	0.0193438730912426	0.0199104300437058	0.0251038687746182	0.027491501645713	0.0322128095829061	0.0331166028165974	0.0391733664274537	0.0356391302001834	0.043152754545945	0.0380942103275238	0.0355581934926887	0.0323342146441482	0.0306885015917552	0.0258862569470673	0.0242135649921761	0.0176172233313548
_scratch_st-cdeboer-1_asfar_VLPs_results_crispresso_aggregated_spacer_CBE6d_rep1_.staging_CRISPRessoPooled_on_CBE6d_D4_rep1_CRISPResso_on_B2M	A	0.0001446878875568	0.000103348491112	0.9896238114923522	0.0006407606448945	0.0004547333608929	0.0023356758991318	0.0006614303431169	0.9680446465481604	0.0001446878875568	0.0006200909466721	8.267879288962381e-05	0.9548987184787102	0.2215791649441918	0.002087639520463	0.3057668458040513	0.0005580818520049	0.1523770152955766	0.9661016949152542	0.0089499793303017	6.200909466721785e-05
_scratch_st-cdeboer-1_asfar_VLPs_results_crispresso_aggregated_spacer_CBE6d_rep1_.staging_CRISPRessoPooled_on_CBE6d_D4_rep1_CRISPResso_on_B2M	T	0.0002480363786688	0.0004340636626705	0.0001446878875568	0.0008887970235634	0.0004960727573377	0.0002480363786688	0.9725919801570896	0.0004547333608929	0.9602728400165358	0.0002893757751136	0.0014675485737908	0.0017982637453493	0.0581025217031831	0.0020256304257957	0.1116163704009921	0.959570070276974	0.0169904919388176	0.0006200909466721	0.0053534518396031	0.976064489458454
_scratch_st-cdeboer-1_asfar_VLPs_results_crispresso_aggregated_spacer_CBE6d_rep1_.staging_CRISPRessoPooled_on_CBE6d_D4_rep1_CRISPResso_on_B2M	C	0.0002273666804464	0.000103348491112	0.0003927242662257	0.0001240181893344	0.0001653575857792	0.9752790409260024	0.0006821000413393	0.0003927242662257	0.0009094667217858	0.9617197188921042	0.9541132699462588	0.0006614303431169	0.2345597354278627	0.9462174452252996	0.0561802397684993	0.0005787515502273	0.06812732534105	0.000103348491112	0.001426209177346	0.000206696982224
_scratch_st-cdeboer-1_asfar_VLPs_results_crispresso_aggregated_spacer_CBE6d_rep1_.staging_CRISPRessoPooled_on_CBE6d_D4_rep1_CRISPResso_on_B2M	G	0.9918768085985944	0.9908433236874742	0.0001860272840016	0.9872467961967756	0.9776147168251345	0.0001653575857792	0.0002893757751136	0.0013848697809011	0.0023356758991318	0.000103348491112	0.0001653575857792	0.0003720545680033	0.4338362959900785	0.0062835882596114	0.4837122778007441	0.000206696982224	0.7243075651095494	0.000971475816453	0.9535551880942538	0.0002273666804464
_scratch_st-cdeboer-1_asfar_VLPs_results_crispresso_aggregated_spacer_CBE6d_rep1_.staging_CRISPRessoPooled_on_CBE6d_D4_rep1_CRISPResso_on_B2M	N	0.0	0.0	0.0	0.0	0.0	0.0	0.0	0.0	0.0	0.0	0.0	0.0	0.0	0.0	0.0	0.0	0.0	0.0	0.0	0.0
_scratch_st-cdeboer-1_asfar_VLPs_results_crispresso_aggregated_spacer_CBE6d_rep1_.staging_CRISPRessoPooled_on_CBE6d_D4_rep1_CRISPResso_on_B2M	-	0.0075031004547333	0.0085159156676312	0.0096527490698635	0.0110996279454319	0.0212691194708557	0.0219718892104175	0.0257751136833402	0.0297230260438197	0.0363373294749896	0.0372674658949979	0.0441711451012815	0.0422695328648201	0.0519222819346837	0.04338569656883	0.0427242662257131	0.0390863993385696	0.0381976023150062	0.0322033898305084	0.0307151715584952	0.0234394377842083
_scratch_st-cdeboer-1_asfar_VLPs_results_crispresso_aggregated_spacer_CBE6d_rep1_.staging_CRISPRessoPooled_on_CBE6d_D5_rep1_CRISPResso_on_B2M	A	0.0005172562429954	0.0001005776028046	0.9874421678783872	0.0005603609299117	0.0008333572803816	0.0017241874766516	0.0004166786401908	0.962484554153855	0.0003304692663582	0.0014799275841259	0.0002442598925256	0.9519239058593638	0.1898905140952326	0.0018103968504842	0.2462283398948245	0.0018391333084284	0.1314118221787982	0.966464553579126	0.0070548004252995	0.0001436822897209
_scratch_st-cdeboer-1_asfar_VLPs_results_crispresso_aggregated_spacer_CBE6d_rep1_.staging_CRISPRessoPooled_on_CBE6d_D5_rep1_CRISPResso_on_B2M	T	0.0004166786401908	0.0004166786401908	8.62093738325814e-05	0.0011063536308514	0.0005747291588838	0.0003735739532745	0.9687491019856892	0.0004741515560791	0.9554441219575276	0.0001867869766372	0.0017098192476795	0.001336245294405	0.0661656944165062	0.0015086640420701	0.1189545676599902	0.9566941578781	0.0138222362711572	0.0005316244719675	0.0067530676168855	0.9782177648783013
_scratch_st-cdeboer-1_asfar_VLPs_results_crispresso_aggregated_spacer_CBE6d_rep1_.staging_CRISPRessoPooled_on_CBE6d_D5_rep1_CRISPResso_on_B2M	C	0.0001724187476651	0.000301732808414	0.0002155234345814	0.0003304692663582	0.000301732808414	0.9716083795511364	0.0006465703037443	0.0004310468691629	0.0005459927009396	0.9565073709014628	0.9495387798499956	0.000445415098135	0.2427224920256329	0.9448691054340642	0.0578895945285784	0.0006465703037443	0.0725020833932009	0.0003448374953303	0.0017098192476795	0.0003879421822466
_scratch_st-cdeboer-1_asfar_VLPs_results_crispresso_aggregated_spacer_CBE6d_rep1_.staging_CRISPRessoPooled_on_CBE6d_D5_rep1_CRISPResso_on_B2M	G	0.9907037558550532	0.989769820971867	0.0004310468691629	0.9841087387568608	0.9734044081726486	0.0002155234345814	0.000603465616828	0.0027155952757263	0.0029167504813356	0.0004023104112187	8.62093738325814e-05	0.0005172562429954	0.4465358199948274	0.0050001436822897	0.5318112589442225	0.0007615161355211	0.7440731055490101	0.0008046208224374	0.9540072990603178	0.0002011552056093
_scratch_st-cdeboer-1_asfar_VLPs_results_crispresso_aggregated_spacer_CBE6d_rep1_.staging_CRISPRessoPooled_on_CBE6d_D5_rep1_CRISPResso_on_B2M	N	0.0	0.0	0.0	0.0	0.0	0.0	0.0	0.0	0.0	0.0	0.0	0.0	0.0	1.43682289720969e-05	0.0	0.0	0.0	0.0	0.0	0.0
_scratch_st-cdeboer-1_asfar_VLPs_results_crispresso_aggregated_spacer_CBE6d_rep1_.staging_CRISPRessoPooled_on_CBE6d_D5_rep1_CRISPResso_on_B2M	-	0.0081898905140952	0.0094111899767234	0.0118250524440357	0.0138940774160177	0.0248857725796718	0.0260783355843558	0.0295841834535475	0.0338946521451765	0.0407626655938389	0.0414236041265553	0.0484209316359665	0.0457771775051007	0.0546854794678008	0.0467973217621196	0.0451162389723842	0.0400586223742061	0.0381907526078335	0.0318543636311388	0.0304750136498175	0.0210494554441219
