Folder	Nucleotide	G	G	A	G	G	C	T	A	T	C	C	A	G	C	G	T	G	A	G	T
_scratch_st-cdeboer-1_asfar_VLPs_results_crispresso_aggregated_spacer_CGBE1_rep1_.staging_CRISPRessoPooled_on_CGBE1_D0_rep1_CRISPResso_on_B2M	A	0.0001350117142516	4.765119326529802e-05	0.9997538021681291	1.5883731088432672e-05	6.353492435373069e-05	3.970932772108168e-05	0.0	0.9997855696303062	1.5883731088432672e-05	6.353492435373069e-05	3.1767462176865344e-05	0.9996982091093196	3.1767462176865344e-05	0.0001032442520748	3.970932772108168e-05	7.941865544216336e-06	3.1767462176865344e-05	0.9998093952269388	7.941865544216336e-06	1.5883731088432672e-05
_scratch_st-cdeboer-1_asfar_VLPs_results_crispresso_aggregated_spacer_CGBE1_rep1_.staging_CRISPRessoPooled_on_CGBE1_D0_rep1_CRISPResso_on_B2M	T	0.0001985466386054	0.0006353492435373	0.0	0.0001508954453401	5.559305880951436e-05	0.0001032442520748	0.9997220347059524	5.559305880951436e-05	0.9996743835126872	8.73605209863797e-05	8.73605209863797e-05	0.0	0.0001032442520748	0.0001429535797958	3.970932772108168e-05	0.9997140928404082	7.941865544216336e-05	7.941865544216336e-06	0.0001747210419727	0.9996267323194218
_scratch_st-cdeboer-1_asfar_VLPs_results_crispresso_aggregated_spacer_CGBE1_rep1_.staging_CRISPRessoPooled_on_CGBE1_D0_rep1_CRISPResso_on_B2M	C	3.970932772108168e-05	7.941865544216336e-05	3.1767462176865344e-05	7.147678989794702e-05	4.765119326529802e-05	0.9998411626891156	0.0001667791764285	3.1767462176865344e-05	9.530238653059604e-05	0.9998332208235716	0.9998649882857484	9.530238653059604e-05	4.765119326529802e-05	0.9997140928404082	3.1767462176865344e-05	7.147678989794702e-05	0.0001350117142516	5.559305880951436e-05	3.970932772108168e-05	0.0001985466386054
_scratch_st-cdeboer-1_asfar_VLPs_results_crispresso_aggregated_spacer_CGBE1_rep1_.staging_CRISPRessoPooled_on_CGBE1_D0_rep1_CRISPResso_on_B2M	G	0.9996267323194218	0.99918992971449	0.0002144303696938	0.9997617440336736	0.9998332208235716	1.5883731088432672e-05	0.000111186117619	0.0001270698487074	0.0001906047730611	1.5883731088432672e-05	1.5883731088432672e-05	0.0002064885041496	0.999817337092483	3.970932772108168e-05	0.9998888138823808	0.0002064885041496	0.9997538021681291	0.0001270698487074	0.999777627764762	0.0001588373108843
_scratch_st-cdeboer-1_asfar_VLPs_results_crispresso_aggregated_spacer_CGBE1_rep1_.staging_CRISPRessoPooled_on_CGBE1_D0_rep1_CRISPResso_on_B2M	N	0.0	7.941865544216336e-06	0.0	0.0	0.0	0.0	0.0	0.0	0.0	0.0	0.0	0.0	0.0	0.0	0.0	0.0	0.0	0.0	0.0	0.0
_scratch_st-cdeboer-1_asfar_VLPs_results_crispresso_aggregated_spacer_CGBE1_rep1_.staging_CRISPRessoPooled_on_CGBE1_D0_rep1_CRISPResso_on_B2M	-	0.0	3.970932772108168e-05	0.0	0.0	0.0	0.0	0.0	0.0	2.382559663264901e-05	0.0	0.0	0.0	0.0	0.0	0.0	0.0	0.0	0.0	0.0	0.0
_scratch_st-cdeboer-1_asfar_VLPs_results_crispresso_aggregated_spacer_CGBE1_rep1_.staging_CRISPRessoPooled_on_CGBE1_D1_rep1_CRISPResso_on_B2M	A	0.000141158203056	7.057910152803755e-05	0.9995059462893038	0.0	7.057910152803755e-05	8.822387691004694e-05	0.0	0.9993471433108656	0.0	5.293432614602816e-05	0.000123513427674	0.9988354448247874	0.000158802978438	3.528955076401878e-05	0.0027702297349754	0.0	0.0070931997035677	0.9994530119631576	0.0	3.528955076401878e-05
_scratch_st-cdeboer-1_asfar_VLPs_results_crispresso_aggregated_spacer_CGBE1_rep1_.staging_CRISPRessoPooled_on_CGBE1_D1_rep1_CRISPResso_on_B2M	T	0.0002823164061121	0.0005293432614602	3.528955076401878e-05	0.000158802978438	0.00017644775382	1.764477538200939e-05	0.9993647880862476	0.0	0.9992765642093376	5.293432614602816e-05	8.822387691004694e-05	0.0002293820799661	5.293432614602816e-05	0.000123513427674	0.0011821999505946	0.9995412358400676	0.0008822387691004	0.0	0.0002999611814941	0.9993647880862476
_scratch_st-cdeboer-1_asfar_VLPs_results_crispresso_aggregated_spacer_CGBE1_rep1_.staging_CRISPRessoPooled_on_CGBE1_D1_rep1_CRISPResso_on_B2M	C	1.764477538200939e-05	8.822387691004694e-05	0.000105868652292	5.293432614602816e-05	1.764477538200939e-05	0.9996647492677418	0.000158802978438	0.000141158203056	7.057910152803755e-05	0.9994706567385396	0.9989766030278434	3.528955076401878e-05	0.000123513427674	0.9996471044923598	0.0005469880368422	0.000123513427674	0.0077813459434661	3.528955076401878e-05	7.057910152803755e-05	0.00017644775382
_scratch_st-cdeboer-1_asfar_VLPs_results_crispresso_aggregated_spacer_CGBE1_rep1_.staging_CRISPRessoPooled_on_CGBE1_D1_rep1_CRISPResso_on_B2M	G	0.9995412358400676	0.9992236298831916	0.0002999611814941	0.9997529731446518	0.9995235910646858	1.764477538200939e-05	0.000141158203056	0.00017644775382	0.0002470268553481	1.764477538200939e-05	1.764477538200939e-05	0.000123513427674	0.9992236298831916	0.0	0.9954300031760596	0.000141158203056	0.9840491230546636	0.0003176059568761	0.9994353671877756	0.0002823164061121
_scratch_st-cdeboer-1_asfar_VLPs_results_crispresso_aggregated_spacer_CGBE1_rep1_.staging_CRISPRessoPooled_on_CGBE1_D1_rep1_CRISPResso_on_B2M	N	0.0	0.0	0.0	0.0	0.0	0.0	0.0	0.0	0.0	0.0	0.0	0.0	0.0	0.0	0.0	0.0	0.0	0.0	0.0	0.0
_scratch_st-cdeboer-1_asfar_VLPs_results_crispresso_aggregated_spacer_CGBE1_rep1_.staging_CRISPRessoPooled_on_CGBE1_D1_rep1_CRISPResso_on_B2M	-	1.764477538200939e-05	8.822387691004694e-05	5.293432614602816e-05	3.528955076401878e-05	0.0002117373045841	0.0002117373045841	0.0003352507322581	0.0003352507322581	0.0004058298337862	0.0004058298337862	0.0007940148921904	0.0007763701168084	0.0004411193845502	0.0001940925292021	7.057910152803755e-05	0.0001940925292021	0.0001940925292021	0.0001940925292021	0.0001940925292021	0.000141158203056
_scratch_st-cdeboer-1_asfar_VLPs_results_crispresso_aggregated_spacer_CGBE1_rep1_.staging_CRISPRessoPooled_on_CGBE1_D2_rep1_CRISPResso_on_B2M	A	8.790281464812503e-05	8.790281464812503e-05	0.999244035794026	1.7580562929625007e-05	0.000281289006874	0.0001054833775777	1.7580562929625007e-05	0.9979079130113746	1.7580562929625007e-05	0.0001758056292962	0.0	0.9973629155605562	5.274168878887502e-05	5.274168878887502e-05	0.0062059387141576	0.0002637084439443	0.0187936217717691	0.9980661380777412	3.5161125859250015e-05	7.032225171850003e-05
_scratch_st-cdeboer-1_asfar_VLPs_results_crispresso_aggregated_spacer_CGBE1_rep1_.staging_CRISPRessoPooled_on_CGBE1_D2_rep1_CRISPResso_on_B2M	T	0.0001758056292962	0.0006329002654665	1.7580562929625007e-05	0.0003867723844517	5.274168878887502e-05	0.0001054833775777	0.99811887976653	0.0	0.9975035600639932	7.032225171850003e-05	8.790281464812503e-05	0.0	0.0001054833775777	0.0001054833775777	0.0053093300047467	0.9975211406269228	0.0017053146041736	3.5161125859250015e-05	0.0004746751990998	0.998312265958756
_scratch_st-cdeboer-1_asfar_VLPs_results_crispresso_aggregated_spacer_CGBE1_rep1_.staging_CRISPRessoPooled_on_CGBE1_D2_rep1_CRISPResso_on_B2M	C	3.5161125859250015e-05	7.032225171850003e-05	1.7580562929625007e-05	1.7580562929625007e-05	7.032225171850003e-05	0.9982771048328968	0.0002109667551555	1.7580562929625007e-05	0.0001054833775777	0.9976266240045006	0.9974859795010635	0.0002461278810147	0.0002988695698036	0.9975738823157118	0.0015646701007366	8.790281464812503e-05	0.0231711819412457	5.274168878887502e-05	3.5161125859250015e-05	0.0002461278810147
_scratch_st-cdeboer-1_asfar_VLPs_results_crispresso_aggregated_spacer_CGBE1_rep1_.staging_CRISPRessoPooled_on_CGBE1_D2_rep1_CRISPResso_on_B2M	G	0.9993319386086742	0.9987517800319966	0.0003164501327332	0.998962746787152	0.9983650076475448	7.032225171850003e-05	0.0001230639405073	0.0002109667551555	0.000281289006874	1.7580562929625007e-05	1.7580562929625007e-05	0.0001230639405073	0.9973101738717672	5.274168878887502e-05	0.9847576519400152	0.000140644503437	0.9543608586346934	0.0004043529473813	0.9980837186406708	0.000281289006874
_scratch_st-cdeboer-1_asfar_VLPs_results_crispresso_aggregated_spacer_CGBE1_rep1_.staging_CRISPRessoPooled_on_CGBE1_D2_rep1_CRISPResso_on_B2M	N	0.0	1.7580562929625007e-05	0.0	0.0	0.0	0.0	0.0	0.0	0.0	0.0	1.7580562929625007e-05	0.0	0.0	0.0	0.0	0.0	0.0	0.0	0.0	0.0
_scratch_st-cdeboer-1_asfar_VLPs_results_crispresso_aggregated_spacer_CGBE1_rep1_.staging_CRISPRessoPooled_on_CGBE1_D2_rep1_CRISPResso_on_B2M	-	0.0003691918215221	0.0004395140732406	0.0004043529473813	0.0006153197025368	0.0012306394050737	0.0014416061602292	0.0015295089748773	0.0018635396705402	0.0020920869886253	0.002109667551555	0.002390956558429	0.0022678926179216	0.0022327314920623	0.0022151509291327	0.0021624092403438	0.0019866036110476	0.001969023048118	0.0014416061602292	0.0013712839085107	0.0010899949016367
_scratch_st-cdeboer-1_asfar_VLPs_results_crispresso_aggregated_spacer_CGBE1_rep1_.staging_CRISPRessoPooled_on_CGBE1_D3_rep1_CRISPResso_on_B2M	A	0.0003620288860942	3.810830379939789e-05	0.998856750886018	1.9054151899698943e-05	5.716245569909683e-05	0.0005335162531915	1.9054151899698943e-05	0.9963034945314584	0.0	0.0003048664303951	0.0001143249113981	0.9958652490377652	0.0003239205822948	0.0001524332151975	0.0193209100262947	0.0001143249113981	0.0397850691665713	0.9965321443542547	7.621660759879578e-05	0.0
_scratch_st-cdeboer-1_asfar_VLPs_results_crispresso_aggregated_spacer_CGBE1_rep1_.staging_CRISPRessoPooled_on_CGBE1_D3_rep1_CRISPResso_on_B2M	T	0.0001524332151975	0.0005525704050912	0.0	0.000247703974696	0.0001905415189969	3.810830379939789e-05	0.9973514728859418	1.9054151899698943e-05	0.9958461948858656	7.621660759879578e-05	0.0005144621012918	0.0002858122784954	5.716245569909683e-05	0.0003239205822948	0.0099462672916428	0.996341602835258	0.0076597690636789	0.0001905415189969	0.0004001371898936	0.9977897183796348
_scratch_st-cdeboer-1_asfar_VLPs_results_crispresso_aggregated_spacer_CGBE1_rep1_.staging_CRISPRessoPooled_on_CGBE1_D3_rep1_CRISPResso_on_B2M	C	0.0001143249113981	0.0004191913417933	0.0001524332151975	0.0001905415189969	7.621660759879578e-05	0.9975229602530392	0.000247703974696	0.0001905415189969	0.0001143249113981	0.996341602835258	0.995446057695972	0.0001143249113981	0.0004001371898936	0.9961510613162609	0.0050112419496208	0.0001143249113981	0.05632407301551	3.810830379939789e-05	0.0003429747341945	0.0001143249113981
_scratch_st-cdeboer-1_asfar_VLPs_results_crispresso_aggregated_spacer_CGBE1_rep1_.staging_CRISPRessoPooled_on_CGBE1_D3_rep1_CRISPResso_on_B2M	G	0.9989520216455166	0.9983803970885256	0.0002667581265957	0.9987614801265196	0.9978849891391334	1.9054151899698943e-05	0.0001333790632978	0.0005716245569909	0.0006859494683891	0.0	9.527075949849472e-05	0.0001524332151975	0.995693761670668	0.0001524332151975	0.9622537250866964	7.621660759879578e-05	0.892972828779391	0.0004763537974924	0.9964940360504554	0.0001333790632978
_scratch_st-cdeboer-1_asfar_VLPs_results_crispresso_aggregated_spacer_CGBE1_rep1_.staging_CRISPRessoPooled_on_CGBE1_D3_rep1_CRISPResso_on_B2M	N	0.0	0.0	0.0	0.0	0.0	0.0	0.0	0.0	0.0	0.0	0.0	0.0	0.0	1.9054151899698943e-05	0.0	0.0	0.0	0.0	0.0	0.0
_scratch_st-cdeboer-1_asfar_VLPs_results_crispresso_aggregated_spacer_CGBE1_rep1_.staging_CRISPRessoPooled_on_CGBE1_D3_rep1_CRISPResso_on_B2M	-	0.0004191913417933	0.0006097328607903	0.0007240577721885	0.0007812202278876	0.0017910902785717	0.0018863610380701	0.0022483899241644	0.0029152852406539	0.003353530734347	0.0032773141267482	0.0038298845318394	0.0035821805571434	0.0035250181014443	0.0032010975191494	0.0034678556457452	0.003353530734347	0.0032582599748485	0.0027628520254563	0.0026866354178575	0.0019625776456689
_scratch_st-cdeboer-1_asfar_VLPs_results_crispresso_aggregated_spacer_CGBE1_rep1_.staging_CRISPRessoPooled_on_CGBE1_D4_rep1_CRISPResso_on_B2M	A	0.0003068635139281	0.000153431756964	0.9929250912066556	3.409594599202155e-05	0.0006137270278563	0.0019264209485492	0.0	0.9755702546967164	5.114391898803232e-05	0.0008353506768045	0.000102287837976	0.9738143134781274	0.0006478229738484	6.81918919840431e-05	0.0800231852432745	0.0005114391898803	0.1845954516008046	0.984384056735654	0.0004773432438883	0.0
_scratch_st-cdeboer-1_asfar_VLPs_results_crispresso_aggregated_spacer_CGBE1_rep1_.staging_CRISPRessoPooled_on_CGBE1_D4_rep1_CRISPResso_on_B2M	T	0.0001704797299601	0.0008523986498005	0.000153431756964	0.0003921033789082	0.0002557195949401	0.0005625831088683	0.9821678202461728	0.0003409594599202	0.971512837123666	0.0005114391898803	0.0006648709468444	0.0004943912168843	0.0003921033789082	0.0003921033789082	0.0448702649255003	0.9804800709195676	0.0313000784206757	0.0002727675679361	0.0008012547308125	0.9911861979610624
_scratch_st-cdeboer-1_asfar_VLPs_results_crispresso_aggregated_spacer_CGBE1_rep1_.staging_CRISPRessoPooled_on_CGBE1_D4_rep1_CRISPResso_on_B2M	C	0.0001704797299601	0.000119335810972	0.0001875277029561	0.0001875277029561	0.0002898155409321	0.9835657540318457	0.0001875277029561	0.0003239114869242	0.0001875277029561	0.9733028742882472	0.9719731323945584	0.000136383783968	0.001670701353609	0.976286269562549	0.0196563128644004	0.0002386716219441	0.2651130280609635	0.000153431756964	0.0004602952708922	0.0001875277029561
_scratch_st-cdeboer-1_asfar_VLPs_results_crispresso_aggregated_spacer_CGBE1_rep1_.staging_CRISPRessoPooled_on_CGBE1_D4_rep1_CRISPResso_on_B2M	G	0.9948685601282008	0.9939138736404242	0.000119335810972	0.9918510689079068	0.9855774148453748	0.000153431756964	0.0002386716219441	0.0030515871662859	0.0028640594633298	0.000136383783968	3.409594599202155e-05	0.0003921033789082	0.9732687783422552	0.0004432472978962	0.8350097173446077	0.0002727675679361	0.5011081182447407	0.0005966790548603	0.985764942548331	0.0004432472978962
_scratch_st-cdeboer-1_asfar_VLPs_results_crispresso_aggregated_spacer_CGBE1_rep1_.staging_CRISPRessoPooled_on_CGBE1_D4_rep1_CRISPResso_on_B2M	N	0.0	0.0	0.0	0.0	0.0	0.0	0.0	0.0	0.0	0.0	0.0	0.0	0.0	0.0	0.0	0.0	0.0	0.0	0.0	0.0
_scratch_st-cdeboer-1_asfar_VLPs_results_crispresso_aggregated_spacer_CGBE1_rep1_.staging_CRISPRessoPooled_on_CGBE1_D4_rep1_CRISPResso_on_B2M	-	0.0044836168979508	0.0049609601418391	0.0066146135224521	0.0075352040642367	0.0132633229908963	0.0137918101537727	0.017405980428927	0.020713287190153	0.02538443179106	0.0252139520610999	0.0272256128746292	0.0251628081421119	0.0240205939513791	0.0228101878686624	0.0204405196222169	0.0184970507006716	0.0178833236728153	0.0145930648845852	0.0124961642060758	0.0081830270380851
_scratch_st-cdeboer-1_asfar_VLPs_results_crispresso_aggregated_spacer_CGBE1_rep1_.staging_CRISPRessoPooled_on_CGBE1_D5_rep1_CRISPResso_on_B2M	A	0.000208360463602	0.0002018491991144	0.9931892173460086	0.0002278942570647	0.0001106914962885	0.001237140252637	0.000208360463602	0.9789621044406824	0.0001432478187263	0.0004688110431045	0.0001953379346269	0.9758757650735772	0.0005469462169553	0.000162781612189	0.0819768198984242	0.0011590050787863	0.1910405000651126	0.9863002995181664	0.0003385857533533	0.000104180231801
_scratch_st-cdeboer-1_asfar_VLPs_results_crispresso_aggregated_spacer_CGBE1_rep1_.staging_CRISPRessoPooled_on_CGBE1_D5_rep1_CRISPResso_on_B2M	T	0.0001953379346269	0.0004232321916916	0.0001692928766766	0.0006576377132439	0.0004818335720796	0.0002148717280895	0.983441854408126	0.0002864956374527	0.9748014064331292	0.0004362547206667	0.0005860138038807	0.0002669618439901	0.000208360463602	0.0002539393150149	0.0482810261752832	0.982367495767678	0.0350761817945044	0.0004818335720796	0.0014389894517515	0.9917437166297696
_scratch_st-cdeboer-1_asfar_VLPs_results_crispresso_aggregated_spacer_CGBE1_rep1_.staging_CRISPRessoPooled_on_CGBE1_D5_rep1_CRISPResso_on_B2M	C	0.0002604505795025	0.0003971871337413	9.766896731345228e-05	0.0002539393150149	0.0002148717280895	0.984457611668186	0.0003190519598906	0.0002344055215522	0.0004688110431045	0.9767938533663236	0.974462820679776	0.0002148717280895	0.0008855319703086	0.9779789035030604	0.0237921604375569	0.0001106914962885	0.2667925511134262	0.0001237140252637	0.0009050657637713	0.0003190519598906
_scratch_st-cdeboer-1_asfar_VLPs_results_crispresso_aggregated_spacer_CGBE1_rep1_.staging_CRISPRessoPooled_on_CGBE1_D5_rep1_CRISPResso_on_B2M	G	0.9943286886313322	0.993540825628337	0.0001692928766766	0.9915223336371924	0.9863719234275296	0.0001953379346269	7.813517385076181e-05	0.0031188956895429	0.0027086860268264	0.0001367365542388	1.9533793462690453e-05	0.0002344055215522	0.975836697486652	0.000312540695403	0.8276858966011199	0.0003711420757911	0.4917306941007944	0.0007292616226071	0.9861896080218778	0.0002604505795025
_scratch_st-cdeboer-1_asfar_VLPs_results_crispresso_aggregated_spacer_CGBE1_rep1_.staging_CRISPRessoPooled_on_CGBE1_D5_rep1_CRISPResso_on_B2M	N	0.0	0.0	0.0	6.511264487563485e-06	0.0	0.0	0.0	0.0	0.0	0.0	6.511264487563485e-06	0.0	0.0	6.511264487563485e-06	0.0	0.0	0.0	0.0	0.0	0.0
_scratch_st-cdeboer-1_asfar_VLPs_results_crispresso_aggregated_spacer_CGBE1_rep1_.staging_CRISPRessoPooled_on_CGBE1_D5_rep1_CRISPResso_on_B2M	-	0.0050071623909363	0.0054369058471155	0.0063745279333246	0.0073316838129964	0.0128206797760125	0.0138950384164604	0.0159525979945305	0.0173980987107696	0.0218778486782133	0.0221643443156661	0.0247297825237661	0.0234079958327907	0.022522463862482	0.021285323609845	0.0182640968876155	0.0159916655814559	0.0153600729261622	0.012364891261883	0.0111277510092459	0.0075726005990363
