Folder	Nucleotide	C	A	C	C	T	A	C	C	T	A	A	G	A	A	C	C	A	T	C	C
_scratch_st-cdeboer-1_asfar_VLPs_results_crispresso_aggregated_spacer_CGBE1_rep1_.staging_CRISPRessoPooled_on_CGBE1_D0_rep1_CRISPResso_on_PDCD1	A	8.504214901510561e-05	0.9998192854333428	5.3151343134441006e-05	5.3151343134441006e-05	1.06302686268882e-05	0.999904327582358	0.0001063026862688	0.0001063026862688	0.0	0.9998618065078504	0.9998511762392236	6.378161176132921e-05	0.9997236130157008	0.9997980248960892	5.3151343134441006e-05	0.0001169329548957	0.9998299157019698	2.1260537253776403e-05	6.378161176132921e-05	6.378161176132921e-05
_scratch_st-cdeboer-1_asfar_VLPs_results_crispresso_aggregated_spacer_CGBE1_rep1_.staging_CRISPRessoPooled_on_CGBE1_D0_rep1_CRISPResso_on_PDCD1	T	3.1890805880664604e-05	0.0	0.0001063026862688	2.1260537253776403e-05	0.9997236130157008	0.0	4.2521074507552805e-05	1.06302686268882e-05	0.9997555038215816	2.1260537253776403e-05	3.1890805880664604e-05	9.56724176419938e-05	0.0	0.0	3.1890805880664604e-05	7.441188038821741e-05	0.0	0.999617310329432	6.378161176132921e-05	4.2521074507552805e-05
_scratch_st-cdeboer-1_asfar_VLPs_results_crispresso_aggregated_spacer_CGBE1_rep1_.staging_CRISPRessoPooled_on_CGBE1_D0_rep1_CRISPResso_on_PDCD1	C	0.9997873946274622	6.378161176132921e-05	0.9998405459705968	0.9999149578509848	0.0001275632235226	2.1260537253776403e-05	0.9998511762392236	0.9998724367764772	6.378161176132921e-05	2.1260537253776403e-05	3.1890805880664604e-05	8.504214901510561e-05	0.0001488237607764	3.1890805880664604e-05	0.9999149578509848	0.9997980248960892	9.56724176419938e-05	0.000276386984299	0.9998511762392236	0.9998830670451042
_scratch_st-cdeboer-1_asfar_VLPs_results_crispresso_aggregated_spacer_CGBE1_rep1_.staging_CRISPRessoPooled_on_CGBE1_D0_rep1_CRISPResso_on_PDCD1	G	1.06302686268882e-05	0.0001169329548957	0.0	1.06302686268882e-05	0.0001275632235226	7.441188038821741e-05	0.0	1.06302686268882e-05	0.0001700842980302	9.56724176419938e-05	6.378161176132921e-05	0.9997555038215816	0.0001169329548957	0.0001594540294033	0.0	1.06302686268882e-05	7.441188038821741e-05	8.504214901510561e-05	2.1260537253776403e-05	1.06302686268882e-05
_scratch_st-cdeboer-1_asfar_VLPs_results_crispresso_aggregated_spacer_CGBE1_rep1_.staging_CRISPRessoPooled_on_CGBE1_D0_rep1_CRISPResso_on_PDCD1	N	0.0	0.0	0.0	0.0	1.06302686268882e-05	0.0	0.0	0.0	0.0	0.0	0.0	0.0	1.06302686268882e-05	0.0	0.0	0.0	0.0	0.0	0.0	0.0
_scratch_st-cdeboer-1_asfar_VLPs_results_crispresso_aggregated_spacer_CGBE1_rep1_.staging_CRISPRessoPooled_on_CGBE1_D0_rep1_CRISPResso_on_PDCD1	-	8.504214901510561e-05	0.0	0.0	0.0	0.0	0.0	0.0	0.0	1.06302686268882e-05	0.0	2.1260537253776403e-05	0.0	0.0	1.06302686268882e-05	0.0	0.0	0.0	0.0	0.0	0.0
_scratch_st-cdeboer-1_asfar_VLPs_results_crispresso_aggregated_spacer_CGBE1_rep1_.staging_CRISPRessoPooled_on_CGBE1_D1_rep1_CRISPResso_on_PDCD1	A	4.8948824004503295e-05	0.9998286791159844	1.2237206001125824e-05	8.566044200788077e-05	1.2237206001125824e-05	0.9998164419099832	0.0003181673560292	0.0001101348540101	0.0	0.9997185442619742	0.9998286791159844	7.342323600675494e-05	0.999804204703982	0.999804204703982	3.671161800337747e-05	6.118603000562912e-05	0.9997797302919798	1.2237206001125824e-05	3.671161800337747e-05	6.118603000562912e-05
_scratch_st-cdeboer-1_asfar_VLPs_results_crispresso_aggregated_spacer_CGBE1_rep1_.staging_CRISPRessoPooled_on_CGBE1_D1_rep1_CRISPResso_on_PDCD1	T	3.671161800337747e-05	0.0	0.0003304045620303	0.0001713208840157	0.9997430186739764	0.0	0.0008076555960743	9.78976480090066e-05	0.9997185442619742	1.2237206001125824e-05	0.0	7.342323600675494e-05	0.0	0.0	6.118603000562912e-05	4.8948824004503295e-05	0.0	0.9994370885239482	4.8948824004503295e-05	4.8948824004503295e-05
_scratch_st-cdeboer-1_asfar_VLPs_results_crispresso_aggregated_spacer_CGBE1_rep1_.staging_CRISPRessoPooled_on_CGBE1_D1_rep1_CRISPResso_on_PDCD1	C	0.9998531535279864	3.671161800337747e-05	0.9994860373479528	0.999694069849972	0.0001713208840157	2.4474412002251648e-05	0.9988007538118896	0.9993636652879414	0.0001346092660123	3.671161800337747e-05	0.0	2.4474412002251648e-05	0.0001101348540101	3.671161800337747e-05	0.9998776279399888	0.9998531535279864	6.118603000562912e-05	0.000293692944027	0.9998776279399888	0.9998531535279864
_scratch_st-cdeboer-1_asfar_VLPs_results_crispresso_aggregated_spacer_CGBE1_rep1_.staging_CRISPRessoPooled_on_CGBE1_D1_rep1_CRISPResso_on_PDCD1	G	3.671161800337747e-05	0.0001101348540101	0.0001590836780146	2.4474412002251648e-05	6.118603000562912e-05	0.0001468464720135	6.118603000562912e-05	0.0004160650040382	0.0001223720600112	0.0002202697080202	0.0001468464720135	0.9998164419099832	7.342323600675494e-05	0.0001468464720135	1.2237206001125824e-05	2.4474412002251648e-05	0.0001468464720135	0.0002447441200225	2.4474412002251648e-05	1.2237206001125824e-05
_scratch_st-cdeboer-1_asfar_VLPs_results_crispresso_aggregated_spacer_CGBE1_rep1_.staging_CRISPRessoPooled_on_CGBE1_D1_rep1_CRISPResso_on_PDCD1	N	0.0	0.0	0.0	0.0	0.0	0.0	0.0	0.0	0.0	0.0	0.0	0.0	0.0	0.0	0.0	0.0	0.0	0.0	0.0	0.0
_scratch_st-cdeboer-1_asfar_VLPs_results_crispresso_aggregated_spacer_CGBE1_rep1_.staging_CRISPRessoPooled_on_CGBE1_D1_rep1_CRISPResso_on_PDCD1	-	2.4474412002251648e-05	2.4474412002251648e-05	1.2237206001125824e-05	2.4474412002251648e-05	1.2237206001125824e-05	1.2237206001125824e-05	1.2237206001125824e-05	1.2237206001125824e-05	2.4474412002251648e-05	1.2237206001125824e-05	2.4474412002251648e-05	1.2237206001125824e-05	1.2237206001125824e-05	1.2237206001125824e-05	1.2237206001125824e-05	1.2237206001125824e-05	1.2237206001125824e-05	1.2237206001125824e-05	1.2237206001125824e-05	2.4474412002251648e-05
_scratch_st-cdeboer-1_asfar_VLPs_results_crispresso_aggregated_spacer_CGBE1_rep1_.staging_CRISPRessoPooled_on_CGBE1_D2_rep1_CRISPResso_on_PDCD1	A	1.6742706458499017e-05	0.999765602109581	7.534217906324558e-05	0.0002343978904189	0.0001255702984387	0.9996902599305176	0.0019588966556443	0.0005692520195889	8.371353229249508e-06	0.9996484031643716	0.9995730609853084	4.185676614624754e-05	0.9995479469256204	0.9996735172240592	6.697082583399607e-05	2.5114059687748525e-05	0.9998158302289564	3.3485412916998034e-05	2.5114059687748525e-05	5.859947260474656e-05
_scratch_st-cdeboer-1_asfar_VLPs_results_crispresso_aggregated_spacer_CGBE1_rep1_.staging_CRISPRessoPooled_on_CGBE1_D2_rep1_CRISPResso_on_PDCD1	T	6.697082583399607e-05	0.0	0.0003097400694822	0.0001506843581264	0.9994558620400988	1.6742706458499017e-05	0.0044954166841069	0.0011468753924071	0.999497718806245	8.371353229249508e-06	8.371353229249508e-06	0.0001171989452094	2.5114059687748525e-05	8.371353229249508e-06	5.022811937549705e-05	4.185676614624754e-05	0.0	0.9995563182788498	6.697082583399607e-05	7.534217906324558e-05
_scratch_st-cdeboer-1_asfar_VLPs_results_crispresso_aggregated_spacer_CGBE1_rep1_.staging_CRISPRessoPooled_on_CGBE1_D2_rep1_CRISPResso_on_PDCD1	C	0.9997907161692688	2.5114059687748525e-05	0.9994726047465572	0.9992549495625968	0.0001171989452094	7.534217906324558e-05	0.9921644133774224	0.9948851031769286	0.0001004562387509	8.371353229249508e-06	2.5114059687748525e-05	2.5114059687748525e-05	0.0001088275919802	4.185676614624754e-05	0.9997404880498932	0.9997907161692688	4.185676614624754e-05	0.0003013687162529	0.999866058348332	0.999799087522498
_scratch_st-cdeboer-1_asfar_VLPs_results_crispresso_aggregated_spacer_CGBE1_rep1_.staging_CRISPRessoPooled_on_CGBE1_D2_rep1_CRISPResso_on_PDCD1	G	2.5114059687748525e-05	0.0001339416516679	7.534217906324558e-05	0.0002929973630237	7.534217906324558e-05	0.0001004562387509	0.0012640743376166	0.0030136871625298	0.0001925411242727	0.0001339416516679	0.0001255702984387	0.9996735172240592	0.0001757984178142	0.0001339416516679	0.0	0.0	0.0001171989452094	9.20848855217446e-05	2.5114059687748525e-05	5.022811937549705e-05
_scratch_st-cdeboer-1_asfar_VLPs_results_crispresso_aggregated_spacer_CGBE1_rep1_.staging_CRISPRessoPooled_on_CGBE1_D2_rep1_CRISPResso_on_PDCD1	N	8.371353229249508e-06	8.371353229249508e-06	0.0	0.0	0.0	0.0	0.0	0.0	0.0	0.0	0.0	0.0	0.0	0.0	0.0	0.0	0.0	0.0	0.0	0.0
_scratch_st-cdeboer-1_asfar_VLPs_results_crispresso_aggregated_spacer_CGBE1_rep1_.staging_CRISPRessoPooled_on_CGBE1_D2_rep1_CRISPResso_on_PDCD1	-	9.20848855217446e-05	6.697082583399607e-05	6.697082583399607e-05	6.697082583399607e-05	0.0002260265371897	0.0001171989452094	0.0001171989452094	0.0003850822485454	0.0002009124775019	0.0002009124775019	0.0002678833033359	0.0001423130048972	0.0001423130048972	0.0001423130048972	0.0001423130048972	0.0001423130048972	2.5114059687748525e-05	1.6742706458499017e-05	1.6742706458499017e-05	1.6742706458499017e-05
_scratch_st-cdeboer-1_asfar_VLPs_results_crispresso_aggregated_spacer_CGBE1_rep1_.staging_CRISPRessoPooled_on_CGBE1_D3_rep1_CRISPResso_on_PDCD1	A	0.00010325469673	0.999760883860204	9.782023900745064e-05	9.782023900745064e-05	1.0868915445272294e-05	0.9998587040992116	0.000222812766628	0.0001467303585111	5.434457722636147e-06	0.9997826216910946	0.9997880561488172	9.782023900745064e-05	0.9997065392829776	0.999744580487036	4.891011950372532e-05	7.06479503942699e-05	0.9997717527756492	5.434457722636147e-06	3.804120405845303e-05	8.15168658395422e-05
_scratch_st-cdeboer-1_asfar_VLPs_results_crispresso_aggregated_spacer_CGBE1_rep1_.staging_CRISPRessoPooled_on_CGBE1_D3_rep1_CRISPResso_on_PDCD1	T	5.434457722636147e-05	5.434457722636147e-06	0.0001304269853432	8.695132356217835e-05	0.9997391460293136	0.0	0.0005706180608767	0.0001304269853432	0.9997391460293136	5.434457722636147e-06	0.0	9.782023900745064e-05	2.717228861318073e-05	0.0	4.347566178108918e-05	5.434457722636147e-05	5.434457722636147e-06	0.999625022417138	5.434457722636147e-05	3.804120405845303e-05
_scratch_st-cdeboer-1_asfar_VLPs_results_crispresso_aggregated_spacer_CGBE1_rep1_.staging_CRISPRessoPooled_on_CGBE1_D3_rep1_CRISPResso_on_PDCD1	C	0.9997500149447588	3.804120405845303e-05	0.9996521947057512	0.999777187233372	9.782023900745064e-05	3.260674633581688e-05	0.998956584117254	0.9992500448342764	9.238578128481448e-05	3.260674633581688e-05	2.717228861318073e-05	2.173783089054459e-05	8.15168658395422e-05	5.977903494899761e-05	0.9998695730146568	0.999836966268321	7.06479503942699e-05	0.0002445505975186	0.9998750074723792	0.999864138556934
_scratch_st-cdeboer-1_asfar_VLPs_results_crispresso_aggregated_spacer_CGBE1_rep1_.staging_CRISPRessoPooled_on_CGBE1_D3_rep1_CRISPResso_on_PDCD1	G	1.630337316790844e-05	0.0001793371048469	0.00010325469673	2.173783089054459e-05	0.0001304269853432	9.238578128481448e-05	0.0002173783089054	0.0004347566178108	0.0001195580698979	0.0001467303585111	9.238578128481448e-05	0.9997500149447588	0.0001575992739564	0.000163033731679	1.0868915445272294e-05	1.0868915445272294e-05	0.0001249925276206	0.0001141236121753	2.173783089054459e-05	5.434457722636147e-06
_scratch_st-cdeboer-1_asfar_VLPs_results_crispresso_aggregated_spacer_CGBE1_rep1_.staging_CRISPRessoPooled_on_CGBE1_D3_rep1_CRISPResso_on_PDCD1	N	0.0	5.434457722636147e-06	0.0	0.0	0.0	0.0	0.0	0.0	0.0	0.0	0.0	5.434457722636147e-06	0.0	0.0	0.0	0.0	0.0	0.0	0.0	0.0
_scratch_st-cdeboer-1_asfar_VLPs_results_crispresso_aggregated_spacer_CGBE1_rep1_.staging_CRISPRessoPooled_on_CGBE1_D3_rep1_CRISPResso_on_PDCD1	-	7.608240811690605e-05	1.0868915445272294e-05	1.630337316790844e-05	1.630337316790844e-05	2.173783089054459e-05	1.630337316790844e-05	3.260674633581688e-05	3.804120405845303e-05	4.347566178108918e-05	3.260674633581688e-05	9.238578128481448e-05	2.717228861318073e-05	2.717228861318073e-05	3.260674633581688e-05	2.717228861318073e-05	2.717228861318073e-05	2.717228861318073e-05	1.0868915445272294e-05	1.0868915445272294e-05	1.0868915445272294e-05
_scratch_st-cdeboer-1_asfar_VLPs_results_crispresso_aggregated_spacer_CGBE1_rep1_.staging_CRISPRessoPooled_on_CGBE1_D4_rep1_CRISPResso_on_PDCD1	A	4.7679214246549215e-05	0.9993324910005484	0.0006913486065749	0.0011681407490404	0.0001430376427396	0.9991894533578086	0.0083438624931461	0.0018833289627386	0.0	0.9983312275013708	0.9985696235726036	7.151882136982383e-05	0.998951057286576	0.9993563306076716	2.3839607123274607e-05	2.3839607123274607e-05	0.9994993682504112	0.0	4.7679214246549215e-05	0.0001191980356163
_scratch_st-cdeboer-1_asfar_VLPs_results_crispresso_aggregated_spacer_CGBE1_rep1_.staging_CRISPRessoPooled_on_CGBE1_D4_rep1_CRISPResso_on_PDCD1	T	4.7679214246549215e-05	4.7679214246549215e-05	0.0020978854268481	0.0015018952487663	0.9987603404295896	0.0	0.0231720981238229	0.0046487233890385	0.998426585929864	2.3839607123274607e-05	0.0	0.0001668772498629	2.3839607123274607e-05	4.7679214246549215e-05	2.3839607123274607e-05	4.7679214246549215e-05	0.0	0.9996662455002742	4.7679214246549215e-05	4.7679214246549215e-05
_scratch_st-cdeboer-1_asfar_VLPs_results_crispresso_aggregated_spacer_CGBE1_rep1_.staging_CRISPRessoPooled_on_CGBE1_D4_rep1_CRISPResso_on_PDCD1	C	0.9993801702147947	7.151882136982383e-05	0.9955896726821942	0.9946837676115098	0.0001191980356163	0.0	0.9616659117457744	0.9722030180942618	7.151882136982383e-05	0.0	2.3839607123274607e-05	9.535842849309844e-05	7.151882136982383e-05	4.7679214246549215e-05	0.9995232078575343	0.999475528643288	7.151882136982383e-05	0.0001907168569861	0.9998092831430138	0.999737764321644
_scratch_st-cdeboer-1_asfar_VLPs_results_crispresso_aggregated_spacer_CGBE1_rep1_.staging_CRISPRessoPooled_on_CGBE1_D4_rep1_CRISPResso_on_PDCD1	G	0.0	4.7679214246549215e-05	0.0008582258564378	0.0018594893556154	0.0001191980356163	7.151882136982383e-05	0.0056023076739695	0.0195961570553317	0.0002383960712327	9.535842849309844e-05	2.3839607123274607e-05	0.9989033780723292	0.0001907168569861	0.0001191980356163	0.0	0.0	0.0001668772498629	4.7679214246549215e-05	0.0	0.0
_scratch_st-cdeboer-1_asfar_VLPs_results_crispresso_aggregated_spacer_CGBE1_rep1_.staging_CRISPRessoPooled_on_CGBE1_D4_rep1_CRISPResso_on_PDCD1	N	0.0	2.3839607123274607e-05	0.0	0.0	0.0	0.0	0.0	0.0	0.0	0.0	0.0	0.0	0.0	0.0	0.0	0.0	0.0	0.0	0.0	0.0
_scratch_st-cdeboer-1_asfar_VLPs_results_crispresso_aggregated_spacer_CGBE1_rep1_.staging_CRISPRessoPooled_on_CGBE1_D4_rep1_CRISPResso_on_PDCD1	-	0.000524471356712	0.0004767921424654	0.0007628674279447	0.000786707035068	0.0008582258564378	0.0007390278208215	0.001215819963287	0.0016687724986292	0.0012634991775335	0.0015495744630128	0.0013826972131499	0.0007628674279447	0.0007628674279447	0.0004291129282189	0.0004291129282189	0.0004529525353422	0.000262235678356	9.535842849309844e-05	9.535842849309844e-05	9.535842849309844e-05
_scratch_st-cdeboer-1_asfar_VLPs_results_crispresso_aggregated_spacer_CGBE1_rep1_.staging_CRISPRessoPooled_on_CGBE1_D5_rep1_CRISPResso_on_PDCD1	A	9.476676845319576e-05	0.9997051700537012	0.0005054227650837	0.0005054227650837	0.0001158260503316	0.9992839844161314	0.0075708118353164	0.001600505422765	0.0	0.999136569442982	0.9991786880067388	0.0001052964093924	0.999136569442982	0.999273454775192	5.264820469621986e-05	2.1059281878487944e-05	0.9994208697483415	4.211856375697589e-05	9.476676845319576e-05	8.423712751395178e-05
_scratch_st-cdeboer-1_asfar_VLPs_results_crispresso_aggregated_spacer_CGBE1_rep1_.staging_CRISPRessoPooled_on_CGBE1_D5_rep1_CRISPResso_on_PDCD1	T	0.0001158260503316	1.0529640939243972e-05	0.0006001895335369	0.0010950826576813	0.9989470359060756	2.1059281878487944e-05	0.0152048015162682	0.0039591449931557	0.9989154469832578	0.0	1.0529640939243972e-05	0.0001474149731494	2.1059281878487944e-05	0.0	5.264820469621986e-05	9.476676845319576e-05	4.211856375697589e-05	0.9994313993892808	5.264820469621986e-05	2.1059281878487944e-05
_scratch_st-cdeboer-1_asfar_VLPs_results_crispresso_aggregated_spacer_CGBE1_rep1_.staging_CRISPRessoPooled_on_CGBE1_D5_rep1_CRISPResso_on_PDCD1	C	0.9995788143624302	2.1059281878487944e-05	0.9976940086343056	0.996630514899442	0.0002527113825418	1.0529640939243972e-05	0.972854585658629	0.9807412867221228	4.211856375697589e-05	1.0529640939243972e-05	1.0529640939243972e-05	2.1059281878487944e-05	8.423712751395178e-05	8.423712751395178e-05	0.9994103401074024	0.9994103401074024	6.317784563546383e-05	0.0001895335369063	0.9995998736443088	0.9996735811308834
_scratch_st-cdeboer-1_asfar_VLPs_results_crispresso_aggregated_spacer_CGBE1_rep1_.staging_CRISPRessoPooled_on_CGBE1_D5_rep1_CRISPResso_on_PDCD1	G	0.0	0.0001052964093924	0.000863430557018	0.00125302727177	4.211856375697589e-05	0.0001474149731494	0.0037696114562493	0.0128777508686953	0.0003369485100558	0.0001579446140886	5.264820469621986e-05	0.9990418026745288	0.0001368853322101	0.0001579446140886	1.0529640939243972e-05	0.0	0.0001052964093924	0.0001052964093924	2.1059281878487944e-05	1.0529640939243972e-05
_scratch_st-cdeboer-1_asfar_VLPs_results_crispresso_aggregated_spacer_CGBE1_rep1_.staging_CRISPRessoPooled_on_CGBE1_D5_rep1_CRISPResso_on_PDCD1	N	0.0	0.0	0.0	0.0	0.0	0.0	0.0	0.0	0.0	0.0	0.0	0.0	0.0	0.0	0.0	0.0	0.0	0.0	0.0	0.0
_scratch_st-cdeboer-1_asfar_VLPs_results_crispresso_aggregated_spacer_CGBE1_rep1_.staging_CRISPRessoPooled_on_CGBE1_D5_rep1_CRISPResso_on_PDCD1	-	0.0002105928187848	0.0001579446140886	0.0003369485100558	0.0005159524060229	0.0006423080972938	0.0005370116879014	0.0006001895335369	0.000821311993261	0.0007054859429293	0.0006949563019901	0.0007476045066863	0.0006844266610508	0.0006212488154153	0.0004843634832052	0.0004738338422659	0.0004738338422659	0.0003685374328735	0.0002316521006633	0.0002316521006633	0.0002105928187848
