Folder	Nucleotide	C	A	C	C	T	A	C	C	T	A	A	G	A	A	C	C	A	T	C	C
_scratch_st-cdeboer-1_asfar_VLPs_results_crispresso_aggregated_spacer_CGBE1-NG_rep1_.staging_CRISPRessoPooled_on_CGBE1-NG_D0_rep1_CRISPResso_on_PDCD1	A	7.350393246038663e-05	0.9998214904497392	7.350393246038663e-05	6.30033706803314e-05	1.0500561780055232e-05	0.9997899887643988	3.15016853401657e-05	8.400449424044186e-05	0.0	0.9997794882026187	0.9997374859554986	8.400449424044186e-05	0.9997269853937184	0.9997269853937184	4.200224712022093e-05	4.200224712022093e-05	0.9997794882026187	2.1001123560110464e-05	7.350393246038663e-05	6.30033706803314e-05
_scratch_st-cdeboer-1_asfar_VLPs_results_crispresso_aggregated_spacer_CGBE1-NG_rep1_.staging_CRISPRessoPooled_on_CGBE1-NG_D0_rep1_CRISPResso_on_PDCD1	T	6.30033706803314e-05	1.0500561780055232e-05	7.350393246038663e-05	5.250280890027617e-05	0.9997584870790588	1.0500561780055232e-05	5.250280890027617e-05	4.200224712022093e-05	0.9997479865172788	0.0	0.0	0.0001890101120409	0.0	0.0	3.15016853401657e-05	4.200224712022093e-05	0.0	0.999611479214138	2.1001123560110464e-05	4.200224712022093e-05
_scratch_st-cdeboer-1_asfar_VLPs_results_crispresso_aggregated_spacer_CGBE1-NG_rep1_.staging_CRISPRessoPooled_on_CGBE1-NG_D0_rep1_CRISPResso_on_PDCD1	C	0.9997689876408388	5.250280890027617e-05	0.9998319910115192	0.9998634926968591	0.0001365073031407	2.1001123560110464e-05	0.9998844938204194	0.9998529921350792	0.0001365073031407	4.200224712022093e-05	4.200224712022093e-05	2.1001123560110464e-05	0.0001155061795806	7.350393246038663e-05	0.9999054949439796	0.9998949943821994	5.250280890027617e-05	0.0003045162916216	0.9998529921350792	0.9998634926968591
_scratch_st-cdeboer-1_asfar_VLPs_results_crispresso_aggregated_spacer_CGBE1-NG_rep1_.staging_CRISPRessoPooled_on_CGBE1-NG_D0_rep1_CRISPResso_on_PDCD1	G	4.200224712022093e-05	9.45050560204971e-05	0.0	0.0	7.350393246038663e-05	0.0001470078649207	1.0500561780055232e-05	0.0	8.400449424044186e-05	0.0001575084267008	0.0001155061795806	0.9996849831465984	0.0001365073031407	0.0001785095502609	0.0	0.0	0.0001470078649207	4.200224712022093e-05	3.15016853401657e-05	0.0
_scratch_st-cdeboer-1_asfar_VLPs_results_crispresso_aggregated_spacer_CGBE1-NG_rep1_.staging_CRISPRessoPooled_on_CGBE1-NG_D0_rep1_CRISPResso_on_PDCD1	N	0.0	0.0	0.0	0.0	0.0	0.0	0.0	0.0	0.0	0.0	0.0	0.0	0.0	0.0	0.0	0.0	0.0	0.0	0.0	1.0500561780055232e-05
_scratch_st-cdeboer-1_asfar_VLPs_results_crispresso_aggregated_spacer_CGBE1-NG_rep1_.staging_CRISPRessoPooled_on_CGBE1-NG_D0_rep1_CRISPResso_on_PDCD1	-	5.250280890027617e-05	2.1001123560110464e-05	2.1001123560110464e-05	2.1001123560110464e-05	2.1001123560110464e-05	3.15016853401657e-05	2.1001123560110464e-05	2.1001123560110464e-05	3.15016853401657e-05	2.1001123560110464e-05	0.0001050056178005	2.1001123560110464e-05	2.1001123560110464e-05	2.1001123560110464e-05	2.1001123560110464e-05	2.1001123560110464e-05	2.1001123560110464e-05	2.1001123560110464e-05	2.1001123560110464e-05	2.1001123560110464e-05
_scratch_st-cdeboer-1_asfar_VLPs_results_crispresso_aggregated_spacer_CGBE1-NG_rep1_.staging_CRISPRessoPooled_on_CGBE1-NG_D1_rep1_CRISPResso_on_PDCD1	A	9.37187604131956e-05	0.9998229756747752	6.247917360879707e-05	3.123958680439853e-05	0.0	0.999843802065978	2.082639120293236e-05	4.165278240586471e-05	2.082639120293236e-05	0.9997709096967676	0.999802149283572	8.330556481172943e-05	0.9997500833055648	0.9997084305231588	5.206597800733089e-05	3.123958680439853e-05	0.9999375208263912	0.0	3.123958680439853e-05	5.206597800733089e-05
_scratch_st-cdeboer-1_asfar_VLPs_results_crispresso_aggregated_spacer_CGBE1-NG_rep1_.staging_CRISPRessoPooled_on_CGBE1-NG_D1_rep1_CRISPResso_on_PDCD1	T	2.082639120293236e-05	1.0413195601466178e-05	0.0001249583472175	4.165278240586471e-05	0.9997604965011664	1.0413195601466178e-05	7.289236921026324e-05	5.206597800733089e-05	0.9997188437187604	0.0	0.0	0.000135371542819	0.0	1.0413195601466178e-05	0.0001041319560146	7.289236921026324e-05	0.0	0.9996667777407532	7.289236921026324e-05	7.289236921026324e-05
_scratch_st-cdeboer-1_asfar_VLPs_results_crispresso_aggregated_spacer_CGBE1-NG_rep1_.staging_CRISPRessoPooled_on_CGBE1-NG_D1_rep1_CRISPResso_on_PDCD1	C	0.9998333888703764	3.123958680439853e-05	0.9997917360879708	0.9998750416527824	0.000135371542819	3.123958680439853e-05	0.999885454848384	0.9998958680439852	0.0001561979340219	1.0413195601466178e-05	4.165278240586471e-05	4.165278240586471e-05	0.0001041319560146	5.206597800733089e-05	0.9998125624791736	0.999885454848384	1.0413195601466178e-05	0.0002707430856381	0.9998750416527824	0.9998229756747752
_scratch_st-cdeboer-1_asfar_VLPs_results_crispresso_aggregated_spacer_CGBE1-NG_rep1_.staging_CRISPRessoPooled_on_CGBE1-NG_D1_rep1_CRISPResso_on_PDCD1	G	2.082639120293236e-05	0.0001249583472175	1.0413195601466178e-05	4.165278240586471e-05	9.37187604131956e-05	0.0001041319560146	1.0413195601466178e-05	0.0	9.37187604131956e-05	0.0002082639120293	0.0001145451516161	0.999729256914362	0.000135371542819	0.0002186771076307	2.082639120293236e-05	0.0	4.165278240586471e-05	5.206597800733089e-05	1.0413195601466178e-05	4.165278240586471e-05
_scratch_st-cdeboer-1_asfar_VLPs_results_crispresso_aggregated_spacer_CGBE1-NG_rep1_.staging_CRISPRessoPooled_on_CGBE1-NG_D1_rep1_CRISPResso_on_PDCD1	N	0.0	0.0	0.0	0.0	0.0	0.0	0.0	0.0	0.0	0.0	0.0	0.0	0.0	0.0	0.0	0.0	0.0	0.0	0.0	0.0
_scratch_st-cdeboer-1_asfar_VLPs_results_crispresso_aggregated_spacer_CGBE1-NG_rep1_.staging_CRISPRessoPooled_on_CGBE1-NG_D1_rep1_CRISPResso_on_PDCD1	-	3.123958680439853e-05	1.0413195601466178e-05	1.0413195601466178e-05	1.0413195601466178e-05	1.0413195601466178e-05	1.0413195601466178e-05	1.0413195601466178e-05	1.0413195601466178e-05	1.0413195601466178e-05	1.0413195601466178e-05	4.165278240586471e-05	1.0413195601466178e-05	1.0413195601466178e-05	1.0413195601466178e-05	1.0413195601466178e-05	1.0413195601466178e-05	1.0413195601466178e-05	1.0413195601466178e-05	1.0413195601466178e-05	1.0413195601466178e-05
_scratch_st-cdeboer-1_asfar_VLPs_results_crispresso_aggregated_spacer_CGBE1-NG_rep1_.staging_CRISPRessoPooled_on_CGBE1-NG_D2_rep1_CRISPResso_on_PDCD1	A	2.082682495053629e-05	0.9998229719879204	5.206706237634073e-05	8.330729980214517e-05	0.0	0.9999062792877226	4.165364990107258e-05	5.206706237634073e-05	2.082682495053629e-05	0.99980214516297	0.9998229719879204	4.165364990107258e-05	0.9997917317504946	0.9998750390502968	3.124023742580444e-05	5.206706237634073e-05	0.99980214516297	1.0413412475268146e-05	5.206706237634073e-05	7.289388732687702e-05
_scratch_st-cdeboer-1_asfar_VLPs_results_crispresso_aggregated_spacer_CGBE1-NG_rep1_.staging_CRISPRessoPooled_on_CGBE1-NG_D2_rep1_CRISPResso_on_PDCD1	T	7.289388732687702e-05	3.124023742580444e-05	9.372071227741332e-05	4.165364990107258e-05	0.9997604915130688	0.0	4.165364990107258e-05	3.124023742580444e-05	0.9997396646881184	2.082682495053629e-05	0.0	0.0001457877746537	1.0413412475268146e-05	0.0	5.206706237634073e-05	4.165364990107258e-05	1.0413412475268146e-05	0.9995626366760388	6.248047485160888e-05	3.124023742580444e-05
_scratch_st-cdeboer-1_asfar_VLPs_results_crispresso_aggregated_spacer_CGBE1-NG_rep1_.staging_CRISPRessoPooled_on_CGBE1-NG_D2_rep1_CRISPResso_on_PDCD1	C	0.9998646256378216	4.165364990107258e-05	0.999843798812871	0.999843798812871	0.0001666145996042	2.082682495053629e-05	0.9998958658752474	0.9999062792877226	0.0001353743621784	0.0	5.206706237634073e-05	4.165364990107258e-05	8.330729980214517e-05	5.206706237634073e-05	0.999885452462772	0.9998958658752474	7.289388732687702e-05	0.0003228157867333	0.9998646256378216	0.9998750390502968
_scratch_st-cdeboer-1_asfar_VLPs_results_crispresso_aggregated_spacer_CGBE1-NG_rep1_.staging_CRISPRessoPooled_on_CGBE1-NG_D2_rep1_CRISPResso_on_PDCD1	G	1.0413412475268146e-05	9.372071227741332e-05	0.0	2.082682495053629e-05	5.206706237634073e-05	6.248047485160888e-05	1.0413412475268146e-05	0.0	9.372071227741332e-05	0.0001666145996042	9.372071227741332e-05	0.9997604915130688	0.0001041341247526	6.248047485160888e-05	2.082682495053629e-05	0.0	0.0001041341247526	9.372071227741332e-05	1.0413412475268146e-05	1.0413412475268146e-05
_scratch_st-cdeboer-1_asfar_VLPs_results_crispresso_aggregated_spacer_CGBE1-NG_rep1_.staging_CRISPRessoPooled_on_CGBE1-NG_D2_rep1_CRISPResso_on_PDCD1	N	0.0	0.0	0.0	0.0	0.0	0.0	0.0	0.0	0.0	0.0	0.0	0.0	0.0	0.0	0.0	0.0	0.0	0.0	0.0	0.0
_scratch_st-cdeboer-1_asfar_VLPs_results_crispresso_aggregated_spacer_CGBE1-NG_rep1_.staging_CRISPRessoPooled_on_CGBE1-NG_D2_rep1_CRISPResso_on_PDCD1	-	3.124023742580444e-05	1.0413412475268146e-05	1.0413412475268146e-05	1.0413412475268146e-05	2.082682495053629e-05	1.0413412475268146e-05	1.0413412475268146e-05	1.0413412475268146e-05	1.0413412475268146e-05	1.0413412475268146e-05	3.124023742580444e-05	1.0413412475268146e-05	1.0413412475268146e-05	1.0413412475268146e-05	1.0413412475268146e-05	1.0413412475268146e-05	1.0413412475268146e-05	1.0413412475268146e-05	1.0413412475268146e-05	1.0413412475268146e-05
_scratch_st-cdeboer-1_asfar_VLPs_results_crispresso_aggregated_spacer_CGBE1-NG_rep1_.staging_CRISPRessoPooled_on_CGBE1-NG_D3_rep1_CRISPResso_on_PDCD1	A	4.5590280152271535e-05	0.9998176388793908	0.0001139757003806	2.2795140076135767e-05	0.0	0.9998632291595432	4.5590280152271535e-05	6.83854202284073e-05	4.5590280152271535e-05	0.9997948437393148	0.9997264583190864	4.5590280152271535e-05	0.9997492534591624	0.9998176388793908	0.0	6.83854202284073e-05	0.9997948437393148	0.0	6.83854202284073e-05	6.83854202284073e-05
_scratch_st-cdeboer-1_asfar_VLPs_results_crispresso_aggregated_spacer_CGBE1-NG_rep1_.staging_CRISPRessoPooled_on_CGBE1-NG_D3_rep1_CRISPResso_on_PDCD1	T	0.0001139757003806	0.0	6.83854202284073e-05	0.0	0.9998404340194672	0.0	0.0001139757003806	2.2795140076135767e-05	0.9997264583190864	0.0	0.0	0.0002051562606852	0.0	0.0	4.5590280152271535e-05	2.2795140076135767e-05	2.2795140076135767e-05	0.9996352777587818	2.2795140076135767e-05	0.0
_scratch_st-cdeboer-1_asfar_VLPs_results_crispresso_aggregated_spacer_CGBE1-NG_rep1_.staging_CRISPRessoPooled_on_CGBE1-NG_D3_rep1_CRISPResso_on_PDCD1	C	0.9997264583190864	4.5590280152271535e-05	0.9997948437393148	0.9995668923385534	9.118056030454308e-05	2.2795140076135767e-05	0.9997948437393148	0.9998632291595432	6.83854202284073e-05	2.2795140076135767e-05	6.83854202284073e-05	4.5590280152271535e-05	9.118056030454308e-05	4.5590280152271535e-05	0.9999316145797716	0.9998860242996194	6.83854202284073e-05	0.0002279514007613	0.9998860242996194	0.9998632291595432
_scratch_st-cdeboer-1_asfar_VLPs_results_crispresso_aggregated_spacer_CGBE1-NG_rep1_.staging_CRISPRessoPooled_on_CGBE1-NG_D3_rep1_CRISPResso_on_PDCD1	G	0.0	9.118056030454308e-05	0.0	0.0003875173812943	4.5590280152271535e-05	9.118056030454308e-05	2.2795140076135767e-05	2.2795140076135767e-05	0.0001367708404568	0.0001595659805329	0.0001139757003806	0.999680868038934	0.0001367708404568	0.0001139757003806	0.0	0.0	9.118056030454308e-05	0.0001139757003806	0.0	4.5590280152271535e-05
_scratch_st-cdeboer-1_asfar_VLPs_results_crispresso_aggregated_spacer_CGBE1-NG_rep1_.staging_CRISPRessoPooled_on_CGBE1-NG_D3_rep1_CRISPResso_on_PDCD1	N	0.0	0.0	0.0	0.0	0.0	0.0	0.0	0.0	0.0	0.0	2.2795140076135767e-05	0.0	0.0	0.0	0.0	0.0	0.0	0.0	0.0	0.0
_scratch_st-cdeboer-1_asfar_VLPs_results_crispresso_aggregated_spacer_CGBE1-NG_rep1_.staging_CRISPRessoPooled_on_CGBE1-NG_D3_rep1_CRISPResso_on_PDCD1	-	0.0001139757003806	4.5590280152271535e-05	2.2795140076135767e-05	2.2795140076135767e-05	2.2795140076135767e-05	2.2795140076135767e-05	2.2795140076135767e-05	2.2795140076135767e-05	2.2795140076135767e-05	2.2795140076135767e-05	6.83854202284073e-05	2.2795140076135767e-05	2.2795140076135767e-05	2.2795140076135767e-05	2.2795140076135767e-05	2.2795140076135767e-05	2.2795140076135767e-05	2.2795140076135767e-05	2.2795140076135767e-05	2.2795140076135767e-05
_scratch_st-cdeboer-1_asfar_VLPs_results_crispresso_aggregated_spacer_CGBE1-NG_rep1_.staging_CRISPRessoPooled_on_CGBE1-NG_D4_rep1_CRISPResso_on_PDCD1	A	0.0001200912693647	0.9997931761472052	4.00304231215724e-05	5.337389749542986e-05	0.0	0.9998598935190744	0.0001134195321777	2.668694874771493e-05	6.671737186928733e-06	0.9998665652562614	0.999799847884392	0.0001200912693647	0.9997464739868968	0.9997731609356444	1.3343474373857464e-05	3.335868593464366e-05	0.999813191358766	6.671737186928733e-06	4.670216030850113e-05	6.00456346823586e-05
_scratch_st-cdeboer-1_asfar_VLPs_results_crispresso_aggregated_spacer_CGBE1-NG_rep1_.staging_CRISPRessoPooled_on_CGBE1-NG_D4_rep1_CRISPResso_on_PDCD1	T	5.337389749542986e-05	1.3343474373857464e-05	0.0001734651668601	3.335868593464366e-05	0.9997464739868968	1.3343474373857464e-05	0.000273541224664	6.671737186928733e-06	0.9997598174612704	0.0	0.0	0.0001000760578039	0.0	6.671737186928733e-06	2.00152115607862e-05	6.671737186928732e-05	2.668694874771493e-05	0.999726458775336	2.00152115607862e-05	2.668694874771493e-05
_scratch_st-cdeboer-1_asfar_VLPs_results_crispresso_aggregated_spacer_CGBE1-NG_rep1_.staging_CRISPRessoPooled_on_CGBE1-NG_D4_rep1_CRISPResso_on_PDCD1	C	0.9997531457240836	7.338910905621606e-05	0.999713115300962	0.9998865804678222	0.0001467782181124	6.671737186928733e-06	0.9995062914481672	0.9997731609356444	8.006084624314479e-05	0.0	2.668694874771493e-05	3.335868593464366e-05	0.0001067477949908	7.338910905621606e-05	0.9999599695768784	0.9998932522050092	9.340432061700226e-05	0.0002068238527947	0.99991326741657	0.9998932522050092
_scratch_st-cdeboer-1_asfar_VLPs_results_crispresso_aggregated_spacer_CGBE1-NG_rep1_.staging_CRISPRessoPooled_on_CGBE1-NG_D4_rep1_CRISPResso_on_PDCD1	G	2.668694874771493e-05	0.0001134195321777	6.671737186928732e-05	2.00152115607862e-05	0.0001000760578039	0.0001134195321777	0.0001000760578039	0.000186808641234	0.0001401064809255	0.0001267630065516	0.0001334347437385	0.9997398022497098	0.0001334347437385	0.0001401064809255	0.0	0.0	6.00456346823586e-05	4.670216030850113e-05	1.3343474373857464e-05	1.3343474373857464e-05
_scratch_st-cdeboer-1_asfar_VLPs_results_crispresso_aggregated_spacer_CGBE1-NG_rep1_.staging_CRISPRessoPooled_on_CGBE1-NG_D4_rep1_CRISPResso_on_PDCD1	N	0.0	0.0	0.0	0.0	0.0	0.0	0.0	0.0	0.0	0.0	0.0	0.0	6.671737186928733e-06	0.0	0.0	0.0	0.0	0.0	0.0	0.0
_scratch_st-cdeboer-1_asfar_VLPs_results_crispresso_aggregated_spacer_CGBE1-NG_rep1_.staging_CRISPRessoPooled_on_CGBE1-NG_D4_rep1_CRISPResso_on_PDCD1	-	4.670216030850113e-05	6.671737186928733e-06	6.671737186928733e-06	6.671737186928733e-06	6.671737186928733e-06	6.671737186928733e-06	6.671737186928733e-06	6.671737186928733e-06	1.3343474373857464e-05	6.671737186928733e-06	4.00304231215724e-05	6.671737186928733e-06	6.671737186928733e-06	6.671737186928733e-06	6.671737186928733e-06	6.671737186928733e-06	6.671737186928733e-06	1.3343474373857464e-05	6.671737186928733e-06	6.671737186928733e-06
_scratch_st-cdeboer-1_asfar_VLPs_results_crispresso_aggregated_spacer_CGBE1-NG_rep1_.staging_CRISPRessoPooled_on_CGBE1-NG_D5_rep1_CRISPResso_on_PDCD1	A	4.6343498007229584e-05	0.9998146260079712	2.3171749003614792e-05	0.000115858745018	0.0	0.9997914542589674	6.951524701084438e-05	9.268699601445916e-05	0.0	0.9997451107609604	0.9997219390119566	6.951524701084438e-05	0.9997219390119566	0.999768282509964	0.0	4.6343498007229584e-05	0.9998609695059784	0.0	4.6343498007229584e-05	4.6343498007229584e-05
_scratch_st-cdeboer-1_asfar_VLPs_results_crispresso_aggregated_spacer_CGBE1-NG_rep1_.staging_CRISPRessoPooled_on_CGBE1-NG_D5_rep1_CRISPResso_on_PDCD1	T	9.268699601445916e-05	2.3171749003614792e-05	0.0001622022430253	2.3171749003614792e-05	0.9997451107609604	0.0	0.0001853739920289	0.0	0.999582908517935	4.6343498007229584e-05	0.0	0.0003012327370469	0.0	0.0	2.3171749003614792e-05	6.951524701084438e-05	2.3171749003614792e-05	0.9996755955139494	9.268699601445916e-05	6.951524701084438e-05
_scratch_st-cdeboer-1_asfar_VLPs_results_crispresso_aggregated_spacer_CGBE1-NG_rep1_.staging_CRISPRessoPooled_on_CGBE1-NG_D5_rep1_CRISPResso_on_PDCD1	C	0.9998609695059784	2.3171749003614792e-05	0.9997914542589674	0.9998609695059784	9.268699601445916e-05	2.3171749003614792e-05	0.9996755955139494	0.9999073130039856	0.0001622022430253	2.3171749003614792e-05	4.6343498007229584e-05	2.3171749003614792e-05	9.268699601445916e-05	6.951524701084438e-05	0.9999768282509964	0.9998609695059784	6.951524701084438e-05	0.0002317174900361	0.9998146260079712	0.9998609695059784
_scratch_st-cdeboer-1_asfar_VLPs_results_crispresso_aggregated_spacer_CGBE1-NG_rep1_.staging_CRISPRessoPooled_on_CGBE1-NG_D5_rep1_CRISPResso_on_PDCD1	G	0.0	0.000115858745018	0.0	0.0	0.0001622022430253	0.0001853739920289	6.951524701084438e-05	0.0	0.0002317174900361	0.0001853739920289	0.0001853739920289	0.999582908517935	0.0001853739920289	0.0001622022430253	0.0	2.3171749003614792e-05	4.6343498007229584e-05	9.268699601445916e-05	4.6343498007229584e-05	2.3171749003614792e-05
_scratch_st-cdeboer-1_asfar_VLPs_results_crispresso_aggregated_spacer_CGBE1-NG_rep1_.staging_CRISPRessoPooled_on_CGBE1-NG_D5_rep1_CRISPResso_on_PDCD1	N	0.0	0.0	0.0	0.0	0.0	0.0	0.0	0.0	0.0	0.0	0.0	2.3171749003614792e-05	0.0	0.0	0.0	0.0	0.0	0.0	0.0	0.0
_scratch_st-cdeboer-1_asfar_VLPs_results_crispresso_aggregated_spacer_CGBE1-NG_rep1_.staging_CRISPRessoPooled_on_CGBE1-NG_D5_rep1_CRISPResso_on_PDCD1	-	0.0	2.3171749003614792e-05	2.3171749003614792e-05	0.0	0.0	0.0	0.0	0.0	2.3171749003614792e-05	0.0	4.6343498007229584e-05	0.0	0.0	0.0	0.0	0.0	0.0	0.0	0.0	0.0
