Folder	Nucleotide	G	G	C	C	C	A	G	A	C	T	G	A	G	C	A	C	G	T	G	A
_scratch_st-cdeboer-1_asfar_VLPs_results_crispresso_aggregated_spacer_CGBE1-NG_rep1_.staging_CRISPRessoPooled_on_CGBE1-NG_D0_rep1_CRISPResso_on_HEK3	A	1.6914749661705008e-05	1.6914749661705008e-05	1.6914749661705008e-05	0.0	1.6914749661705008e-05	0.9998646820027064	5.074424898511502e-05	0.9998646820027064	1.6914749661705008e-05	0.0	1.6914749661705008e-05	0.9997462787550744	5.074424898511502e-05	0.0	0.999881596752368	0.0	0.0	1.6914749661705008e-05	3.3829499323410016e-05	0.9998139377537212
_scratch_st-cdeboer-1_asfar_VLPs_results_crispresso_aggregated_spacer_CGBE1-NG_rep1_.staging_CRISPRessoPooled_on_CGBE1-NG_D0_rep1_CRISPResso_on_HEK3	T	0.0001353179972936	5.074424898511502e-05	3.3829499323410016e-05	3.3829499323410016e-05	3.3829499323410016e-05	0.0	0.0001014884979702	0.0	3.3829499323410016e-05	0.999830852503383	8.457374830852504e-05	0.0	8.457374830852504e-05	3.3829499323410016e-05	0.0	6.765899864682003e-05	8.457374830852504e-05	0.9997462787550744	5.074424898511502e-05	0.0
_scratch_st-cdeboer-1_asfar_VLPs_results_crispresso_aggregated_spacer_CGBE1-NG_rep1_.staging_CRISPRessoPooled_on_CGBE1-NG_D0_rep1_CRISPResso_on_HEK3	C	5.074424898511502e-05	8.457374830852504e-05	0.9999492557510148	0.9999492557510148	0.9999154262516916	6.765899864682003e-05	6.765899864682003e-05	3.3829499323410016e-05	0.9999323410013532	5.074424898511502e-05	3.3829499323410016e-05	0.0001014884979702	1.6914749661705008e-05	0.9999492557510148	0.0	0.9999323410013532	0.0001353179972936	0.0001014884979702	0.0001184032476319	6.765899864682003e-05
_scratch_st-cdeboer-1_asfar_VLPs_results_crispresso_aggregated_spacer_CGBE1-NG_rep1_.staging_CRISPRessoPooled_on_CGBE1-NG_D0_rep1_CRISPResso_on_HEK3	G	0.9997970230040596	0.9998139377537212	0.0	1.6914749661705008e-05	1.6914749661705008e-05	6.765899864682003e-05	0.9997801082543978	0.0001014884979702	1.6914749661705008e-05	0.0001184032476319	0.9998646820027064	0.0001522327469553	0.9998477672530448	1.6914749661705008e-05	0.0001184032476319	0.0	0.9997801082543978	0.0001353179972936	0.9997970230040596	0.0001184032476319
_scratch_st-cdeboer-1_asfar_VLPs_results_crispresso_aggregated_spacer_CGBE1-NG_rep1_.staging_CRISPRessoPooled_on_CGBE1-NG_D0_rep1_CRISPResso_on_HEK3	N	0.0	0.0	0.0	0.0	0.0	0.0	0.0	0.0	0.0	0.0	0.0	0.0	0.0	0.0	0.0	0.0	0.0	0.0	0.0	0.0
_scratch_st-cdeboer-1_asfar_VLPs_results_crispresso_aggregated_spacer_CGBE1-NG_rep1_.staging_CRISPRessoPooled_on_CGBE1-NG_D0_rep1_CRISPResso_on_HEK3	-	0.0	3.3829499323410016e-05	0.0	0.0	1.6914749661705008e-05	0.0	0.0	0.0	0.0	0.0	0.0	0.0	0.0	0.0	0.0	0.0	0.0	0.0	0.0	0.0
_scratch_st-cdeboer-1_asfar_VLPs_results_crispresso_aggregated_spacer_CGBE1-NG_rep1_.staging_CRISPRessoPooled_on_CGBE1-NG_D1_rep1_CRISPResso_on_HEK3	A	0.0	2.7103943623797262e-05	5.4207887247594525e-05	2.7103943623797262e-05	8.131183087139178e-05	0.999864480281881	0.0	0.9997831684510096	5.4207887247594525e-05	0.0	5.4207887247594525e-05	0.9998102723946334	2.7103943623797262e-05	2.7103943623797262e-05	0.9998102723946334	2.7103943623797262e-05	5.4207887247594525e-05	2.7103943623797262e-05	0.0	0.9997018566201382
_scratch_st-cdeboer-1_asfar_VLPs_results_crispresso_aggregated_spacer_CGBE1-NG_rep1_.staging_CRISPRessoPooled_on_CGBE1-NG_D1_rep1_CRISPResso_on_HEK3	T	0.0001084157744951	2.7103943623797262e-05	0.0	2.7103943623797262e-05	8.131183087139178e-05	0.0	8.131183087139178e-05	2.7103943623797262e-05	2.7103943623797262e-05	0.9999457921127524	8.131183087139178e-05	0.0	2.7103943623797262e-05	8.131183087139178e-05	0.0	8.131183087139178e-05	0.0001084157744951	0.9996476487328906	0.0001084157744951	0.0
_scratch_st-cdeboer-1_asfar_VLPs_results_crispresso_aggregated_spacer_CGBE1-NG_rep1_.staging_CRISPRessoPooled_on_CGBE1-NG_D1_rep1_CRISPResso_on_HEK3	C	0.0	0.0001084157744951	0.9999457921127524	0.9999457921127524	0.9998373763382572	2.7103943623797262e-05	2.7103943623797262e-05	8.131183087139178e-05	0.9999186881691288	0.0	0.0	2.7103943623797262e-05	2.7103943623797262e-05	0.9998373763382572	2.7103943623797262e-05	0.999864480281881	0.0001355197181189	0.0001355197181189	2.7103943623797262e-05	0.0001084157744951
_scratch_st-cdeboer-1_asfar_VLPs_results_crispresso_aggregated_spacer_CGBE1-NG_rep1_.staging_CRISPRessoPooled_on_CGBE1-NG_D1_rep1_CRISPResso_on_HEK3	G	0.9998915842255048	0.9997831684510096	0.0	0.0	0.0	0.0001084157744951	0.9998915842255048	0.0001084157744951	0.0	5.4207887247594525e-05	0.9998373763382572	0.0001626236617427	0.9999186881691288	5.4207887247594525e-05	0.0001626236617427	2.7103943623797262e-05	0.9997018566201382	0.0001897276053665	0.999864480281881	0.0001897276053665
_scratch_st-cdeboer-1_asfar_VLPs_results_crispresso_aggregated_spacer_CGBE1-NG_rep1_.staging_CRISPRessoPooled_on_CGBE1-NG_D1_rep1_CRISPResso_on_HEK3	N	0.0	0.0	0.0	0.0	0.0	0.0	0.0	0.0	0.0	0.0	0.0	0.0	0.0	0.0	0.0	0.0	0.0	0.0	0.0	0.0
_scratch_st-cdeboer-1_asfar_VLPs_results_crispresso_aggregated_spacer_CGBE1-NG_rep1_.staging_CRISPRessoPooled_on_CGBE1-NG_D1_rep1_CRISPResso_on_HEK3	-	0.0	5.4207887247594525e-05	0.0	0.0	0.0	0.0	0.0	0.0	0.0	0.0	2.7103943623797262e-05	0.0	0.0	0.0	0.0	0.0	0.0	0.0	0.0	0.0
_scratch_st-cdeboer-1_asfar_VLPs_results_crispresso_aggregated_spacer_CGBE1-NG_rep1_.staging_CRISPRessoPooled_on_CGBE1-NG_D2_rep1_CRISPResso_on_HEK3	A	0.0	0.0	6.114711997064938e-05	6.114711997064938e-05	0.0001222942399412	0.999816558640088	6.114711997064938e-05	0.9997554115201174	6.114711997064938e-05	0.0	0.0	0.9997554115201174	6.114711997064938e-05	0.0	0.9996942644001467	0.0	0.0	0.0	6.114711997064938e-05	0.999816558640088
_scratch_st-cdeboer-1_asfar_VLPs_results_crispresso_aggregated_spacer_CGBE1-NG_rep1_.staging_CRISPRessoPooled_on_CGBE1-NG_D2_rep1_CRISPResso_on_HEK3	T	0.0003057355998532	0.0	0.0	0.0001222942399412	6.114711997064938e-05	6.114711997064938e-05	0.0001222942399412	0.0	0.0001222942399412	0.999816558640088	6.114711997064938e-05	0.0	0.0	0.0001222942399412	0.0	0.0001222942399412	0.0	0.9997554115201174	6.114711997064938e-05	0.0
_scratch_st-cdeboer-1_asfar_VLPs_results_crispresso_aggregated_spacer_CGBE1-NG_rep1_.staging_CRISPRessoPooled_on_CGBE1-NG_D2_rep1_CRISPResso_on_HEK3	C	0.0	0.0001834413599119	0.9999388528800294	0.9996942644001467	0.9992662345603522	0.0	0.0	0.0001834413599119	0.999816558640088	0.0001834413599119	6.114711997064938e-05	0.0	0.0001222942399412	0.9998777057600589	0.0	0.9998777057600589	0.0003057355998532	0.0001222942399412	0.0001834413599119	0.0001834413599119
_scratch_st-cdeboer-1_asfar_VLPs_results_crispresso_aggregated_spacer_CGBE1-NG_rep1_.staging_CRISPRessoPooled_on_CGBE1-NG_D2_rep1_CRISPResso_on_HEK3	G	0.9996942644001467	0.999816558640088	0.0	0.0001222942399412	0.0003057355998532	0.0001222942399412	0.999816558640088	6.114711997064938e-05	0.0	0.0	0.9997554115201174	0.0002445884798825	0.999816558640088	0.0	0.0003057355998532	0.0	0.9996942644001467	0.0001222942399412	0.9996942644001467	0.0
_scratch_st-cdeboer-1_asfar_VLPs_results_crispresso_aggregated_spacer_CGBE1-NG_rep1_.staging_CRISPRessoPooled_on_CGBE1-NG_D2_rep1_CRISPResso_on_HEK3	N	0.0	0.0	0.0	0.0	0.0	0.0	0.0	0.0	0.0	0.0	0.0	0.0	0.0	0.0	0.0	0.0	0.0	0.0	0.0	0.0
_scratch_st-cdeboer-1_asfar_VLPs_results_crispresso_aggregated_spacer_CGBE1-NG_rep1_.staging_CRISPRessoPooled_on_CGBE1-NG_D2_rep1_CRISPResso_on_HEK3	-	0.0	0.0	0.0	0.0	0.0002445884798825	0.0	0.0	0.0	0.0	0.0	0.0001222942399412	0.0	0.0	0.0	0.0	0.0	0.0	0.0	0.0	0.0
_scratch_st-cdeboer-1_asfar_VLPs_results_crispresso_aggregated_spacer_CGBE1-NG_rep1_.staging_CRISPRessoPooled_on_CGBE1-NG_D3_rep1_CRISPResso_on_HEK3	A	3.0425192059024877e-05	4.563778808853731e-05	7.606298014756218e-05	4.563778808853731e-05	0.0001064881722065	0.9997870236555868	4.563778808853731e-05	0.9997718110595571	4.563778808853731e-05	0.0	3.0425192059024877e-05	0.9998326614436752	3.0425192059024877e-05	3.0425192059024877e-05	0.9998630866357344	6.085038411804975e-05	1.5212596029512435e-05	0.0	0.0	0.9997870236555868
_scratch_st-cdeboer-1_asfar_VLPs_results_crispresso_aggregated_spacer_CGBE1-NG_rep1_.staging_CRISPRessoPooled_on_CGBE1-NG_D3_rep1_CRISPResso_on_HEK3	T	0.0001521259602951	1.5212596029512435e-05	4.563778808853731e-05	7.606298014756218e-05	0.000121700768236	0.0	4.563778808853731e-05	1.5212596029512435e-05	4.563778808853731e-05	0.999817448847646	0.0001369133642656	0.0	3.0425192059024877e-05	9.127557617707462e-05	0.0	0.0001064881722065	7.606298014756218e-05	0.9997413858674984	3.0425192059024877e-05	0.0
_scratch_st-cdeboer-1_asfar_VLPs_results_crispresso_aggregated_spacer_CGBE1-NG_rep1_.staging_CRISPRessoPooled_on_CGBE1-NG_D3_rep1_CRISPResso_on_HEK3	C	1.5212596029512435e-05	0.0001369133642656	0.9998478740397048	0.999878299231764	0.9996957480794098	0.0	7.606298014756218e-05	6.085038411804975e-05	0.999908724423823	9.127557617707462e-05	3.0425192059024877e-05	4.563778808853731e-05	4.563778808853731e-05	0.999878299231764	1.5212596029512435e-05	0.999817448847646	6.085038411804975e-05	0.000121700768236	9.127557617707462e-05	7.606298014756218e-05
_scratch_st-cdeboer-1_asfar_VLPs_results_crispresso_aggregated_spacer_CGBE1-NG_rep1_.staging_CRISPRessoPooled_on_CGBE1-NG_D3_rep1_CRISPResso_on_HEK3	G	0.9998022362516163	0.9997261732714688	3.0425192059024877e-05	0.0	3.0425192059024877e-05	0.0002129763444131	0.9998326614436752	0.0001521259602951	0.0	9.127557617707462e-05	0.9998022362516163	0.000121700768236	0.9998935118277934	0.0	0.000121700768236	1.5212596029512435e-05	0.9998478740397048	0.000121700768236	0.9998630866357344	0.0001369133642656
_scratch_st-cdeboer-1_asfar_VLPs_results_crispresso_aggregated_spacer_CGBE1-NG_rep1_.staging_CRISPRessoPooled_on_CGBE1-NG_D3_rep1_CRISPResso_on_HEK3	N	0.0	0.0	0.0	0.0	0.0	0.0	0.0	0.0	0.0	0.0	0.0	0.0	0.0	0.0	0.0	0.0	0.0	1.5212596029512435e-05	0.0	0.0
_scratch_st-cdeboer-1_asfar_VLPs_results_crispresso_aggregated_spacer_CGBE1-NG_rep1_.staging_CRISPRessoPooled_on_CGBE1-NG_D3_rep1_CRISPResso_on_HEK3	-	0.0	7.606298014756218e-05	0.0	0.0	4.563778808853731e-05	0.0	0.0	0.0	0.0	0.0	0.0	0.0	0.0	0.0	0.0	0.0	0.0	0.0	1.5212596029512435e-05	0.0
_scratch_st-cdeboer-1_asfar_VLPs_results_crispresso_aggregated_spacer_CGBE1-NG_rep1_.staging_CRISPRessoPooled_on_CGBE1-NG_D4_rep1_CRISPResso_on_HEK3	A	2.2284619155858625e-05	2.2284619155858625e-05	2.2284619155858625e-05	0.0004902616214288	8.91384766234345e-05	0.999844007665909	6.685385746757588e-05	0.9997325845701296	0.0	0.0	2.2284619155858625e-05	0.9997994384275972	2.2284619155858625e-05	6.685385746757588e-05	0.9999331461425324	0.0	8.91384766234345e-05	2.2284619155858625e-05	0.0	0.9997102999509738
_scratch_st-cdeboer-1_asfar_VLPs_results_crispresso_aggregated_spacer_CGBE1-NG_rep1_.staging_CRISPRessoPooled_on_CGBE1-NG_D4_rep1_CRISPResso_on_HEK3	T	0.0001114230957792	0.0	4.456923831171725e-05	4.456923831171725e-05	0.0006462539555199	0.0	0.0002005615724027	0.0	8.91384766234345e-05	0.9998217230467532	0.0001782769532468	0.0	0.0	6.685385746757588e-05	0.0	0.0002674154298703	8.91384766234345e-05	0.9997771538084416	4.456923831171725e-05	2.2284619155858625e-05
_scratch_st-cdeboer-1_asfar_VLPs_results_crispresso_aggregated_spacer_CGBE1-NG_rep1_.staging_CRISPRessoPooled_on_CGBE1-NG_D4_rep1_CRISPResso_on_HEK3	C	6.685385746757588e-05	6.685385746757588e-05	0.9998662922850649	0.9986852074698044	0.9986852074698044	2.2284619155858625e-05	0.0001114230957792	0.0	0.9995543076168828	4.456923831171725e-05	0.0001337077149351	6.685385746757588e-05	4.456923831171725e-05	0.9997994384275972	2.2284619155858625e-05	0.9997325845701296	0.0002228461915585	4.456923831171725e-05	0.0001114230957792	2.2284619155858625e-05
_scratch_st-cdeboer-1_asfar_VLPs_results_crispresso_aggregated_spacer_CGBE1-NG_rep1_.staging_CRISPRessoPooled_on_CGBE1-NG_D4_rep1_CRISPResso_on_HEK3	G	0.9997994384275972	0.999844007665909	0.0	0.0007131078129874	0.0004456923831171	4.456923831171725e-05	0.9995320229977268	0.0002005615724027	0.0002897000490261	6.685385746757588e-05	0.9995988768551946	0.0001337077149351	0.9999331461425324	4.456923831171725e-05	4.456923831171725e-05	0.0	0.9995988768551946	0.000155992334091	0.999844007665909	0.0002451308107144
_scratch_st-cdeboer-1_asfar_VLPs_results_crispresso_aggregated_spacer_CGBE1-NG_rep1_.staging_CRISPRessoPooled_on_CGBE1-NG_D4_rep1_CRISPResso_on_HEK3	N	0.0	0.0	0.0	0.0	0.0	0.0	0.0	0.0	0.0	0.0	0.0	0.0	0.0	0.0	0.0	0.0	0.0	0.0	0.0	0.0
_scratch_st-cdeboer-1_asfar_VLPs_results_crispresso_aggregated_spacer_CGBE1-NG_rep1_.staging_CRISPRessoPooled_on_CGBE1-NG_D4_rep1_CRISPResso_on_HEK3	-	0.0	6.685385746757588e-05	6.685385746757588e-05	6.685385746757588e-05	0.0001337077149351	8.91384766234345e-05	8.91384766234345e-05	6.685385746757588e-05	6.685385746757588e-05	6.685385746757588e-05	6.685385746757588e-05	0.0	0.0	2.2284619155858625e-05	0.0	0.0	0.0	0.0	0.0	0.0
_scratch_st-cdeboer-1_asfar_VLPs_results_crispresso_aggregated_spacer_CGBE1-NG_rep1_.staging_CRISPRessoPooled_on_CGBE1-NG_D5_rep1_CRISPResso_on_HEK3	A	0.0	5.017309718528925e-05	2.5086548592644625e-05	0.0002508654859264	7.525964577793387e-05	0.9998745672570368	0.0001254327429632	0.9996989614168884	7.525964577793387e-05	0.0	0.0	0.9996738748682956	7.525964577793387e-05	5.017309718528925e-05	0.999849480708444	5.017309718528925e-05	5.017309718528925e-05	0.0	2.5086548592644625e-05	0.9997240479654808
_scratch_st-cdeboer-1_asfar_VLPs_results_crispresso_aggregated_spacer_CGBE1-NG_rep1_.staging_CRISPRessoPooled_on_CGBE1-NG_D5_rep1_CRISPResso_on_HEK3	T	0.0001756058401485	2.5086548592644625e-05	7.525964577793387e-05	0.0001505192915558	0.0004264713260749	0.0	0.0001254327429632	0.0	7.525964577793387e-05	0.9998745672570368	0.0001254327429632	0.0	0.0	0.0001254327429632	0.0	0.0001505192915558	0.0001003461943705	0.9996487883197028	0.0	0.0
_scratch_st-cdeboer-1_asfar_VLPs_results_crispresso_aggregated_spacer_CGBE1-NG_rep1_.staging_CRISPRessoPooled_on_CGBE1-NG_D5_rep1_CRISPResso_on_HEK3	C	0.0	0.0002006923887411	0.9998745672570368	0.999372836285184	0.9988961918619236	2.5086548592644625e-05	2.5086548592644625e-05	0.0001003461943705	0.9997993076112588	7.525964577793387e-05	0.0	0.0001756058401485	7.525964577793387e-05	0.9998243941598516	2.5086548592644625e-05	0.9997742210626662	2.5086548592644625e-05	0.0001756058401485	2.5086548592644625e-05	7.525964577793387e-05
_scratch_st-cdeboer-1_asfar_VLPs_results_crispresso_aggregated_spacer_CGBE1-NG_rep1_.staging_CRISPRessoPooled_on_CGBE1-NG_D5_rep1_CRISPResso_on_HEK3	G	0.9997993076112588	0.9995986152225176	2.5086548592644625e-05	0.0002257789373338	0.0005017309718528	7.525964577793387e-05	0.9997240479654808	0.0001756058401485	5.017309718528925e-05	5.017309718528925e-05	0.999849480708444	0.0001505192915558	0.999849480708444	0.0	0.0001254327429632	2.5086548592644625e-05	0.9998243941598516	0.0001756058401485	0.9999498269028148	0.0002006923887411
_scratch_st-cdeboer-1_asfar_VLPs_results_crispresso_aggregated_spacer_CGBE1-NG_rep1_.staging_CRISPRessoPooled_on_CGBE1-NG_D5_rep1_CRISPResso_on_HEK3	N	2.5086548592644625e-05	0.0	0.0	0.0	0.0	2.5086548592644625e-05	0.0	2.5086548592644625e-05	0.0	0.0	0.0	0.0	0.0	0.0	0.0	0.0	0.0	0.0	0.0	0.0
_scratch_st-cdeboer-1_asfar_VLPs_results_crispresso_aggregated_spacer_CGBE1-NG_rep1_.staging_CRISPRessoPooled_on_CGBE1-NG_D5_rep1_CRISPResso_on_HEK3	-	0.0	0.0001254327429632	0.0	0.0	0.0001003461943705	0.0	0.0	0.0	0.0	0.0	2.5086548592644625e-05	0.0	0.0	0.0	0.0	0.0	0.0	0.0	0.0	0.0
