Folder	Nucleotide	C	A	C	C	T	A	C	C	T	A	A	G	A	A	C	C	A	T	C	C
_scratch_st-cdeboer-1_asfar_VLPs_results_crispresso_aggregated_spacer_CGBE1_rep2_.staging_CRISPRessoPooled_on_CGBE1_D0_rep2_CRISPResso_on_PDCD1	A	0.0001217454823729	0.9998608623058596	3.4784423535140964e-05	1.7392211767570482e-05	1.7392211767570482e-05	0.9998086856705568	3.4784423535140964e-05	0.0	0.0	0.999913038941162	0.9998608623058596	1.7392211767570482e-05	0.9996869401881836	0.9998956467293946	3.4784423535140964e-05	3.4784423535140964e-05	0.9997043323999512	3.4784423535140964e-05	1.7392211767570482e-05	3.4784423535140964e-05
_scratch_st-cdeboer-1_asfar_VLPs_results_crispresso_aggregated_spacer_CGBE1_rep2_.staging_CRISPRessoPooled_on_CGBE1_D0_rep2_CRISPResso_on_PDCD1	T	3.4784423535140964e-05	1.7392211767570482e-05	0.0001043532706054	1.7392211767570482e-05	0.9997739012470216	3.4784423535140964e-05	3.4784423535140964e-05	3.4784423535140964e-05	0.999843470094092	0.0	0.0	0.0001043532706054	0.0	0.0	5.217663530271145e-05	0.0	0.0	0.9996347635528812	6.956884707028193e-05	6.956884707028193e-05
_scratch_st-cdeboer-1_asfar_VLPs_results_crispresso_aggregated_spacer_CGBE1_rep2_.staging_CRISPRessoPooled_on_CGBE1_D0_rep2_CRISPResso_on_PDCD1	C	0.9997739012470216	1.7392211767570482e-05	0.9998086856705568	0.9999304311529296	0.0001565299059081	1.7392211767570482e-05	0.9998956467293946	0.9999478233646972	5.217663530271145e-05	1.7392211767570482e-05	1.7392211767570482e-05	1.7392211767570482e-05	0.0001217454823729	5.217663530271145e-05	0.9998956467293946	0.9999478233646972	5.217663530271145e-05	0.0002087065412108	0.9998260778823242	0.999878254517627
_scratch_st-cdeboer-1_asfar_VLPs_results_crispresso_aggregated_spacer_CGBE1_rep2_.staging_CRISPRessoPooled_on_CGBE1_D0_rep2_CRISPResso_on_PDCD1	G	1.7392211767570482e-05	8.69610588378524e-05	3.4784423535140964e-05	1.7392211767570482e-05	3.4784423535140964e-05	0.0001217454823729	1.7392211767570482e-05	0.0	8.69610588378524e-05	5.217663530271145e-05	3.4784423535140964e-05	0.999843470094092	0.0001739221176757	1.7392211767570482e-05	0.0	0.0	0.0002260987529784	0.0001043532706054	6.956884707028193e-05	0.0
_scratch_st-cdeboer-1_asfar_VLPs_results_crispresso_aggregated_spacer_CGBE1_rep2_.staging_CRISPRessoPooled_on_CGBE1_D0_rep2_CRISPResso_on_PDCD1	N	0.0	0.0	0.0	0.0	0.0	0.0	0.0	0.0	0.0	0.0	0.0	0.0	0.0	1.7392211767570482e-05	0.0	0.0	0.0	0.0	0.0	0.0
_scratch_st-cdeboer-1_asfar_VLPs_results_crispresso_aggregated_spacer_CGBE1_rep2_.staging_CRISPRessoPooled_on_CGBE1_D0_rep2_CRISPResso_on_PDCD1	-	5.217663530271145e-05	1.7392211767570482e-05	1.7392211767570482e-05	1.7392211767570482e-05	1.7392211767570482e-05	1.7392211767570482e-05	1.7392211767570482e-05	1.7392211767570482e-05	1.7392211767570482e-05	1.7392211767570482e-05	8.69610588378524e-05	1.7392211767570482e-05	1.7392211767570482e-05	1.7392211767570482e-05	1.7392211767570482e-05	1.7392211767570482e-05	1.7392211767570482e-05	1.7392211767570482e-05	1.7392211767570482e-05	1.7392211767570482e-05
_scratch_st-cdeboer-1_asfar_VLPs_results_crispresso_aggregated_spacer_CGBE1_rep2_.staging_CRISPRessoPooled_on_CGBE1_D1_rep2_CRISPResso_on_PDCD1	A	8.292561572269674e-05	0.9997235812809244	0.0	0.0003317024628907	2.7641871907565585e-05	0.9998341487685546	0.0002764187190756	0.0001934931033529	0.0	0.9999170743842772	0.999751223152832	5.528374381513117e-05	0.9996959394090168	0.9999170743842772	2.7641871907565585e-05	8.292561572269674e-05	0.9998617906404622	2.7641871907565585e-05	0.0	0.0
_scratch_st-cdeboer-1_asfar_VLPs_results_crispresso_aggregated_spacer_CGBE1_rep2_.staging_CRISPRessoPooled_on_CGBE1_D1_rep2_CRISPResso_on_PDCD1	T	5.528374381513117e-05	2.7641871907565585e-05	0.0001382093595378	0.0001105674876302	0.9998341487685546	0.0	0.0006081211819664	2.7641871907565585e-05	0.9998894325123696	0.0	0.0	8.292561572269674e-05	0.0	0.0	0.0001105674876302	0.0001105674876302	0.0	0.999613013793294	5.528374381513117e-05	5.528374381513117e-05
_scratch_st-cdeboer-1_asfar_VLPs_results_crispresso_aggregated_spacer_CGBE1_rep2_.staging_CRISPRessoPooled_on_CGBE1_D1_rep2_CRISPResso_on_PDCD1	C	0.9997235812809244	2.7641871907565585e-05	0.9998617906404622	0.9991983857146806	0.0001105674876302	0.0	0.9989496088675124	0.999170743842773	5.528374381513117e-05	0.0	2.7641871907565585e-05	5.528374381513117e-05	0.0001382093595378	2.7641871907565585e-05	0.9998065068966472	0.9998065068966472	8.292561572269674e-05	0.000248776847168	0.9998894325123696	0.9999447162561848
_scratch_st-cdeboer-1_asfar_VLPs_results_crispresso_aggregated_spacer_CGBE1_rep2_.staging_CRISPRessoPooled_on_CGBE1_D1_rep2_CRISPResso_on_PDCD1	G	0.0	0.0001934931033529	0.0	0.0003593443347983	2.7641871907565585e-05	0.0001382093595378	0.0001658512314453	0.0006081211819664	5.528374381513117e-05	8.292561572269674e-05	0.0001658512314453	0.9998065068966472	0.0001658512314453	5.528374381513117e-05	5.528374381513117e-05	0.0	5.528374381513117e-05	0.0001105674876302	5.528374381513117e-05	0.0
_scratch_st-cdeboer-1_asfar_VLPs_results_crispresso_aggregated_spacer_CGBE1_rep2_.staging_CRISPRessoPooled_on_CGBE1_D1_rep2_CRISPResso_on_PDCD1	N	0.0	0.0	0.0	0.0	0.0	0.0	0.0	0.0	0.0	0.0	0.0	0.0	0.0	0.0	0.0	0.0	0.0	0.0	0.0	0.0
_scratch_st-cdeboer-1_asfar_VLPs_results_crispresso_aggregated_spacer_CGBE1_rep2_.staging_CRISPRessoPooled_on_CGBE1_D1_rep2_CRISPResso_on_PDCD1	-	0.0001382093595378	2.7641871907565585e-05	0.0	0.0	0.0	2.7641871907565585e-05	0.0	0.0	0.0	0.0	5.528374381513117e-05	0.0	0.0	0.0	0.0	0.0	0.0	0.0	0.0	0.0
_scratch_st-cdeboer-1_asfar_VLPs_results_crispresso_aggregated_spacer_CGBE1_rep2_.staging_CRISPRessoPooled_on_CGBE1_D2_rep2_CRISPResso_on_PDCD1	A	9.2368513421145e-05	0.999685947054368	0.0002032107295265	0.000406421459053	0.0	0.99951968373021	0.0022722654301601	0.0004618425671057	3.6947405368458e-05	0.99951968373021	0.99951968373021	7.3894810736916e-05	0.9995012100275258	0.999593578540947	9.2368513421145e-05	3.6947405368458e-05	0.999759841865105	0.0	7.3894810736916e-05	3.6947405368458e-05
_scratch_st-cdeboer-1_asfar_VLPs_results_crispresso_aggregated_spacer_CGBE1_rep2_.staging_CRISPRessoPooled_on_CGBE1_D2_rep2_CRISPResso_on_PDCD1	T	1.8473702684229e-05	5.5421108052687e-05	0.0004803162697899	0.0004803162697899	0.9993718941087362	3.6947405368458e-05	0.0051911104542683	0.0018658439711071	0.9994088415141048	1.8473702684229e-05	0.0	0.0001108422161053	0.0	1.8473702684229e-05	0.0	3.6947405368458e-05	3.6947405368458e-05	0.9997044207570523	1.8473702684229e-05	0.0
_scratch_st-cdeboer-1_asfar_VLPs_results_crispresso_aggregated_spacer_CGBE1_rep2_.staging_CRISPRessoPooled_on_CGBE1_D2_rep2_CRISPResso_on_PDCD1	C	0.9997413681624208	3.6947405368458e-05	0.9988546304335778	0.9984482089745248	0.0001293159187896	3.6947405368458e-05	0.9910772016035174	0.99257357152094	0.000166263324158	1.8473702684229e-05	0.0	9.2368513421145e-05	0.0001477896214738	9.2368513421145e-05	0.9997044207570523	0.9997044207570523	3.6947405368458e-05	0.0001847370268422	0.9998706840812104	0.9999076314865788
_scratch_st-cdeboer-1_asfar_VLPs_results_crispresso_aggregated_spacer_CGBE1_rep2_.staging_CRISPRessoPooled_on_CGBE1_D2_rep2_CRISPResso_on_PDCD1	G	0.0	9.2368513421145e-05	0.0003510003510003	0.0004433688644214	7.3894810736916e-05	0.0001477896214738	0.0011823169717906	0.0047292678871626	0.0001108422161053	0.0001847370268422	9.2368513421145e-05	0.9994827363248416	0.0001108422161053	9.2368513421145e-05	0.0	1.8473702684229e-05	9.2368513421145e-05	7.3894810736916e-05	0.0	1.8473702684229e-05
_scratch_st-cdeboer-1_asfar_VLPs_results_crispresso_aggregated_spacer_CGBE1_rep2_.staging_CRISPRessoPooled_on_CGBE1_D2_rep2_CRISPResso_on_PDCD1	N	0.0	1.8473702684229e-05	0.0	0.0	0.0	0.0	1.8473702684229e-05	0.0	0.0	0.0	0.0	0.0	0.0	0.0	0.0	0.0	0.0	0.0	0.0	0.0
_scratch_st-cdeboer-1_asfar_VLPs_results_crispresso_aggregated_spacer_CGBE1_rep2_.staging_CRISPRessoPooled_on_CGBE1_D2_rep2_CRISPResso_on_PDCD1	-	0.0001477896214738	0.0001108422161053	0.0001108422161053	0.0002216844322107	0.0004248951617372	0.0002586318375792	0.0002586318375792	0.0003694740536845	0.0002771055402634	0.0002586318375792	0.0003879477563688	0.0002401581348949	0.0002401581348949	0.0002032107295265	0.0002032107295265	0.0002032107295265	7.3894810736916e-05	3.6947405368458e-05	3.6947405368458e-05	3.6947405368458e-05
_scratch_st-cdeboer-1_asfar_VLPs_results_crispresso_aggregated_spacer_CGBE1_rep2_.staging_CRISPRessoPooled_on_CGBE1_D3_rep2_CRISPResso_on_PDCD1	A	7.156147130385e-05	0.9997280664090452	0.0010591097752969	0.0010734220695577	0.0003291827679977	0.999370259052526	0.0117074567053098	0.0031487047373694	0.0	0.9985401459854014	0.9987118935165308	0.0001001860598253	0.998568770573923	0.9987262058107916	0.0	4.293688278231e-05	0.9993416344640046	0.0	0.0	5.7249177043080005e-05
_scratch_st-cdeboer-1_asfar_VLPs_results_crispresso_aggregated_spacer_CGBE1_rep2_.staging_CRISPRessoPooled_on_CGBE1_D3_rep2_CRISPResso_on_PDCD1	T	0.0001431229426077	1.431229426077e-05	0.0018605982539001	0.002361528553027	0.9984972091026192	1.431229426077e-05	0.0275511664519822	0.0069414627164734	0.9983397738657508	0.0	4.293688278231e-05	0.0001288106483469	1.431229426077e-05	0.0	1.431229426077e-05	0.0	1.431229426077e-05	0.9994131959353084	4.293688278231e-05	5.7249177043080005e-05
_scratch_st-cdeboer-1_asfar_VLPs_results_crispresso_aggregated_spacer_CGBE1_rep2_.staging_CRISPRessoPooled_on_CGBE1_D3_rep2_CRISPResso_on_PDCD1	C	0.9996565049377416	4.293688278231e-05	0.9952626305996852	0.9943752683555174	0.0003864319450407	0.0	0.95538857878918	0.9681980821525692	8.587376556462001e-05	2.8624588521540003e-05	2.8624588521540003e-05	1.431229426077e-05	0.0001144983540861	8.587376556462001e-05	0.9988979533419208	0.9989552025189636	1.431229426077e-05	0.0002862458852154	0.9996708172320022	0.9996135680549592
_scratch_st-cdeboer-1_asfar_VLPs_results_crispresso_aggregated_spacer_CGBE1_rep2_.staging_CRISPRessoPooled_on_CGBE1_D3_rep2_CRISPResso_on_PDCD1	G	0.0	0.0001001860598253	0.0015171031916416	0.0018749105481608	4.293688278231e-05	0.0001574352368684	0.0044081866323171	0.0196937169028195	0.000243309002433	0.0001001860598253	0.0001144983540861	0.9986832689280092	0.0002289967081723	0.0001001860598253	0.0	0.0	2.8624588521540003e-05	2.8624588521540003e-05	1.431229426077e-05	0.0
_scratch_st-cdeboer-1_asfar_VLPs_results_crispresso_aggregated_spacer_CGBE1_rep2_.staging_CRISPRessoPooled_on_CGBE1_D3_rep2_CRISPResso_on_PDCD1	N	2.8624588521540003e-05	0.0	0.0	0.0	0.0	0.0	0.0	0.0	0.0	0.0	0.0	0.0	0.0	0.0	0.0	0.0	0.0	0.0	0.0	0.0
_scratch_st-cdeboer-1_asfar_VLPs_results_crispresso_aggregated_spacer_CGBE1_rep2_.staging_CRISPRessoPooled_on_CGBE1_D3_rep2_CRISPResso_on_PDCD1	-	0.0001001860598253	0.0001144983540861	0.0003005581794761	0.0003148704737369	0.00074423930156	0.0004579934163446	0.0009446114212108	0.0020180334907685	0.0013310433662516	0.0013310433662516	0.0011020466580792	0.0010734220695577	0.0010734220695577	0.0010877343638185	0.0010877343638185	0.0010018605982539	0.0006011163589523	0.0002719335909546	0.0002719335909546	0.0002719335909546
_scratch_st-cdeboer-1_asfar_VLPs_results_crispresso_aggregated_spacer_CGBE1_rep2_.staging_CRISPRessoPooled_on_CGBE1_D4_rep2_CRISPResso_on_PDCD1	A	5.5502365788341726e-05	0.9995698566651404	0.0007215307552484	0.0006660283894601	0.0001526315059179	0.9992229668789632	0.0114751141267396	0.0032052616242767	0.0	0.9986818188125268	0.998723445586868	5.5502365788341726e-05	0.9989177038671272	0.9988205747269976	8.325354868251259e-05	0.0001248803230237	0.9991535889217278	0.0	0.0001110047315766	2.7751182894170863e-05
_scratch_st-cdeboer-1_asfar_VLPs_results_crispresso_aggregated_spacer_CGBE1_rep2_.staging_CRISPRessoPooled_on_CGBE1_D4_rep2_CRISPResso_on_PDCD1	T	2.7751182894170863e-05	2.7751182894170863e-05	0.0014846882848381	0.0017066977479915	0.9986818188125268	2.7751182894170863e-05	0.0262942457922268	0.0053282271156808	0.998543062898056	1.3875591447085432e-05	1.3875591447085432e-05	0.0001248803230237	5.5502365788341726e-05	2.7751182894170863e-05	1.3875591447085432e-05	8.325354868251259e-05	0.0	0.9991119621473864	0.0	0.0001803826888121
_scratch_st-cdeboer-1_asfar_VLPs_results_crispresso_aggregated_spacer_CGBE1_rep2_.staging_CRISPRessoPooled_on_CGBE1_D4_rep2_CRISPResso_on_PDCD1	C	0.9995976078480344	2.7751182894170863e-05	0.9958789493402156	0.9944358878297188	0.0001942582802591	2.7751182894170863e-05	0.9542938017733006	0.9710277650584856	0.0001110047315766	2.7751182894170863e-05	6.937795723542716e-05	1.3875591447085432e-05	4.1626774341256295e-05	6.937795723542716e-05	0.9989593306414686	0.9987650723612094	6.937795723542716e-05	0.0002636362374946	0.9992368424704104	0.9990980865559396
_scratch_st-cdeboer-1_asfar_VLPs_results_crispresso_aggregated_spacer_CGBE1_rep2_.staging_CRISPRessoPooled_on_CGBE1_D4_rep2_CRISPResso_on_PDCD1	G	2.7751182894170863e-05	9.712914012959804e-05	0.0015818174249677	0.0027334915150758	6.937795723542716e-05	9.712914012959804e-05	0.0071181784123548	0.0191205650140837	0.0002220094631533	0.0001526315059179	4.1626774341256295e-05	0.9989038282756804	0.0001110047315766	0.0001526315059179	1.3875591447085432e-05	2.7751182894170863e-05	8.325354868251259e-05	1.3875591447085432e-05	2.7751182894170863e-05	6.937795723542716e-05
_scratch_st-cdeboer-1_asfar_VLPs_results_crispresso_aggregated_spacer_CGBE1_rep2_.staging_CRISPRessoPooled_on_CGBE1_D4_rep2_CRISPResso_on_PDCD1	N	0.0	0.0	1.3875591447085432e-05	0.0	0.0	0.0	0.0	0.0	0.0	0.0	0.0	0.0	0.0	0.0	0.0	0.0	0.0	0.0	0.0	0.0
_scratch_st-cdeboer-1_asfar_VLPs_results_crispresso_aggregated_spacer_CGBE1_rep2_.staging_CRISPRessoPooled_on_CGBE1_D4_rep2_CRISPResso_on_PDCD1	-	0.0002913874203887	0.0002775118289417	0.0003191386032829	0.0004578945177538	0.0009019134440605	0.0006244016151188	0.000818659895378	0.0013181811874731	0.0011239229072139	0.0011239229072139	0.001151674090108	0.0009019134440605	0.0008741622611663	0.0009296646269547	0.0009296646269547	0.0009990425841901	0.0006937795723542	0.0006105260236717	0.0006244016151188	0.0006244016151188
_scratch_st-cdeboer-1_asfar_VLPs_results_crispresso_aggregated_spacer_CGBE1_rep2_.staging_CRISPRessoPooled_on_CGBE1_D5_rep2_CRISPResso_on_PDCD1	A	0.000114630260096	0.9995529419856254	0.0003897428843266	0.0006075403785091	0.0001948714421633	0.999243440283366	0.0074738929582631	0.0018570102135561	1.1463026009606016e-05	0.9989339385811068	0.9989454016071162	5.731513004803008e-05	0.9989683276591356	0.9991631991012988	3.4389078028818045e-05	4.585210403842406e-05	0.9994039226475004	1.1463026009606016e-05	2.292605201921203e-05	2.292605201921203e-05
_scratch_st-cdeboer-1_asfar_VLPs_results_crispresso_aggregated_spacer_CGBE1_rep2_.staging_CRISPRessoPooled_on_CGBE1_D5_rep2_CRISPResso_on_PDCD1	T	0.0001490193381248	2.292605201921203e-05	0.00087118997673	0.0010545983928837	0.9987390671389432	8.024118206724211e-05	0.0152114355147471	0.003954743973314	0.998486880566732	0.0	0.0	0.000114630260096	1.1463026009606016e-05	0.0	6.877815605763609e-05	2.292605201921203e-05	1.1463026009606016e-05	0.9994268486995196	3.4389078028818045e-05	5.731513004803008e-05
_scratch_st-cdeboer-1_asfar_VLPs_results_crispresso_aggregated_spacer_CGBE1_rep2_.staging_CRISPRessoPooled_on_CGBE1_D5_rep2_CRISPResso_on_PDCD1	C	0.9994956268555774	5.731513004803008e-05	0.9976959317720692	0.9963432947029356	0.0003209647282689	3.4389078028818045e-05	0.9723397182388208	0.9802033540814103	0.0002177974941825	1.1463026009606016e-05	2.292605201921203e-05	1.1463026009606016e-05	0.000114630260096	3.4389078028818045e-05	0.9991975881793276	0.9992319772573564	1.1463026009606016e-05	0.0002636495982209	0.9996790352717312	0.9996446461937022
_scratch_st-cdeboer-1_asfar_VLPs_results_crispresso_aggregated_spacer_CGBE1_rep2_.staging_CRISPRessoPooled_on_CGBE1_D5_rep2_CRISPResso_on_PDCD1	G	2.292605201921203e-05	0.0001490193381248	0.0006190034045187	0.0013984891731719	0.000114630260096	8.024118206724211e-05	0.0041037633114389	0.0125634765065281	0.0002636495982209	3.4389078028818045e-05	0.0001260932861056	0.9990027167371642	0.0001490193381248	0.0001031672340864	1.1463026009606016e-05	0.0	0.0001031672340864	5.731513004803008e-05	2.292605201921203e-05	3.4389078028818045e-05
_scratch_st-cdeboer-1_asfar_VLPs_results_crispresso_aggregated_spacer_CGBE1_rep2_.staging_CRISPRessoPooled_on_CGBE1_D5_rep2_CRISPResso_on_PDCD1	N	0.0	0.0	0.0	0.0	0.0	0.0	0.0	0.0	0.0	0.0	0.0	1.1463026009606016e-05	0.0	0.0	0.0	0.0	0.0	0.0	0.0	0.0
_scratch_st-cdeboer-1_asfar_VLPs_results_crispresso_aggregated_spacer_CGBE1_rep2_.staging_CRISPRessoPooled_on_CGBE1_D5_rep2_CRISPResso_on_PDCD1	-	0.0002177974941825	0.0002177974941825	0.0004241319623554	0.0005960773524995	0.0006304664305283	0.0005616882744706	0.00087118997673	0.0014214152251911	0.0010202093148549	0.0010202093148549	0.0009055790547588	0.0008024118206724	0.0007565597166339	0.0006992445865859	0.0006877815605763	0.0006992445865859	0.0004699840663938	0.0002407235462017	0.0002407235462017	0.0002407235462017
