Folder	Nucleotide	C	A	C	C	T	A	C	C	T	A	A	G	A	A	C	C	A	T	C	C
_scratch_st-cdeboer-1_asfar_VLPs_results_crispresso_aggregated_spacer_CGBE1_rep3_.staging_CRISPRessoPooled_on_CGBE1_D0_rep3_CRISPResso_on_PDCD1	A	4.1954227937320384e-05	0.9998531602022194	6.293134190598058e-05	2.0977113968660192e-05	0.0	0.999811205974282	2.0977113968660192e-05	0.0001048855698433	0.0	0.9998531602022194	0.9998531602022194	6.293134190598058e-05	0.99968534329047	0.9998321830882508	0.0	4.1954227937320384e-05	0.9998321830882508	2.0977113968660192e-05	8.390845587464077e-05	6.293134190598058e-05
_scratch_st-cdeboer-1_asfar_VLPs_results_crispresso_aggregated_spacer_CGBE1_rep3_.staging_CRISPRessoPooled_on_CGBE1_D0_rep3_CRISPResso_on_PDCD1	T	6.293134190598058e-05	2.0977113968660192e-05	0.0	2.0977113968660192e-05	0.9997063204044389	0.0	6.293134190598058e-05	4.1954227937320384e-05	0.999748274632376	2.0977113968660192e-05	0.0	0.0002097711396866	0.0	0.0	2.0977113968660192e-05	6.293134190598058e-05	0.0	0.9995804577206268	2.0977113968660192e-05	4.1954227937320384e-05
_scratch_st-cdeboer-1_asfar_VLPs_results_crispresso_aggregated_spacer_CGBE1_rep3_.staging_CRISPRessoPooled_on_CGBE1_D0_rep3_CRISPResso_on_PDCD1	C	0.9998531602022194	2.0977113968660192e-05	0.9998951144301568	0.999937068658094	0.0002307482536552	6.293134190598058e-05	0.999874137316188	0.999811205974282	0.0001048855698433	0.0	0.0	0.0	0.0001468397977806	8.390845587464077e-05	0.9998951144301568	0.9998531602022194	2.0977113968660192e-05	0.0003356338234985	0.9998531602022194	0.999874137316188
_scratch_st-cdeboer-1_asfar_VLPs_results_crispresso_aggregated_spacer_CGBE1_rep3_.staging_CRISPRessoPooled_on_CGBE1_D0_rep3_CRISPResso_on_PDCD1	G	0.0	6.293134190598058e-05	2.0977113968660192e-05	0.0	2.0977113968660192e-05	0.0001048855698433	2.0977113968660192e-05	0.0	0.0001048855698433	0.0001048855698433	0.0001258626838119	0.9997063204044389	0.0001468397977806	6.293134190598058e-05	4.1954227937320384e-05	2.0977113968660192e-05	0.0001258626838119	4.1954227937320384e-05	2.0977113968660192e-05	0.0
_scratch_st-cdeboer-1_asfar_VLPs_results_crispresso_aggregated_spacer_CGBE1_rep3_.staging_CRISPRessoPooled_on_CGBE1_D0_rep3_CRISPResso_on_PDCD1	N	2.0977113968660192e-05	2.0977113968660192e-05	0.0	0.0	0.0	0.0	0.0	0.0	0.0	0.0	0.0	0.0	0.0	0.0	2.0977113968660192e-05	0.0	0.0	0.0	0.0	0.0
_scratch_st-cdeboer-1_asfar_VLPs_results_crispresso_aggregated_spacer_CGBE1_rep3_.staging_CRISPRessoPooled_on_CGBE1_D0_rep3_CRISPResso_on_PDCD1	-	2.0977113968660192e-05	2.0977113968660192e-05	2.0977113968660192e-05	2.0977113968660192e-05	4.1954227937320384e-05	2.0977113968660192e-05	2.0977113968660192e-05	4.1954227937320384e-05	4.1954227937320384e-05	2.0977113968660192e-05	2.0977113968660192e-05	2.0977113968660192e-05	2.0977113968660192e-05	2.0977113968660192e-05	2.0977113968660192e-05	2.0977113968660192e-05	2.0977113968660192e-05	2.0977113968660192e-05	2.0977113968660192e-05	2.0977113968660192e-05
_scratch_st-cdeboer-1_asfar_VLPs_results_crispresso_aggregated_spacer_CGBE1_rep3_.staging_CRISPRessoPooled_on_CGBE1_D1_rep3_CRISPResso_on_PDCD1	A	4.65625218261821e-05	0.9998603124345214	0.0	9.31250436523642e-05	0.0	0.9999534374781738	0.0004656252182618	0.0001396875654785	0.0	0.9999068749563476	0.9996740623472168	0.0001164063045654	0.9998370311736084	0.9998137499126952	2.328126091309105e-05	0.0001164063045654	0.9997671873908692	0.0	2.328126091309105e-05	0.0001164063045654
_scratch_st-cdeboer-1_asfar_VLPs_results_crispresso_aggregated_spacer_CGBE1_rep3_.staging_CRISPRessoPooled_on_CGBE1_D1_rep3_CRISPResso_on_PDCD1	T	4.65625218261821e-05	0.0	2.328126091309105e-05	6.984378273927315e-05	0.9998137499126952	0.0	0.0006285940446534	0.0001164063045654	0.9997671873908692	0.0	0.0	0.0001164063045654	0.0	0.0	2.328126091309105e-05	2.328126091309105e-05	0.0	0.9997671873908692	2.328126091309105e-05	0.0001164063045654
_scratch_st-cdeboer-1_asfar_VLPs_results_crispresso_aggregated_spacer_CGBE1_rep3_.staging_CRISPRessoPooled_on_CGBE1_D1_rep3_CRISPResso_on_PDCD1	C	0.9998603124345214	2.328126091309105e-05	0.9999767187390868	0.9997904686517822	0.0001164063045654	2.328126091309105e-05	0.9986496868670408	0.9993248434335203	0.0001164063045654	4.65625218261821e-05	2.328126091309105e-05	0.0	2.328126091309105e-05	2.328126091309105e-05	0.9999301562172608	0.9998370311736084	4.65625218261821e-05	0.0002095313482178	0.9999301562172608	0.999743906129956
_scratch_st-cdeboer-1_asfar_VLPs_results_crispresso_aggregated_spacer_CGBE1_rep3_.staging_CRISPRessoPooled_on_CGBE1_D1_rep3_CRISPResso_on_PDCD1	G	0.0	9.31250436523642e-05	0.0	4.65625218261821e-05	6.984378273927315e-05	2.328126091309105e-05	0.0002328126091309	0.0003957814355225	9.31250436523642e-05	2.328126091309105e-05	0.0001862500873047	0.999743906129956	0.0001164063045654	0.0001396875654785	0.0	0.0	0.0001629688263916	2.328126091309105e-05	2.328126091309105e-05	2.328126091309105e-05
_scratch_st-cdeboer-1_asfar_VLPs_results_crispresso_aggregated_spacer_CGBE1_rep3_.staging_CRISPRessoPooled_on_CGBE1_D1_rep3_CRISPResso_on_PDCD1	N	0.0	0.0	0.0	0.0	0.0	0.0	0.0	0.0	0.0	0.0	0.0	0.0	0.0	0.0	0.0	0.0	0.0	0.0	0.0	0.0
_scratch_st-cdeboer-1_asfar_VLPs_results_crispresso_aggregated_spacer_CGBE1_rep3_.staging_CRISPRessoPooled_on_CGBE1_D1_rep3_CRISPResso_on_PDCD1	-	4.65625218261821e-05	2.328126091309105e-05	0.0	0.0	0.0	0.0	2.328126091309105e-05	2.328126091309105e-05	2.328126091309105e-05	2.328126091309105e-05	0.0001164063045654	2.328126091309105e-05	2.328126091309105e-05	2.328126091309105e-05	2.328126091309105e-05	2.328126091309105e-05	2.328126091309105e-05	0.0	0.0	0.0
_scratch_st-cdeboer-1_asfar_VLPs_results_crispresso_aggregated_spacer_CGBE1_rep3_.staging_CRISPRessoPooled_on_CGBE1_D2_rep3_CRISPResso_on_PDCD1	A	4.600874166091557e-05	0.9997354497354496	0.0001265240395675	0.0001265240395675	0.000103519668737	0.9996664366229584	0.0019668737060041	0.0007476420519898	5.751092707614447e-05	0.9996089256958822	0.9995054060271452	4.600874166091557e-05	0.9997124453646192	0.9997814584771106	2.3004370830457787e-05	3.450655624568668e-05	0.999792960662526	1.1502185415228894e-05	0.0001150218541522	8.051529790660226e-05
_scratch_st-cdeboer-1_asfar_VLPs_results_crispresso_aggregated_spacer_CGBE1_rep3_.staging_CRISPRessoPooled_on_CGBE1_D2_rep3_CRISPResso_on_PDCD1	T	5.751092707614447e-05	4.600874166091557e-05	0.000253048079135	0.0004255808603634	0.9995859213250518	0.000103519668737	0.0050839659535311	0.0015067862893949	0.9993558776167472	1.1502185415228894e-05	1.1502185415228894e-05	0.0001150218541522	1.1502185415228894e-05	0.0	3.450655624568668e-05	3.450655624568668e-05	0.0	0.9996549344375432	5.751092707614447e-05	6.901311249137337e-05
_scratch_st-cdeboer-1_asfar_VLPs_results_crispresso_aggregated_spacer_CGBE1_rep3_.staging_CRISPRessoPooled_on_CGBE1_D2_rep3_CRISPResso_on_PDCD1	C	0.9998044628479412	4.600874166091557e-05	0.999344375431332	0.998838279273062	6.901311249137337e-05	3.450655624568668e-05	0.991764435242696	0.993915343915344	0.0001380262249827	0.0	4.600874166091557e-05	2.3004370830457787e-05	3.450655624568668e-05	1.1502185415228894e-05	0.9998734759604324	0.999850471589602	5.751092707614447e-05	0.0002185415228893	0.999792960662526	0.9997699562916954
_scratch_st-cdeboer-1_asfar_VLPs_results_crispresso_aggregated_spacer_CGBE1_rep3_.staging_CRISPRessoPooled_on_CGBE1_D2_rep3_CRISPResso_on_PDCD1	G	1.1502185415228894e-05	0.0001265240395675	0.0002300437083045	0.0005406027145157	6.901311249137337e-05	0.000103519668737	0.0010236945019553	0.0035771796641361	0.0001610305958132	0.0001150218541522	0.0001265240395675	0.9997469519208648	0.0001725327812284	0.0001380262249827	0.0	1.1502185415228894e-05	0.0001265240395675	9.201748332183116e-05	1.1502185415228894e-05	5.751092707614447e-05
_scratch_st-cdeboer-1_asfar_VLPs_results_crispresso_aggregated_spacer_CGBE1_rep3_.staging_CRISPRessoPooled_on_CGBE1_D2_rep3_CRISPResso_on_PDCD1	N	0.0	0.0	0.0	0.0	0.0	0.0	0.0	0.0	0.0	0.0	0.0	0.0	0.0	0.0	0.0	0.0	0.0	0.0	0.0	0.0
_scratch_st-cdeboer-1_asfar_VLPs_results_crispresso_aggregated_spacer_CGBE1_rep3_.staging_CRISPRessoPooled_on_CGBE1_D2_rep3_CRISPResso_on_PDCD1	-	8.051529790660226e-05	4.600874166091557e-05	4.600874166091557e-05	6.901311249137337e-05	0.0001725327812284	9.201748332183116e-05	0.0001610305958132	0.000253048079135	0.0002875546353807	0.0002645502645502	0.0003105590062111	6.901311249137337e-05	6.901311249137337e-05	6.901311249137337e-05	6.901311249137337e-05	6.901311249137337e-05	2.3004370830457787e-05	2.3004370830457787e-05	2.3004370830457787e-05	2.3004370830457787e-05
_scratch_st-cdeboer-1_asfar_VLPs_results_crispresso_aggregated_spacer_CGBE1_rep3_.staging_CRISPRessoPooled_on_CGBE1_D3_rep3_CRISPResso_on_PDCD1	A	0.0002132935185432	0.9997067214120032	0.0004532487269043	0.00025328605327	0.0001199776041805	0.9996134054976404	0.0032527261577838	0.0014930546298024	1.3330844908950329e-05	0.99949342789346	0.99949342789346	5.332337963580132e-05	0.999466766203642	0.99949342789346	5.332337963580132e-05	2.6661689817900658e-05	0.99974671394673	6.665422454475165e-05	7.998506945370197e-05	3.9992534726850986e-05
_scratch_st-cdeboer-1_asfar_VLPs_results_crispresso_aggregated_spacer_CGBE1_rep3_.staging_CRISPRessoPooled_on_CGBE1_D3_rep3_CRISPResso_on_PDCD1	T	7.998506945370197e-05	0.0	0.0005865571759938	0.0006798730903564	0.9992401418401898	0.0	0.0082784546884581	0.0019596342016156	0.9994001119790972	1.3330844908950329e-05	1.3330844908950329e-05	2.6661689817900658e-05	1.3330844908950329e-05	1.3330844908950329e-05	2.6661689817900658e-05	2.6661689817900658e-05	1.3330844908950329e-05	0.9995734129629136	1.3330844908950329e-05	3.9992534726850986e-05
_scratch_st-cdeboer-1_asfar_VLPs_results_crispresso_aggregated_spacer_CGBE1_rep3_.staging_CRISPRessoPooled_on_CGBE1_D3_rep3_CRISPResso_on_PDCD1	C	0.9995600821180046	5.332337963580132e-05	0.9986402538192872	0.9979870424187484	0.0002799477430879	3.9992534726850986e-05	0.9861225904497828	0.9886554509824832	0.0001066467592716	1.3330844908950329e-05	5.332337963580132e-05	3.9992534726850986e-05	0.0001333084490895	3.9992534726850986e-05	0.9996800597221852	0.9997600447916388	5.332337963580132e-05	0.0001199776041805	0.999773375636548	0.9997867064814568
_scratch_st-cdeboer-1_asfar_VLPs_results_crispresso_aggregated_spacer_CGBE1_rep3_.staging_CRISPRessoPooled_on_CGBE1_D3_rep3_CRISPResso_on_PDCD1	G	1.3330844908950329e-05	7.998506945370197e-05	0.0001466392939984	0.0007065347801743	2.6661689817900658e-05	7.998506945370197e-05	0.0020262884261604	0.0074519423041032	0.0001066467592716	0.0001199776041805	6.665422454475165e-05	0.9996400671874583	0.0001466392939984	0.0001999626736342	0.0	0.0	5.332337963580132e-05	0.0001066467592716	1.3330844908950329e-05	1.3330844908950329e-05
_scratch_st-cdeboer-1_asfar_VLPs_results_crispresso_aggregated_spacer_CGBE1_rep3_.staging_CRISPRessoPooled_on_CGBE1_D3_rep3_CRISPResso_on_PDCD1	N	0.0	0.0	0.0	0.0	1.3330844908950329e-05	0.0	0.0	0.0	0.0	0.0	0.0	0.0	0.0	1.3330844908950329e-05	0.0	0.0	0.0	0.0	0.0	0.0
_scratch_st-cdeboer-1_asfar_VLPs_results_crispresso_aggregated_spacer_CGBE1_rep3_.staging_CRISPRessoPooled_on_CGBE1_D3_rep3_CRISPResso_on_PDCD1	-	0.0001333084490895	0.0001599701389074	0.0001733009838163	0.0003732636574506	0.0003199402778148	0.000266616898179	0.0003199402778148	0.0004399178819953	0.0003732636574506	0.0003599328125416	0.0003732636574506	0.0002399552083611	0.0002399552083611	0.0002399552083611	0.0002399552083611	0.0001866318287253	0.0001333084490895	0.0001333084490895	0.0001199776041805	0.0001199776041805
_scratch_st-cdeboer-1_asfar_VLPs_results_crispresso_aggregated_spacer_CGBE1_rep3_.staging_CRISPRessoPooled_on_CGBE1_D4_rep3_CRISPResso_on_PDCD1	A	0.0001545573337454	0.9994379733318346	0.0004355706678281	0.0005479760014612	0.0002388613339702	0.9991288586643436	0.0096247066923325	0.0021216506723244	0.0	0.9987213893299236	0.998763541330036	8.430400022481067e-05	0.9991429093310478	0.99918506133116	4.215200011240534e-05	0.000112405333633	0.99959253066558	1.405066670413511e-05	9.835466692894576e-05	0.000112405333633
_scratch_st-cdeboer-1_asfar_VLPs_results_crispresso_aggregated_spacer_CGBE1_rep3_.staging_CRISPRessoPooled_on_CGBE1_D4_rep3_CRISPResso_on_PDCD1	T	0.0001545573337454	8.430400022481067e-05	0.0017141813379044	0.0012786106700762	0.998117210661646	9.835466692894576e-05	0.0228182827275154	0.0045383653454356	0.998651135996403	1.405066670413511e-05	0.0	5.620266681654044e-05	0.0	0.0	0.0001545573337454	1.405066670413511e-05	0.0	0.9995082266653552	1.405066670413511e-05	5.620266681654044e-05
_scratch_st-cdeboer-1_asfar_VLPs_results_crispresso_aggregated_spacer_CGBE1_rep3_.staging_CRISPRessoPooled_on_CGBE1_D4_rep3_CRISPResso_on_PDCD1	C	0.9994520239985388	2.810133340827022e-05	0.9957988506554636	0.9945764426522038	0.0003653173343075	1.405066670413511e-05	0.960995349229321	0.9752286746006098	0.000112405333633	0.0	1.405066670413511e-05	1.405066670413511e-05	4.215200011240534e-05	1.405066670413511e-05	0.9991148079976396	0.9992131626645684	4.215200011240534e-05	0.000210760000562	0.9996346826656924	0.999578479998876
_scratch_st-cdeboer-1_asfar_VLPs_results_crispresso_aggregated_spacer_CGBE1_rep3_.staging_CRISPRessoPooled_on_CGBE1_D4_rep3_CRISPResso_on_PDCD1	G	1.405066670413511e-05	0.0001545573337454	0.0014472186705259	0.0025572213401525	1.405066670413511e-05	0.0001264560003372	0.0055359626814292	0.0165797867108794	2.810133340827022e-05	0.0001405066670413	7.025333352067556e-05	0.9991288586643436	9.835466692894576e-05	0.000112405333633	0.0	1.405066670413511e-05	7.025333352067556e-05	2.810133340827022e-05	2.810133340827022e-05	1.405066670413511e-05
_scratch_st-cdeboer-1_asfar_VLPs_results_crispresso_aggregated_spacer_CGBE1_rep3_.staging_CRISPRessoPooled_on_CGBE1_D4_rep3_CRISPResso_on_PDCD1	N	0.0	0.0	0.0	1.405066670413511e-05	0.0	0.0	0.0	0.0	0.0	0.0	0.0	0.0	0.0	0.0	0.0	0.0	0.0	0.0	0.0	0.0
_scratch_st-cdeboer-1_asfar_VLPs_results_crispresso_aggregated_spacer_CGBE1_rep3_.staging_CRISPRessoPooled_on_CGBE1_D4_rep3_CRISPResso_on_PDCD1	-	0.0002248106672661	0.0002950640007868	0.0006041786682778	0.0010256986694018	0.0012645600033721	0.000632280001686	0.0010256986694018	0.0015315226707507	0.0012083573365556	0.0011240533363308	0.001152154669739	0.0007165840019108	0.0007165840019108	0.0006884826685026	0.0006884826685026	0.0006463306683902	0.0002950640007868	0.0002388613339702	0.0002248106672661	0.0002388613339702
_scratch_st-cdeboer-1_asfar_VLPs_results_crispresso_aggregated_spacer_CGBE1_rep3_.staging_CRISPRessoPooled_on_CGBE1_D5_rep3_CRISPResso_on_PDCD1	A	0.0001434240091791	0.999832671989291	0.0004541760290672	0.0006693120428359	0.0002390400152985	0.999354591958694	0.0077688004972032	0.0015059520963809	9.56160061194244e-05	0.9987808959219774	0.9989004159296266	7.171200458956829e-05	0.9987091839173876	0.9991394559449251	2.3904001529856096e-05	9.56160061194244e-05	0.9993067839556342	0.0	2.3904001529856096e-05	9.56160061194244e-05
_scratch_st-cdeboer-1_asfar_VLPs_results_crispresso_aggregated_spacer_CGBE1_rep3_.staging_CRISPRessoPooled_on_CGBE1_D5_rep3_CRISPResso_on_PDCD1	T	2.3904001529856096e-05	0.0	0.0015298560979107	0.0008127360520151	0.998661375914328	2.3904001529856096e-05	0.0173543051106755	0.003155328201941	0.9984462399005594	7.171200458956829e-05	0.0	0.0001434240091791	0.0001434240091791	0.0	9.56160061194244e-05	7.171200458956829e-05	0.0	0.9995219199694028	2.3904001529856096e-05	7.171200458956829e-05
_scratch_st-cdeboer-1_asfar_VLPs_results_crispresso_aggregated_spacer_CGBE1_rep3_.staging_CRISPRessoPooled_on_CGBE1_D5_rep3_CRISPResso_on_PDCD1	C	0.9997131519816416	4.780800305971219e-05	0.9970837118133576	0.9970598078118276	0.0005019840321269	4.780800305971219e-05	0.9702156140937992	0.9831237749199216	9.56160061194244e-05	0.0	4.780800305971219e-05	4.780800305971219e-05	0.0002390400152985	4.780800305971219e-05	0.9991155519433952	0.9990916479418654	4.780800305971219e-05	0.0001912320122388	0.9997131519816416	0.9995936319739924
_scratch_st-cdeboer-1_asfar_VLPs_results_crispresso_aggregated_spacer_CGBE1_rep3_.staging_CRISPRessoPooled_on_CGBE1_D5_rep3_CRISPResso_on_PDCD1	G	2.3904001529856096e-05	7.171200458956829e-05	0.0006454080413061	0.0010995840703733	4.780800305971219e-05	0.0001434240091791	0.0037529282401874	0.0109958407037338	0.0003107520198881	9.56160061194244e-05	9.56160061194244e-05	0.9989482239326865	0.0001195200076492	7.171200458956829e-05	2.3904001529856096e-05	0.0	0.0001434240091791	4.780800305971219e-05	0.0	0.0
_scratch_st-cdeboer-1_asfar_VLPs_results_crispresso_aggregated_spacer_CGBE1_rep3_.staging_CRISPRessoPooled_on_CGBE1_D5_rep3_CRISPResso_on_PDCD1	N	2.3904001529856096e-05	0.0	2.3904001529856096e-05	0.0	0.0	0.0	0.0	0.0	0.0	0.0	0.0	0.0	0.0	0.0	0.0	0.0	0.0	0.0	0.0	0.0
_scratch_st-cdeboer-1_asfar_VLPs_results_crispresso_aggregated_spacer_CGBE1_rep3_.staging_CRISPRessoPooled_on_CGBE1_D5_rep3_CRISPResso_on_PDCD1	-	7.171200458956829e-05	4.780800305971219e-05	0.0002629440168284	0.0003585600229478	0.0005497920351866	0.0004302720275374	0.0009083520581345	0.0012191040780226	0.0010517760673136	0.0010517760673136	0.0009561600611942	0.0007888320504852	0.0007888320504852	0.0007410240474255	0.0007410240474255	0.0007410240474255	0.0005019840321269	0.0002390400152985	0.0002390400152985	0.0002390400152985
