Folder	Nucleotide	G	G	C	C	C	A	G	A	C	T	G	A	G	C	A	C	G	T	G	A
_scratch_st-cdeboer-1_asfar_VLPs_results_crispresso_aggregated_spacer_CGBE1_rep2_.staging_CRISPRessoPooled_on_CGBE1_D0_rep2_CRISPResso_on_HEK3	A	0.0	2.0174306003873465e-05	4.034861200774693e-05	1.0087153001936733e-05	7.061007101355714e-05	0.999828518398967	0.0	0.9998991284699806	1.0087153001936733e-05	0.0	3.02614590058102e-05	0.9997579083279536	1.0087153001936733e-05	0.0	0.9999193027759844	0.0	2.0174306003873465e-05	0.0	5.043576500968367e-05	0.9997478211749516
_scratch_st-cdeboer-1_asfar_VLPs_results_crispresso_aggregated_spacer_CGBE1_rep2_.staging_CRISPRessoPooled_on_CGBE1_D0_rep2_CRISPResso_on_HEK3	T	6.05229180116204e-05	5.043576500968367e-05	7.061007101355714e-05	5.043576500968367e-05	7.061007101355714e-05	1.0087153001936733e-05	8.069722401549386e-05	0.0	4.034861200774693e-05	0.9998688670109748	8.069722401549386e-05	0.0	5.043576500968367e-05	4.034861200774693e-05	0.0	5.043576500968367e-05	8.069722401549386e-05	0.9998486927049708	6.05229180116204e-05	0.0
_scratch_st-cdeboer-1_asfar_VLPs_results_crispresso_aggregated_spacer_CGBE1_rep2_.staging_CRISPRessoPooled_on_CGBE1_D0_rep2_CRISPResso_on_HEK3	C	4.034861200774693e-05	0.0001412201420271	0.9998688670109748	0.9999193027759844	0.9997982569399612	5.043576500968367e-05	5.043576500968367e-05	0.0	0.9999394770819884	6.05229180116204e-05	3.02614590058102e-05	8.069722401549386e-05	9.07843770174306e-05	0.9998890413169786	1.0087153001936733e-05	0.9999394770819884	0.0001613944480309	6.05229180116204e-05	7.061007101355714e-05	6.05229180116204e-05
_scratch_st-cdeboer-1_asfar_VLPs_results_crispresso_aggregated_spacer_CGBE1_rep2_.staging_CRISPRessoPooled_on_CGBE1_D0_rep2_CRISPResso_on_HEK3	G	0.9998688670109748	0.999697385409942	1.0087153001936733e-05	1.0087153001936733e-05	2.0174306003873465e-05	0.0001008715300193	0.9998587798579728	9.07843770174306e-05	0.0	6.05229180116204e-05	0.999828518398967	0.000151307295029	0.999838605551969	6.05229180116204e-05	6.05229180116204e-05	0.0	0.9997276468689476	8.069722401549386e-05	0.9998083440929632	0.0001815687540348
_scratch_st-cdeboer-1_asfar_VLPs_results_crispresso_aggregated_spacer_CGBE1_rep2_.staging_CRISPRessoPooled_on_CGBE1_D0_rep2_CRISPResso_on_HEK3	N	0.0	0.0	0.0	0.0	0.0	0.0	0.0	0.0	0.0	0.0	0.0	0.0	0.0	0.0	0.0	0.0	0.0	0.0	0.0	0.0
_scratch_st-cdeboer-1_asfar_VLPs_results_crispresso_aggregated_spacer_CGBE1_rep2_.staging_CRISPRessoPooled_on_CGBE1_D0_rep2_CRISPResso_on_HEK3	-	3.02614590058102e-05	9.07843770174306e-05	1.0087153001936733e-05	1.0087153001936733e-05	4.034861200774693e-05	1.0087153001936733e-05	1.0087153001936733e-05	1.0087153001936733e-05	1.0087153001936733e-05	1.0087153001936733e-05	3.02614590058102e-05	1.0087153001936733e-05	1.0087153001936733e-05	1.0087153001936733e-05	1.0087153001936733e-05	1.0087153001936733e-05	1.0087153001936733e-05	1.0087153001936733e-05	1.0087153001936733e-05	1.0087153001936733e-05
_scratch_st-cdeboer-1_asfar_VLPs_results_crispresso_aggregated_spacer_CGBE1_rep2_.staging_CRISPRessoPooled_on_CGBE1_D1_rep2_CRISPResso_on_HEK3	A	0.0	0.0	0.0	0.0008848845627865	8.044405116241654e-05	0.9993564475907006	0.0	0.9995173356930256	0.0003217762046496	0.0	0.0	0.9993564475907006	8.044405116241654e-05	0.0	0.9997586678465128	0.0	0.0	0.0	0.0	0.9991151154372134
_scratch_st-cdeboer-1_asfar_VLPs_results_crispresso_aggregated_spacer_CGBE1_rep2_.staging_CRISPRessoPooled_on_CGBE1_D1_rep2_CRISPResso_on_HEK3	T	8.044405116241654e-05	8.044405116241654e-05	8.044405116241654e-05	0.0008044405116241	0.0034590941999839	0.0	8.044405116241654e-05	0.0	8.044405116241654e-05	0.999597779744188	8.044405116241654e-05	0.0	0.0	0.0	0.0	8.044405116241654e-05	0.0001608881023248	0.999597779744188	0.0	0.0
_scratch_st-cdeboer-1_asfar_VLPs_results_crispresso_aggregated_spacer_CGBE1_rep2_.staging_CRISPRessoPooled_on_CGBE1_D1_rep2_CRISPResso_on_HEK3	C	0.0	0.000402220255812	0.9998391118976752	0.9974257903628028	0.991472930576784	0.0	0.0001608881023248	0.0	0.9987933392325636	8.044405116241654e-05	8.044405116241654e-05	0.0001608881023248	8.044405116241654e-05	0.9997586678465128	0.0	0.9995173356930256	0.0003217762046496	0.0001608881023248	0.0	0.0003217762046496
_scratch_st-cdeboer-1_asfar_VLPs_results_crispresso_aggregated_spacer_CGBE1_rep2_.staging_CRISPRessoPooled_on_CGBE1_D1_rep2_CRISPResso_on_HEK3	G	0.9998391118976752	0.999034671386051	0.0	0.0005631083581369	0.0044244228139329	0.0002413321534872	0.9993564475907006	8.044405116241654e-05	0.000402220255812	0.0	0.9995173356930256	0.0002413321534872	0.999597779744188	0.0	0.0	8.044405116241654e-05	0.9991955594883758	0.0	0.9997586678465128	0.0003217762046496
_scratch_st-cdeboer-1_asfar_VLPs_results_crispresso_aggregated_spacer_CGBE1_rep2_.staging_CRISPRessoPooled_on_CGBE1_D1_rep2_CRISPResso_on_HEK3	N	0.0	0.0	0.0	0.0	0.0	0.0	0.0	0.0	0.0	0.0	0.0	0.0	0.0	0.0	0.0	0.0	0.0	0.0	0.0	0.0
_scratch_st-cdeboer-1_asfar_VLPs_results_crispresso_aggregated_spacer_CGBE1_rep2_.staging_CRISPRessoPooled_on_CGBE1_D1_rep2_CRISPResso_on_HEK3	-	8.044405116241654e-05	0.0004826643069744	8.044405116241654e-05	0.0003217762046496	0.0005631083581369	0.000402220255812	0.000402220255812	0.000402220255812	0.000402220255812	0.0003217762046496	0.0003217762046496	0.0002413321534872	0.0002413321534872	0.0002413321534872	0.0002413321534872	0.0003217762046496	0.0003217762046496	0.0002413321534872	0.0002413321534872	0.0002413321534872
_scratch_st-cdeboer-1_asfar_VLPs_results_crispresso_aggregated_spacer_CGBE1_rep2_.staging_CRISPRessoPooled_on_CGBE1_D2_rep2_CRISPResso_on_HEK3	A	0.0002938008030555	9.793360101850946e-05	9.793360101850946e-05	0.0038194104397218	0.0045049456468514	0.9968661247674075	0.0	0.996572323964352	0.0013710704142591	0.0	0.0	0.9964743903633336	9.793360101850946e-05	0.0	0.9983351287826854	0.0	9.793360101850946e-05	0.0	9.793360101850946e-05	0.9993144647928704
_scratch_st-cdeboer-1_asfar_VLPs_results_crispresso_aggregated_spacer_CGBE1_rep2_.staging_CRISPRessoPooled_on_CGBE1_D2_rep2_CRISPResso_on_HEK3	T	9.793360101850946e-05	0.0002938008030555	0.000979336010185	0.0133189697385172	0.0240916658505533	0.0	0.0	0.000195867202037	9.793360101850946e-05	0.9962785231612966	9.793360101850946e-05	0.0	9.793360101850946e-05	9.793360101850946e-05	0.0	0.0	9.793360101850946e-05	0.998824796787778	9.793360101850946e-05	0.0
_scratch_st-cdeboer-1_asfar_VLPs_results_crispresso_aggregated_spacer_CGBE1_rep2_.staging_CRISPRessoPooled_on_CGBE1_D2_rep2_CRISPResso_on_HEK3	C	9.793360101850946e-05	0.000195867202037	0.9983351287826854	0.9745372637351876	0.9397708353736168	0.0	0.000195867202037	9.793360101850946e-05	0.9916756439134268	0.0	9.793360101850946e-05	0.0	0.0	0.9979433943786112	0.0	0.998433062383704	9.793360101850946e-05	9.793360101850946e-05	0.0	9.793360101850946e-05
_scratch_st-cdeboer-1_asfar_VLPs_results_crispresso_aggregated_spacer_CGBE1_rep2_.staging_CRISPRessoPooled_on_CGBE1_D2_rep2_CRISPResso_on_HEK3	G	0.9991185975908334	0.9979433943786112	0.0	0.0058760160611105	0.0273234746841641	0.000195867202037	0.9968661247674075	0.000195867202037	0.0034276760356478	9.793360101850946e-05	0.9962785231612966	9.793360101850946e-05	0.9979433943786112	0.0	0.0	0.0	0.9986289295857408	0.0	0.9990206639898148	0.0
_scratch_st-cdeboer-1_asfar_VLPs_results_crispresso_aggregated_spacer_CGBE1_rep2_.staging_CRISPRessoPooled_on_CGBE1_D2_rep2_CRISPResso_on_HEK3	N	0.0	0.0	0.0	0.0	0.0	0.0	0.0	0.0	0.0	0.0	0.0	0.0	0.0	0.0	0.0	0.0	0.0	0.0	0.0	0.0
_scratch_st-cdeboer-1_asfar_VLPs_results_crispresso_aggregated_spacer_CGBE1_rep2_.staging_CRISPRessoPooled_on_CGBE1_D2_rep2_CRISPResso_on_HEK3	-	0.000391734404074	0.0014690040152776	0.000587601606111	0.0024483400254627	0.0043090784448144	0.0029380080305552	0.0029380080305552	0.0029380080305552	0.0034276760356478	0.0036235432376848	0.0035256096366663	0.0034276760356478	0.0018607384193516	0.0019586720203701	0.0016648712173146	0.0015669376162961	0.0010772696112036	0.0010772696112036	0.000783468808148	0.000587601606111
_scratch_st-cdeboer-1_asfar_VLPs_results_crispresso_aggregated_spacer_CGBE1_rep2_.staging_CRISPRessoPooled_on_CGBE1_D3_rep2_CRISPResso_on_HEK3	A	0.0001447387465624	0.0001447387465624	0.0006272012351039	0.0128335021952043	0.0073816760746851	0.99744294881073	9.649249770830318e-05	0.9967675013267718	0.0021710811984368	0.0	4.824624885415159e-05	0.9964780238336468	4.824624885415159e-05	0.0	0.9985043662855212	0.0	9.649249770830318e-05	4.824624885415159e-05	0.0	0.999324552516042
_scratch_st-cdeboer-1_asfar_VLPs_results_crispresso_aggregated_spacer_CGBE1_rep2_.staging_CRISPRessoPooled_on_CGBE1_D3_rep2_CRISPResso_on_HEK3	T	9.649249770830318e-05	0.0001447387465624	0.003184252424374	0.0258599893858252	0.0527813962464418	4.824624885415159e-05	4.824624885415159e-05	0.0	0.0011096637236454	0.9967192550779176	4.824624885415159e-05	0.0	4.824624885415159e-05	4.824624885415159e-05	0.0	4.824624885415159e-05	4.824624885415159e-05	0.999035075022917	4.824624885415159e-05	0.0
_scratch_st-cdeboer-1_asfar_VLPs_results_crispresso_aggregated_spacer_CGBE1_rep2_.staging_CRISPRessoPooled_on_CGBE1_D3_rep2_CRISPResso_on_HEK3	C	9.649249770830318e-05	0.0004342162396873	0.9944516813817724	0.9451440150528296	0.8721956867853524	9.649249770830318e-05	4.824624885415159e-05	9.649249770830318e-05	0.9892410865055242	4.824624885415159e-05	4.824624885415159e-05	0.0001929849954166	4.824624885415159e-05	0.9980219037969796	0.0	0.9983596275389588	9.649249770830318e-05	0.0	4.824624885415159e-05	0.0
_scratch_st-cdeboer-1_asfar_VLPs_results_crispresso_aggregated_spacer_CGBE1_rep2_.staging_CRISPRessoPooled_on_CGBE1_D3_rep2_CRISPResso_on_HEK3	G	0.9982631350412504	0.9959955613451056	9.649249770830318e-05	0.0140879046654122	0.0617069522844598	9.649249770830318e-05	0.9971052250687508	9.649249770830318e-05	0.0042456698991653	4.824624885415159e-05	0.9965745163313552	9.649249770830318e-05	0.9972982100641676	0.0	4.824624885415159e-05	0.0	0.998745597529792	9.649249770830318e-05	0.9991798137694794	4.824624885415159e-05
_scratch_st-cdeboer-1_asfar_VLPs_results_crispresso_aggregated_spacer_CGBE1_rep2_.staging_CRISPRessoPooled_on_CGBE1_D3_rep2_CRISPResso_on_HEK3	N	0.0	0.0	0.0	0.0	4.824624885415159e-05	0.0	0.0	0.0	0.0	0.0	0.0	0.0	0.0	0.0	0.0	0.0	0.0	0.0	0.0	0.0
_scratch_st-cdeboer-1_asfar_VLPs_results_crispresso_aggregated_spacer_CGBE1_rep2_.staging_CRISPRessoPooled_on_CGBE1_D3_rep2_CRISPResso_on_HEK3	-	0.0013991412167703	0.0032807449220823	0.0016403724610411	0.0020745887007285	0.0058860423602064	0.0023158199449992	0.0027017899358324	0.0030395136778115	0.0032324986732281	0.003184252424374	0.0032807449220823	0.0032324986732281	0.00255705118927	0.001929849954166	0.0014473874656245	0.001592126212187	0.0010131712259371	0.0008201862305205	0.0007236937328122	0.0006272012351039
_scratch_st-cdeboer-1_asfar_VLPs_results_crispresso_aggregated_spacer_CGBE1_rep2_.staging_CRISPRessoPooled_on_CGBE1_D4_rep2_CRISPResso_on_HEK3	A	0.0001391691601141	0.0004870920603994	0.0004175074803423	0.0102985178484447	0.0063321967851924	0.9973557859578316	6.958458005705935e-05	0.9972166167977176	0.0029225523623964	0.0	6.958458005705935e-05	0.9967295247373182	0.0	6.958458005705935e-05	0.9979820471783452	0.0003479229002852	0.0002783383202282	0.0	0.0001391691601141	0.9991649850393152
_scratch_st-cdeboer-1_asfar_VLPs_results_crispresso_aggregated_spacer_CGBE1_rep2_.staging_CRISPRessoPooled_on_CGBE1_D4_rep2_CRISPResso_on_HEK3	T	6.958458005705935e-05	6.958458005705935e-05	0.002435460301997	0.025885463781226	0.0540672187043351	0.0001391691601141	0.0002087537401711	0.0	0.0006262612205135	0.9970774476376036	0.0	0.0	6.958458005705935e-05	0.0	0.0	0.0001391691601141	0.0001391691601141	0.998886646719087	0.0	0.0
_scratch_st-cdeboer-1_asfar_VLPs_results_crispresso_aggregated_spacer_CGBE1_rep2_.staging_CRISPRessoPooled_on_CGBE1_D4_rep2_CRISPResso_on_HEK3	C	0.0003479229002852	0.0002783383202282	0.9951986639760628	0.9441235822141814	0.8702247581935842	0.0	0.0001391691601141	0.0001391691601141	0.989492728411384	6.958458005705935e-05	0.0001391691601141	0.0	0.0	0.997703708858117	0.0	0.997703708858117	0.0003479229002852	0.0	0.0002087537401711	6.958458005705935e-05
_scratch_st-cdeboer-1_asfar_VLPs_results_crispresso_aggregated_spacer_CGBE1_rep2_.staging_CRISPRessoPooled_on_CGBE1_D4_rep2_CRISPResso_on_HEK3	G	0.99763412427806	0.995407417716234	0.0002087537401711	0.0171873912740936	0.0626957066314104	0.0001391691601141	0.9971470322176604	0.0002087537401711	0.0041750748034235	6.958458005705935e-05	0.9967991093173753	0.0004175074803423	0.99763412427806	6.958458005705935e-05	0.0002783383202282	0.0001391691601141	0.9978428780182312	0.0002783383202282	0.998886646719087	0.0002087537401711
_scratch_st-cdeboer-1_asfar_VLPs_results_crispresso_aggregated_spacer_CGBE1_rep2_.staging_CRISPRessoPooled_on_CGBE1_D4_rep2_CRISPResso_on_HEK3	N	0.0	0.0	0.0	0.0	0.0	0.0	0.0	0.0	0.0	0.0	0.0	0.0	0.0	0.0	0.0	0.0	0.0	0.0	0.0	0.0
_scratch_st-cdeboer-1_asfar_VLPs_results_crispresso_aggregated_spacer_CGBE1_rep2_.staging_CRISPRessoPooled_on_CGBE1_D4_rep2_CRISPResso_on_HEK3	-	0.0018091990814835	0.0037575673230812	0.0017396145014264	0.0025050448820541	0.0066801196854776	0.00236587572194	0.002435460301997	0.002435460301997	0.0027833832022823	0.0027833832022823	0.0029921369424535	0.0028529677823394	0.0022962911418829	0.0021571219817688	0.0017396145014264	0.0016700299213694	0.0013916916011411	0.0008350149606847	0.0007654303806276	0.0005566766404564
_scratch_st-cdeboer-1_asfar_VLPs_results_crispresso_aggregated_spacer_CGBE1_rep2_.staging_CRISPRessoPooled_on_CGBE1_D5_rep2_CRISPResso_on_HEK3	A	0.0001621796951021	0.000454103146286	0.0003892312682452	0.0085955238404151	0.0068115471942912	0.9975673045734674	0.0	0.9968212779759974	0.0023353876094712	6.487187804086928e-05	9.730781706130392e-05	0.9971456373662018	3.243593902043464e-05	3.243593902043464e-05	0.9978592280246512	0.0	6.487187804086928e-05	3.243593902043464e-05	3.243593902043464e-05	0.9993512812195912
_scratch_st-cdeboer-1_asfar_VLPs_results_crispresso_aggregated_spacer_CGBE1_rep2_.staging_CRISPRessoPooled_on_CGBE1_D5_rep2_CRISPResso_on_HEK3	T	9.730781706130392e-05	0.0	0.0022705157314304	0.0226078494972429	0.0455724943237106	0.000227051573143	6.487187804086928e-05	6.487187804086928e-05	0.0013623094388582	0.9971132014271812	6.487187804086928e-05	0.0	6.487187804086928e-05	0.0001621796951021	6.487187804086928e-05	0.0001297437560817	0.0001946156341226	0.99925397340253	6.487187804086928e-05	3.243593902043464e-05
_scratch_st-cdeboer-1_asfar_VLPs_results_crispresso_aggregated_spacer_CGBE1_rep2_.staging_CRISPRessoPooled_on_CGBE1_D5_rep2_CRISPResso_on_HEK3	C	6.487187804086928e-05	0.0003567953292247	0.9958806357444048	0.9539085306519623	0.8929938371715861	6.487187804086928e-05	0.0	9.730781706130392e-05	0.989263704184236	0.0	6.487187804086928e-05	3.243593902043464e-05	0.0	0.9973726889393448	0.0	0.9983133311709372	0.0001297437560817	9.730781706130392e-05	0.0001297437560817	6.487187804086928e-05
_scratch_st-cdeboer-1_asfar_VLPs_results_crispresso_aggregated_spacer_CGBE1_rep2_.staging_CRISPRessoPooled_on_CGBE1_D5_rep2_CRISPResso_on_HEK3	G	0.9987025624391828	0.9961076873175478	0.0001946156341226	0.0130068115471942	0.0495945507622445	3.243593902043464e-05	0.9971780733052222	0.000227051573143	0.0041193642555952	3.243593902043464e-05	0.99701589361012	0.0001297437560817	0.997469996756406	3.243593902043464e-05	0.0001946156341226	3.243593902043464e-05	0.9987025624391828	0.0001297437560817	0.9993837171586116	0.0002919234511839
_scratch_st-cdeboer-1_asfar_VLPs_results_crispresso_aggregated_spacer_CGBE1_rep2_.staging_CRISPRessoPooled_on_CGBE1_D5_rep2_CRISPResso_on_HEK3	N	0.0	0.0	0.0	0.0	0.0	0.0	0.0	0.0	0.0	0.0	0.0	0.0	0.0	0.0	0.0	0.0	0.0	0.0	0.0	0.0
_scratch_st-cdeboer-1_asfar_VLPs_results_crispresso_aggregated_spacer_CGBE1_rep2_.staging_CRISPRessoPooled_on_CGBE1_D5_rep2_CRISPResso_on_HEK3	-	0.000973078170613	0.0030814142069412	0.0012650016217969	0.0018812844631852	0.0050275705481673	0.0021083360363282	0.0027570548167369	0.0027894907557573	0.0029192345118391	0.0027894907557573	0.0027570548167369	0.002692182938696	0.0024326954265325	0.0024002594875121	0.0018812844631852	0.0015244891339604	0.0009082062925721	0.0004865390853065	0.0003892312682452	0.0002594875121634
