Folder	Nucleotide	G	G	A	G	G	C	T	A	T	C	C	A	G	C	G	T	G	A	G	T
_scratch_st-cdeboer-1_asfar_VLPs_results_crispresso_aggregated_spacer_CGBE1-NG_rep2_.staging_CRISPRessoPooled_on_CGBE1-NG_D0_rep2_CRISPResso_on_B2M	A	0.0002001751532591	5.004378831477543e-05	0.9995245840110096	0.0	0.0001000875766295	2.502189415738772e-05	0.0	0.9998248467408984	2.502189415738772e-05	2.502189415738772e-05	0.0001000875766295	0.9997497810584262	0.0	5.004378831477543e-05	0.0001000875766295	0.0	0.0	0.9996496934817966	2.502189415738772e-05	2.502189415738772e-05
_scratch_st-cdeboer-1_asfar_VLPs_results_crispresso_aggregated_spacer_CGBE1-NG_rep2_.staging_CRISPRessoPooled_on_CGBE1-NG_D0_rep2_CRISPResso_on_B2M	T	0.0001000875766295	0.0004754159889903	2.502189415738772e-05	0.0002502189415738	0.0	7.506568247216315e-05	0.9997497810584262	2.502189415738772e-05	0.9997497810584262	7.506568247216315e-05	2.502189415738772e-05	0.0	0.0001251094707869	0.0003002627298886	7.506568247216315e-05	0.9995746277993244	0.0001000875766295	2.502189415738772e-05	0.0001000875766295	0.9996496934817966
_scratch_st-cdeboer-1_asfar_VLPs_results_crispresso_aggregated_spacer_CGBE1-NG_rep2_.staging_CRISPRessoPooled_on_CGBE1-NG_D0_rep2_CRISPResso_on_B2M	C	5.004378831477543e-05	5.004378831477543e-05	0.0001000875766295	7.506568247216315e-05	7.506568247216315e-05	0.9998748905292132	0.0002001751532591	2.502189415738772e-05	7.506568247216315e-05	0.9998498686350556	0.9998248467408984	5.004378831477543e-05	5.004378831477543e-05	0.9995996496934818	7.506568247216315e-05	0.0002001751532591	7.506568247216315e-05	2.502189415738772e-05	2.502189415738772e-05	0.0001751532591017
_scratch_st-cdeboer-1_asfar_VLPs_results_crispresso_aggregated_spacer_CGBE1-NG_rep2_.staging_CRISPRessoPooled_on_CGBE1-NG_D0_rep2_CRISPResso_on_B2M	G	0.9996246715876392	0.9993744526460652	0.000325284624046	0.9996496934817966	0.9997998248467408	0.0	2.502189415738772e-05	0.0001000875766295	0.0001251094707869	2.502189415738772e-05	0.0	0.0001751532591017	0.9997998248467408	2.502189415738772e-05	0.9997247591642688	0.0002001751532591	0.9997998248467408	0.0002752408357312	0.9998248467408984	0.0001251094707869
_scratch_st-cdeboer-1_asfar_VLPs_results_crispresso_aggregated_spacer_CGBE1-NG_rep2_.staging_CRISPRessoPooled_on_CGBE1-NG_D0_rep2_CRISPResso_on_B2M	N	0.0	0.0	0.0	0.0	0.0	0.0	0.0	0.0	0.0	0.0	0.0	0.0	0.0	0.0	0.0	0.0	0.0	0.0	0.0	0.0
_scratch_st-cdeboer-1_asfar_VLPs_results_crispresso_aggregated_spacer_CGBE1-NG_rep2_.staging_CRISPRessoPooled_on_CGBE1-NG_D0_rep2_CRISPResso_on_B2M	-	2.502189415738772e-05	5.004378831477543e-05	2.502189415738772e-05	2.502189415738772e-05	2.502189415738772e-05	2.502189415738772e-05	2.502189415738772e-05	2.502189415738772e-05	2.502189415738772e-05	2.502189415738772e-05	5.004378831477543e-05	2.502189415738772e-05	2.502189415738772e-05	2.502189415738772e-05	2.502189415738772e-05	2.502189415738772e-05	2.502189415738772e-05	2.502189415738772e-05	2.502189415738772e-05	2.502189415738772e-05
_scratch_st-cdeboer-1_asfar_VLPs_results_crispresso_aggregated_spacer_CGBE1-NG_rep2_.staging_CRISPRessoPooled_on_CGBE1-NG_D1_rep2_CRISPResso_on_B2M	A	0.0001190221143088	0.0	0.9997143469256587	2.380442286176772e-05	2.380442286176772e-05	2.380442286176772e-05	0.0	0.9998571734628294	0.0	2.380442286176772e-05	0.0001190221143088	0.999809564617106	0.0	0.0	0.0003570663429265	0.0	4.760884572353544e-05	0.999690542502797	0.0	2.380442286176772e-05
_scratch_st-cdeboer-1_asfar_VLPs_results_crispresso_aggregated_spacer_CGBE1-NG_rep2_.staging_CRISPRessoPooled_on_CGBE1-NG_D1_rep2_CRISPResso_on_B2M	T	9.521769144707088e-05	0.0004760884572353	0.0	0.0001904353828941	2.380442286176772e-05	0.0001666309600323	0.999690542502797	0.0	0.9995715203884882	0.0001190221143088	0.0001428265371706	0.0	7.141326858530314e-05	0.0001904353828941	7.141326858530314e-05	0.9995477159656264	7.141326858530314e-05	2.380442286176772e-05	0.0004284796115118	0.9994286938513176
_scratch_st-cdeboer-1_asfar_VLPs_results_crispresso_aggregated_spacer_CGBE1-NG_rep2_.staging_CRISPRessoPooled_on_CGBE1-NG_D1_rep2_CRISPResso_on_B2M	C	9.521769144707088e-05	4.760884572353544e-05	9.521769144707088e-05	4.760884572353544e-05	4.760884572353544e-05	0.999809564617106	0.0001190221143088	4.760884572353544e-05	7.141326858530314e-05	0.999785760194244	0.9996667380799352	7.141326858530314e-05	4.760884572353544e-05	0.9997381513485204	0.0	0.0001428265371706	0.0003808707657882	2.380442286176772e-05	0.0001666309600323	0.0001190221143088
_scratch_st-cdeboer-1_asfar_VLPs_results_crispresso_aggregated_spacer_CGBE1-NG_rep2_.staging_CRISPRessoPooled_on_CGBE1-NG_D1_rep2_CRISPResso_on_B2M	G	0.999690542502797	0.9993572805827324	0.0001904353828941	0.9997381513485204	0.999904782308553	0.0	0.0001904353828941	9.521769144707088e-05	0.0003094574972029	2.380442286176772e-05	2.380442286176772e-05	0.0001190221143088	0.9998809778856912	7.141326858530314e-05	0.9995715203884882	0.0003094574972029	0.9995001071199028	0.0002618486514794	0.9994048894284558	0.0004284796115118
_scratch_st-cdeboer-1_asfar_VLPs_results_crispresso_aggregated_spacer_CGBE1-NG_rep2_.staging_CRISPRessoPooled_on_CGBE1-NG_D1_rep2_CRISPResso_on_B2M	N	0.0	2.380442286176772e-05	0.0	0.0	0.0	0.0	0.0	0.0	0.0	0.0	0.0	0.0	0.0	0.0	0.0	0.0	0.0	0.0	0.0	0.0
_scratch_st-cdeboer-1_asfar_VLPs_results_crispresso_aggregated_spacer_CGBE1-NG_rep2_.staging_CRISPRessoPooled_on_CGBE1-NG_D1_rep2_CRISPResso_on_B2M	-	0.0	9.521769144707088e-05	0.0	0.0	0.0	0.0	0.0	0.0	4.760884572353544e-05	4.760884572353544e-05	4.760884572353544e-05	0.0	0.0	0.0	0.0	0.0	0.0	0.0	0.0	0.0
_scratch_st-cdeboer-1_asfar_VLPs_results_crispresso_aggregated_spacer_CGBE1-NG_rep2_.staging_CRISPRessoPooled_on_CGBE1-NG_D2_rep2_CRISPResso_on_B2M	A	6.862005077883757e-05	0.0	0.9998627598984424	6.862005077883757e-05	0.0	0.0002744802031153	0.0	0.9993137994922116	0.0	0.0001372401015576	6.862005077883757e-05	0.9994510395937694	6.862005077883757e-05	0.0	0.0007548205585672	0.0	0.000823440609346	0.9993137994922116	0.0	0.0
_scratch_st-cdeboer-1_asfar_VLPs_results_crispresso_aggregated_spacer_CGBE1-NG_rep2_.staging_CRISPRessoPooled_on_CGBE1-NG_D2_rep2_CRISPResso_on_B2M	T	0.0001372401015576	0.0004803403554518	0.0	0.0006175804570095	0.0	0.0002744802031153	0.9993824195429905	0.0	0.999176559390654	0.0001372401015576	0.0001372401015576	0.0	0.0	0.0002744802031153	0.0003431002538941	0.9992451794414328	6.862005077883757e-05	0.0	6.862005077883757e-05	0.9996568997461058
_scratch_st-cdeboer-1_asfar_VLPs_results_crispresso_aggregated_spacer_CGBE1-NG_rep2_.staging_CRISPRessoPooled_on_CGBE1-NG_D2_rep2_CRISPResso_on_B2M	C	6.862005077883757e-05	6.862005077883757e-05	0.0001372401015576	6.862005077883757e-05	0.0	0.9992451794414328	0.0002744802031153	0.0	6.862005077883757e-05	0.9992451794414328	0.9993824195429905	0.0	0.0	0.9992451794414328	0.0001372401015576	0.0001372401015576	0.0018527413710286	6.862005077883757e-05	6.862005077883757e-05	0.0002058601523365
_scratch_st-cdeboer-1_asfar_VLPs_results_crispresso_aggregated_spacer_CGBE1-NG_rep2_.staging_CRISPRessoPooled_on_CGBE1-NG_D2_rep2_CRISPResso_on_B2M	G	0.9997255197968846	0.9994510395937694	0.0	0.9992451794414328	0.9997941398476636	0.0	0.0001372401015576	0.0004803403554518	0.0003431002538941	6.862005077883757e-05	0.0	0.0001372401015576	0.999519659644548	6.862005077883757e-05	0.998353118781308	0.0002058601523365	0.9968434776641736	0.0002058601523365	0.9996568997461058	0.0001372401015576
_scratch_st-cdeboer-1_asfar_VLPs_results_crispresso_aggregated_spacer_CGBE1-NG_rep2_.staging_CRISPRessoPooled_on_CGBE1-NG_D2_rep2_CRISPResso_on_B2M	N	0.0	0.0	0.0	0.0	0.0	0.0	0.0	0.0	0.0	0.0	0.0	0.0	0.0	0.0	0.0	0.0	0.0	0.0	0.0	0.0
_scratch_st-cdeboer-1_asfar_VLPs_results_crispresso_aggregated_spacer_CGBE1-NG_rep2_.staging_CRISPRessoPooled_on_CGBE1-NG_D2_rep2_CRISPResso_on_B2M	-	0.0	0.0	0.0	0.0	0.0002058601523365	0.0002058601523365	0.0002058601523365	0.0002058601523365	0.000411720304673	0.000411720304673	0.000411720304673	0.000411720304673	0.000411720304673	0.000411720304673	0.000411720304673	0.000411720304673	0.000411720304673	0.000411720304673	0.0002058601523365	0.0
_scratch_st-cdeboer-1_asfar_VLPs_results_crispresso_aggregated_spacer_CGBE1-NG_rep2_.staging_CRISPRessoPooled_on_CGBE1-NG_D3_rep2_CRISPResso_on_B2M	A	7.230135203528306e-05	2.4100450678427685e-05	0.9996384932398236	0.0	4.820090135685537e-05	0.0001446027040705	2.4100450678427685e-05	0.9992528860289688	2.4100450678427685e-05	4.820090135685537e-05	2.4100450678427685e-05	0.9993492878316824	4.820090135685537e-05	0.0	0.0009881184778155	0.0	0.0014942279420625	0.9991805846769336	0.0	4.820090135685537e-05
_scratch_st-cdeboer-1_asfar_VLPs_results_crispresso_aggregated_spacer_CGBE1-NG_rep2_.staging_CRISPRessoPooled_on_CGBE1-NG_D3_rep2_CRISPResso_on_B2M	T	0.0001205022533921	0.0003133058588195	0.0	0.0002892054081411	0.0	4.820090135685537e-05	0.9992287855782904	2.4100450678427685e-05	0.9990841828742196	4.820090135685537e-05	7.230135203528306e-05	0.0	7.230135203528306e-05	0.0001687031547489	0.0009399175764586	0.9993492878316824	0.0004820090135685	0.0	0.0001446027040705	0.9991323837755766
_scratch_st-cdeboer-1_asfar_VLPs_results_crispresso_aggregated_spacer_CGBE1-NG_rep2_.staging_CRISPRessoPooled_on_CGBE1-NG_D3_rep2_CRISPResso_on_B2M	C	0.0001205022533921	9.640180271371074e-05	2.4100450678427685e-05	0.0001687031547489	4.820090135685537e-05	0.999325187381004	0.0001446027040705	7.230135203528306e-05	2.4100450678427685e-05	0.9993010869303256	0.9993733882823608	2.4100450678427685e-05	2.4100450678427685e-05	0.9993974887330394	0.0001928036054274	0.0001687031547489	0.003157159038874	7.230135203528306e-05	9.640180271371074e-05	0.0001687031547489
_scratch_st-cdeboer-1_asfar_VLPs_results_crispresso_aggregated_spacer_CGBE1-NG_rep2_.staging_CRISPRessoPooled_on_CGBE1-NG_D3_rep2_CRISPResso_on_B2M	G	0.99954209143711	0.9993974887330394	0.0001687031547489	0.9992769864796472	0.9994215891837176	0.0	0.0001205022533921	4.820090135685537e-05	0.0002651049574627	0.0	0.0	0.0001687031547489	0.9994456896343962	2.4100450678427685e-05	0.9973971513267298	7.230135203528306e-05	0.9944568963439616	0.0003374063094979	0.9993492878316824	0.0004579085628901
_scratch_st-cdeboer-1_asfar_VLPs_results_crispresso_aggregated_spacer_CGBE1-NG_rep2_.staging_CRISPRessoPooled_on_CGBE1-NG_D3_rep2_CRISPResso_on_B2M	N	0.0	0.0	0.0	0.0	0.0	0.0	0.0	0.0	0.0	0.0	0.0	0.0	0.0	0.0	0.0	0.0	0.0	0.0	0.0	0.0
_scratch_st-cdeboer-1_asfar_VLPs_results_crispresso_aggregated_spacer_CGBE1-NG_rep2_.staging_CRISPRessoPooled_on_CGBE1-NG_D3_rep2_CRISPResso_on_B2M	-	0.0001446027040705	0.0001687031547489	0.0001687031547489	0.0002651049574627	0.0004820090135685	0.0004820090135685	0.0004820090135685	0.0006025112669606	0.0006025112669606	0.0006025112669606	0.0005302099149254	0.0004579085628901	0.0004097076615332	0.0004097076615332	0.0004820090135685	0.0004097076615332	0.0004097076615332	0.0004097076615332	0.0004097076615332	0.0001928036054274
_scratch_st-cdeboer-1_asfar_VLPs_results_crispresso_aggregated_spacer_CGBE1-NG_rep2_.staging_CRISPRessoPooled_on_CGBE1-NG_D4_rep2_CRISPResso_on_B2M	A	0.0003921708438803	0.0	0.999500873471425	3.565189489821384e-05	0.0002495632642874	0.0	3.565189489821384e-05	0.9983956647295804	0.0	0.0001069556846946	0.0	0.9982174052550892	0.0004634746336767	3.565189489821384e-05	0.0030660629612463	0.0	0.0060251702377981	0.998680879888766	0.0002495632642874	3.565189489821384e-05
_scratch_st-cdeboer-1_asfar_VLPs_results_crispresso_aggregated_spacer_CGBE1-NG_rep2_.staging_CRISPRessoPooled_on_CGBE1-NG_D4_rep2_CRISPResso_on_B2M	T	0.0002495632642874	0.0005347784234732	0.0	0.000178259474491	0.0003565189489821	0.0	0.998680879888766	0.0	0.998680879888766	7.130378979642769e-05	3.565189489821384e-05	0.0002495632642874	0.0001069556846946	0.0002495632642874	0.0019252023245035	0.9985382723091732	0.0006060822132696	3.565189489821384e-05	0.0002852151591857	0.9990730507326464
_scratch_st-cdeboer-1_asfar_VLPs_results_crispresso_aggregated_spacer_CGBE1-NG_rep2_.staging_CRISPRessoPooled_on_CGBE1-NG_D4_rep2_CRISPResso_on_B2M	C	3.565189489821384e-05	7.130378979642769e-05	0.0001069556846946	0.0001069556846946	0.0	0.998645227993868	7.130378979642769e-05	0.0003208670540839	0.0001069556846946	0.998680879888766	0.9987165317836644	7.130378979642769e-05	7.130378979642769e-05	0.9984669685193768	0.0012121644265392	0.0002139113693892	0.0065242967663731	3.565189489821384e-05	0.0	0.0001426075795928
_scratch_st-cdeboer-1_asfar_VLPs_results_crispresso_aggregated_spacer_CGBE1-NG_rep2_.staging_CRISPRessoPooled_on_CGBE1-NG_D4_rep2_CRISPResso_on_B2M	G	0.9990730507326464	0.9990730507326464	3.565189489821384e-05	0.9993939177867304	0.9982174052550892	0.0	0.0	0.0001426075795928	0.0001426075795928	3.565189489821384e-05	0.0	0.0003208670540839	0.9982174052550892	0.0001069556846946	0.9925131020713752	3.565189489821384e-05	0.9858105458305108	0.0003208670540839	0.9985382723091732	0.000178259474491
_scratch_st-cdeboer-1_asfar_VLPs_results_crispresso_aggregated_spacer_CGBE1-NG_rep2_.staging_CRISPRessoPooled_on_CGBE1-NG_D4_rep2_CRISPResso_on_B2M	N	0.0	0.0	0.0	0.0	0.0	0.0	0.0	0.0	0.0	0.0	0.0	0.0	0.0	0.0	0.0	0.0	0.0	0.0	0.0	0.0
_scratch_st-cdeboer-1_asfar_VLPs_results_crispresso_aggregated_spacer_CGBE1-NG_rep2_.staging_CRISPRessoPooled_on_CGBE1-NG_D4_rep2_CRISPResso_on_B2M	-	0.0002495632642874	0.0003208670540839	0.0003565189489821	0.0002852151591857	0.001176512531641	0.0013547720061321	0.0012121644265392	0.0011408606367428	0.0010695568469464	0.0011052087418446	0.0012478163214374	0.0011408606367428	0.0011408606367428	0.0011408606367428	0.0012834682163356	0.0012121644265392	0.0010339049520482	0.0009269492673535	0.0009269492673535	0.0005704303183714
_scratch_st-cdeboer-1_asfar_VLPs_results_crispresso_aggregated_spacer_CGBE1-NG_rep2_.staging_CRISPRessoPooled_on_CGBE1-NG_D5_rep2_CRISPResso_on_B2M	A	0.0002244780884443	4.9884019654303743e-05	0.9991270296560496	0.0	0.0001496520589629	0.0002244780884443	0.0	0.9985533634300252	0.0	0.00017459406879	0.0001496520589629	0.9984785374005436	2.4942009827151872e-05	2.4942009827151872e-05	0.0039158955428628	0.0	0.0089042975082932	0.9984037113710624	0.0	0.0
_scratch_st-cdeboer-1_asfar_VLPs_results_crispresso_aggregated_spacer_CGBE1-NG_rep2_.staging_CRISPRessoPooled_on_CGBE1-NG_D5_rep2_CRISPResso_on_B2M	T	0.00017459406879	0.0003491881375801	2.4942009827151872e-05	0.0003990721572344	2.4942009827151872e-05	7.482602948145561e-05	0.9985533634300252	0.0	0.9984037113710624	2.4942009827151872e-05	2.4942009827151872e-05	2.4942009827151872e-05	4.9884019654303743e-05	0.0002244780884443	0.0022198388746165	0.9982790013219264	0.0016960566682463	7.482602948145561e-05	0.0002743621080986	0.9988776095577782
_scratch_st-cdeboer-1_asfar_VLPs_results_crispresso_aggregated_spacer_CGBE1-NG_rep2_.staging_CRISPRessoPooled_on_CGBE1-NG_D5_rep2_CRISPResso_on_B2M	C	9.976803930860747e-05	9.976803930860747e-05	2.4942009827151872e-05	0.0001247100491357	0.0	0.998528421420198	0.0001247100491357	0.0	4.9884019654303743e-05	0.9986281894595066	0.9983787693612352	2.4942009827151872e-05	4.9884019654303743e-05	0.9982790013219264	0.0012221584815304	0.0001995360786172	0.0078068490758985	7.482602948145561e-05	7.482602948145561e-05	9.976803930860747e-05
_scratch_st-cdeboer-1_asfar_VLPs_results_crispresso_aggregated_spacer_CGBE1-NG_rep2_.staging_CRISPRessoPooled_on_CGBE1-NG_D5_rep2_CRISPResso_on_B2M	G	0.999002319606914	0.9989524355872595	0.00017459406879	0.9987528995086424	0.9986531314693338	0.0	0.00017459406879	0.0002743621080986	0.0003741301474072	2.4942009827151872e-05	0.0	4.9884019654303743e-05	0.9983288853415808	9.976803930860747e-05	0.9910707604818796	9.976803930860747e-05	0.9801711021874142	0.0001995360786172	0.9984037113710624	0.0001496520589629
_scratch_st-cdeboer-1_asfar_VLPs_results_crispresso_aggregated_spacer_CGBE1-NG_rep2_.staging_CRISPRessoPooled_on_CGBE1-NG_D5_rep2_CRISPResso_on_B2M	N	0.0	0.0	0.0	0.0	0.0	0.0	0.0	0.0	0.0	0.0	0.0	0.0	0.0	0.0	0.0	0.0	0.0	0.0	0.0	0.0
_scratch_st-cdeboer-1_asfar_VLPs_results_crispresso_aggregated_spacer_CGBE1-NG_rep2_.staging_CRISPRessoPooled_on_CGBE1-NG_D5_rep2_CRISPResso_on_B2M	-	0.000498840196543	0.0005487242161973	0.0006484922555059	0.0007233182849874	0.0011722744618761	0.0011722744618761	0.0011473324520489	0.0011722744618761	0.0011722744618761	0.0011473324520489	0.0014466365699748	0.0014216945601476	0.0015464046092834	0.0013718105404933	0.0015713466191105	0.0014216945601476	0.0014216945601476	0.0012471004913575	0.0012471004913575	0.0008729703439503
