Folder	Nucleotide	G	G	C	C	C	A	G	A	C	T	G	A	G	C	A	C	G	T	G	A
_scratch_st-cdeboer-1_asfar_VLPs_results_crispresso_aggregated_spacer_CGBE1-NG_rep3_.staging_CRISPRessoPooled_on_CGBE1-NG_D0_rep3_CRISPResso_on_HEK3	A	0.0	2.0684234476482024e-05	2.0684234476482024e-05	2.0684234476482024e-05	4.136846895296405e-05	0.9997311049518056	6.205270342944607e-05	0.9997724734207588	2.0684234476482024e-05	0.0	4.136846895296405e-05	0.999834526124188	0.0001241054068588	6.205270342944607e-05	0.9998758945931412	0.0	0.0	0.0	4.136846895296405e-05	0.9997517891862824
_scratch_st-cdeboer-1_asfar_VLPs_results_crispresso_aggregated_spacer_CGBE1-NG_rep3_.staging_CRISPRessoPooled_on_CGBE1-NG_D0_rep3_CRISPResso_on_HEK3	T	8.27369379059281e-05	8.27369379059281e-05	0.0	4.136846895296405e-05	8.27369379059281e-05	0.0	8.27369379059281e-05	0.0	6.205270342944607e-05	0.9998965788276176	8.27369379059281e-05	2.0684234476482024e-05	2.0684234476482024e-05	0.0001034211723824	0.0	0.0001447896413353	0.0001861581102883	0.999834526124188	4.136846895296405e-05	0.0
_scratch_st-cdeboer-1_asfar_VLPs_results_crispresso_aggregated_spacer_CGBE1-NG_rep3_.staging_CRISPRessoPooled_on_CGBE1-NG_D0_rep3_CRISPResso_on_HEK3	C	2.0684234476482024e-05	0.0001447896413353	0.9999793157655236	0.999917263062094	0.9997724734207588	2.0684234476482024e-05	4.136846895296405e-05	2.0684234476482024e-05	0.999917263062094	8.27369379059281e-05	8.27369379059281e-05	8.27369379059281e-05	2.0684234476482024e-05	0.999834526124188	6.205270342944607e-05	0.9998552103586646	0.0001447896413353	0.0001241054068588	0.0	8.27369379059281e-05
_scratch_st-cdeboer-1_asfar_VLPs_results_crispresso_aggregated_spacer_CGBE1-NG_rep3_.staging_CRISPRessoPooled_on_CGBE1-NG_D0_rep3_CRISPResso_on_HEK3	G	0.9998965788276176	0.9997104207173292	0.0	2.0684234476482024e-05	0.0	0.0002482108137177	0.9998138418897116	0.0002068423447648	0.0	2.0684234476482024e-05	0.9997931576552352	6.205270342944607e-05	0.999834526124188	0.0	6.205270342944607e-05	0.0	0.9996690522483764	4.136846895296405e-05	0.9998965788276176	0.0001447896413353
_scratch_st-cdeboer-1_asfar_VLPs_results_crispresso_aggregated_spacer_CGBE1-NG_rep3_.staging_CRISPRessoPooled_on_CGBE1-NG_D0_rep3_CRISPResso_on_HEK3	N	0.0	0.0	0.0	0.0	0.0	0.0	0.0	0.0	0.0	0.0	0.0	0.0	0.0	0.0	0.0	0.0	0.0	0.0	2.0684234476482024e-05	2.0684234476482024e-05
_scratch_st-cdeboer-1_asfar_VLPs_results_crispresso_aggregated_spacer_CGBE1-NG_rep3_.staging_CRISPRessoPooled_on_CGBE1-NG_D0_rep3_CRISPResso_on_HEK3	-	0.0	4.136846895296405e-05	0.0	0.0	0.0001034211723824	0.0	0.0	0.0	0.0	0.0	0.0	0.0	0.0	0.0	0.0	0.0	0.0	0.0	0.0	0.0
_scratch_st-cdeboer-1_asfar_VLPs_results_crispresso_aggregated_spacer_CGBE1-NG_rep3_.staging_CRISPRessoPooled_on_CGBE1-NG_D1_rep3_CRISPResso_on_HEK3	A	6.45827951433738e-05	6.45827951433738e-05	0.0	6.45827951433738e-05	6.45827951433738e-05	0.9999354172048568	0.0	0.99980625161457	0.0	0.0	0.0	0.9997416688194264	0.0	0.0	1.0	0.0	0.0	0.0	0.0	0.99980625161457
_scratch_st-cdeboer-1_asfar_VLPs_results_crispresso_aggregated_spacer_CGBE1-NG_rep3_.staging_CRISPRessoPooled_on_CGBE1-NG_D1_rep3_CRISPResso_on_HEK3	T	0.0001291655902867	6.45827951433738e-05	6.45827951433738e-05	6.45827951433738e-05	6.45827951433738e-05	0.0	0.0001291655902867	0.0	6.45827951433738e-05	1.0	0.0	0.0	0.0	6.45827951433738e-05	0.0	6.45827951433738e-05	6.45827951433738e-05	0.9998708344097132	0.0	0.0
_scratch_st-cdeboer-1_asfar_VLPs_results_crispresso_aggregated_spacer_CGBE1-NG_rep3_.staging_CRISPRessoPooled_on_CGBE1-NG_D1_rep3_CRISPResso_on_HEK3	C	6.45827951433738e-05	0.0	0.9998708344097132	0.9998708344097132	0.9998708344097132	0.0	0.0	0.0	0.9999354172048568	0.0	0.0	0.0001291655902867	0.0	0.9998708344097132	0.0	0.9999354172048568	6.45827951433738e-05	0.0001291655902867	6.45827951433738e-05	6.45827951433738e-05
_scratch_st-cdeboer-1_asfar_VLPs_results_crispresso_aggregated_spacer_CGBE1-NG_rep3_.staging_CRISPRessoPooled_on_CGBE1-NG_D1_rep3_CRISPResso_on_HEK3	G	0.9997416688194264	0.9998708344097132	6.45827951433738e-05	0.0	0.0	6.45827951433738e-05	0.9998708344097132	0.0001937483854301	0.0	0.0	1.0	0.0001291655902867	1.0	0.0	0.0	0.0	0.9998708344097132	0.0	0.9998708344097132	0.0001291655902867
_scratch_st-cdeboer-1_asfar_VLPs_results_crispresso_aggregated_spacer_CGBE1-NG_rep3_.staging_CRISPRessoPooled_on_CGBE1-NG_D1_rep3_CRISPResso_on_HEK3	N	0.0	0.0	0.0	0.0	0.0	0.0	0.0	0.0	0.0	0.0	0.0	0.0	0.0	0.0	0.0	0.0	0.0	0.0	0.0	0.0
_scratch_st-cdeboer-1_asfar_VLPs_results_crispresso_aggregated_spacer_CGBE1-NG_rep3_.staging_CRISPRessoPooled_on_CGBE1-NG_D1_rep3_CRISPResso_on_HEK3	-	0.0	0.0	0.0	0.0	0.0	0.0	0.0	0.0	0.0	0.0	0.0	0.0	0.0	6.45827951433738e-05	0.0	0.0	0.0	0.0	6.45827951433738e-05	0.0
_scratch_st-cdeboer-1_asfar_VLPs_results_crispresso_aggregated_spacer_CGBE1-NG_rep3_.staging_CRISPRessoPooled_on_CGBE1-NG_D2_rep3_CRISPResso_on_HEK3	A	0.0	1.91971741759613e-05	1.91971741759613e-05	1.91971741759613e-05	8.638728379182584e-05	0.9997696339098884	3.83943483519226e-05	0.9997888310840644	3.83943483519226e-05	9.59858708798065e-06	2.8795761263941947e-05	0.9997792324969764	1.91971741759613e-05	3.83943483519226e-05	0.9998560211936804	1.91971741759613e-05	1.91971741759613e-05	3.83943483519226e-05	4.799293543990325e-05	0.9998464226065924
_scratch_st-cdeboer-1_asfar_VLPs_results_crispresso_aggregated_spacer_CGBE1-NG_rep3_.staging_CRISPRessoPooled_on_CGBE1-NG_D2_rep3_CRISPResso_on_HEK3	T	7.67886967038452e-05	6.719010961586455e-05	5.7591522527883895e-05	0.0001343802192317	0.0002399646771995	0.0	8.638728379182584e-05	9.59858708798065e-06	2.8795761263941947e-05	0.9999136127162082	0.0001055844579677	9.59858708798065e-06	9.59858708798065e-06	4.799293543990325e-05	0.0	6.719010961586455e-05	0.0001055844579677	0.9998464226065924	4.799293543990325e-05	9.59858708798065e-06
_scratch_st-cdeboer-1_asfar_VLPs_results_crispresso_aggregated_spacer_CGBE1-NG_rep3_.staging_CRISPRessoPooled_on_CGBE1-NG_D2_rep3_CRISPResso_on_HEK3	C	5.7591522527883895e-05	0.0001151830450557	0.9999136127162082	0.9998080282582404	0.999539267819777	7.67886967038452e-05	3.83943483519226e-05	3.83943483519226e-05	0.9999040141291202	4.799293543990325e-05	2.8795761263941947e-05	6.719010961586455e-05	4.799293543990325e-05	0.9998560211936804	9.59858708798065e-06	0.9998560211936804	0.0001055844579677	5.7591522527883895e-05	9.59858708798065e-05	1.91971741759613e-05
_scratch_st-cdeboer-1_asfar_VLPs_results_crispresso_aggregated_spacer_CGBE1-NG_rep3_.staging_CRISPRessoPooled_on_CGBE1-NG_D2_rep3_CRISPResso_on_HEK3	G	0.9998656197807684	0.9997216409744486	9.59858708798065e-06	3.83943483519226e-05	8.638728379182584e-05	0.0001535773934076	0.9998368240195044	0.0001631759804956	2.8795761263941947e-05	2.8795761263941947e-05	0.9997888310840644	9.59858708798065e-05	0.9998752183678562	9.59858708798065e-06	8.638728379182584e-05	9.59858708798065e-06	0.9997696339098884	5.7591522527883895e-05	0.9998080282582404	0.0001247816321437
_scratch_st-cdeboer-1_asfar_VLPs_results_crispresso_aggregated_spacer_CGBE1-NG_rep3_.staging_CRISPRessoPooled_on_CGBE1-NG_D2_rep3_CRISPResso_on_HEK3	N	0.0	0.0	0.0	0.0	9.59858708798065e-06	0.0	0.0	0.0	0.0	0.0	0.0	0.0	0.0	0.0	0.0	0.0	0.0	0.0	0.0	0.0
_scratch_st-cdeboer-1_asfar_VLPs_results_crispresso_aggregated_spacer_CGBE1-NG_rep3_.staging_CRISPRessoPooled_on_CGBE1-NG_D2_rep3_CRISPResso_on_HEK3	-	0.0	7.67886967038452e-05	0.0	0.0	3.83943483519226e-05	0.0	0.0	0.0	0.0	0.0	4.799293543990325e-05	4.799293543990325e-05	4.799293543990325e-05	4.799293543990325e-05	4.799293543990325e-05	4.799293543990325e-05	0.0	0.0	0.0	0.0
_scratch_st-cdeboer-1_asfar_VLPs_results_crispresso_aggregated_spacer_CGBE1-NG_rep3_.staging_CRISPRessoPooled_on_CGBE1-NG_D3_rep3_CRISPResso_on_HEK3	A	2.2733989587832767e-05	2.2733989587832767e-05	0.0	0.0001591379271148	6.82019687634983e-05	0.9998181280832972	0.0	0.9998408620728853	4.5467979175665534e-05	0.0	6.82019687634983e-05	0.9998181280832972	4.5467979175665534e-05	2.2733989587832767e-05	0.999863596062473	0.0	4.5467979175665534e-05	0.0	2.2733989587832767e-05	0.9998181280832972
_scratch_st-cdeboer-1_asfar_VLPs_results_crispresso_aggregated_spacer_CGBE1-NG_rep3_.staging_CRISPRessoPooled_on_CGBE1-NG_D3_rep3_CRISPResso_on_HEK3	T	6.82019687634983e-05	4.5467979175665534e-05	2.2733989587832767e-05	0.0001136699479391	0.0002955418646418	0.0	6.82019687634983e-05	4.5467979175665534e-05	4.5467979175665534e-05	0.9997726601041216	0.0001591379271148	0.0	4.5467979175665534e-05	4.5467979175665534e-05	0.0	2.2733989587832767e-05	0.0001136699479391	0.9997499261145338	0.0001364039375269	0.0
_scratch_st-cdeboer-1_asfar_VLPs_results_crispresso_aggregated_spacer_CGBE1-NG_rep3_.staging_CRISPRessoPooled_on_CGBE1-NG_D3_rep3_CRISPResso_on_HEK3	C	2.2733989587832767e-05	0.0001591379271148	0.999977266010412	0.999727192124946	0.9993407143019528	4.5467979175665534e-05	4.5467979175665534e-05	2.2733989587832767e-05	0.9999090640416488	0.0002273398958783	0.0	4.5467979175665534e-05	6.82019687634983e-05	0.9999317980312366	0.0	0.9999545320208244	0.0002273398958783	0.0001591379271148	0.0001364039375269	0.0001136699479391
_scratch_st-cdeboer-1_asfar_VLPs_results_crispresso_aggregated_spacer_CGBE1-NG_rep3_.staging_CRISPRessoPooled_on_CGBE1-NG_D3_rep3_CRISPResso_on_HEK3	G	0.9998863300520608	0.999704458135358	0.0	0.0	0.0002500738854661	0.0001364039375269	0.9998863300520608	9.093595835133108e-05	0.0	0.0	0.9997726601041216	0.0001364039375269	0.9998408620728853	0.0	0.0001364039375269	2.2733989587832767e-05	0.9996135221770068	9.093595835133108e-05	0.999704458135358	6.82019687634983e-05
_scratch_st-cdeboer-1_asfar_VLPs_results_crispresso_aggregated_spacer_CGBE1-NG_rep3_.staging_CRISPRessoPooled_on_CGBE1-NG_D3_rep3_CRISPResso_on_HEK3	N	0.0	0.0	0.0	0.0	0.0	0.0	0.0	0.0	0.0	0.0	0.0	0.0	0.0	0.0	0.0	0.0	0.0	0.0	0.0	0.0
_scratch_st-cdeboer-1_asfar_VLPs_results_crispresso_aggregated_spacer_CGBE1-NG_rep3_.staging_CRISPRessoPooled_on_CGBE1-NG_D3_rep3_CRISPResso_on_HEK3	-	0.0	6.82019687634983e-05	0.0	0.0	4.5467979175665534e-05	0.0	0.0	0.0	0.0	0.0	0.0	0.0	0.0	0.0	0.0	0.0	0.0	0.0	0.0	0.0
_scratch_st-cdeboer-1_asfar_VLPs_results_crispresso_aggregated_spacer_CGBE1-NG_rep3_.staging_CRISPRessoPooled_on_CGBE1-NG_D4_rep3_CRISPResso_on_HEK3	A	4.502253377815597e-06	6.303154728941835e-05	4.052028040034037e-05	9.454732093412751e-05	0.0001260630945788	0.999828914371643	4.952478715597157e-05	0.9998649323986656	9.004506755631194e-05	4.502253377815597e-06	5.852929391160276e-05	0.9997613805709756	3.1515773644709174e-05	4.952478715597157e-05	0.999927963945955	1.8009013511262387e-05	3.6018027022524775e-05	9.004506755631194e-06	1.8009013511262387e-05	0.9997928963446204
_scratch_st-cdeboer-1_asfar_VLPs_results_crispresso_aggregated_spacer_CGBE1-NG_rep3_.staging_CRISPRessoPooled_on_CGBE1-NG_D4_rep3_CRISPResso_on_HEK3	T	0.0001350676013344	6.753380066723395e-05	5.402704053378716e-05	0.0002611306959133	0.0004772388580484	4.502253377815597e-06	7.653830742286515e-05	0.0	0.0001035518276897	0.999806403104754	0.0001125563344453	0.0	2.2511266889077985e-05	5.852929391160276e-05	0.0	5.852929391160276e-05	8.554281417849634e-05	0.9998424211317763	9.454732093412751e-05	9.004506755631194e-06
_scratch_st-cdeboer-1_asfar_VLPs_results_crispresso_aggregated_spacer_CGBE1-NG_rep3_.staging_CRISPRessoPooled_on_CGBE1-NG_D4_rep3_CRISPResso_on_HEK3	C	4.952478715597157e-05	0.0001620811216013	0.9998964481723104	0.9995182588885736	0.998658328493411	2.701352026689358e-05	6.753380066723395e-05	4.502253377815597e-06	0.9996668332500416	0.0001080540810675	1.8009013511262387e-05	0.0001125563344453	4.502253377815597e-05	0.9998199098648872	1.350676013344679e-05	0.999900950425688	0.0001170585878232	9.004506755631194e-05	0.0001035518276897	6.303154728941835e-05
_scratch_st-cdeboer-1_asfar_VLPs_results_crispresso_aggregated_spacer_CGBE1-NG_rep3_.staging_CRISPRessoPooled_on_CGBE1-NG_D4_rep3_CRISPResso_on_HEK3	G	0.999806403104754	0.9996713355034196	0.0	7.203605404504955e-05	0.0006348177262719	8.554281417849634e-05	0.9997478738108424	7.203605404504955e-05	8.104056080068074e-05	2.2511266889077985e-05	0.9997478738108424	7.653830742286515e-05	0.999851425638532	1.8009013511262387e-05	5.402704053378716e-05	1.8009013511262387e-05	0.999756878317598	4.952478715597157e-05	0.9997793895844872	0.0001305653479566
_scratch_st-cdeboer-1_asfar_VLPs_results_crispresso_aggregated_spacer_CGBE1-NG_rep3_.staging_CRISPRessoPooled_on_CGBE1-NG_D4_rep3_CRISPResso_on_HEK3	N	0.0	0.0	0.0	0.0	0.0	0.0	0.0	0.0	0.0	0.0	0.0	0.0	0.0	4.502253377815597e-06	0.0	0.0	0.0	4.502253377815597e-06	0.0	0.0
_scratch_st-cdeboer-1_asfar_VLPs_results_crispresso_aggregated_spacer_CGBE1-NG_rep3_.staging_CRISPRessoPooled_on_CGBE1-NG_D4_rep3_CRISPResso_on_HEK3	-	4.502253377815597e-06	3.6018027022524775e-05	9.004506755631194e-06	5.402704053378716e-05	0.0001035518276897	5.402704053378716e-05	5.852929391160276e-05	5.852929391160276e-05	5.852929391160276e-05	5.852929391160276e-05	6.303154728941835e-05	4.952478715597157e-05	4.952478715597157e-05	4.952478715597157e-05	4.502253377815597e-06	4.502253377815597e-06	4.502253377815597e-06	4.502253377815597e-06	4.502253377815597e-06	4.502253377815597e-06
_scratch_st-cdeboer-1_asfar_VLPs_results_crispresso_aggregated_spacer_CGBE1-NG_rep3_.staging_CRISPRessoPooled_on_CGBE1-NG_D5_rep3_CRISPResso_on_HEK3	A	3.5485530774826566e-05	0.0001596848884867	1.7742765387413283e-05	0.0001951704192615	5.3228296162239846e-05	0.9998580578769009	0.0	0.9999112861730628	3.5485530774826566e-05	0.0	7.097106154965313e-05	0.9996628874576392	0.0	7.097106154965313e-05	0.9998225723461258	1.7742765387413283e-05	1.7742765387413283e-05	0.0	1.7742765387413283e-05	0.9998403151115132
_scratch_st-cdeboer-1_asfar_VLPs_results_crispresso_aggregated_spacer_CGBE1-NG_rep3_.staging_CRISPRessoPooled_on_CGBE1-NG_D5_rep3_CRISPResso_on_HEK3	T	7.097106154965313e-05	3.5485530774826566e-05	0.0001774276538741	0.0002129131846489	0.0005855112577846	0.0	5.3228296162239846e-05	1.7742765387413283e-05	3.5485530774826566e-05	0.9998403151115132	7.097106154965313e-05	0.0	1.7742765387413283e-05	5.3228296162239846e-05	0.0	3.5485530774826566e-05	8.87138269370664e-05	0.999787086815351	3.5485530774826566e-05	0.0
_scratch_st-cdeboer-1_asfar_VLPs_results_crispresso_aggregated_spacer_CGBE1-NG_rep3_.staging_CRISPRessoPooled_on_CGBE1-NG_D5_rep3_CRISPResso_on_HEK3	C	3.5485530774826566e-05	0.0001064565923244	0.999787086815351	0.9995386880999272	0.9985983215343944	3.5485530774826566e-05	0.0	0.0	0.9999112861730628	0.0001064565923244	1.7742765387413283e-05	0.0001064565923244	7.097106154965313e-05	0.9997516012845762	0.0	0.999875800642288	0.0001064565923244	0.0001064565923244	8.87138269370664e-05	3.5485530774826566e-05
_scratch_st-cdeboer-1_asfar_VLPs_results_crispresso_aggregated_spacer_CGBE1-NG_rep3_.staging_CRISPRessoPooled_on_CGBE1-NG_D5_rep3_CRISPResso_on_HEK3	G	0.9998580578769009	0.9996806302230266	1.7742765387413283e-05	5.3228296162239846e-05	0.0006209967885594	0.0001064565923244	0.9999467717038376	7.097106154965313e-05	1.7742765387413283e-05	5.3228296162239846e-05	0.9998048295807384	0.0001951704192615	0.999875800642288	5.3228296162239846e-05	0.0001419421230993	3.5485530774826566e-05	0.9997516012845762	7.097106154965313e-05	0.9998225723461258	8.87138269370664e-05
_scratch_st-cdeboer-1_asfar_VLPs_results_crispresso_aggregated_spacer_CGBE1-NG_rep3_.staging_CRISPRessoPooled_on_CGBE1-NG_D5_rep3_CRISPResso_on_HEK3	N	0.0	0.0	0.0	0.0	0.0	0.0	0.0	0.0	0.0	0.0	0.0	0.0	0.0	0.0	0.0	0.0	0.0	0.0	0.0	0.0
_scratch_st-cdeboer-1_asfar_VLPs_results_crispresso_aggregated_spacer_CGBE1-NG_rep3_.staging_CRISPRessoPooled_on_CGBE1-NG_D5_rep3_CRISPResso_on_HEK3	-	0.0	1.7742765387413283e-05	0.0	0.0	0.0001419421230993	0.0	0.0	0.0	0.0	0.0	3.5485530774826566e-05	3.5485530774826566e-05	3.5485530774826566e-05	7.097106154965313e-05	3.5485530774826566e-05	3.5485530774826566e-05	3.5485530774826566e-05	3.5485530774826566e-05	3.5485530774826566e-05	3.5485530774826566e-05
