Folder	Nucleotide	G	G	A	G	G	C	T	A	T	C	C	A	G	C	G	T	G	A	G	T
_scratch_st-cdeboer-1_asfar_VLPs_results_crispresso_aggregated_spacer_CGBE1_rep3_.staging_CRISPRessoPooled_on_CGBE1_D0_rep3_CRISPResso_on_B2M	A	0.0002294254531152	0.0	0.9997705745468848	6.555012946150569e-05	6.555012946150569e-05	3.2775064730752846e-05	0.0	0.9999672249352692	3.2775064730752846e-05	6.555012946150569e-05	0.0001638753236537	0.999868899741077	3.2775064730752846e-05	6.555012946150569e-05	6.555012946150569e-05	0.0	0.0	0.9998361246763462	0.0	6.555012946150569e-05
_scratch_st-cdeboer-1_asfar_VLPs_results_crispresso_aggregated_spacer_CGBE1_rep3_.staging_CRISPRessoPooled_on_CGBE1_D0_rep3_CRISPResso_on_B2M	T	0.000262200517846	0.0003277506473075	0.0	0.0001966503883845	3.2775064730752846e-05	0.000131100258923	0.9997705745468848	0.0	0.9995411490937696	0.0001638753236537	6.555012946150569e-05	0.0	0.000131100258923	0.0002294254531152	3.2775064730752846e-05	0.9997705745468848	3.2775064730752846e-05	0.0	0.0001638753236537	0.9996394742879616
_scratch_st-cdeboer-1_asfar_VLPs_results_crispresso_aggregated_spacer_CGBE1_rep3_.staging_CRISPRessoPooled_on_CGBE1_D0_rep3_CRISPResso_on_B2M	C	6.555012946150569e-05	3.2775064730752846e-05	0.0	3.2775064730752846e-05	3.2775064730752846e-05	0.9998033496116154	6.555012946150569e-05	0.0	9.832519419225852e-05	0.9997705745468848	0.999737799482154	0.0	3.2775064730752846e-05	0.9996722493526924	3.2775064730752846e-05	9.832519419225852e-05	9.832519419225852e-05	0.0	3.2775064730752846e-05	0.0001638753236537
_scratch_st-cdeboer-1_asfar_VLPs_results_crispresso_aggregated_spacer_CGBE1_rep3_.staging_CRISPRessoPooled_on_CGBE1_D0_rep3_CRISPResso_on_B2M	G	0.9994428238995772	0.999606699223231	0.0002294254531152	0.9997050244174231	0.999868899741077	3.2775064730752846e-05	0.0001638753236537	3.2775064730752846e-05	0.0003277506473075	0.0	3.2775064730752846e-05	0.000131100258923	0.9998033496116154	3.2775064730752846e-05	0.999868899741077	0.000131100258923	0.9998361246763462	0.0001638753236537	0.9998033496116154	0.000131100258923
_scratch_st-cdeboer-1_asfar_VLPs_results_crispresso_aggregated_spacer_CGBE1_rep3_.staging_CRISPRessoPooled_on_CGBE1_D0_rep3_CRISPResso_on_B2M	N	0.0	0.0	0.0	0.0	0.0	0.0	0.0	0.0	0.0	0.0	0.0	0.0	0.0	0.0	0.0	0.0	3.2775064730752846e-05	0.0	0.0	0.0
_scratch_st-cdeboer-1_asfar_VLPs_results_crispresso_aggregated_spacer_CGBE1_rep3_.staging_CRISPRessoPooled_on_CGBE1_D0_rep3_CRISPResso_on_B2M	-	0.0	3.2775064730752846e-05	0.0	0.0	0.0	0.0	0.0	0.0	0.0	0.0	0.0	0.0	0.0	0.0	0.0	0.0	0.0	0.0	0.0	0.0
_scratch_st-cdeboer-1_asfar_VLPs_results_crispresso_aggregated_spacer_CGBE1_rep3_.staging_CRISPRessoPooled_on_CGBE1_D1_rep3_CRISPResso_on_B2M	A	0.0001428863033272	4.0824658093488464e-05	0.9991630945090836	0.0	0.0002449479485609	8.164931618697693e-05	0.0	0.9986119616248214	0.0	6.12369871402327e-05	4.0824658093488464e-05	0.998734435599102	0.0001020616452337	0.0	0.004225352112676	0.0	0.0082669932639314	0.9985303123086344	0.0	0.0
_scratch_st-cdeboer-1_asfar_VLPs_results_crispresso_aggregated_spacer_CGBE1_rep3_.staging_CRISPRessoPooled_on_CGBE1_D1_rep3_CRISPResso_on_B2M	T	0.0001428863033272	0.0002449479485609	4.0824658093488464e-05	0.0004694835680751	6.12369871402327e-05	2.0412329046744232e-05	0.9988364972443357	4.0824658093488464e-05	0.9984894876505408	2.0412329046744232e-05	4.0824658093488464e-05	2.0412329046744232e-05	0.0001224739742804	8.164931618697693e-05	0.001592161665646	0.9988364972443357	0.0013880383751786	0.0	0.0004082465809348	0.9992243314962236
_scratch_st-cdeboer-1_asfar_VLPs_results_crispresso_aggregated_spacer_CGBE1_rep3_.staging_CRISPRessoPooled_on_CGBE1_D1_rep3_CRISPResso_on_B2M	C	4.0824658093488464e-05	8.164931618697693e-05	2.0412329046744232e-05	4.0824658093488464e-05	2.0412329046744232e-05	0.998958971218616	8.164931618697693e-05	8.164931618697693e-05	0.0001020616452337	0.998734435599102	0.9986731986119616	0.0001020616452337	0.0002041232904674	0.9988977342314758	0.0018983466013472	2.0412329046744232e-05	0.009573382322923	2.0412329046744232e-05	0.0001632986323739	0.0002245356195141
_scratch_st-cdeboer-1_asfar_VLPs_results_crispresso_aggregated_spacer_CGBE1_rep3_.staging_CRISPRessoPooled_on_CGBE1_D1_rep3_CRISPResso_on_B2M	G	0.999285568483364	0.999203919167177	0.0003470095937946	0.9991018575219432	0.998734435599102	0.0	6.12369871402327e-05	0.0001632986323739	0.0002245356195141	0.0	4.0824658093488464e-05	0.0001428863033272	0.998571136966728	2.0412329046744232e-05	0.9912431108389468	8.164931618697693e-05	0.979648907940396	0.0003265972647479	0.9983874260053072	0.0001632986323739
_scratch_st-cdeboer-1_asfar_VLPs_results_crispresso_aggregated_spacer_CGBE1_rep3_.staging_CRISPRessoPooled_on_CGBE1_D1_rep3_CRISPResso_on_B2M	N	0.0	0.0	0.0	0.0	0.0	0.0	0.0	0.0	0.0	0.0	0.0	0.0	0.0	0.0	0.0	0.0	0.0	0.0	0.0	0.0
_scratch_st-cdeboer-1_asfar_VLPs_results_crispresso_aggregated_spacer_CGBE1_rep3_.staging_CRISPRessoPooled_on_CGBE1_D1_rep3_CRISPResso_on_B2M	-	0.0003878342518881	0.0004286589099816	0.0004286589099816	0.0003878342518881	0.0009389671361502	0.0009389671361502	0.0010206164523372	0.0011022657685241	0.0011839150847111	0.0011839150847111	0.0012043274137579	0.0010002041232904	0.0010002041232904	0.0010002041232904	0.0010410287813839	0.0010614411104307	0.0011226780975709	0.0011226780975709	0.0010410287813839	0.0003878342518881
_scratch_st-cdeboer-1_asfar_VLPs_results_crispresso_aggregated_spacer_CGBE1_rep3_.staging_CRISPRessoPooled_on_CGBE1_D2_rep3_CRISPResso_on_B2M	A	0.0001884986805092	4.349969550213149e-05	0.9992605051764638	0.0001449989850071	0.0001304990865063	0.0001449989850071	0.0	0.9982310123829132	4.349969550213149e-05	1.4499898500710495e-05	0.0001014992895049	0.9978105153263928	8.699939100426297e-05	8.699939100426297e-05	0.0065974538178232	5.799959400284198e-05	0.0122234144360989	0.9982165124844126	1.4499898500710495e-05	0.0
_scratch_st-cdeboer-1_asfar_VLPs_results_crispresso_aggregated_spacer_CGBE1_rep3_.staging_CRISPRessoPooled_on_CGBE1_D2_rep3_CRISPResso_on_B2M	T	0.0002754980715134	0.0005799959400284	0.0001449989850071	0.0004059971580198	5.799959400284198e-05	7.249949250355248e-05	0.998448510860424	0.0	0.9976510164428848	7.249949250355248e-05	0.0001739987820085	1.4499898500710495e-05	5.799959400284198e-05	0.0002319983760113	0.0022619841661108	0.9979700142099004	0.0029144795986428	0.0001739987820085	0.0001159991880056	0.9990140069019516
_scratch_st-cdeboer-1_asfar_VLPs_results_crispresso_aggregated_spacer_CGBE1_rep3_.staging_CRISPRessoPooled_on_CGBE1_D2_rep3_CRISPResso_on_B2M	C	0.0001159991880056	0.0001304990865063	2.899979700142099e-05	5.799959400284198e-05	7.249949250355248e-05	0.998405011164922	0.0001594988835078	8.699939100426297e-05	0.0001594988835078	0.998245512281414	0.9978685149203956	0.0001449989850071	0.0001014992895049	0.9976510164428848	0.0017109880230838	0.0001014992895049	0.0175593770843604	8.699939100426297e-05	0.0003189977670156	8.699939100426297e-05
_scratch_st-cdeboer-1_asfar_VLPs_results_crispresso_aggregated_spacer_CGBE1_rep3_.staging_CRISPRessoPooled_on_CGBE1_D2_rep3_CRISPResso_on_B2M	G	0.9991300060899574	0.998941507409448	0.0002609981730127	0.9988835078154452	0.998492010555926	1.4499898500710495e-05	5.799959400284198e-05	0.0002174984775106	0.0003334976655163	2.899979700142099e-05	0.0	0.0001014992895049	0.9977090160368878	2.899979700142099e-05	0.9876170866803932	0.0001739987820085	0.965838239132326	0.0003914972595191	0.9985065104544268	0.0002029985790099
_scratch_st-cdeboer-1_asfar_VLPs_results_crispresso_aggregated_spacer_CGBE1_rep3_.staging_CRISPRessoPooled_on_CGBE1_D2_rep3_CRISPResso_on_B2M	N	0.0	0.0	0.0	0.0	0.0	0.0	0.0	0.0	0.0	0.0	0.0	0.0	0.0	0.0	0.0	0.0	0.0	0.0	0.0	0.0
_scratch_st-cdeboer-1_asfar_VLPs_results_crispresso_aggregated_spacer_CGBE1_rep3_.staging_CRISPRessoPooled_on_CGBE1_D2_rep3_CRISPResso_on_B2M	-	0.0002899979700142	0.0003044978685149	0.0003044978685149	0.0005074964475248	0.0012469912710611	0.0013629904590667	0.0013339906620653	0.0014644897485717	0.0018124873125888	0.0016384885305802	0.0018559870080909	0.0019284865005944	0.0020444856886001	0.002000985993098	0.0018124873125888	0.0016964881245831	0.0014644897485717	0.0011309920830554	0.0010439926920511	0.0006959951280341
_scratch_st-cdeboer-1_asfar_VLPs_results_crispresso_aggregated_spacer_CGBE1_rep3_.staging_CRISPRessoPooled_on_CGBE1_D3_rep3_CRISPResso_on_B2M	A	0.000176701859787	8.835092989353712e-05	0.999307917715834	2.9450309964512375e-05	0.0002061521697515	0.0002208773247338	7.362577491128094e-05	0.9982624317120936	1.4725154982256187e-05	5.890061992902476e-05	4.417546494676856e-05	0.9975408991179632	5.890061992902476e-05	7.362577491128094e-05	0.0085405898897085	0.0002061521697515	0.0166394251299494	0.9985127593467922	2.9450309964512375e-05	0.0
_scratch_st-cdeboer-1_asfar_VLPs_results_crispresso_aggregated_spacer_CGBE1_rep3_.staging_CRISPRessoPooled_on_CGBE1_D3_rep3_CRISPResso_on_B2M	T	0.000117801239858	0.0003681288745564	1.4725154982256187e-05	0.0004564798044499	7.362577491128094e-05	7.362577491128094e-05	0.9983655077969696	7.362577491128094e-05	0.9975703494279278	0.0001030760848757	2.9450309964512375e-05	0.0	0.0001619767048048	0.000117801239858	0.0042702949448542	0.9978501273725906	0.0033720604909366	0.0001619767048048	0.0001030760848757	0.9989986894612066
_scratch_st-cdeboer-1_asfar_VLPs_results_crispresso_aggregated_spacer_CGBE1_rep3_.staging_CRISPRessoPooled_on_CGBE1_D3_rep3_CRISPResso_on_B2M	C	5.890061992902476e-05	7.362577491128094e-05	2.9450309964512375e-05	7.362577491128094e-05	5.890061992902476e-05	0.9983655077969696	0.0002650527896806	4.417546494676856e-05	8.835092989353712e-05	0.9977176009777504	0.9976292500478569	0.0001472515498225	2.9450309964512375e-05	0.9978354022176084	0.0018700946827465	0.0001030760848757	0.0248855119200129	0.0	0.0001619767048048	0.0001619767048048
_scratch_st-cdeboer-1_asfar_VLPs_results_crispresso_aggregated_spacer_CGBE1_rep3_.staging_CRISPRessoPooled_on_CGBE1_D3_rep3_CRISPResso_on_B2M	G	0.9992195667859404	0.9990281397711712	0.0002208773247338	0.9989545139962598	0.9985569348117388	8.835092989353712e-05	0.0001325263948403	0.0002650527896806	0.0002945030996451	4.417546494676856e-05	4.417546494676856e-05	0.0002503276346983	0.9977912267526616	8.835092989353712e-05	0.9835225515748554	0.0001472515498225	0.9535274108759996	0.0002061521697515	0.9988072624464372	0.000117801239858
_scratch_st-cdeboer-1_asfar_VLPs_results_crispresso_aggregated_spacer_CGBE1_rep3_.staging_CRISPRessoPooled_on_CGBE1_D3_rep3_CRISPResso_on_B2M	N	0.0	0.0	0.0	0.0	0.0	0.0	0.0	0.0	0.0	0.0	0.0	0.0	0.0	0.0	0.0	0.0	0.0	0.0	0.0	0.0
_scratch_st-cdeboer-1_asfar_VLPs_results_crispresso_aggregated_spacer_CGBE1_rep3_.staging_CRISPRessoPooled_on_CGBE1_D3_rep3_CRISPResso_on_B2M	-	0.0004270294944854	0.0004417546494676	0.0004270294944854	0.0004859301144144	0.0011043866236692	0.0012516381734917	0.0011632872435982	0.0013547142583675	0.0020320713875513	0.0020762468524981	0.0022529487122851	0.0020615216975158	0.00195844561264	0.0018848198377287	0.0017964689078352	0.0016933928229594	0.0015755915831014	0.0011191117786514	0.0008982344539176	0.0007215325941305
_scratch_st-cdeboer-1_asfar_VLPs_results_crispresso_aggregated_spacer_CGBE1_rep3_.staging_CRISPRessoPooled_on_CGBE1_D4_rep3_CRISPResso_on_B2M	A	0.0001935171746492	0.0001143510577472	0.9940625412323526	0.0003078682323965	0.0003078682323965	0.0015745261028279	0.0	0.9785020011435106	9.675858732462506e-05	0.000642125170427	2.638870563398865e-05	0.9763645159871576	0.0012226766943748	0.0002550908211285	0.0802392575977481	0.000562959053525	0.1826362316928354	0.985424638254827	0.0003694418788758	4.398117605664776e-05
_scratch_st-cdeboer-1_asfar_VLPs_results_crispresso_aggregated_spacer_CGBE1_rep3_.staging_CRISPRessoPooled_on_CGBE1_D4_rep3_CRISPResso_on_B2M	T	0.0001495359985926	0.0003518494084531	0.0001847209394379	0.0006245327000043	0.0004398117605664	0.0002726832915512	0.9819941065224084	7.916611690196595e-05	0.9750538769406694	0.0001143510577472	0.0008444385802876	0.0003518494084531	0.0005541628183137	0.0002814795267625	0.0446936711087654	0.9808417997097244	0.0369617803580067	0.0004837929366231	0.0007652724633856	0.9926551435985398
_scratch_st-cdeboer-1_asfar_VLPs_results_crispresso_aggregated_spacer_CGBE1_rep3_.staging_CRISPRessoPooled_on_CGBE1_D4_rep3_CRISPResso_on_B2M	C	0.0002902757619738	8.796235211329551e-05	6.157364647930686e-05	4.398117605664776e-05	0.0002023134098605	0.9843427013238334	0.0002902757619738	0.0003870343492985	0.0004574042309891	0.9762765536350442	0.9750274882350354	0.0004046268197211	0.0020055416281831	0.9780270044420988	0.0235299291903065	0.0001407397633812	0.2639134450455205	0.0001847209394379	0.0005277741126797	0.0001495359985926
_scratch_st-cdeboer-1_asfar_VLPs_results_crispresso_aggregated_spacer_CGBE1_rep3_.staging_CRISPRessoPooled_on_CGBE1_D4_rep3_CRISPResso_on_B2M	G	0.9955051238070106	0.9948805911070062	0.0002462945859172	0.9925847737168492	0.9864450015393412	0.0001055548225359	0.0004925891718344	0.0019879491577604	0.002216651273255	0.0001583322338039	0.0001495359985926	0.0003254607028191	0.9745085103575668	0.0001495359985926	0.8324493116945947	0.0002199058802832	0.4990368122443594	0.0004749967014117	0.9864450015393412	0.0005981439943704
_scratch_st-cdeboer-1_asfar_VLPs_results_crispresso_aggregated_spacer_CGBE1_rep3_.staging_CRISPRessoPooled_on_CGBE1_D4_rep3_CRISPResso_on_B2M	N	0.0	0.0	0.0	0.0	0.0	0.0	0.0	0.0	0.0	0.0	0.0	0.0	0.0	0.0	0.0	0.0	0.0	0.0	0.0	0.0
_scratch_st-cdeboer-1_asfar_VLPs_results_crispresso_aggregated_spacer_CGBE1_rep3_.staging_CRISPRessoPooled_on_CGBE1_D4_rep3_CRISPResso_on_B2M	-	0.0038615472577736	0.00456524607468	0.0054448695958129	0.0064388441746932	0.0126050050578352	0.0137045344592514	0.0172230285437832	0.0190438492325284	0.0221753089677618	0.0228086379029775	0.0239521484804503	0.0225535470818489	0.0217091085015613	0.0212868892114175	0.0190878304085851	0.0182345955930861	0.0174517306592778	0.0134318511677002	0.0118925100057175	0.0065531952324405
_scratch_st-cdeboer-1_asfar_VLPs_results_crispresso_aggregated_spacer_CGBE1_rep3_.staging_CRISPRessoPooled_on_CGBE1_D5_rep3_CRISPResso_on_B2M	A	0.0	0.0004098360655737	0.992896174863388	0.0001366120218579	0.0005464480874316	0.001775956284153	0.0	0.9775956284153006	0.0005464480874316	0.0010928961748633	0.0	0.9775956284153006	0.0004098360655737	0.0002732240437158	0.0797814207650273	0.0005464480874316	0.1849726775956284	0.9851092896174864	0.0	0.0
_scratch_st-cdeboer-1_asfar_VLPs_results_crispresso_aggregated_spacer_CGBE1_rep3_.staging_CRISPRessoPooled_on_CGBE1_D5_rep3_CRISPResso_on_B2M	T	0.0002732240437158	0.0006830601092896	0.0005464480874316	0.0005464480874316	0.0002732240437158	0.0	0.98224043715847	0.0	0.975273224043716	0.0005464480874316	0.0008196721311475	0.0005464480874316	0.0002732240437158	0.0002732240437158	0.049863387978142	0.980191256830601	0.0382513661202185	0.0002732240437158	0.0013661202185792	0.9903005464480874
_scratch_st-cdeboer-1_asfar_VLPs_results_crispresso_aggregated_spacer_CGBE1_rep3_.staging_CRISPRessoPooled_on_CGBE1_D5_rep3_CRISPResso_on_B2M	C	0.0	0.0001366120218579	0.0001366120218579	0.0	0.0001366120218579	0.9833333333333332	0.0001366120218579	0.0001366120218579	0.0	0.9769125683060108	0.975136612021858	0.0005464480874316	0.0009562841530054	0.978825136612022	0.0269125683060109	0.0001366120218579	0.2683060109289617	0.0	0.0006830601092896	0.0010928961748633
_scratch_st-cdeboer-1_asfar_VLPs_results_crispresso_aggregated_spacer_CGBE1_rep3_.staging_CRISPRessoPooled_on_CGBE1_D5_rep3_CRISPResso_on_B2M	G	0.9948087431693988	0.9937158469945356	0.0001366120218579	0.9916666666666668	0.9848360655737703	0.0	0.0	0.003415300546448	0.0024590163934426	0.0	0.0	0.0001366120218579	0.9780054644808744	0.0006830601092896	0.8243169398907104	0.0	0.4905737704918033	0.0	0.9836065573770492	0.0001366120218579
_scratch_st-cdeboer-1_asfar_VLPs_results_crispresso_aggregated_spacer_CGBE1_rep3_.staging_CRISPRessoPooled_on_CGBE1_D5_rep3_CRISPResso_on_B2M	N	0.0	0.0	0.0	0.0	0.0	0.0	0.0	0.0	0.0	0.0	0.0	0.0	0.0	0.0001366120218579	0.0	0.0	0.0	0.0	0.0	0.0
_scratch_st-cdeboer-1_asfar_VLPs_results_crispresso_aggregated_spacer_CGBE1_rep3_.staging_CRISPRessoPooled_on_CGBE1_D5_rep3_CRISPResso_on_B2M	-	0.0049180327868852	0.0050546448087431	0.0062841530054644	0.0076502732240437	0.014207650273224	0.0148907103825136	0.0176229508196721	0.0188524590163934	0.0217213114754098	0.0214480874316939	0.0240437158469945	0.0211748633879781	0.0203551912568306	0.0198087431693989	0.0191256830601092	0.0191256830601092	0.0178961748633879	0.0146174863387978	0.0143442622950819	0.0084699453551912
