Folder	Nucleotide	G	G	C	C	C	A	G	A	C	T	G	A	G	C	A	C	G	T	G	A
_scratch_st-cdeboer-1_asfar_VLPs_results_crispresso_aggregated_spacer_CGBE1_rep1_.staging_CRISPRessoPooled_on_CGBE1_D0_rep1_CRISPResso_on_HEK3	A	0.0	0.0	5.4343395918810965e-05	2.717169795940548e-05	8.151509387821645e-05	0.9997826264163248	5.4343395918810965e-05	0.999864141510203	0.0	0.0	5.4343395918810965e-05	0.9996467679265276	5.4343395918810965e-05	8.151509387821645e-05	0.9998097981142842	8.151509387821645e-05	0.0	0.0	2.717169795940548e-05	0.9998369698122436
_scratch_st-cdeboer-1_asfar_VLPs_results_crispresso_aggregated_spacer_CGBE1_rep1_.staging_CRISPRessoPooled_on_CGBE1_D0_rep1_CRISPResso_on_HEK3	T	0.0002173735836752	2.717169795940548e-05	5.4343395918810965e-05	2.717169795940548e-05	0.0001086867918376	0.0	2.717169795940548e-05	0.0	2.717169795940548e-05	0.9998369698122436	8.151509387821645e-05	0.0	2.717169795940548e-05	5.4343395918810965e-05	2.717169795940548e-05	5.4343395918810965e-05	2.717169795940548e-05	0.9998097981142842	5.4343395918810965e-05	0.0
_scratch_st-cdeboer-1_asfar_VLPs_results_crispresso_aggregated_spacer_CGBE1_rep1_.staging_CRISPRessoPooled_on_CGBE1_D0_rep1_CRISPResso_on_HEK3	C	2.717169795940548e-05	0.000135858489797	0.9998913132081624	0.9999456566040812	0.9997554547183654	0.0001086867918376	0.0	0.0	0.9999728283020406	5.4343395918810965e-05	2.717169795940548e-05	0.000135858489797	5.4343395918810965e-05	0.9998369698122436	5.4343395918810965e-05	0.9998369698122436	0.0001086867918376	0.0	5.4343395918810965e-05	2.717169795940548e-05
_scratch_st-cdeboer-1_asfar_VLPs_results_crispresso_aggregated_spacer_CGBE1_rep1_.staging_CRISPRessoPooled_on_CGBE1_D0_rep1_CRISPResso_on_HEK3	G	0.9997554547183654	0.9997826264163248	0.0	0.0	5.4343395918810965e-05	0.0001086867918376	0.9999184849061218	0.000135858489797	0.0	0.0001086867918376	0.9998369698122436	0.0002173735836752	0.999864141510203	2.717169795940548e-05	0.0001086867918376	2.717169795940548e-05	0.999864141510203	0.0001902018857158	0.999864141510203	0.000135858489797
_scratch_st-cdeboer-1_asfar_VLPs_results_crispresso_aggregated_spacer_CGBE1_rep1_.staging_CRISPRessoPooled_on_CGBE1_D0_rep1_CRISPResso_on_HEK3	N	0.0	0.0	0.0	0.0	0.0	0.0	0.0	0.0	0.0	0.0	0.0	0.0	0.0	0.0	0.0	0.0	0.0	0.0	0.0	0.0
_scratch_st-cdeboer-1_asfar_VLPs_results_crispresso_aggregated_spacer_CGBE1_rep1_.staging_CRISPRessoPooled_on_CGBE1_D0_rep1_CRISPResso_on_HEK3	-	0.0	5.4343395918810965e-05	0.0	0.0	0.0	0.0	0.0	0.0	0.0	0.0	0.0	0.0	0.0	0.0	0.0	0.0	0.0	0.0	0.0	0.0
_scratch_st-cdeboer-1_asfar_VLPs_results_crispresso_aggregated_spacer_CGBE1_rep1_.staging_CRISPRessoPooled_on_CGBE1_D1_rep1_CRISPResso_on_HEK3	A	0.0	0.0002672903441363	6.682258603407952e-05	0.000868693618443	0.0004677581022385	0.9997995322418978	0.0	0.9997995322418978	0.0	0.0	0.0	0.9998663548279318	6.682258603407952e-05	0.0	0.9997327096558636	6.682258603407952e-05	0.0	0.0	0.0	0.9997995322418978
_scratch_st-cdeboer-1_asfar_VLPs_results_crispresso_aggregated_spacer_CGBE1_rep1_.staging_CRISPRessoPooled_on_CGBE1_D1_rep1_CRISPResso_on_HEK3	T	0.0005345806882726	0.0	0.0002004677581022	0.0012028065486134	0.0027397260273972	0.0	0.0002004677581022	0.0	6.682258603407952e-05	0.9997327096558636	0.0002672903441363	0.0	0.0	6.682258603407952e-05	0.0	6.682258603407952e-05	0.0	1.0	6.682258603407952e-05	0.0
_scratch_st-cdeboer-1_asfar_VLPs_results_crispresso_aggregated_spacer_CGBE1_rep1_.staging_CRISPRessoPooled_on_CGBE1_D1_rep1_CRISPResso_on_HEK3	C	0.0001336451720681	0.0002004677581022	0.9995990644837957	0.99672569328433	0.9923154026060808	6.682258603407952e-05	0.0001336451720681	0.0	0.9995322418977616	0.0001336451720681	6.682258603407952e-05	6.682258603407952e-05	6.682258603407952e-05	0.9998663548279318	0.0001336451720681	0.9997327096558636	0.0001336451720681	0.0	6.682258603407952e-05	6.682258603407952e-05
_scratch_st-cdeboer-1_asfar_VLPs_results_crispresso_aggregated_spacer_CGBE1_rep1_.staging_CRISPRessoPooled_on_CGBE1_D1_rep1_CRISPResso_on_HEK3	G	0.9991981289675912	0.9993985967256932	0.0	0.0010691613765452	0.0040761777480788	0.0	0.9995322418977616	6.682258603407952e-05	0.0002672903441363	0.0	0.9994654193117274	0.0	0.9997995322418978	0.0	6.682258603407952e-05	6.682258603407952e-05	0.9998663548279318	0.0	0.9998663548279318	0.0001336451720681
_scratch_st-cdeboer-1_asfar_VLPs_results_crispresso_aggregated_spacer_CGBE1_rep1_.staging_CRISPRessoPooled_on_CGBE1_D1_rep1_CRISPResso_on_HEK3	N	0.0	0.0	0.0	0.0	0.0	0.0	0.0	0.0	0.0	0.0	0.0	0.0	0.0	0.0	0.0	0.0	0.0	0.0	0.0	0.0
_scratch_st-cdeboer-1_asfar_VLPs_results_crispresso_aggregated_spacer_CGBE1_rep1_.staging_CRISPRessoPooled_on_CGBE1_D1_rep1_CRISPResso_on_HEK3	-	0.0001336451720681	0.0001336451720681	0.0001336451720681	0.0001336451720681	0.0004009355162044	0.0001336451720681	0.0001336451720681	0.0001336451720681	0.0001336451720681	0.0001336451720681	0.0002004677581022	6.682258603407952e-05	6.682258603407952e-05	6.682258603407952e-05	6.682258603407952e-05	6.682258603407952e-05	0.0	0.0	0.0	0.0
_scratch_st-cdeboer-1_asfar_VLPs_results_crispresso_aggregated_spacer_CGBE1_rep1_.staging_CRISPRessoPooled_on_CGBE1_D2_rep1_CRISPResso_on_HEK3	A	0.0	0.0001059696220416	0.0002472624514305	0.0050865418580007	0.0039561992228894	0.9984811020840691	3.532320734722713e-05	0.9980219003885552	0.0005651713175556	0.0	7.064641469445426e-05	0.9974920522783468	7.064641469445426e-05	3.532320734722713e-05	0.9987283645354998	0.0001059696220416	7.064641469445426e-05	3.532320734722713e-05	3.532320734722713e-05	0.9994348286824444
_scratch_st-cdeboer-1_asfar_VLPs_results_crispresso_aggregated_spacer_CGBE1_rep1_.staging_CRISPRessoPooled_on_CGBE1_D2_rep1_CRISPResso_on_HEK3	T	7.064641469445426e-05	0.0001412928293889	0.0017308371600141	0.0110914871070293	0.0221123277993641	0.0	0.0002119392440833	3.532320734722713e-05	0.0005651713175556	0.997668668315083	0.0001412928293889	0.0	0.0	7.064641469445426e-05	0.0	3.532320734722713e-05	7.064641469445426e-05	0.9992582126457082	7.064641469445426e-05	0.0
_scratch_st-cdeboer-1_asfar_VLPs_results_crispresso_aggregated_spacer_CGBE1_rep1_.staging_CRISPRessoPooled_on_CGBE1_D2_rep1_CRISPResso_on_HEK3	C	0.0001766160367361	0.0002472624514305	0.997174143412222	0.9749205227834687	0.9444012716354644	0.0	7.064641469445426e-05	0.0	0.9940303779583186	7.064641469445426e-05	3.532320734722713e-05	0.0001412928293889	7.064641469445426e-05	0.998269162839986	0.0	0.9988343341575416	0.0001412928293889	0.0001412928293889	7.064641469445426e-05	0.0001059696220416
_scratch_st-cdeboer-1_asfar_VLPs_results_crispresso_aggregated_spacer_CGBE1_rep1_.staging_CRISPRessoPooled_on_CGBE1_D2_rep1_CRISPResso_on_HEK3	G	0.9991522430236666	0.9972447898269164	0.0001766160367361	0.0075238431649593	0.0265630519251148	0.0001059696220416	0.9981631932179442	0.0001412928293889	0.002649240551042	7.064641469445426e-05	0.9974567290709996	7.064641469445426e-05	0.997809961144472	0.0001059696220416	0.0001766160367361	0.0	0.9990462734016248	7.064641469445426e-05	0.9993288590604028	0.0001059696220416
_scratch_st-cdeboer-1_asfar_VLPs_results_crispresso_aggregated_spacer_CGBE1_rep1_.staging_CRISPRessoPooled_on_CGBE1_D2_rep1_CRISPResso_on_HEK3	N	0.0	0.0	0.0	0.0	0.0	0.0	0.0	0.0	0.0	0.0	0.0	0.0	0.0	0.0	0.0	0.0	0.0	0.0	0.0	0.0
_scratch_st-cdeboer-1_asfar_VLPs_results_crispresso_aggregated_spacer_CGBE1_rep1_.staging_CRISPRessoPooled_on_CGBE1_D2_rep1_CRISPResso_on_HEK3	-	0.0006004945249028	0.0022606852702225	0.0006711409395973	0.0013776050865418	0.002967149417167	0.001412928293889	0.0015188979159307	0.0018014835747085	0.002190038855528	0.002190038855528	0.0022960084775697	0.0022960084775697	0.0020487460261391	0.0015188979159307	0.001095019427764	0.0010243730130695	0.0006711409395973	0.0004945249028611	0.0004945249028611	0.0003532320734722
_scratch_st-cdeboer-1_asfar_VLPs_results_crispresso_aggregated_spacer_CGBE1_rep1_.staging_CRISPRessoPooled_on_CGBE1_D3_rep1_CRISPResso_on_HEK3	A	0.0	7.216395650918888e-05	4.810930433945925e-05	0.0013470605215048	0.000529202347734	0.9997353988261328	4.810930433945925e-05	0.999639180217454	0.0001202732608486	0.0	0.0001202732608486	0.9995429616087752	0.0	2.4054652169729625e-05	0.9998075627826422	2.4054652169729625e-05	0.0	7.216395650918888e-05	2.4054652169729625e-05	0.9996632348696238
_scratch_st-cdeboer-1_asfar_VLPs_results_crispresso_aggregated_spacer_CGBE1_rep1_.staging_CRISPRessoPooled_on_CGBE1_D3_rep1_CRISPResso_on_HEK3	T	0.0001443279130183	0.0001202732608486	0.0001443279130183	0.0015876070432021	0.0042095641297026	0.0	7.216395650918888e-05	0.0	9.62186086789185e-05	0.9996632348696238	0.0001443279130183	0.0	4.810930433945925e-05	9.62186086789185e-05	0.0	0.0001202732608486	0.0001443279130183	0.9997835081304725	4.810930433945925e-05	0.0
_scratch_st-cdeboer-1_asfar_VLPs_results_crispresso_aggregated_spacer_CGBE1_rep1_.staging_CRISPRessoPooled_on_CGBE1_D3_rep1_CRISPResso_on_HEK3	C	9.62186086789185e-05	0.0001202732608486	0.9996872895217936	0.9965601847397286	0.9914846531319156	4.810930433945925e-05	7.216395650918888e-05	2.4054652169729625e-05	0.9992061964783988	0.0001202732608486	0.0	9.62186086789185e-05	0.0001202732608486	0.9997594534783028	2.4054652169729625e-05	0.9998075627826422	0.0001683825651881	0.0	9.62186086789185e-05	0.0001202732608486
_scratch_st-cdeboer-1_asfar_VLPs_results_crispresso_aggregated_spacer_CGBE1_rep1_.staging_CRISPRessoPooled_on_CGBE1_D3_rep1_CRISPResso_on_HEK3	G	0.9996632348696238	0.9993024150870778	0.0	0.0003848744347156	0.0034879245646107	7.216395650918888e-05	0.999639180217454	0.0001443279130183	0.0003848744347156	7.216395650918888e-05	0.9995670162609448	0.0001443279130183	0.9996632348696238	0.0	0.0001202732608486	0.0	0.999639180217454	9.62186086789185e-05	0.9997835081304725	0.0001683825651881
_scratch_st-cdeboer-1_asfar_VLPs_results_crispresso_aggregated_spacer_CGBE1_rep1_.staging_CRISPRessoPooled_on_CGBE1_D3_rep1_CRISPResso_on_HEK3	N	0.0	0.0	0.0	0.0	0.0	0.0	0.0	0.0	0.0	0.0	0.0	0.0	0.0	0.0	0.0	0.0	0.0	0.0	0.0	0.0
_scratch_st-cdeboer-1_asfar_VLPs_results_crispresso_aggregated_spacer_CGBE1_rep1_.staging_CRISPRessoPooled_on_CGBE1_D3_rep1_CRISPResso_on_HEK3	-	9.62186086789185e-05	0.0003848744347156	0.0001202732608486	0.0001202732608486	0.0002886558260367	0.0001443279130183	0.0001683825651881	0.0001924372173578	0.0001924372173578	0.0001443279130183	0.0001683825651881	0.0002164918695275	0.0001683825651881	0.0001202732608486	4.810930433945925e-05	4.810930433945925e-05	4.810930433945925e-05	4.810930433945925e-05	4.810930433945925e-05	4.810930433945925e-05
_scratch_st-cdeboer-1_asfar_VLPs_results_crispresso_aggregated_spacer_CGBE1_rep1_.staging_CRISPRessoPooled_on_CGBE1_D4_rep1_CRISPResso_on_HEK3	A	3.438198384046759e-05	0.0	0.0005844937252879	0.0118961664088017	0.0062919030428055	0.995736634003782	0.0002062919030428	0.9949114663916108	0.0029224686264397	0.0	0.0001375279353618	0.9954959601168988	0.0001375279353618	3.438198384046759e-05	0.9975932611311672	3.438198384046759e-05	0.0	0.0	0.0	0.998899776517105
_scratch_st-cdeboer-1_asfar_VLPs_results_crispresso_aggregated_spacer_CGBE1_rep1_.staging_CRISPRessoPooled_on_CGBE1_D4_rep1_CRISPResso_on_HEK3	T	0.0003782018222451	6.876396768093518e-05	0.0020285370465875	0.0318720990201134	0.0471720818291215	0.0	0.0001719099192023	6.876396768093518e-05	0.0005844937252879	0.9960460718583464	3.438198384046759e-05	0.0	6.876396768093518e-05	3.438198384046759e-05	0.0	3.438198384046759e-05	0.0002406738868832	0.9987966305655837	3.438198384046759e-05	0.0
_scratch_st-cdeboer-1_asfar_VLPs_results_crispresso_aggregated_spacer_CGBE1_rep1_.staging_CRISPRessoPooled_on_CGBE1_D4_rep1_CRISPResso_on_HEK3	C	3.438198384046759e-05	0.0005501117414474	0.995220904246175	0.9396596183599794	0.8843733883445075	6.876396768093518e-05	6.876396768093518e-05	3.438198384046759e-05	0.9885851813649648	6.876396768093518e-05	3.438198384046759e-05	0.0001375279353618	0.0	0.997283823276603	6.876396768093518e-05	0.9978339350180504	6.876396768093518e-05	0.0001031459515214	0.0001031459515214	0.0001031459515214
_scratch_st-cdeboer-1_asfar_VLPs_results_crispresso_aggregated_spacer_CGBE1_rep1_.staging_CRISPRessoPooled_on_CGBE1_D4_rep1_CRISPResso_on_HEK3	G	0.9978339350180504	0.9948083204400894	0.0001031459515214	0.0128244799724944	0.0559738696922812	0.0001375279353618	0.9954959601168988	0.0001375279353618	0.0027849406910778	6.876396768093518e-05	0.9953584321815367	0.0002062919030428	0.9965961835997936	3.438198384046759e-05	0.0002062919030428	3.438198384046759e-05	0.9979026989857316	0.0001031459515214	0.9990373044524667	0.0002062919030428
_scratch_st-cdeboer-1_asfar_VLPs_results_crispresso_aggregated_spacer_CGBE1_rep1_.staging_CRISPRessoPooled_on_CGBE1_D4_rep1_CRISPResso_on_HEK3	N	0.0	0.0	0.0	0.0	0.0	0.0	0.0	0.0	0.0	0.0	0.0	0.0	0.0	0.0	0.0	0.0	0.0	0.0	0.0	0.0
_scratch_st-cdeboer-1_asfar_VLPs_results_crispresso_aggregated_spacer_CGBE1_rep1_.staging_CRISPRessoPooled_on_CGBE1_D4_rep1_CRISPResso_on_HEK3	-	0.0017190991920233	0.0045728038507821	0.002062919030428	0.0037476362386109	0.0061887570912841	0.0040570740931751	0.0040570740931751	0.0048478597215059	0.0051229155922296	0.0038164002062919	0.0044352759154203	0.0041602200446965	0.0031975244971634	0.0026130307718755	0.0021316829981089	0.002062919030428	0.0017878631597043	0.0009970775313735	0.0008251676121712	0.0007907856283307
_scratch_st-cdeboer-1_asfar_VLPs_results_crispresso_aggregated_spacer_CGBE1_rep1_.staging_CRISPRessoPooled_on_CGBE1_D5_rep1_CRISPResso_on_HEK3	A	0.0001177856301531	7.852375343541422e-05	0.0005889281507656	0.0124460149195131	0.0060070671378091	0.9963093835885356	0.0	0.9952493129171576	0.0027875932469572	3.926187671770711e-05	3.926187671770711e-05	0.9957597173144876	0.0001177856301531	0.0001177856301531	0.9972516686297606	3.926187671770711e-05	7.852375343541422e-05	0.0	0.0	0.998665096191598
_scratch_st-cdeboer-1_asfar_VLPs_results_crispresso_aggregated_spacer_CGBE1_rep1_.staging_CRISPRessoPooled_on_CGBE1_D5_rep1_CRISPResso_on_HEK3	T	7.852375343541422e-05	7.852375343541422e-05	0.0047506870828425	0.0246957204554377	0.0552807224185316	3.926187671770711e-05	0.0	0.0	0.0011385944248135	0.9952885747938752	0.0	0.0	0.0	7.852375343541422e-05	0.0	3.926187671770711e-05	7.852375343541422e-05	0.9985080486847272	3.926187671770711e-05	3.926187671770711e-05
_scratch_st-cdeboer-1_asfar_VLPs_results_crispresso_aggregated_spacer_CGBE1_rep1_.staging_CRISPRessoPooled_on_CGBE1_D5_rep1_CRISPResso_on_HEK3	C	0.0001177856301531	0.0001177856301531	0.9930899096976836	0.9451118963486456	0.8691794267765999	0.0	0.0	3.926187671770711e-05	0.9872006281900276	0.0001963093835885	3.926187671770711e-05	0.0001570475068708	0.0	0.996780526109148	7.852375343541422e-05	0.9974087161366312	0.0001570475068708	7.852375343541422e-05	7.852375343541422e-05	3.926187671770711e-05
_scratch_st-cdeboer-1_asfar_VLPs_results_crispresso_aggregated_spacer_CGBE1_rep1_.staging_CRISPRessoPooled_on_CGBE1_D5_rep1_CRISPResso_on_HEK3	G	0.9982724774244208	0.9964664310954064	7.852375343541422e-05	0.0153121319199057	0.0638398115429917	0.0001963093835885	0.9962308598351	0.0003533568904593	0.0040832351786415	7.852375343541422e-05	0.99572045543777	0.0002355712603062	0.9965449548488418	0.0	7.852375343541422e-05	7.852375343541422e-05	0.9982332155477032	0.0001570475068708	0.998665096191598	0.0001963093835885
_scratch_st-cdeboer-1_asfar_VLPs_results_crispresso_aggregated_spacer_CGBE1_rep1_.staging_CRISPRessoPooled_on_CGBE1_D5_rep1_CRISPResso_on_HEK3	N	0.0	0.0	0.0	0.0	0.0	0.0	0.0	0.0	0.0	0.0	0.0	0.0	0.0	0.0	0.0	0.0	0.0	0.0	0.0	0.0
_scratch_st-cdeboer-1_asfar_VLPs_results_crispresso_aggregated_spacer_CGBE1_rep1_.staging_CRISPRessoPooled_on_CGBE1_D5_rep1_CRISPResso_on_HEK3	-	0.0014134275618374	0.0032587357675696	0.0014919513152728	0.0024342363564978	0.0056929721240675	0.0034550451511582	0.0037691401648998	0.0043580683156654	0.0047899489595602	0.0043973301923831	0.0042010208087946	0.0038476639183352	0.0033372595210051	0.0030231645072634	0.0025912838633686	0.0024342363564978	0.0014526894385551	0.0012563800549666	0.0012171181782489	0.001060070671378
