Folder	Nucleotide	G	G	A	G	G	C	T	A	T	C	C	A	G	C	G	T	G	A	G	T
_scratch_st-cdeboer-1_asfar_VLPs_results_crispresso_aggregated_spacer_CGBE1-NG_rep3_.staging_CRISPRessoPooled_on_CGBE1-NG_D0_rep3_CRISPResso_on_B2M	A	7.375392739663388e-05	0.0	0.9996607319339756	4.425235643798032e-05	0.0002065109967105	5.90031419173071e-05	0.0	0.9998819937161654	2.950157095865355e-05	4.425235643798032e-05	5.90031419173071e-05	0.9996607319339756	5.90031419173071e-05	4.425235643798032e-05	0.0	0.0	4.425235643798032e-05	0.9997934890032896	0.0	1.4750785479326777e-05
_scratch_st-cdeboer-1_asfar_VLPs_results_crispresso_aggregated_spacer_CGBE1-NG_rep3_.staging_CRISPRessoPooled_on_CGBE1-NG_D0_rep3_CRISPResso_on_B2M	T	0.0001475078547932	0.0005015267062971	0.0	0.0002065109967105	8.850471287596065e-05	0.0001180062838346	0.9998377413597274	0.0	0.9996754827194548	7.375392739663388e-05	0.0001032554983552	0.0	0.0001032554983552	4.425235643798032e-05	4.425235643798032e-05	0.9998524921452068	0.0001475078547932	0.0	0.0001475078547932	0.9996607319339756
_scratch_st-cdeboer-1_asfar_VLPs_results_crispresso_aggregated_spacer_CGBE1-NG_rep3_.staging_CRISPRessoPooled_on_CGBE1-NG_D0_rep3_CRISPResso_on_B2M	C	5.90031419173071e-05	7.375392739663388e-05	1.4750785479326777e-05	7.375392739663388e-05	7.375392739663388e-05	0.999822990574248	7.375392739663388e-05	4.425235643798032e-05	0.0001180062838346	0.999867242930686	0.999822990574248	0.0001475078547932	2.950157095865355e-05	0.9998819937161654	1.4750785479326777e-05	5.90031419173071e-05	0.0001475078547932	2.950157095865355e-05	0.0001032554983552	0.0001622586402725
_scratch_st-cdeboer-1_asfar_VLPs_results_crispresso_aggregated_spacer_CGBE1-NG_rep3_.staging_CRISPRessoPooled_on_CGBE1-NG_D0_rep3_CRISPResso_on_B2M	G	0.9997197350758928	0.9993804670098684	0.0003245172805451	0.9996754827194548	0.9996312303630168	0.0	8.850471287596065e-05	7.375392739663388e-05	0.0001770094257519	1.4750785479326777e-05	1.4750785479326777e-05	0.0001917602112312	0.9998082397887688	2.950157095865355e-05	0.9999409968580828	8.850471287596065e-05	0.9996607319339756	0.0001770094257519	0.9997492366468514	0.0001622586402725
_scratch_st-cdeboer-1_asfar_VLPs_results_crispresso_aggregated_spacer_CGBE1-NG_rep3_.staging_CRISPRessoPooled_on_CGBE1-NG_D0_rep3_CRISPResso_on_B2M	N	0.0	0.0	0.0	0.0	0.0	0.0	0.0	0.0	0.0	0.0	0.0	0.0	0.0	0.0	0.0	0.0	0.0	0.0	0.0	0.0
_scratch_st-cdeboer-1_asfar_VLPs_results_crispresso_aggregated_spacer_CGBE1-NG_rep3_.staging_CRISPRessoPooled_on_CGBE1-NG_D0_rep3_CRISPResso_on_B2M	-	0.0	4.425235643798032e-05	0.0	0.0	0.0	0.0	0.0	0.0	0.0	0.0	0.0	0.0	0.0	0.0	0.0	0.0	0.0	0.0	0.0	0.0
_scratch_st-cdeboer-1_asfar_VLPs_results_crispresso_aggregated_spacer_CGBE1-NG_rep3_.staging_CRISPRessoPooled_on_CGBE1-NG_D1_rep3_CRISPResso_on_B2M	A	0.000218007412252	0.0	0.9997547416612164	0.000109003706126	0.000109003706126	0.000109003706126	2.725092653150207e-05	0.999781992587748	0.0	8.175277959450622e-05	2.725092653150207e-05	0.9994822323959016	0.0	8.175277959450622e-05	0.000218007412252	0.0	0.000163505559189	0.9996457379550904	2.725092653150207e-05	5.450185306300414e-05
_scratch_st-cdeboer-1_asfar_VLPs_results_crispresso_aggregated_spacer_CGBE1-NG_rep3_.staging_CRISPRessoPooled_on_CGBE1-NG_D1_rep3_CRISPResso_on_B2M	T	0.0001362546326575	0.000436014824504	2.725092653150207e-05	0.000272509265315	5.450185306300414e-05	5.450185306300414e-05	0.999781992587748	0.0	0.999400479616307	0.000163505559189	5.450185306300414e-05	0.0	0.000109003706126	0.000109003706126	5.450185306300414e-05	0.9998092435142796	0.000218007412252	0.0	0.0001907564857205	0.999563985175496
_scratch_st-cdeboer-1_asfar_VLPs_results_crispresso_aggregated_spacer_CGBE1-NG_rep3_.staging_CRISPRessoPooled_on_CGBE1-NG_D1_rep3_CRISPResso_on_B2M	C	2.725092653150207e-05	0.0001362546326575	2.725092653150207e-05	0.000109003706126	8.175277959450622e-05	0.999836494440811	8.175277959450622e-05	5.450185306300414e-05	0.0001907564857205	0.9997002398081536	0.999836494440811	0.0001907564857205	0.0	0.999672988881622	5.450185306300414e-05	5.450185306300414e-05	0.000272509265315	0.0	2.725092653150207e-05	0.000218007412252
_scratch_st-cdeboer-1_asfar_VLPs_results_crispresso_aggregated_spacer_CGBE1-NG_rep3_.staging_CRISPRessoPooled_on_CGBE1-NG_D1_rep3_CRISPResso_on_B2M	G	0.9996184870285588	0.9993732286897754	0.000163505559189	0.999509483322433	0.9997547416612164	0.0	0.000109003706126	0.000163505559189	0.0004087638979725	2.725092653150207e-05	2.725092653150207e-05	0.0002997601918465	0.9998637453673423	0.000109003706126	0.999672988881622	0.0001362546326575	0.999345977763244	0.0003542620449095	0.9997547416612164	0.000163505559189
_scratch_st-cdeboer-1_asfar_VLPs_results_crispresso_aggregated_spacer_CGBE1-NG_rep3_.staging_CRISPRessoPooled_on_CGBE1-NG_D1_rep3_CRISPResso_on_B2M	N	0.0	2.725092653150207e-05	0.0	0.0	0.0	0.0	0.0	0.0	0.0	0.0	0.0	0.0	0.0	0.0	0.0	0.0	0.0	0.0	0.0	0.0
_scratch_st-cdeboer-1_asfar_VLPs_results_crispresso_aggregated_spacer_CGBE1-NG_rep3_.staging_CRISPRessoPooled_on_CGBE1-NG_D1_rep3_CRISPResso_on_B2M	-	0.0	2.725092653150207e-05	2.725092653150207e-05	0.0	0.0	0.0	0.0	0.0	0.0	2.725092653150207e-05	5.450185306300414e-05	2.725092653150207e-05	2.725092653150207e-05	2.725092653150207e-05	0.0	0.0	0.0	0.0	0.0	0.0
_scratch_st-cdeboer-1_asfar_VLPs_results_crispresso_aggregated_spacer_CGBE1-NG_rep3_.staging_CRISPRessoPooled_on_CGBE1-NG_D2_rep3_CRISPResso_on_B2M	A	0.0001353953544349	1.5043928270550006e-05	0.9997141653628596	0.0	0.000165483210976	7.521964135275003e-05	0.0	0.9996088578649656	1.5043928270550006e-05	0.0001203514261644	6.017571308220002e-05	0.9994283307257192	0.0	0.0	0.0003760982067637	0.0	0.0006468889156336	0.999699121434589	1.5043928270550006e-05	1.5043928270550006e-05
_scratch_st-cdeboer-1_asfar_VLPs_results_crispresso_aggregated_spacer_CGBE1-NG_rep3_.staging_CRISPRessoPooled_on_CGBE1-NG_D2_rep3_CRISPResso_on_B2M	T	0.0002256589240582	0.0004212299915754	1.5043928270550006e-05	0.0003309664219521	4.513178481165002e-05	4.513178481165002e-05	0.9994885064388012	0.0	0.999232759658202	4.513178481165002e-05	0.0001053074978938	3.008785654110001e-05	6.017571308220002e-05	0.000165483210976	0.0004513178481165	0.9996389457215068	0.0001203514261644	0.0	1.5043928270550006e-05	0.9994885064388012
_scratch_st-cdeboer-1_asfar_VLPs_results_crispresso_aggregated_spacer_CGBE1-NG_rep3_.staging_CRISPRessoPooled_on_CGBE1-NG_D2_rep3_CRISPResso_on_B2M	C	6.017571308220002e-05	9.026356962330004e-05	1.5043928270550006e-05	0.0001053074978938	7.521964135275003e-05	0.999563726080154	0.0001353953544349	3.008785654110001e-05	0.0001805271392466	0.9996239017932362	0.9995185942953424	0.0001053074978938	7.521964135275003e-05	0.9996088578649656	0.000300878565411	6.017571308220002e-05	0.0014743049705139	4.513178481165002e-05	9.026356962330004e-05	0.0002858346371404
_scratch_st-cdeboer-1_asfar_VLPs_results_crispresso_aggregated_spacer_CGBE1-NG_rep3_.staging_CRISPRessoPooled_on_CGBE1-NG_D2_rep3_CRISPResso_on_B2M	G	0.999563726080154	0.9994433746539896	0.0002106149957877	0.9994283307257192	0.999533638223613	3.008785654110001e-05	0.0001805271392466	0.000165483210976	0.0003610542784932	1.5043928270550006e-05	3.008785654110001e-05	0.0001504392827055	0.9995787700084248	3.008785654110001e-05	0.9986009146708388	0.000165483210976	0.9976230593332532	0.0001203514261644	0.9997442532194006	0.0001203514261644
_scratch_st-cdeboer-1_asfar_VLPs_results_crispresso_aggregated_spacer_CGBE1-NG_rep3_.staging_CRISPRessoPooled_on_CGBE1-NG_D2_rep3_CRISPResso_on_B2M	N	0.0	0.0	0.0	0.0	0.0	0.0	0.0	0.0	0.0	0.0	0.0	0.0	0.0	0.0	0.0	0.0	0.0	0.0	0.0	0.0
_scratch_st-cdeboer-1_asfar_VLPs_results_crispresso_aggregated_spacer_CGBE1-NG_rep3_.staging_CRISPRessoPooled_on_CGBE1-NG_D2_rep3_CRISPResso_on_B2M	-	1.5043928270550006e-05	3.008785654110001e-05	4.513178481165002e-05	0.0001353953544349	0.0001805271392466	0.0002858346371404	0.0001955710675171	0.0001955710675171	0.0002106149957877	0.0001955710675171	0.0002858346371404	0.0002858346371404	0.0002858346371404	0.0001955710675171	0.0002707907088699	0.0001353953544349	0.0001353953544349	0.0001353953544349	0.0001353953544349	9.026356962330004e-05
_scratch_st-cdeboer-1_asfar_VLPs_results_crispresso_aggregated_spacer_CGBE1-NG_rep3_.staging_CRISPRessoPooled_on_CGBE1-NG_D3_rep3_CRISPResso_on_B2M	A	3.9144305482159984e-05	0.0	0.999491124028732	5.8716458223239976e-05	0.0002152936801518	3.9144305482159984e-05	0.0	0.9994324075705088	0.0	0.0001174329164464	3.9144305482159984e-05	0.9994715518759908	0.0	0.0001174329164464	0.0014483393028399	0.0	0.0024073747871528	0.9995694126396962	0.0	1.9572152741079992e-05
_scratch_st-cdeboer-1_asfar_VLPs_results_crispresso_aggregated_spacer_CGBE1-NG_rep3_.staging_CRISPRessoPooled_on_CGBE1-NG_D3_rep3_CRISPResso_on_B2M	T	0.000254437985634	0.0002935822911161	1.9572152741079992e-05	0.0002935822911161	9.786076370539996e-05	0.0	0.9994519797232496	1.9572152741079992e-05	0.9993736911122856	7.828861096431997e-05	7.828861096431997e-05	0.0	0.0001174329164464	0.0002152936801518	0.0010177519425361	0.9995889847924372	0.0008024582623842	1.9572152741079992e-05	5.8716458223239976e-05	0.999491124028732
_scratch_st-cdeboer-1_asfar_VLPs_results_crispresso_aggregated_spacer_CGBE1-NG_rep3_.staging_CRISPRessoPooled_on_CGBE1-NG_D3_rep3_CRISPResso_on_B2M	C	7.828861096431997e-05	9.786076370539996e-05	0.0	0.0001370050691875	3.9144305482159984e-05	0.9996085569451784	0.0001957215274107	3.9144305482159984e-05	0.0001370050691875	0.999491124028732	0.999530268334214	0.0001370050691875	1.9572152741079992e-05	0.9994128354177676	0.0002348658328929	3.9144305482159984e-05	0.0028771064529387	1.9572152741079992e-05	0.0	0.0001957215274107
_scratch_st-cdeboer-1_asfar_VLPs_results_crispresso_aggregated_spacer_CGBE1-NG_rep3_.staging_CRISPRessoPooled_on_CGBE1-NG_D3_rep3_CRISPResso_on_B2M	G	0.9994324075705088	0.9993345468068032	0.000254437985634	0.999256258195839	0.9993541189595444	0.0	9.786076370539996e-05	0.000254437985634	0.0002348658328929	5.8716458223239976e-05	1.9572152741079992e-05	0.0001370050691875	0.9996085569451784	3.9144305482159984e-05	0.997083749241579	0.0001565772219286	0.9936977668173722	0.0001761493746697	0.999745562014366	0.0001370050691875
_scratch_st-cdeboer-1_asfar_VLPs_results_crispresso_aggregated_spacer_CGBE1-NG_rep3_.staging_CRISPRessoPooled_on_CGBE1-NG_D3_rep3_CRISPResso_on_B2M	N	0.0	0.0	0.0	0.0	0.0	0.0	0.0	0.0	0.0	0.0	0.0	0.0	0.0	0.0	0.0	0.0	0.0	0.0	0.0	0.0
_scratch_st-cdeboer-1_asfar_VLPs_results_crispresso_aggregated_spacer_CGBE1-NG_rep3_.staging_CRISPRessoPooled_on_CGBE1-NG_D3_rep3_CRISPResso_on_B2M	-	0.0001957215274107	0.0002740101383751	0.0002348658328929	0.000254437985634	0.0002935822911161	0.0003522987493394	0.000254437985634	0.000254437985634	0.000254437985634	0.000254437985634	0.0003327265965983	0.000254437985634	0.000254437985634	0.0002152936801518	0.0002152936801518	0.0002152936801518	0.0002152936801518	0.0002152936801518	0.0001957215274107	0.0001565772219286
_scratch_st-cdeboer-1_asfar_VLPs_results_crispresso_aggregated_spacer_CGBE1-NG_rep3_.staging_CRISPRessoPooled_on_CGBE1-NG_D4_rep3_CRISPResso_on_B2M	A	0.0002465807469752	3.287743293003682e-05	0.9993095739084692	3.287743293003682e-05	0.0003452130457653	9.863229879011048e-05	6.575486586007364e-05	0.9987013413992636	1.643871646501841e-05	3.287743293003682e-05	3.287743293003682e-05	0.999062993161494	3.287743293003682e-05	3.287743293003682e-05	0.0035672014729089	0.0	0.0070686480799579	0.9989150447133088	1.643871646501841e-05	3.287743293003682e-05
_scratch_st-cdeboer-1_asfar_VLPs_results_crispresso_aggregated_spacer_CGBE1-NG_rep3_.staging_CRISPRessoPooled_on_CGBE1-NG_D4_rep3_CRISPResso_on_B2M	T	0.0001315097317201	0.0002137033140452	1.643871646501841e-05	0.0001643871646501	3.287743293003682e-05	6.575486586007364e-05	0.9989314834297738	1.643871646501841e-05	0.9987670962651236	4.931614939505523e-05	8.219358232509205e-05	0.0	4.931614939505523e-05	0.0001972645975802	0.0014630457653866	0.999030115728564	0.0005917937927406	0.0001808258811152	0.0001150710152551	0.9989807995791689
_scratch_st-cdeboer-1_asfar_VLPs_results_crispresso_aggregated_spacer_CGBE1-NG_rep3_.staging_CRISPRessoPooled_on_CGBE1-NG_D4_rep3_CRISPResso_on_B2M	C	9.863229879011048e-05	3.287743293003682e-05	4.931614939505523e-05	6.575486586007364e-05	6.575486586007364e-05	0.9992766964755392	0.0001643871646501	3.287743293003682e-05	0.0	0.9989643608627038	0.999178064176749	6.575486586007364e-05	3.287743293003682e-05	0.999161625460284	0.0010356391372961	8.219358232509205e-05	0.0066083640189374	3.287743293003682e-05	9.863229879011048e-05	0.0002137033140452
_scratch_st-cdeboer-1_asfar_VLPs_results_crispresso_aggregated_spacer_CGBE1-NG_rep3_.staging_CRISPRessoPooled_on_CGBE1-NG_D4_rep3_CRISPResso_on_B2M	G	0.999095870594424	0.9992766964755392	0.0001808258811152	0.9993095739084692	0.9990136770120988	1.643871646501841e-05	3.287743293003682e-05	0.0002958968963703	0.0001808258811152	1.643871646501841e-05	0.0	0.0001808258811152	0.9992931351920042	1.643871646501841e-05	0.9931450552340874	0.0001150710152551	0.9851394003156232	0.0002794581799053	0.999178064176749	0.0001972645975802
_scratch_st-cdeboer-1_asfar_VLPs_results_crispresso_aggregated_spacer_CGBE1-NG_rep3_.staging_CRISPRessoPooled_on_CGBE1-NG_D4_rep3_CRISPResso_on_B2M	N	0.0	0.0	0.0	0.0	0.0	0.0	0.0	1.643871646501841e-05	0.0	0.0	0.0	0.0	0.0	0.0	0.0	0.0	0.0	0.0	0.0	0.0
_scratch_st-cdeboer-1_asfar_VLPs_results_crispresso_aggregated_spacer_CGBE1-NG_rep3_.staging_CRISPRessoPooled_on_CGBE1-NG_D4_rep3_CRISPResso_on_B2M	-	0.0004274066280904	0.0004438453445554	0.0004438453445554	0.0004274066280904	0.0005424776433456	0.0005424776433456	0.0008054971067859	0.000937006838506	0.0010356391372961	0.000937006838506	0.0007068648079957	0.0006904260915307	0.0005917937927406	0.0005917937927406	0.0007890583903208	0.0007726196738558	0.0005917937927406	0.0005917937927406	0.0005917937927406	0.0005753550762756
_scratch_st-cdeboer-1_asfar_VLPs_results_crispresso_aggregated_spacer_CGBE1-NG_rep3_.staging_CRISPRessoPooled_on_CGBE1-NG_D5_rep3_CRISPResso_on_B2M	A	6.683151774376797e-05	2.2277172581255988e-05	0.9993316848225624	6.683151774376797e-05	0.0001559402080687	4.4554345162511976e-05	2.2277172581255988e-05	0.9988861413709372	0.0	0.0001559402080687	2.2277172581255988e-05	0.9987970326806122	2.2277172581255988e-05	4.4554345162511976e-05	0.0030296954710508	4.4554345162511976e-05	0.0042772171356011	0.9990198044064248	0.0	0.0
_scratch_st-cdeboer-1_asfar_VLPs_results_crispresso_aggregated_spacer_CGBE1-NG_rep3_.staging_CRISPRessoPooled_on_CGBE1-NG_D5_rep3_CRISPResso_on_B2M	T	0.0001113858629062	0.0003341575887188	2.2277172581255988e-05	0.0003564347613	4.4554345162511976e-05	0.0001113858629062	0.9988415870257746	2.2277172581255988e-05	0.9987970326806122	0.0	6.683151774376797e-05	6.683151774376797e-05	6.683151774376797e-05	0.0001336630354875	0.0018044509790817	0.9989084185435184	0.0007128695226001	0.0	0.0001113858629062	0.9990866359241684
_scratch_st-cdeboer-1_asfar_VLPs_results_crispresso_aggregated_spacer_CGBE1-NG_rep3_.staging_CRISPRessoPooled_on_CGBE1-NG_D5_rep3_CRISPResso_on_B2M	C	6.683151774376797e-05	0.0001559402080687	4.4554345162511976e-05	2.2277172581255988e-05	4.4554345162511976e-05	0.998952972888681	0.0001559402080687	0.0	2.2277172581255988e-05	0.9989752500612622	0.998952972888681	8.910869032502395e-05	4.4554345162511976e-05	0.9989752500612622	0.0011584129742253	6.683151774376797e-05	0.005925727906614	6.683151774376797e-05	0.0001113858629062	0.0001559402080687
_scratch_st-cdeboer-1_asfar_VLPs_results_crispresso_aggregated_spacer_CGBE1-NG_rep3_.staging_CRISPRessoPooled_on_CGBE1-NG_D5_rep3_CRISPResso_on_B2M	G	0.9994430706854686	0.9991089130967498	0.00017821738065	0.9989084185435184	0.9988193098531934	4.4554345162511976e-05	0.0001559402080687	0.0001113858629062	0.0001113858629062	0.0	0.0	0.0001336630354875	0.9989975272338436	4.4554345162511976e-05	0.9931831851901356	0.00017821738065	0.9882153757045156	0.0001559402080687	0.9990643587515872	0.0002227717258125
_scratch_st-cdeboer-1_asfar_VLPs_results_crispresso_aggregated_spacer_CGBE1-NG_rep3_.staging_CRISPRessoPooled_on_CGBE1-NG_D5_rep3_CRISPResso_on_B2M	N	0.0	0.0	0.0	0.0	0.0	0.0	0.0	0.0	0.0	0.0	0.0	0.0	0.0	0.0	0.0	0.0	0.0	0.0	0.0	0.0
_scratch_st-cdeboer-1_asfar_VLPs_results_crispresso_aggregated_spacer_CGBE1-NG_rep3_.staging_CRISPRessoPooled_on_CGBE1-NG_D5_rep3_CRISPResso_on_B2M	-	0.0003118804161375	0.0003787119338813	0.0004232662790438	0.0006460380048564	0.0009356412484127	0.0008465325580877	0.0008242553855064	0.0009801955935752	0.0010693042839002	0.0008688097306689	0.000957918420994	0.0009133640758314	0.0008688097306689	0.0008019782129252	0.0008242553855064	0.0008019782129252	0.0008688097306689	0.0007574238677627	0.0007128695226001	0.0005346521419501
