Folder	Nucleotide	G	G	C	C	C	A	G	A	C	T	G	A	G	C	A	C	G	T	G	A
_scratch_st-cdeboer-1_asfar_VLPs_results_crispresso_aggregated_spacer_CGBE1-NG_rep2_.staging_CRISPRessoPooled_on_CGBE1-NG_D0_rep2_CRISPResso_on_HEK3	A	4.9319392385085815e-05	0.0	0.0	0.0	0.0	1.0	0.0	0.9998027224304596	4.9319392385085815e-05	0.0	9.863878477017164e-05	0.9998520418228448	0.0	4.9319392385085815e-05	0.99990136121523	0.0	4.9319392385085815e-05	0.0	0.0	0.9997040836456896
_scratch_st-cdeboer-1_asfar_VLPs_results_crispresso_aggregated_spacer_CGBE1-NG_rep2_.staging_CRISPRessoPooled_on_CGBE1-NG_D0_rep2_CRISPResso_on_HEK3	T	0.0002465969619254	9.863878477017164e-05	0.0001972775695403	4.9319392385085815e-05	4.9319392385085815e-05	0.0	9.863878477017164e-05	0.0	0.0	0.9998027224304596	4.9319392385085815e-05	0.0	0.0	0.0	0.0	4.9319392385085815e-05	0.0001479581771552	0.9997040836456896	0.0001479581771552	0.0
_scratch_st-cdeboer-1_asfar_VLPs_results_crispresso_aggregated_spacer_CGBE1-NG_rep2_.staging_CRISPRessoPooled_on_CGBE1-NG_D0_rep2_CRISPResso_on_HEK3	C	0.0	9.863878477017164e-05	0.9997534030380746	0.9999506806076148	0.9999506806076148	0.0	4.9319392385085815e-05	9.863878477017164e-05	0.9999506806076148	9.863878477017164e-05	4.9319392385085815e-05	9.863878477017164e-05	0.0	0.9999506806076148	0.0	0.9999506806076148	9.863878477017164e-05	0.0001479581771552	0.0001479581771552	0.0001479581771552
_scratch_st-cdeboer-1_asfar_VLPs_results_crispresso_aggregated_spacer_CGBE1-NG_rep2_.staging_CRISPRessoPooled_on_CGBE1-NG_D0_rep2_CRISPResso_on_HEK3	G	0.9997040836456896	0.9998027224304596	4.9319392385085815e-05	0.0	0.0	0.0	0.9998520418228448	9.863878477017164e-05	0.0	9.863878477017164e-05	0.9997534030380746	4.9319392385085815e-05	1.0	0.0	9.863878477017164e-05	0.0	0.9997040836456896	0.0001479581771552	0.9997040836456896	0.0001479581771552
_scratch_st-cdeboer-1_asfar_VLPs_results_crispresso_aggregated_spacer_CGBE1-NG_rep2_.staging_CRISPRessoPooled_on_CGBE1-NG_D0_rep2_CRISPResso_on_HEK3	N	0.0	0.0	0.0	0.0	0.0	0.0	0.0	0.0	0.0	0.0	0.0	0.0	0.0	0.0	0.0	0.0	0.0	0.0	0.0	0.0
_scratch_st-cdeboer-1_asfar_VLPs_results_crispresso_aggregated_spacer_CGBE1-NG_rep2_.staging_CRISPRessoPooled_on_CGBE1-NG_D0_rep2_CRISPResso_on_HEK3	-	0.0	0.0	0.0	0.0	0.0	0.0	0.0	0.0	0.0	0.0	4.9319392385085815e-05	0.0	0.0	0.0	0.0	0.0	0.0	0.0	0.0	0.0
_scratch_st-cdeboer-1_asfar_VLPs_results_crispresso_aggregated_spacer_CGBE1-NG_rep2_.staging_CRISPRessoPooled_on_CGBE1-NG_D1_rep2_CRISPResso_on_HEK3	A	0.0	7.435773506338996e-05	0.0	7.435773506338996e-05	0.0	0.9998512845298732	3.717886753169498e-05	0.9998512845298732	3.717886753169498e-05	0.0	7.435773506338996e-05	0.999628211324683	0.000111536602595	7.435773506338996e-05	0.9998512845298732	0.0	3.717886753169498e-05	0.0	0.0	0.9998512845298732
_scratch_st-cdeboer-1_asfar_VLPs_results_crispresso_aggregated_spacer_CGBE1-NG_rep2_.staging_CRISPRessoPooled_on_CGBE1-NG_D1_rep2_CRISPResso_on_HEK3	T	0.0001858943376584	0.000111536602595	7.435773506338996e-05	0.0001487154701267	3.717886753169498e-05	0.0	0.0001487154701267	3.717886753169498e-05	3.717886753169498e-05	0.9997397479272782	3.717886753169498e-05	0.0	0.0	0.0002230732051901	3.717886753169498e-05	7.435773506338996e-05	7.435773506338996e-05	0.9998512845298732	0.000111536602595	0.0
_scratch_st-cdeboer-1_asfar_VLPs_results_crispresso_aggregated_spacer_CGBE1-NG_rep2_.staging_CRISPRessoPooled_on_CGBE1-NG_D1_rep2_CRISPResso_on_HEK3	C	3.717886753169498e-05	0.0002230732051901	0.9999256422649366	0.9997769267948098	0.9999256422649366	7.435773506338996e-05	0.0	3.717886753169498e-05	0.9999256422649366	3.717886753169498e-05	3.717886753169498e-05	0.0002230732051901	0.000111536602595	0.9997025690597464	0.0	0.9999256422649366	0.0001858943376584	7.435773506338996e-05	3.717886753169498e-05	0.0
_scratch_st-cdeboer-1_asfar_VLPs_results_crispresso_aggregated_spacer_CGBE1-NG_rep2_.staging_CRISPRessoPooled_on_CGBE1-NG_D1_rep2_CRISPResso_on_HEK3	G	0.9997769267948098	0.999516674722088	0.0	0.0	0.0	7.435773506338996e-05	0.9998141056623416	7.435773506338996e-05	0.0	0.0002230732051901	0.9998512845298732	0.0001487154701267	0.9997769267948098	0.0	0.000111536602595	0.0	0.9997025690597464	7.435773506338996e-05	0.9998512845298732	0.0001487154701267
_scratch_st-cdeboer-1_asfar_VLPs_results_crispresso_aggregated_spacer_CGBE1-NG_rep2_.staging_CRISPRessoPooled_on_CGBE1-NG_D1_rep2_CRISPResso_on_HEK3	N	0.0	0.0	0.0	0.0	0.0	0.0	0.0	0.0	0.0	0.0	0.0	0.0	0.0	0.0	0.0	0.0	0.0	0.0	0.0	0.0
_scratch_st-cdeboer-1_asfar_VLPs_results_crispresso_aggregated_spacer_CGBE1-NG_rep2_.staging_CRISPRessoPooled_on_CGBE1-NG_D1_rep2_CRISPResso_on_HEK3	-	0.0	7.435773506338996e-05	0.0	0.0	3.717886753169498e-05	0.0	0.0	0.0	0.0	0.0	0.0	0.0	0.0	0.0	0.0	0.0	0.0	0.0	0.0	0.0
_scratch_st-cdeboer-1_asfar_VLPs_results_crispresso_aggregated_spacer_CGBE1-NG_rep2_.staging_CRISPRessoPooled_on_CGBE1-NG_D2_rep2_CRISPResso_on_HEK3	A	0.0	0.0001058089091101	0.0	0.0001058089091101	0.0006348534546608	1.0	0.0	1.0	0.0	0.0	0.0	0.9996825732726696	0.0001058089091101	0.0	0.9998941910908898	0.0001058089091101	0.0	0.0	0.0002116178182202	0.9997883821817796
_scratch_st-cdeboer-1_asfar_VLPs_results_crispresso_aggregated_spacer_CGBE1-NG_rep2_.staging_CRISPRessoPooled_on_CGBE1-NG_D2_rep2_CRISPResso_on_HEK3	T	0.0	0.0001058089091101	0.0	0.0	0.0004232356364405	0.0	0.0	0.0	0.0	0.9998941910908898	0.0004232356364405	0.0	0.0	0.0	0.0	0.0	0.0001058089091101	0.9997883821817796	0.0	0.0
_scratch_st-cdeboer-1_asfar_VLPs_results_crispresso_aggregated_spacer_CGBE1-NG_rep2_.staging_CRISPRessoPooled_on_CGBE1-NG_D2_rep2_CRISPResso_on_HEK3	C	0.0	0.0	1.0	0.9997883821817796	0.998518675272458	0.0	0.0001058089091101	0.0	1.0	0.0001058089091101	0.0	0.0003174267273304	0.0	1.0	0.0	0.9998941910908898	0.0	0.0001058089091101	0.0001058089091101	0.0
_scratch_st-cdeboer-1_asfar_VLPs_results_crispresso_aggregated_spacer_CGBE1-NG_rep2_.staging_CRISPRessoPooled_on_CGBE1-NG_D2_rep2_CRISPResso_on_HEK3	G	0.9998941910908898	0.9993651465453391	0.0	0.0001058089091101	0.0003174267273304	0.0	0.9998941910908898	0.0	0.0	0.0	0.9995767643635596	0.0	0.9998941910908898	0.0	0.0001058089091101	0.0	0.9998941910908898	0.0001058089091101	0.9996825732726696	0.0002116178182202
_scratch_st-cdeboer-1_asfar_VLPs_results_crispresso_aggregated_spacer_CGBE1-NG_rep2_.staging_CRISPRessoPooled_on_CGBE1-NG_D2_rep2_CRISPResso_on_HEK3	N	0.0	0.0	0.0	0.0	0.0	0.0	0.0	0.0	0.0	0.0	0.0	0.0	0.0	0.0	0.0	0.0	0.0	0.0	0.0	0.0
_scratch_st-cdeboer-1_asfar_VLPs_results_crispresso_aggregated_spacer_CGBE1-NG_rep2_.staging_CRISPRessoPooled_on_CGBE1-NG_D2_rep2_CRISPResso_on_HEK3	-	0.0001058089091101	0.0004232356364405	0.0	0.0	0.0001058089091101	0.0	0.0	0.0	0.0	0.0	0.0	0.0	0.0	0.0	0.0	0.0	0.0	0.0	0.0	0.0
_scratch_st-cdeboer-1_asfar_VLPs_results_crispresso_aggregated_spacer_CGBE1-NG_rep2_.staging_CRISPRessoPooled_on_CGBE1-NG_D3_rep2_CRISPResso_on_HEK3	A	0.0	6.376331059108588e-05	0.0	6.376331059108588e-05	6.376331059108588e-05	0.9999681183447044	3.188165529554294e-05	0.9998087100682268	0.0	0.0	3.188165529554294e-05	0.9997768284129313	3.188165529554294e-05	3.188165529554294e-05	0.9998405917235222	0.0	0.0	0.0	3.188165529554294e-05	0.9998724733788178
_scratch_st-cdeboer-1_asfar_VLPs_results_crispresso_aggregated_spacer_CGBE1-NG_rep2_.staging_CRISPRessoPooled_on_CGBE1-NG_D3_rep2_CRISPResso_on_HEK3	T	3.188165529554294e-05	6.376331059108588e-05	6.376331059108588e-05	6.376331059108588e-05	0.0001912899317732	0.0	9.564496588662884e-05	0.0	6.376331059108588e-05	0.9999681183447044	0.0	0.0	3.188165529554294e-05	0.0001912899317732	0.0	0.0001275266211821	6.376331059108588e-05	0.9996811834470446	0.0	0.0
_scratch_st-cdeboer-1_asfar_VLPs_results_crispresso_aggregated_spacer_CGBE1-NG_rep2_.staging_CRISPRessoPooled_on_CGBE1-NG_D3_rep2_CRISPResso_on_HEK3	C	6.376331059108588e-05	0.0002231715870688	0.9999362366894088	0.9998087100682268	0.9996174201364536	3.188165529554294e-05	3.188165529554294e-05	3.188165529554294e-05	0.9999043550341132	3.188165529554294e-05	3.188165529554294e-05	9.564496588662884e-05	0.0	0.9997449467576356	0.0	0.9998724733788178	9.564496588662884e-05	0.0001594082764777	0.0001275266211821	3.188165529554294e-05
_scratch_st-cdeboer-1_asfar_VLPs_results_crispresso_aggregated_spacer_CGBE1-NG_rep2_.staging_CRISPRessoPooled_on_CGBE1-NG_D3_rep2_CRISPResso_on_HEK3	G	0.9999043550341132	0.9995536568258624	0.0	6.376331059108588e-05	6.376331059108588e-05	0.0	0.9998405917235222	0.0001594082764777	3.188165529554294e-05	0.0	0.9999362366894088	0.0001275266211821	0.9999362366894088	3.188165529554294e-05	0.0001594082764777	0.0	0.9998405917235222	0.0001594082764777	0.9998405917235222	9.564496588662884e-05
_scratch_st-cdeboer-1_asfar_VLPs_results_crispresso_aggregated_spacer_CGBE1-NG_rep2_.staging_CRISPRessoPooled_on_CGBE1-NG_D3_rep2_CRISPResso_on_HEK3	N	0.0	0.0	0.0	0.0	0.0	0.0	0.0	0.0	0.0	0.0	0.0	0.0	0.0	0.0	0.0	0.0	0.0	0.0	0.0	0.0
_scratch_st-cdeboer-1_asfar_VLPs_results_crispresso_aggregated_spacer_CGBE1-NG_rep2_.staging_CRISPRessoPooled_on_CGBE1-NG_D3_rep2_CRISPResso_on_HEK3	-	0.0	9.564496588662884e-05	0.0	0.0	6.376331059108588e-05	0.0	0.0	0.0	0.0	0.0	0.0	0.0	0.0	0.0	0.0	0.0	0.0	0.0	0.0	0.0
_scratch_st-cdeboer-1_asfar_VLPs_results_crispresso_aggregated_spacer_CGBE1-NG_rep2_.staging_CRISPRessoPooled_on_CGBE1-NG_D4_rep2_CRISPResso_on_HEK3	A	0.0	7.063144511936714e-05	0.0	0.0001412628902387	0.0002118943353581	0.9997174742195224	7.063144511936714e-05	0.9998587371097613	7.063144511936714e-05	0.0	0.0001412628902387	0.9998587371097613	0.0	0.0	0.9998587371097613	0.0	0.0	0.0	7.063144511936714e-05	0.9998587371097613
_scratch_st-cdeboer-1_asfar_VLPs_results_crispresso_aggregated_spacer_CGBE1-NG_rep2_.staging_CRISPRessoPooled_on_CGBE1-NG_D4_rep2_CRISPResso_on_HEK3	T	0.0001412628902387	7.063144511936714e-05	7.063144511936714e-05	7.063144511936714e-05	0.0003531572255968	0.0	0.0	0.0	0.0001412628902387	0.9996468427744032	0.0002118943353581	0.0	0.0	7.063144511936714e-05	0.0	7.063144511936714e-05	0.0002118943353581	0.9998587371097613	0.0	0.0
_scratch_st-cdeboer-1_asfar_VLPs_results_crispresso_aggregated_spacer_CGBE1-NG_rep2_.staging_CRISPRessoPooled_on_CGBE1-NG_D4_rep2_CRISPResso_on_HEK3	C	7.063144511936714e-05	7.063144511936714e-05	0.9998587371097613	0.9996468427744032	0.9987286339878514	0.0	0.0	0.0	0.9995762113292838	0.0002118943353581	0.0	0.0	7.063144511936714e-05	0.999788105664642	0.0	0.9998587371097613	7.063144511936714e-05	7.063144511936714e-05	0.0001412628902387	0.0
_scratch_st-cdeboer-1_asfar_VLPs_results_crispresso_aggregated_spacer_CGBE1-NG_rep2_.staging_CRISPRessoPooled_on_CGBE1-NG_D4_rep2_CRISPResso_on_HEK3	G	0.999788105664642	0.999788105664642	7.063144511936714e-05	7.063144511936714e-05	0.0005650515609549	0.0001412628902387	0.9997174742195224	0.0	7.063144511936714e-05	0.0	0.9995055798841644	0.0	0.999788105664642	0.0	7.063144511936714e-05	7.063144511936714e-05	0.9997174742195224	7.063144511936714e-05	0.9997174742195224	0.0001412628902387
_scratch_st-cdeboer-1_asfar_VLPs_results_crispresso_aggregated_spacer_CGBE1-NG_rep2_.staging_CRISPRessoPooled_on_CGBE1-NG_D4_rep2_CRISPResso_on_HEK3	N	0.0	0.0	0.0	0.0	0.0	0.0	0.0	0.0	0.0	0.0	0.0	0.0	0.0	0.0	0.0	0.0	0.0	0.0	7.063144511936714e-05	0.0
_scratch_st-cdeboer-1_asfar_VLPs_results_crispresso_aggregated_spacer_CGBE1-NG_rep2_.staging_CRISPRessoPooled_on_CGBE1-NG_D4_rep2_CRISPResso_on_HEK3	-	0.0	0.0	0.0	7.063144511936714e-05	0.0001412628902387	0.0001412628902387	0.0002118943353581	0.0001412628902387	0.0001412628902387	0.0001412628902387	0.0001412628902387	0.0001412628902387	0.0001412628902387	0.0001412628902387	7.063144511936714e-05	0.0	0.0	0.0	0.0	0.0
_scratch_st-cdeboer-1_asfar_VLPs_results_crispresso_aggregated_spacer_CGBE1-NG_rep2_.staging_CRISPRessoPooled_on_CGBE1-NG_D5_rep2_CRISPResso_on_HEK3	A	0.0	3.666630000366663e-05	3.666630000366663e-05	7.333260000733326e-05	3.666630000366663e-05	0.9997433358999744	7.333260000733326e-05	0.9998166684999816	0.0001099989000109	0.0	0.0	0.9996333369999634	0.0	3.666630000366663e-05	0.999890001099989	0.0	0.0	0.0	0.0	0.9997066695999708
_scratch_st-cdeboer-1_asfar_VLPs_results_crispresso_aggregated_spacer_CGBE1-NG_rep2_.staging_CRISPRessoPooled_on_CGBE1-NG_D5_rep2_CRISPResso_on_HEK3	T	7.333260000733326e-05	0.0001099989000109	0.0001099989000109	0.0003299967000329	0.0004399956000439	3.666630000366663e-05	7.333260000733326e-05	0.0	0.0	0.999780002199978	3.666630000366663e-05	0.0	0.0	0.0002566641000256	0.0	0.0001466652000146	0.0001099989000109	0.9998533347999852	7.333260000733326e-05	3.666630000366663e-05
_scratch_st-cdeboer-1_asfar_VLPs_results_crispresso_aggregated_spacer_CGBE1-NG_rep2_.staging_CRISPRessoPooled_on_CGBE1-NG_D5_rep2_CRISPResso_on_HEK3	C	3.666630000366663e-05	0.0001466652000146	0.9998533347999852	0.999450005499945	0.9988266783998828	0.0001099989000109	3.666630000366663e-05	0.0	0.9997066695999708	3.666630000366663e-05	0.0	0.0001833315000183	7.333260000733326e-05	0.999670003299967	0.0	0.9998166684999816	7.333260000733326e-05	7.333260000733326e-05	0.0001099989000109	7.333260000733326e-05
_scratch_st-cdeboer-1_asfar_VLPs_results_crispresso_aggregated_spacer_CGBE1-NG_rep2_.staging_CRISPRessoPooled_on_CGBE1-NG_D5_rep2_CRISPResso_on_HEK3	G	0.999890001099989	0.9996333369999634	0.0	0.0001099989000109	0.0005866608000586	7.333260000733326e-05	0.999780002199978	0.0001466652000146	3.666630000366663e-05	3.666630000366663e-05	0.9998166684999816	3.666630000366663e-05	0.999890001099989	0.0	7.333260000733326e-05	0.0	0.999780002199978	3.666630000366663e-05	0.999780002199978	0.0001466652000146
_scratch_st-cdeboer-1_asfar_VLPs_results_crispresso_aggregated_spacer_CGBE1-NG_rep2_.staging_CRISPRessoPooled_on_CGBE1-NG_D5_rep2_CRISPResso_on_HEK3	N	0.0	0.0	0.0	0.0	0.0	0.0	0.0	0.0	0.0	0.0	0.0	0.0	0.0	0.0	0.0	0.0	0.0	0.0	0.0	0.0
_scratch_st-cdeboer-1_asfar_VLPs_results_crispresso_aggregated_spacer_CGBE1-NG_rep2_.staging_CRISPRessoPooled_on_CGBE1-NG_D5_rep2_CRISPResso_on_HEK3	-	0.0	7.333260000733326e-05	0.0	3.666630000366663e-05	0.0001099989000109	3.666630000366663e-05	3.666630000366663e-05	3.666630000366663e-05	0.0001466652000146	0.0001466652000146	0.0001466652000146	0.0001466652000146	3.666630000366663e-05	3.666630000366663e-05	3.666630000366663e-05	3.666630000366663e-05	3.666630000366663e-05	3.666630000366663e-05	3.666630000366663e-05	3.666630000366663e-05
