Folder	Nucleotide	C	A	C	C	T	A	C	C	T	A	A	G	A	A	C	C	A	T	C	C
_scratch_st-cdeboer-1_asfar_VLPs_results_crispresso_aggregated_spacer_CGBE1-NG_rep3_.staging_CRISPRessoPooled_on_CGBE1-NG_D0_rep3_CRISPResso_on_PDCD1	A	0.0	0.9998577423714348	4.741920952177727e-05	9.483841904355454e-05	2.3709604760888634e-05	0.9997629039523912	4.741920952177727e-05	9.483841904355454e-05	0.0	0.9996680655333476	0.9998340327666738	2.3709604760888634e-05	0.9997154847428692	0.9998340327666738	2.3709604760888634e-05	0.0001422576285653	0.9999051615809564	2.3709604760888634e-05	4.741920952177727e-05	0.0001659672333262
_scratch_st-cdeboer-1_asfar_VLPs_results_crispresso_aggregated_spacer_CGBE1-NG_rep3_.staging_CRISPRessoPooled_on_CGBE1-NG_D0_rep3_CRISPResso_on_PDCD1	T	2.3709604760888634e-05	0.0	7.112881428266591e-05	0.0	0.9997629039523912	2.3709604760888634e-05	4.741920952177727e-05	0.0	0.9997629039523912	4.741920952177727e-05	0.0	0.0001422576285653	0.0	0.0	2.3709604760888634e-05	2.3709604760888634e-05	0.0	0.999573227114304	0.0	4.741920952177727e-05
_scratch_st-cdeboer-1_asfar_VLPs_results_crispresso_aggregated_spacer_CGBE1-NG_rep3_.staging_CRISPRessoPooled_on_CGBE1-NG_D0_rep3_CRISPResso_on_PDCD1	C	0.9998577423714348	2.3709604760888634e-05	0.9998577423714348	0.9998814519761956	0.0001659672333262	0.0	0.9998814519761956	0.9998577423714348	0.0001185480238044	0.0	0.0	2.3709604760888634e-05	7.112881428266591e-05	4.741920952177727e-05	0.9999525807904782	0.9998103231619128	7.112881428266591e-05	0.0003556440714133	0.9999525807904782	0.999786613557152
_scratch_st-cdeboer-1_asfar_VLPs_results_crispresso_aggregated_spacer_CGBE1-NG_rep3_.staging_CRISPRessoPooled_on_CGBE1-NG_D0_rep3_CRISPResso_on_PDCD1	G	2.3709604760888634e-05	9.483841904355454e-05	2.3709604760888634e-05	2.3709604760888634e-05	4.741920952177727e-05	0.0002133864428479	2.3709604760888634e-05	2.3709604760888634e-05	0.0001185480238044	0.0002845152571306	9.483841904355454e-05	0.9998103231619128	0.0002133864428479	0.0001185480238044	0.0	0.0	2.3709604760888634e-05	4.741920952177727e-05	0.0	0.0
_scratch_st-cdeboer-1_asfar_VLPs_results_crispresso_aggregated_spacer_CGBE1-NG_rep3_.staging_CRISPRessoPooled_on_CGBE1-NG_D0_rep3_CRISPResso_on_PDCD1	N	0.0	0.0	0.0	0.0	0.0	0.0	0.0	0.0	0.0	0.0	0.0	0.0	0.0	0.0	0.0	0.0	0.0	0.0	0.0	0.0
_scratch_st-cdeboer-1_asfar_VLPs_results_crispresso_aggregated_spacer_CGBE1-NG_rep3_.staging_CRISPRessoPooled_on_CGBE1-NG_D0_rep3_CRISPResso_on_PDCD1	-	9.483841904355454e-05	2.3709604760888634e-05	0.0	0.0	0.0	0.0	0.0	2.3709604760888634e-05	0.0	0.0	7.112881428266591e-05	0.0	0.0	0.0	0.0	2.3709604760888634e-05	0.0	0.0	0.0	0.0
_scratch_st-cdeboer-1_asfar_VLPs_results_crispresso_aggregated_spacer_CGBE1-NG_rep3_.staging_CRISPRessoPooled_on_CGBE1-NG_D1_rep3_CRISPResso_on_PDCD1	A	6.364157067396423e-05	0.9998568064659836	1.5910392668491057e-05	6.364157067396423e-05	0.0	0.999904537643989	0.0	3.1820785336982115e-05	0.0	0.9998886272513204	0.999904537643989	4.7731178005473176e-05	0.999809075287978	0.999840896073315	9.546235601094636e-05	7.95519633424553e-05	0.9998568064659836	3.1820785336982115e-05	6.364157067396423e-05	0.0001113727486794
_scratch_st-cdeboer-1_asfar_VLPs_results_crispresso_aggregated_spacer_CGBE1-NG_rep3_.staging_CRISPRessoPooled_on_CGBE1-NG_D1_rep3_CRISPResso_on_PDCD1	T	7.95519633424553e-05	0.0	6.364157067396423e-05	0.0	0.9998568064659836	0.0	4.7731178005473176e-05	3.1820785336982115e-05	0.999809075287978	0.0	0.0	0.0001113727486794	0.0	0.0	1.5910392668491057e-05	3.1820785336982115e-05	1.5910392668491057e-05	0.9997454337173042	3.1820785336982115e-05	1.5910392668491057e-05
_scratch_st-cdeboer-1_asfar_VLPs_results_crispresso_aggregated_spacer_CGBE1-NG_rep3_.staging_CRISPRessoPooled_on_CGBE1-NG_D1_rep3_CRISPResso_on_PDCD1	C	0.9997295233246356	4.7731178005473176e-05	0.9999204480366576	0.9998886272513204	9.546235601094636e-05	1.5910392668491057e-05	0.9999522688219944	0.999904537643989	4.7731178005473176e-05	1.5910392668491057e-05	0.0	1.5910392668491057e-05	6.364157067396423e-05	3.1820785336982115e-05	0.999872716858652	0.999840896073315	7.95519633424553e-05	0.0002068351046903	0.9998886272513204	0.999809075287978
_scratch_st-cdeboer-1_asfar_VLPs_results_crispresso_aggregated_spacer_CGBE1-NG_rep3_.staging_CRISPRessoPooled_on_CGBE1-NG_D1_rep3_CRISPResso_on_PDCD1	G	7.95519633424553e-05	9.546235601094636e-05	0.0	4.7731178005473176e-05	3.1820785336982115e-05	7.95519633424553e-05	0.0	3.1820785336982115e-05	0.0001431935340164	9.546235601094636e-05	6.364157067396423e-05	0.9998249856806466	0.0001272831413479	0.0001272831413479	1.5910392668491057e-05	3.1820785336982115e-05	4.7731178005473176e-05	1.5910392668491057e-05	1.5910392668491057e-05	1.5910392668491057e-05
_scratch_st-cdeboer-1_asfar_VLPs_results_crispresso_aggregated_spacer_CGBE1-NG_rep3_.staging_CRISPRessoPooled_on_CGBE1-NG_D1_rep3_CRISPResso_on_PDCD1	N	0.0	0.0	0.0	0.0	1.5910392668491057e-05	0.0	0.0	0.0	0.0	0.0	0.0	0.0	0.0	0.0	0.0	0.0	0.0	0.0	0.0	0.0
_scratch_st-cdeboer-1_asfar_VLPs_results_crispresso_aggregated_spacer_CGBE1-NG_rep3_.staging_CRISPRessoPooled_on_CGBE1-NG_D1_rep3_CRISPResso_on_PDCD1	-	4.7731178005473176e-05	0.0	0.0	0.0	0.0	0.0	0.0	0.0	0.0	0.0	3.1820785336982115e-05	0.0	0.0	0.0	0.0	1.5910392668491057e-05	0.0	0.0	0.0	4.7731178005473176e-05
_scratch_st-cdeboer-1_asfar_VLPs_results_crispresso_aggregated_spacer_CGBE1-NG_rep3_.staging_CRISPRessoPooled_on_CGBE1-NG_D2_rep3_CRISPResso_on_PDCD1	A	6.795209377388941e-05	0.9997961437186784	5.0964070330417056e-05	1.6988023443472353e-05	0.0	0.9998131317421218	3.3976046886944707e-05	0.0001019281406608	0.0	0.999932047906226	0.9998131317421218	3.3976046886944707e-05	0.9998131317421218	0.9998810838358956	3.3976046886944707e-05	5.0964070330417056e-05	0.9998471077890088	0.0	6.795209377388941e-05	5.0964070330417056e-05
_scratch_st-cdeboer-1_asfar_VLPs_results_crispresso_aggregated_spacer_CGBE1-NG_rep3_.staging_CRISPRessoPooled_on_CGBE1-NG_D2_rep3_CRISPResso_on_PDCD1	T	8.494011721736176e-05	5.0964070330417056e-05	3.3976046886944707e-05	0.0	0.9997281916249044	0.0	3.3976046886944707e-05	1.6988023443472353e-05	0.9997112036014608	0.0	0.0	0.0001359041875477	0.0	1.6988023443472353e-05	1.6988023443472353e-05	3.3976046886944707e-05	0.0	0.9997281916249044	1.6988023443472353e-05	1.6988023443472353e-05
_scratch_st-cdeboer-1_asfar_VLPs_results_crispresso_aggregated_spacer_CGBE1-NG_rep3_.staging_CRISPRessoPooled_on_CGBE1-NG_D2_rep3_CRISPResso_on_PDCD1	C	0.9997791556952348	6.795209377388941e-05	0.9998980718593392	0.9999660239531132	0.0002208443047651	3.3976046886944707e-05	0.9999150598827826	0.9998131317421218	0.0001359041875477	3.3976046886944707e-05	5.0964070330417056e-05	3.3976046886944707e-05	0.0001189161641043	1.6988023443472353e-05	0.999932047906226	0.9998131317421218	6.795209377388941e-05	0.0001868682578781	0.9998980718593392	0.9999150598827826
_scratch_st-cdeboer-1_asfar_VLPs_results_crispresso_aggregated_spacer_CGBE1-NG_rep3_.staging_CRISPRessoPooled_on_CGBE1-NG_D2_rep3_CRISPResso_on_PDCD1	G	1.6988023443472353e-05	6.795209377388941e-05	0.0	0.0	1.6988023443472353e-05	0.0001359041875477	0.0	5.0964070330417056e-05	0.0001019281406608	1.6988023443472353e-05	8.494011721736176e-05	0.9997791556952348	5.0964070330417056e-05	5.0964070330417056e-05	0.0	8.494011721736176e-05	6.795209377388941e-05	6.795209377388941e-05	0.0	0.0
_scratch_st-cdeboer-1_asfar_VLPs_results_crispresso_aggregated_spacer_CGBE1-NG_rep3_.staging_CRISPRessoPooled_on_CGBE1-NG_D2_rep3_CRISPResso_on_PDCD1	N	0.0	0.0	0.0	0.0	0.0	0.0	0.0	0.0	0.0	0.0	0.0	0.0	0.0	0.0	0.0	0.0	0.0	0.0	0.0	0.0
_scratch_st-cdeboer-1_asfar_VLPs_results_crispresso_aggregated_spacer_CGBE1-NG_rep3_.staging_CRISPRessoPooled_on_CGBE1-NG_D2_rep3_CRISPResso_on_PDCD1	-	5.0964070330417056e-05	1.6988023443472353e-05	1.6988023443472353e-05	1.6988023443472353e-05	3.3976046886944707e-05	1.6988023443472353e-05	1.6988023443472353e-05	1.6988023443472353e-05	5.0964070330417056e-05	1.6988023443472353e-05	5.0964070330417056e-05	1.6988023443472353e-05	1.6988023443472353e-05	3.3976046886944707e-05	1.6988023443472353e-05	1.6988023443472353e-05	1.6988023443472353e-05	1.6988023443472353e-05	1.6988023443472353e-05	1.6988023443472353e-05
_scratch_st-cdeboer-1_asfar_VLPs_results_crispresso_aggregated_spacer_CGBE1-NG_rep3_.staging_CRISPRessoPooled_on_CGBE1-NG_D3_rep3_CRISPResso_on_PDCD1	A	2.6470432526867487e-05	0.999814706972312	2.6470432526867487e-05	9.264651384403622e-05	0.0	0.9998808830536292	2.6470432526867487e-05	9.264651384403622e-05	1.3235216263433744e-05	0.9998676478373656	0.9998279421885754	2.6470432526867487e-05	0.9997485308909948	0.9998279421885754	7.941129758060247e-05	5.2940865053734975e-05	0.999814706972312	1.3235216263433744e-05	3.970564879030124e-05	0.0001058817301074
_scratch_st-cdeboer-1_asfar_VLPs_results_crispresso_aggregated_spacer_CGBE1-NG_rep3_.staging_CRISPRessoPooled_on_CGBE1-NG_D3_rep3_CRISPResso_on_PDCD1	T	7.941129758060247e-05	1.3235216263433744e-05	3.970564879030124e-05	1.3235216263433744e-05	0.9997882365397852	0.0	6.617608131716872e-05	1.3235216263433744e-05	0.9997352956747312	1.3235216263433744e-05	2.6470432526867487e-05	5.2940865053734975e-05	1.3235216263433744e-05	1.3235216263433744e-05	1.3235216263433744e-05	3.970564879030124e-05	0.0	0.9997352956747312	0.0	5.2940865053734975e-05
_scratch_st-cdeboer-1_asfar_VLPs_results_crispresso_aggregated_spacer_CGBE1-NG_rep3_.staging_CRISPRessoPooled_on_CGBE1-NG_D3_rep3_CRISPResso_on_PDCD1	C	0.9998676478373656	5.2940865053734975e-05	0.9999205887024194	0.9998941182698924	0.0001455873788977	0.0	0.9998544126211022	0.9997617661072582	0.0001323521626343	1.3235216263433744e-05	0.0	3.970564879030124e-05	9.264651384403622e-05	2.6470432526867487e-05	0.999907353486156	0.9998941182698924	5.2940865053734975e-05	0.000185293027688	0.9999470591349464	0.9998279421885754
_scratch_st-cdeboer-1_asfar_VLPs_results_crispresso_aggregated_spacer_CGBE1-NG_rep3_.staging_CRISPRessoPooled_on_CGBE1-NG_D3_rep3_CRISPResso_on_PDCD1	G	0.0	0.0001191169463709	1.3235216263433744e-05	0.0	6.617608131716872e-05	0.0001191169463709	1.3235216263433744e-05	7.941129758060247e-05	6.617608131716872e-05	6.617608131716872e-05	0.0001058817301074	0.9998808830536292	0.0001455873788977	0.0001323521626343	0.0	1.3235216263433744e-05	0.0001323521626343	6.617608131716872e-05	1.3235216263433744e-05	1.3235216263433744e-05
_scratch_st-cdeboer-1_asfar_VLPs_results_crispresso_aggregated_spacer_CGBE1-NG_rep3_.staging_CRISPRessoPooled_on_CGBE1-NG_D3_rep3_CRISPResso_on_PDCD1	N	0.0	0.0	0.0	0.0	0.0	0.0	0.0	0.0	0.0	0.0	0.0	0.0	0.0	0.0	0.0	0.0	0.0	0.0	0.0	0.0
_scratch_st-cdeboer-1_asfar_VLPs_results_crispresso_aggregated_spacer_CGBE1-NG_rep3_.staging_CRISPRessoPooled_on_CGBE1-NG_D3_rep3_CRISPResso_on_PDCD1	-	2.6470432526867487e-05	0.0	0.0	0.0	0.0	0.0	3.970564879030124e-05	5.2940865053734975e-05	5.2940865053734975e-05	3.970564879030124e-05	3.970564879030124e-05	0.0	0.0	0.0	0.0	0.0	0.0	0.0	0.0	0.0
_scratch_st-cdeboer-1_asfar_VLPs_results_crispresso_aggregated_spacer_CGBE1-NG_rep3_.staging_CRISPRessoPooled_on_CGBE1-NG_D4_rep3_CRISPResso_on_PDCD1	A	5.040576641967841e-05	0.9998084580876052	7.056807298754978e-05	0.0001008115328393	0.0	0.9998991884671606	0.0001713796058269	5.040576641967841e-05	1.0081153283935682e-05	0.9998790261605928	0.9997479711679016	5.040576641967841e-05	0.99966732194163	0.9997983769343212	3.024345985180705e-05	5.040576641967841e-05	0.9997278088613336	0.0	6.048691970361409e-05	8.064922627148546e-05
_scratch_st-cdeboer-1_asfar_VLPs_results_crispresso_aggregated_spacer_CGBE1-NG_rep3_.staging_CRISPRessoPooled_on_CGBE1-NG_D4_rep3_CRISPResso_on_PDCD1	T	5.040576641967841e-05	4.032461313574273e-05	0.0001108926861232	0.0001008115328393	0.9997681334744696	0.0	0.0002520288320983	9.073037955542114e-05	0.9997479711679016	1.0081153283935682e-05	0.0	8.064922627148546e-05	2.0162306567871364e-05	0.0	2.0162306567871364e-05	6.048691970361409e-05	2.0162306567871364e-05	0.9998084580876052	3.024345985180705e-05	3.024345985180705e-05
_scratch_st-cdeboer-1_asfar_VLPs_results_crispresso_aggregated_spacer_CGBE1-NG_rep3_.staging_CRISPRessoPooled_on_CGBE1-NG_D4_rep3_CRISPResso_on_PDCD1	C	0.9998588638540248	3.024345985180705e-05	0.9998084580876052	0.9997882957810372	0.0001713796058269	0.0	0.9995161046423712	0.999848782700741	0.000151217299259	1.0081153283935682e-05	4.032461313574273e-05	3.024345985180705e-05	0.000141136145975	3.024345985180705e-05	0.9999395130802964	0.9998790261605928	8.064922627148546e-05	0.000141136145975	0.9998790261605928	0.9998588638540248
_scratch_st-cdeboer-1_asfar_VLPs_results_crispresso_aggregated_spacer_CGBE1-NG_rep3_.staging_CRISPRessoPooled_on_CGBE1-NG_D4_rep3_CRISPResso_on_PDCD1	G	2.0162306567871364e-05	0.0001008115328393	0.0	1.0081153283935682e-05	6.048691970361409e-05	0.0001008115328393	6.048691970361409e-05	0.0	9.073037955542114e-05	0.0001008115328393	0.0001915419123947	0.999838701547457	0.0001713796058269	0.0001713796058269	1.0081153283935682e-05	1.0081153283935682e-05	0.0001713796058269	5.040576641967841e-05	3.024345985180705e-05	2.0162306567871364e-05
_scratch_st-cdeboer-1_asfar_VLPs_results_crispresso_aggregated_spacer_CGBE1-NG_rep3_.staging_CRISPRessoPooled_on_CGBE1-NG_D4_rep3_CRISPResso_on_PDCD1	N	0.0	0.0	1.0081153283935682e-05	0.0	0.0	0.0	0.0	1.0081153283935682e-05	0.0	0.0	0.0	0.0	0.0	0.0	0.0	0.0	0.0	0.0	0.0	0.0
_scratch_st-cdeboer-1_asfar_VLPs_results_crispresso_aggregated_spacer_CGBE1-NG_rep3_.staging_CRISPRessoPooled_on_CGBE1-NG_D4_rep3_CRISPResso_on_PDCD1	-	2.0162306567871364e-05	2.0162306567871364e-05	0.0	0.0	0.0	0.0	0.0	0.0	0.0	0.0	2.0162306567871364e-05	0.0	0.0	0.0	0.0	0.0	0.0	0.0	0.0	1.0081153283935682e-05
_scratch_st-cdeboer-1_asfar_VLPs_results_crispresso_aggregated_spacer_CGBE1-NG_rep3_.staging_CRISPRessoPooled_on_CGBE1-NG_D5_rep3_CRISPResso_on_PDCD1	A	0.000103348491112	0.999896651508888	0.0	2.583712277800744e-05	0.0	0.999793303017776	0.000103348491112	0.000155022736668	0.0	0.999793303017776	0.99987081438611	2.583712277800744e-05	0.999793303017776	0.99987081438611	0.0	0.0	0.999793303017776	2.583712277800744e-05	2.583712277800744e-05	7.751136833402232e-05
_scratch_st-cdeboer-1_asfar_VLPs_results_crispresso_aggregated_spacer_CGBE1-NG_rep3_.staging_CRISPRessoPooled_on_CGBE1-NG_D5_rep3_CRISPResso_on_PDCD1	T	7.751136833402232e-05	0.0	0.00012918561389	0.0	0.999715791649442	2.583712277800744e-05	0.000284208350558	0.0	0.999819140140554	2.583712277800744e-05	0.0	7.751136833402232e-05	2.583712277800744e-05	2.583712277800744e-05	0.0	0.000180859859446	0.0	0.9995866060355518	5.167424555601488e-05	0.0
_scratch_st-cdeboer-1_asfar_VLPs_results_crispresso_aggregated_spacer_CGBE1-NG_rep3_.staging_CRISPRessoPooled_on_CGBE1-NG_D5_rep3_CRISPResso_on_PDCD1	C	0.999793303017776	2.583712277800744e-05	0.999844977263332	0.999922488631666	0.000180859859446	5.167424555601488e-05	0.999560768912774	0.9995866060355518	7.751136833402232e-05	0.0	2.583712277800744e-05	2.583712277800744e-05	5.167424555601488e-05	5.167424555601488e-05	0.999974162877222	0.999767465894998	7.751136833402232e-05	0.0003617197188921	0.99987081438611	0.999922488631666
_scratch_st-cdeboer-1_asfar_VLPs_results_crispresso_aggregated_spacer_CGBE1-NG_rep3_.staging_CRISPRessoPooled_on_CGBE1-NG_D5_rep3_CRISPResso_on_PDCD1	G	0.0	7.751136833402232e-05	2.583712277800744e-05	5.167424555601488e-05	0.000103348491112	0.00012918561389	5.167424555601488e-05	0.00025837122778	7.751136833402232e-05	0.000180859859446	0.000103348491112	0.99987081438611	0.00012918561389	5.167424555601488e-05	2.583712277800744e-05	2.583712277800744e-05	0.00012918561389	2.583712277800744e-05	5.167424555601488e-05	0.0
_scratch_st-cdeboer-1_asfar_VLPs_results_crispresso_aggregated_spacer_CGBE1-NG_rep3_.staging_CRISPRessoPooled_on_CGBE1-NG_D5_rep3_CRISPResso_on_PDCD1	N	0.0	0.0	0.0	0.0	0.0	0.0	0.0	0.0	0.0	0.0	0.0	0.0	0.0	0.0	0.0	0.0	0.0	0.0	0.0	0.0
_scratch_st-cdeboer-1_asfar_VLPs_results_crispresso_aggregated_spacer_CGBE1-NG_rep3_.staging_CRISPRessoPooled_on_CGBE1-NG_D5_rep3_CRISPResso_on_PDCD1	-	2.583712277800744e-05	0.0	0.0	0.0	0.0	0.0	0.0	0.0	2.583712277800744e-05	0.0	0.0	0.0	0.0	0.0	0.0	2.583712277800744e-05	0.0	0.0	0.0	0.0
