Folder	Nucleotide	G	G	A	G	G	C	T	A	T	C	C	A	G	C	G	T	G	A	G	T
_scratch_st-cdeboer-1_asfar_VLPs_results_crispresso_aggregated_spacer_CGBE1-NG_rep1_.staging_CRISPRessoPooled_on_CGBE1-NG_D0_rep1_CRISPResso_on_B2M	A	0.0002416927850805	1.5593082908421825e-05	0.9996569521760148	2.3389624362632738e-05	8.576195599632004e-05	3.898270727105456e-05	0.0	0.9998050864636449	7.796541454210913e-06	6.23723316336873e-05	7.016887308789821e-05	0.9996725452589232	1.5593082908421825e-05	5.457579017947639e-05	2.3389624362632738e-05	0.0	2.3389624362632738e-05	0.9996959348832858	2.3389624362632738e-05	1.5593082908421825e-05
_scratch_st-cdeboer-1_asfar_VLPs_results_crispresso_aggregated_spacer_CGBE1-NG_rep1_.staging_CRISPRessoPooled_on_CGBE1-NG_D0_rep1_CRISPResso_on_B2M	T	0.0001637273705384	0.0005457579017947	7.796541454210913e-06	0.0002338962436263	6.23723316336873e-05	7.016887308789821e-05	0.9996881383418316	1.5593082908421825e-05	0.9994620386396594	4.677924872526548e-05	7.796541454210913e-05	0.0	4.677924872526548e-05	0.0001403377461757	3.898270727105456e-05	0.999773900297828	4.677924872526548e-05	0.0	0.0002494893265347	0.9995867833029268
_scratch_st-cdeboer-1_asfar_VLPs_results_crispresso_aggregated_spacer_CGBE1-NG_rep1_.staging_CRISPRessoPooled_on_CGBE1-NG_D0_rep1_CRISPResso_on_B2M	C	9.355849745053096e-05	0.0001325412047215	5.457579017947639e-05	4.677924872526548e-05	0.0001013550389047	0.9998674587952784	0.0001325412047215	2.3389624362632738e-05	0.0001715239119926	0.99985186571237	0.9998050864636449	0.0001169481218131	3.118616581684365e-05	0.9997894933807364	5.457579017947639e-05	7.796541454210913e-05	6.23723316336873e-05	3.898270727105456e-05	5.457579017947639e-05	0.000187116994901
_scratch_st-cdeboer-1_asfar_VLPs_results_crispresso_aggregated_spacer_CGBE1-NG_rep1_.staging_CRISPRessoPooled_on_CGBE1-NG_D0_rep1_CRISPResso_on_B2M	G	0.9995010213469304	0.9992515320203956	0.0002806754923515	0.9996959348832858	0.9997505106734652	2.3389624362632738e-05	0.0001793204534468	0.0001559308290842	0.0003586409068937	3.898270727105456e-05	2.3389624362632738e-05	0.0002105066192636	0.9999064415025496	1.5593082908421825e-05	0.9998830518781868	0.00014813428763	0.9998674587952784	0.0002650824094431	0.9996725452589232	0.0002105066192636
_scratch_st-cdeboer-1_asfar_VLPs_results_crispresso_aggregated_spacer_CGBE1-NG_rep1_.staging_CRISPRessoPooled_on_CGBE1-NG_D0_rep1_CRISPResso_on_B2M	N	0.0	0.0	0.0	0.0	0.0	0.0	0.0	0.0	0.0	0.0	7.796541454210913e-06	0.0	0.0	0.0	0.0	0.0	0.0	0.0	0.0	0.0
_scratch_st-cdeboer-1_asfar_VLPs_results_crispresso_aggregated_spacer_CGBE1-NG_rep1_.staging_CRISPRessoPooled_on_CGBE1-NG_D0_rep1_CRISPResso_on_B2M	-	0.0	5.457579017947639e-05	0.0	0.0	0.0	0.0	0.0	0.0	0.0	0.0	1.5593082908421825e-05	0.0	0.0	0.0	0.0	0.0	0.0	0.0	0.0	0.0
_scratch_st-cdeboer-1_asfar_VLPs_results_crispresso_aggregated_spacer_CGBE1-NG_rep1_.staging_CRISPRessoPooled_on_CGBE1-NG_D1_rep1_CRISPResso_on_B2M	A	0.0001174250366953	2.516250786328371e-05	0.9997148249108828	1.6775005242189137e-05	1.6775005242189137e-05	0.0001006500314531	0.0	0.999832249947578	1.6775005242189137e-05	5.871251834766198e-05	5.871251834766198e-05	0.9996812749003984	4.1937513105472846e-05	7.548752358985113e-05	0.0002348500733906	0.0	0.0002180750681484	0.9996561123925352	1.6775005242189137e-05	0.0
_scratch_st-cdeboer-1_asfar_VLPs_results_crispresso_aggregated_spacer_CGBE1-NG_rep1_.staging_CRISPRessoPooled_on_CGBE1-NG_D1_rep1_CRISPResso_on_B2M	T	0.0001593625498007	0.0004780876494023	0.0	0.0001509750471797	5.871251834766198e-05	8.387502621094569e-05	0.9996644998951564	1.6775005242189137e-05	0.9995638498637032	6.710002096875655e-05	0.0001425875445586	8.387502621094569e-06	7.548752358985113e-05	0.0001258125393164	0.0001090375340742	0.9997315999161248	0.000184525057664	1.6775005242189137e-05	0.0002935625917383	0.9995386873558398
_scratch_st-cdeboer-1_asfar_VLPs_results_crispresso_aggregated_spacer_CGBE1-NG_rep1_.staging_CRISPRessoPooled_on_CGBE1-NG_D1_rep1_CRISPResso_on_B2M	C	7.548752358985113e-05	9.226252883204026e-05	3.3550010484378274e-05	6.710002096875655e-05	4.1937513105472846e-05	0.9997986999370936	0.0001593625498007	2.516250786328371e-05	0.0001258125393164	0.9997986999370936	0.9997148249108828	0.0001090375340742	3.3550010484378274e-05	0.9997064374082616	1.6775005242189137e-05	0.0001006500314531	0.0004193751310547	3.3550010484378274e-05	5.871251834766198e-05	0.0002096875655273
_scratch_st-cdeboer-1_asfar_VLPs_results_crispresso_aggregated_spacer_CGBE1-NG_rep1_.staging_CRISPRessoPooled_on_CGBE1-NG_D1_rep1_CRISPResso_on_B2M	G	0.999647724889914	0.99938771230866	0.0002264625707695	0.9997483749213673	0.9998574124554414	0.0	0.0001593625498007	0.0001090375340742	0.0002767875864961	4.1937513105472846e-05	1.6775005242189137e-05	0.0001677500524218	0.999815474942336	5.871251834766198e-05	0.9996225623820508	0.0001509750471797	0.9991612497378906	0.0002767875864961	0.9996141748794296	0.0002348500733906
_scratch_st-cdeboer-1_asfar_VLPs_results_crispresso_aggregated_spacer_CGBE1-NG_rep1_.staging_CRISPRessoPooled_on_CGBE1-NG_D1_rep1_CRISPResso_on_B2M	N	0.0	0.0	0.0	0.0	0.0	0.0	0.0	0.0	0.0	0.0	0.0	0.0	0.0	0.0	0.0	0.0	0.0	0.0	0.0	0.0
_scratch_st-cdeboer-1_asfar_VLPs_results_crispresso_aggregated_spacer_CGBE1-NG_rep1_.staging_CRISPRessoPooled_on_CGBE1-NG_D1_rep1_CRISPResso_on_B2M	-	0.0	1.6775005242189137e-05	2.516250786328371e-05	1.6775005242189137e-05	2.516250786328371e-05	1.6775005242189137e-05	1.6775005242189137e-05	1.6775005242189137e-05	1.6775005242189137e-05	3.3550010484378274e-05	6.710002096875655e-05	3.3550010484378274e-05	3.3550010484378274e-05	3.3550010484378274e-05	1.6775005242189137e-05	1.6775005242189137e-05	1.6775005242189137e-05	1.6775005242189137e-05	1.6775005242189137e-05	1.6775005242189137e-05
_scratch_st-cdeboer-1_asfar_VLPs_results_crispresso_aggregated_spacer_CGBE1-NG_rep1_.staging_CRISPRessoPooled_on_CGBE1-NG_D2_rep1_CRISPResso_on_B2M	A	8.584612082841507e-05	2.1461530207103767e-05	0.9995493078656508	6.43845906213113e-05	6.43845906213113e-05	0.0001073076510355	0.0	0.9993990771542012	0.0	4.2923060414207534e-05	6.43845906213113e-05	0.999163000321923	0.0	8.584612082841507e-05	0.0004077690739349	2.1461530207103767e-05	0.0007940766176628	0.9994634617448224	0.0	4.2923060414207534e-05
_scratch_st-cdeboer-1_asfar_VLPs_results_crispresso_aggregated_spacer_CGBE1-NG_rep1_.staging_CRISPRessoPooled_on_CGBE1-NG_D2_rep1_CRISPResso_on_B2M	T	0.0003863075437278	0.0004077690739349	4.2923060414207534e-05	0.0001931537718639	6.43845906213113e-05	4.2923060414207534e-05	0.999377615623994	6.43845906213113e-05	0.9992917695031656	0.0001716922416568	2.1461530207103767e-05	0.0	4.2923060414207534e-05	8.584612082841507e-05	0.000214615302071	0.999377615623994	0.000429230604142	0.0	0.0002360768322781	0.9994634617448224
_scratch_st-cdeboer-1_asfar_VLPs_results_crispresso_aggregated_spacer_CGBE1-NG_rep1_.staging_CRISPRessoPooled_on_CGBE1-NG_D2_rep1_CRISPResso_on_B2M	C	8.584612082841507e-05	4.2923060414207534e-05	2.1461530207103767e-05	0.0001287691812426	2.1461530207103767e-05	0.9994634617448224	8.584612082841507e-05	4.2923060414207534e-05	0.0001287691812426	0.9994420002146152	0.9995063848052366	0.000214615302071	6.43845906213113e-05	0.9994420002146152	0.0001287691812426	4.2923060414207534e-05	0.0014808455842901	2.1461530207103767e-05	0.0001502307114497	0.0001716922416568
_scratch_st-cdeboer-1_asfar_VLPs_results_crispresso_aggregated_spacer_CGBE1-NG_rep1_.staging_CRISPRessoPooled_on_CGBE1-NG_D2_rep1_CRISPResso_on_B2M	G	0.9993990771542012	0.9994420002146152	0.0002360768322781	0.9994849232750296	0.9995278463354436	2.1461530207103767e-05	0.0001931537718639	0.0001502307114497	0.0002360768322781	0.0	2.1461530207103767e-05	0.0002789998926923	0.9995493078656508	4.2923060414207534e-05	0.9989054619594376	0.0002360768322781	0.9969739242407984	0.0001931537718639	0.9992917695031656	0.0001931537718639
_scratch_st-cdeboer-1_asfar_VLPs_results_crispresso_aggregated_spacer_CGBE1-NG_rep1_.staging_CRISPRessoPooled_on_CGBE1-NG_D2_rep1_CRISPResso_on_B2M	N	0.0	0.0	2.1461530207103767e-05	0.0	0.0	0.0	0.0	0.0	0.0	0.0	0.0	0.0	0.0	0.0	0.0	0.0	0.0	0.0	0.0	0.0
_scratch_st-cdeboer-1_asfar_VLPs_results_crispresso_aggregated_spacer_CGBE1-NG_rep1_.staging_CRISPRessoPooled_on_CGBE1-NG_D2_rep1_CRISPResso_on_B2M	-	4.2923060414207534e-05	8.584612082841507e-05	0.0001287691812426	0.0001287691812426	0.0003219229531065	0.0003648460135207	0.0003433844833136	0.0003433844833136	0.0003433844833136	0.0003433844833136	0.0003863075437278	0.0003433844833136	0.0003433844833136	0.0003433844833136	0.0003433844833136	0.0003219229531065	0.0003219229531065	0.0003219229531065	0.0003219229531065	0.0001287691812426
_scratch_st-cdeboer-1_asfar_VLPs_results_crispresso_aggregated_spacer_CGBE1-NG_rep1_.staging_CRISPRessoPooled_on_CGBE1-NG_D3_rep1_CRISPResso_on_B2M	A	8.809882730672096e-05	1.9577517179271325e-05	0.9992168993128292	1.9577517179271325e-05	6.852131012744963e-05	6.852131012744963e-05	0.0	0.9992168993128292	9.788758589635662e-06	7.83100687170853e-05	1.9577517179271325e-05	0.9989917578652676	1.9577517179271325e-05	9.788758589635662e-05	0.0010865522034495	0.0	0.0023688795786918	0.9991777442784706	0.0001664088960238	1.9577517179271325e-05
_scratch_st-cdeboer-1_asfar_VLPs_results_crispresso_aggregated_spacer_CGBE1-NG_rep1_.staging_CRISPRessoPooled_on_CGBE1-NG_D3_rep1_CRISPResso_on_B2M	T	0.0001174651030756	0.0003915503435854	3.915503435854265e-05	0.0001468313788445	3.915503435854265e-05	6.852131012744963e-05	0.9991288004855224	3.915503435854265e-05	0.9990211241410364	7.83100687170853e-05	0.0001174651030756	0.0	8.809882730672096e-05	0.0002251414475616	0.0007635231699915	0.9991581667612912	0.0002545077233305	0.0	0.000185986413203	0.99946161827757
_scratch_st-cdeboer-1_asfar_VLPs_results_crispresso_aggregated_spacer_CGBE1-NG_rep1_.staging_CRISPRessoPooled_on_CGBE1-NG_D3_rep1_CRISPResso_on_B2M	C	5.8732551537813975e-05	0.0001272538616652	3.915503435854265e-05	6.852131012744963e-05	4.894379294817831e-05	0.999060279175395	0.0002153526889719	0.0	5.8732551537813975e-05	0.9991581667612912	0.999138589244112	9.788758589635662e-05	1.9577517179271325e-05	0.999030912899626	0.0005775367567885	0.0001076763444859	0.0030051488870181	5.8732551537813975e-05	0.0001174651030756	0.0001664088960238
_scratch_st-cdeboer-1_asfar_VLPs_results_crispresso_aggregated_spacer_CGBE1-NG_rep1_.staging_CRISPRessoPooled_on_CGBE1-NG_D3_rep1_CRISPResso_on_B2M	G	0.9995399283462872	0.9992168993128292	0.0001957751717927	0.9992560543471876	0.9990994342097536	9.788758589635662e-06	8.809882730672096e-05	9.788758589635662e-05	0.0002642964819201	2.9366275768906987e-05	3.915503435854265e-05	0.0002642964819201	0.9992168993128292	2.9366275768906987e-05	0.9969556960786232	0.0001174651030756	0.9937547720198124	0.0002251414475616	0.9990015466238572	0.0002055639303823
_scratch_st-cdeboer-1_asfar_VLPs_results_crispresso_aggregated_spacer_CGBE1-NG_rep1_.staging_CRISPRessoPooled_on_CGBE1-NG_D3_rep1_CRISPResso_on_B2M	N	0.0	0.0	0.0	0.0	0.0	0.0	0.0	0.0	0.0	0.0	9.788758589635662e-06	0.0	0.0	0.0	0.0	0.0	0.0	9.788758589635662e-06	0.0	9.788758589635662e-06
_scratch_st-cdeboer-1_asfar_VLPs_results_crispresso_aggregated_spacer_CGBE1-NG_rep1_.staging_CRISPRessoPooled_on_CGBE1-NG_D3_rep1_CRISPResso_on_B2M	-	0.0001957751717927	0.0002447189647408	0.000509015446661	0.000509015446661	0.0007439456528123	0.0007928894457604	0.0005677479981988	0.0006460580669159	0.0006460580669159	0.0006558468255055	0.0006754243426848	0.0006460580669159	0.0006558468255055	0.000616691791147	0.000616691791147	0.000616691791147	0.000616691791147	0.0005285929638403	0.0005285929638403	0.0001370426202548
_scratch_st-cdeboer-1_asfar_VLPs_results_crispresso_aggregated_spacer_CGBE1-NG_rep1_.staging_CRISPRessoPooled_on_CGBE1-NG_D4_rep1_CRISPResso_on_B2M	A	0.0003123081727818	2.153849467460719e-05	0.9993107681704124	8.615397869842876e-05	0.0002046156994087	4.307698934921438e-05	1.0769247337303595e-05	0.9986969210721862	1.0769247337303595e-05	5.384623668651798e-05	7.538473136112517e-05	0.9983092281680432	3.2307742011910785e-05	2.153849467460719e-05	0.0027892350603616	1.0769247337303595e-05	0.0059446245301915	0.9985676901041386	1.0769247337303595e-05	1.0769247337303595e-05
_scratch_st-cdeboer-1_asfar_VLPs_results_crispresso_aggregated_spacer_CGBE1-NG_rep1_.staging_CRISPRessoPooled_on_CGBE1-NG_D4_rep1_CRISPResso_on_B2M	T	0.0003123081727818	0.0005384623668651	2.153849467460719e-05	0.0003446159147937	5.384623668651798e-05	0.0001184617207103	0.9988692290295832	0.0	0.9984061513940792	0.0001723079573968	0.0001400002153849	9.692322603573236e-05	8.615397869842876e-05	0.0001615387100595	0.0013892329065121	0.9986538440828372	0.0013353866698256	1.0769247337303595e-05	0.0001830772047341	0.9989123060189324
_scratch_st-cdeboer-1_asfar_VLPs_results_crispresso_aggregated_spacer_CGBE1-NG_rep1_.staging_CRISPRessoPooled_on_CGBE1-NG_D4_rep1_CRISPResso_on_B2M	C	0.0001507694627222	0.000107692473373	0.0001292309680476	7.538473136112517e-05	4.307698934921438e-05	0.9990307677396428	0.0001938464520714	9.692322603573236e-05	0.0002046156994087	0.9986646133301744	0.9984923053727774	9.692322603573236e-05	9.692322603573236e-05	0.9985246131147896	0.0011523094650914	3.2307742011910785e-05	0.0072261649633307	3.2307742011910785e-05	7.538473136112517e-05	0.0001184617207103
_scratch_st-cdeboer-1_asfar_VLPs_results_crispresso_aggregated_spacer_CGBE1-NG_rep1_.staging_CRISPRessoPooled_on_CGBE1-NG_D4_rep1_CRISPResso_on_B2M	G	0.9990630754816546	0.9990953832236664	0.0002584619360952	0.9990846139763292	0.9988153827928966	0.0	6.461548402382157e-05	9.692322603573236e-05	0.0002692311834325	0.0	2.153849467460719e-05	0.0002476926887579	0.9985353823621268	4.307698934921438e-05	0.9932692204141852	0.0001830772047341	0.984255360392862	0.0002692311834325	0.9986753825775116	0.0002476926887579
_scratch_st-cdeboer-1_asfar_VLPs_results_crispresso_aggregated_spacer_CGBE1-NG_rep1_.staging_CRISPRessoPooled_on_CGBE1-NG_D4_rep1_CRISPResso_on_B2M	N	0.0	0.0	0.0	0.0	0.0	0.0	0.0	0.0	0.0	0.0	0.0	0.0	0.0	0.0	0.0	0.0	0.0	0.0	0.0	0.0
_scratch_st-cdeboer-1_asfar_VLPs_results_crispresso_aggregated_spacer_CGBE1-NG_rep1_.staging_CRISPRessoPooled_on_CGBE1-NG_D4_rep1_CRISPResso_on_B2M	-	0.0001615387100595	0.0002369234414206	0.0002800004307698	0.0004092313988175	0.0008830782816588	0.0008076935502977	0.0008615397869842	0.0011092324757422	0.0011092324757422	0.0011092324757422	0.0012707711858018	0.0012492326911272	0.0012492326911272	0.0012492326911272	0.0014000021538494	0.0011200017230795	0.0012384634437899	0.0011200017230795	0.0010553862390557	0.000710770324262
_scratch_st-cdeboer-1_asfar_VLPs_results_crispresso_aggregated_spacer_CGBE1-NG_rep1_.staging_CRISPRessoPooled_on_CGBE1-NG_D5_rep1_CRISPResso_on_B2M	A	0.0002658331856482	8.0555510802494e-06	0.9991138893811724	0.0001530554705247	0.0001288888172839	0.0001691665726852	7.24999597222446e-05	0.9981472232515426	1.61111021604988e-05	4.0277755401247e-05	7.24999597222446e-05	0.9975511124716042	8.86110618827434e-05	0.0001369443683642	0.0044869419516989	9.66666129629928e-05	0.0082488843061753	0.9981391677004624	8.0555510802494e-06	3.22222043209976e-05
_scratch_st-cdeboer-1_asfar_VLPs_results_crispresso_aggregated_spacer_CGBE1-NG_rep1_.staging_CRISPRessoPooled_on_CGBE1-NG_D5_rep1_CRISPResso_on_B2M	T	0.0001691665726852	0.0004108331050927	4.83333064814964e-05	0.0003302775942902	4.0277755401247e-05	7.24999597222446e-05	0.9985016674990737	1.61111021604988e-05	0.997937778923456	0.0001369443683642	8.0555510802494e-05	8.0555510802494e-06	0.0001369443683642	0.0001852776748457	0.002231387649229	0.9977605567996908	0.0014419436433646	1.61111021604988e-05	0.0003383331453704	0.9988641672976848
_scratch_st-cdeboer-1_asfar_VLPs_results_crispresso_aggregated_spacer_CGBE1-NG_rep1_.staging_CRISPRessoPooled_on_CGBE1-NG_D5_rep1_CRISPResso_on_B2M	C	4.83333064814964e-05	0.0001127777151234	2.41666532407482e-05	7.24999597222446e-05	4.0277755401247e-05	0.9983969453350304	8.0555510802494e-05	9.66666129629928e-05	9.66666129629928e-05	0.997929723372376	0.9976236124313264	5.63888575617458e-05	0.0001127777151234	0.9976316679824068	0.0011358327023151	4.83333064814964e-05	0.009433050314972	8.0555510802494e-06	6.44444086419952e-05	0.0001369443683642
_scratch_st-cdeboer-1_asfar_VLPs_results_crispresso_aggregated_spacer_CGBE1-NG_rep1_.staging_CRISPRessoPooled_on_CGBE1-NG_D5_rep1_CRISPResso_on_B2M	G	0.9992427781984564	0.9990816671768517	0.0002819442878087	0.9988158339912032	0.9985419452544748	7.24999597222446e-05	0.0001530554705247	0.0003383331453704	0.0003222220432099	4.0277755401247e-05	6.44444086419952e-05	0.0002255554302469	0.9975591680226844	8.0555510802494e-05	0.990276949846139	0.0003061109410494	0.978975011680549	0.0003302775942902	0.9980827788429006	0.0001852776748457
_scratch_st-cdeboer-1_asfar_VLPs_results_crispresso_aggregated_spacer_CGBE1-NG_rep1_.staging_CRISPRessoPooled_on_CGBE1-NG_D5_rep1_CRISPResso_on_B2M	N	0.0	0.0	0.0	0.0	0.0	0.0	0.0	0.0	0.0	0.0	0.0	0.0	0.0	8.0555510802494e-06	0.0	0.0	0.0	0.0	0.0	8.0555510802494e-06
_scratch_st-cdeboer-1_asfar_VLPs_results_crispresso_aggregated_spacer_CGBE1-NG_rep1_.staging_CRISPRessoPooled_on_CGBE1-NG_D5_rep1_CRISPResso_on_B2M	-	0.0002738887367284	0.0003866664518519	0.0005316663712964	0.0006283329842594	0.0012486104174386	0.0012888881728399	0.0011922215598769	0.0014016658879633	0.0016272213182103	0.0018527767484573	0.0021588876895068	0.0021588876895068	0.002102498831945	0.0019574989125006	0.0018688878506178	0.0017883323398153	0.0019011100549388	0.0015063880520066	0.0015063880520066	0.0007733329037039
