Folder	Nucleotide	C	A	C	C	T	A	C	C	T	A	A	G	A	A	C	C	A	T	C	C
_scratch_st-cdeboer-1_asfar_VLPs_results_crispresso_aggregated_spacer_CGBE1-NG_rep2_.staging_CRISPRessoPooled_on_CGBE1-NG_D0_rep2_CRISPResso_on_PDCD1	A	8.825346394845998e-05	0.999823493072103	5.295207836907599e-05	7.060277115876799e-05	0.0	0.9999117465360516	3.530138557938399e-05	7.060277115876799e-05	1.7650692789691997e-05	0.999823493072103	0.999770540993734	7.060277115876799e-05	0.9997175889153648	0.9997881916865236	1.7650692789691997e-05	7.060277115876799e-05	0.9998411437648927	3.530138557938399e-05	7.060277115876799e-05	0.0001235548495278
_scratch_st-cdeboer-1_asfar_VLPs_results_crispresso_aggregated_spacer_CGBE1-NG_rep2_.staging_CRISPRessoPooled_on_CGBE1-NG_D0_rep2_CRISPResso_on_PDCD1	T	8.825346394845998e-05	3.530138557938399e-05	7.060277115876799e-05	1.7650692789691997e-05	0.9998587944576824	0.0	1.7650692789691997e-05	1.7650692789691997e-05	0.999646986144206	0.0	1.7650692789691997e-05	0.0001235548495278	1.7650692789691997e-05	3.530138557938399e-05	0.0	3.530138557938399e-05	0.0	0.9995057806018888	3.530138557938399e-05	1.7650692789691997e-05
_scratch_st-cdeboer-1_asfar_VLPs_results_crispresso_aggregated_spacer_CGBE1-NG_rep2_.staging_CRISPRessoPooled_on_CGBE1-NG_D0_rep2_CRISPResso_on_PDCD1	C	0.999770540993734	3.530138557938399e-05	0.9998587944576824	0.9998587944576824	0.0001059041567381	0.0	0.9999117465360516	0.9998587944576824	0.0001765069278969	1.7650692789691997e-05	5.295207836907599e-05	1.7650692789691997e-05	0.0001059041567381	1.7650692789691997e-05	0.9999646986144206	0.999876445150472	5.295207836907599e-05	0.0003706645485835	0.9998587944576824	0.9998058423793134
_scratch_st-cdeboer-1_asfar_VLPs_results_crispresso_aggregated_spacer_CGBE1-NG_rep2_.staging_CRISPRessoPooled_on_CGBE1-NG_D0_rep2_CRISPResso_on_PDCD1	G	1.7650692789691997e-05	8.825346394845998e-05	0.0	3.530138557938399e-05	0.0	7.060277115876799e-05	1.7650692789691997e-05	3.530138557938399e-05	0.0001412055423175	0.0001412055423175	7.060277115876799e-05	0.999770540993734	0.0001412055423175	0.0001412055423175	0.0	0.0	8.825346394845998e-05	7.060277115876799e-05	1.7650692789691997e-05	3.530138557938399e-05
_scratch_st-cdeboer-1_asfar_VLPs_results_crispresso_aggregated_spacer_CGBE1-NG_rep2_.staging_CRISPRessoPooled_on_CGBE1-NG_D0_rep2_CRISPResso_on_PDCD1	N	0.0	0.0	0.0	0.0	0.0	0.0	0.0	0.0	0.0	0.0	0.0	0.0	0.0	0.0	0.0	0.0	0.0	0.0	0.0	0.0
_scratch_st-cdeboer-1_asfar_VLPs_results_crispresso_aggregated_spacer_CGBE1-NG_rep2_.staging_CRISPRessoPooled_on_CGBE1-NG_D0_rep2_CRISPResso_on_PDCD1	-	3.530138557938399e-05	1.7650692789691997e-05	1.7650692789691997e-05	1.7650692789691997e-05	3.530138557938399e-05	1.7650692789691997e-05	1.7650692789691997e-05	1.7650692789691997e-05	1.7650692789691997e-05	1.7650692789691997e-05	8.825346394845998e-05	1.7650692789691997e-05	1.7650692789691997e-05	1.7650692789691997e-05	1.7650692789691997e-05	1.7650692789691997e-05	1.7650692789691997e-05	1.7650692789691997e-05	1.7650692789691997e-05	1.7650692789691997e-05
_scratch_st-cdeboer-1_asfar_VLPs_results_crispresso_aggregated_spacer_CGBE1-NG_rep2_.staging_CRISPRessoPooled_on_CGBE1-NG_D1_rep2_CRISPResso_on_PDCD1	A	0.000103809820409	0.999896190179591	7.785736530675803e-05	5.1904910204505343e-05	2.5952455102252672e-05	0.9999480950897957	5.1904910204505343e-05	0.0	0.0	0.9998702377244888	0.9998183328142842	7.785736530675803e-05	0.9997145229938752	0.9997664279040798	0.0	5.1904910204505343e-05	0.9998442852693864	0.0	2.5952455102252672e-05	0.000103809820409
_scratch_st-cdeboer-1_asfar_VLPs_results_crispresso_aggregated_spacer_CGBE1-NG_rep2_.staging_CRISPRessoPooled_on_CGBE1-NG_D1_rep2_CRISPResso_on_PDCD1	T	2.5952455102252672e-05	0.0	5.1904910204505343e-05	0.000103809820409	0.9997664279040798	2.5952455102252672e-05	5.1904910204505343e-05	7.785736530675803e-05	0.9998183328142842	0.0	0.0	0.0001297622755112	0.0	0.0	5.1904910204505343e-05	5.1904910204505343e-05	2.5952455102252672e-05	0.9996626180836709	5.1904910204505343e-05	7.785736530675803e-05
_scratch_st-cdeboer-1_asfar_VLPs_results_crispresso_aggregated_spacer_CGBE1-NG_rep2_.staging_CRISPRessoPooled_on_CGBE1-NG_D1_rep2_CRISPResso_on_PDCD1	C	0.9998183328142842	5.1904910204505343e-05	0.9998442852693864	0.9998183328142842	0.000103809820409	0.0	0.9998702377244888	0.999792380359182	5.1904910204505343e-05	2.5952455102252672e-05	2.5952455102252672e-05	2.5952455102252672e-05	7.785736530675803e-05	0.0001557147306135	0.9999221426346931	0.9998702377244888	7.785736530675803e-05	0.0002595245510225	0.999896190179591	0.999792380359182
_scratch_st-cdeboer-1_asfar_VLPs_results_crispresso_aggregated_spacer_CGBE1-NG_rep2_.staging_CRISPRessoPooled_on_CGBE1-NG_D1_rep2_CRISPResso_on_PDCD1	G	0.0	2.5952455102252672e-05	0.0	0.0	5.1904910204505343e-05	0.0	0.0	0.000103809820409	0.000103809820409	7.785736530675803e-05	7.785736530675803e-05	0.9997145229938752	0.0001816671857157	5.1904910204505343e-05	0.0	0.0	2.5952455102252672e-05	5.1904910204505343e-05	0.0	0.0
_scratch_st-cdeboer-1_asfar_VLPs_results_crispresso_aggregated_spacer_CGBE1-NG_rep2_.staging_CRISPRessoPooled_on_CGBE1-NG_D1_rep2_CRISPResso_on_PDCD1	N	0.0	0.0	0.0	0.0	0.0	0.0	0.0	0.0	0.0	0.0	0.0	2.5952455102252672e-05	0.0	0.0	0.0	0.0	0.0	0.0	0.0	0.0
_scratch_st-cdeboer-1_asfar_VLPs_results_crispresso_aggregated_spacer_CGBE1-NG_rep2_.staging_CRISPRessoPooled_on_CGBE1-NG_D1_rep2_CRISPResso_on_PDCD1	-	5.1904910204505343e-05	2.5952455102252672e-05	2.5952455102252672e-05	2.5952455102252672e-05	5.1904910204505343e-05	2.5952455102252672e-05	2.5952455102252672e-05	2.5952455102252672e-05	2.5952455102252672e-05	2.5952455102252672e-05	7.785736530675803e-05	2.5952455102252672e-05	2.5952455102252672e-05	2.5952455102252672e-05	2.5952455102252672e-05	2.5952455102252672e-05	2.5952455102252672e-05	2.5952455102252672e-05	2.5952455102252672e-05	2.5952455102252672e-05
_scratch_st-cdeboer-1_asfar_VLPs_results_crispresso_aggregated_spacer_CGBE1-NG_rep2_.staging_CRISPRessoPooled_on_CGBE1-NG_D2_rep2_CRISPResso_on_PDCD1	A	8.228420966016621e-05	0.9998765736855098	6.171315724512466e-05	6.171315724512466e-05	0.0	0.9997531473710196	2.0571052415041552e-05	4.1142104830083104e-05	0.0	0.9998148605282646	0.9998971447379248	8.228420966016621e-05	0.9997531473710196	0.9998148605282646	4.1142104830083104e-05	6.171315724512466e-05	0.9998971447379248	0.0	0.0001028552620752	4.1142104830083104e-05
_scratch_st-cdeboer-1_asfar_VLPs_results_crispresso_aggregated_spacer_CGBE1-NG_rep2_.staging_CRISPRessoPooled_on_CGBE1-NG_D2_rep2_CRISPResso_on_PDCD1	T	6.171315724512466e-05	4.1142104830083104e-05	4.1142104830083104e-05	8.228420966016621e-05	0.9998148605282646	0.0	0.0	0.0001028552620752	0.9997737184234344	0.0	0.0	0.0001028552620752	0.0	0.0	2.0571052415041552e-05	2.0571052415041552e-05	0.0	0.9996708631613592	0.0	6.171315724512466e-05
_scratch_st-cdeboer-1_asfar_VLPs_results_crispresso_aggregated_spacer_CGBE1-NG_rep2_.staging_CRISPRessoPooled_on_CGBE1-NG_D2_rep2_CRISPResso_on_PDCD1	C	0.9998148605282646	2.0571052415041552e-05	0.9998765736855098	0.9998354315806796	0.0001851394717353	0.0	0.999979428947585	0.9998560026330948	0.0001234263144902	2.0571052415041552e-05	2.0571052415041552e-05	4.1142104830083104e-05	0.0001234263144902	2.0571052415041552e-05	0.9999382868427548	0.9999177157903398	8.228420966016621e-05	0.0002468526289804	0.9998971447379248	0.9998971447379248
_scratch_st-cdeboer-1_asfar_VLPs_results_crispresso_aggregated_spacer_CGBE1-NG_rep2_.staging_CRISPRessoPooled_on_CGBE1-NG_D2_rep2_CRISPResso_on_PDCD1	G	4.1142104830083104e-05	6.171315724512466e-05	2.0571052415041552e-05	2.0571052415041552e-05	0.0	0.0002468526289804	0.0	0.0	0.0001028552620752	0.0001645684193203	4.1142104830083104e-05	0.9997737184234344	0.0001234263144902	0.0001234263144902	0.0	0.0	2.0571052415041552e-05	8.228420966016621e-05	0.0	0.0
_scratch_st-cdeboer-1_asfar_VLPs_results_crispresso_aggregated_spacer_CGBE1-NG_rep2_.staging_CRISPRessoPooled_on_CGBE1-NG_D2_rep2_CRISPResso_on_PDCD1	N	0.0	0.0	0.0	0.0	0.0	0.0	0.0	0.0	0.0	0.0	0.0	0.0	0.0	0.0	0.0	0.0	0.0	0.0	0.0	0.0
_scratch_st-cdeboer-1_asfar_VLPs_results_crispresso_aggregated_spacer_CGBE1-NG_rep2_.staging_CRISPRessoPooled_on_CGBE1-NG_D2_rep2_CRISPResso_on_PDCD1	-	0.0	0.0	0.0	0.0	0.0	0.0	0.0	0.0	0.0	0.0	4.1142104830083104e-05	0.0	0.0	4.1142104830083104e-05	0.0	0.0	0.0	0.0	0.0	0.0
_scratch_st-cdeboer-1_asfar_VLPs_results_crispresso_aggregated_spacer_CGBE1-NG_rep2_.staging_CRISPRessoPooled_on_CGBE1-NG_D3_rep2_CRISPResso_on_PDCD1	A	4.5833190104614254e-05	0.9997822923470032	6.874978515692139e-05	4.5833190104614254e-05	1.1458297526153563e-05	0.9999312502148432	5.729148763076782e-05	9.166638020922852e-05	1.1458297526153563e-05	0.9998166672395816	0.9998968753222646	6.874978515692139e-05	0.9997250008593724	0.9998166672395816	2.2916595052307127e-05	5.729148763076782e-05	0.9999083336197908	1.1458297526153563e-05	8.020808268307495e-05	3.4374892578460694e-05
_scratch_st-cdeboer-1_asfar_VLPs_results_crispresso_aggregated_spacer_CGBE1-NG_rep2_.staging_CRISPRessoPooled_on_CGBE1-NG_D3_rep2_CRISPResso_on_PDCD1	T	2.2916595052307127e-05	4.5833190104614254e-05	0.0001031246777353	3.4374892578460694e-05	0.999839583834634	1.1458297526153563e-05	4.5833190104614254e-05	3.4374892578460694e-05	0.9997822923470032	0.0	1.1458297526153563e-05	0.0001260412727876	1.1458297526153563e-05	0.0	2.2916595052307127e-05	4.5833190104614254e-05	1.1458297526153563e-05	0.9996333344791632	5.729148763076782e-05	6.874978515692139e-05
_scratch_st-cdeboer-1_asfar_VLPs_results_crispresso_aggregated_spacer_CGBE1-NG_rep2_.staging_CRISPRessoPooled_on_CGBE1-NG_D3_rep2_CRISPResso_on_PDCD1	C	0.9998968753222646	1.1458297526153563e-05	0.9997822923470032	0.9998968753222646	0.0001145829752615	1.1458297526153563e-05	0.9998739587272124	0.9997250008593724	4.5833190104614254e-05	1.1458297526153563e-05	0.0	2.2916595052307127e-05	0.0001489578678399	4.5833190104614254e-05	0.9999312502148432	0.9998854170247384	2.2916595052307127e-05	0.000229165950523	0.999839583834634	0.9998854170247384
_scratch_st-cdeboer-1_asfar_VLPs_results_crispresso_aggregated_spacer_CGBE1-NG_rep2_.staging_CRISPRessoPooled_on_CGBE1-NG_D3_rep2_CRISPResso_on_PDCD1	G	0.0	0.0001604161653661	4.5833190104614254e-05	2.2916595052307127e-05	3.4374892578460694e-05	4.5833190104614254e-05	2.2916595052307127e-05	0.0001374995703138	0.0001489578678399	0.0001718744628923	4.5833190104614254e-05	0.9997822923470032	0.0001145829752615	0.0001374995703138	2.2916595052307127e-05	1.1458297526153563e-05	5.729148763076782e-05	0.0001145829752615	2.2916595052307127e-05	1.1458297526153563e-05
_scratch_st-cdeboer-1_asfar_VLPs_results_crispresso_aggregated_spacer_CGBE1-NG_rep2_.staging_CRISPRessoPooled_on_CGBE1-NG_D3_rep2_CRISPResso_on_PDCD1	N	1.1458297526153563e-05	0.0	0.0	0.0	0.0	0.0	0.0	0.0	0.0	0.0	0.0	0.0	0.0	0.0	0.0	0.0	0.0	1.1458297526153563e-05	0.0	0.0
_scratch_st-cdeboer-1_asfar_VLPs_results_crispresso_aggregated_spacer_CGBE1-NG_rep2_.staging_CRISPRessoPooled_on_CGBE1-NG_D3_rep2_CRISPResso_on_PDCD1	-	2.2916595052307127e-05	0.0	0.0	0.0	0.0	0.0	0.0	1.1458297526153563e-05	1.1458297526153563e-05	0.0	4.5833190104614254e-05	0.0	0.0	0.0	0.0	0.0	0.0	0.0	0.0	0.0
_scratch_st-cdeboer-1_asfar_VLPs_results_crispresso_aggregated_spacer_CGBE1-NG_rep2_.staging_CRISPRessoPooled_on_CGBE1-NG_D4_rep2_CRISPResso_on_PDCD1	A	5.010835932704473e-05	0.9999123103711776	0.000100216718654	5.010835932704473e-05	0.0	0.999899783281346	5.010835932704473e-05	3.758126949528355e-05	0.0	0.9998496749220188	0.9997494582033648	5.010835932704473e-05	0.9998120936525235	0.999799566562692	1.2527089831761184e-05	5.010835932704473e-05	0.9998246207423552	2.5054179663522365e-05	5.010835932704473e-05	3.758126949528355e-05
_scratch_st-cdeboer-1_asfar_VLPs_results_crispresso_aggregated_spacer_CGBE1-NG_rep2_.staging_CRISPRessoPooled_on_CGBE1-NG_D4_rep2_CRISPResso_on_PDCD1	T	6.263544915880592e-05	0.0	3.758126949528355e-05	3.758126949528355e-05	0.9998496749220188	2.5054179663522365e-05	0.0002630688864669	0.0001252708983176	0.9998371478321872	0.0	0.0	6.263544915880592e-05	2.5054179663522365e-05	0.0	3.758126949528355e-05	0.0	2.5054179663522365e-05	0.999686822754206	5.010835932704473e-05	7.51625389905671e-05
_scratch_st-cdeboer-1_asfar_VLPs_results_crispresso_aggregated_spacer_CGBE1-NG_rep2_.staging_CRISPRessoPooled_on_CGBE1-NG_D4_rep2_CRISPResso_on_PDCD1	C	0.9998371478321872	2.5054179663522365e-05	0.9998371478321872	0.9998872561915142	0.0001127438084858	0.0	0.9996742956643742	0.9998120936525235	6.263544915880592e-05	1.2527089831761184e-05	1.2527089831761184e-05	1.2527089831761184e-05	7.51625389905671e-05	5.010835932704473e-05	0.9999123103711776	0.999899783281346	1.2527089831761184e-05	0.0002380147068034	0.9998622020118506	0.9998747291016824
_scratch_st-cdeboer-1_asfar_VLPs_results_crispresso_aggregated_spacer_CGBE1-NG_rep2_.staging_CRISPRessoPooled_on_CGBE1-NG_D4_rep2_CRISPResso_on_PDCD1	G	2.5054179663522365e-05	5.010835932704473e-05	1.2527089831761184e-05	1.2527089831761184e-05	2.5054179663522365e-05	6.263544915880592e-05	0.0	1.2527089831761184e-05	7.51625389905671e-05	0.0001127438084858	0.0001753792576446	0.9998496749220188	6.263544915880592e-05	0.0001252708983176	1.2527089831761184e-05	2.5054179663522365e-05	0.0001252708983176	3.758126949528355e-05	2.5054179663522365e-05	0.0
_scratch_st-cdeboer-1_asfar_VLPs_results_crispresso_aggregated_spacer_CGBE1-NG_rep2_.staging_CRISPRessoPooled_on_CGBE1-NG_D4_rep2_CRISPResso_on_PDCD1	N	0.0	0.0	0.0	0.0	0.0	0.0	0.0	0.0	0.0	0.0	0.0	0.0	0.0	0.0	0.0	0.0	0.0	0.0	0.0	0.0
_scratch_st-cdeboer-1_asfar_VLPs_results_crispresso_aggregated_spacer_CGBE1-NG_rep2_.staging_CRISPRessoPooled_on_CGBE1-NG_D4_rep2_CRISPResso_on_PDCD1	-	2.5054179663522365e-05	1.2527089831761184e-05	1.2527089831761184e-05	1.2527089831761184e-05	1.2527089831761184e-05	1.2527089831761184e-05	1.2527089831761184e-05	1.2527089831761184e-05	2.5054179663522365e-05	2.5054179663522365e-05	6.263544915880592e-05	2.5054179663522365e-05	2.5054179663522365e-05	2.5054179663522365e-05	2.5054179663522365e-05	2.5054179663522365e-05	1.2527089831761184e-05	1.2527089831761184e-05	1.2527089831761184e-05	1.2527089831761184e-05
_scratch_st-cdeboer-1_asfar_VLPs_results_crispresso_aggregated_spacer_CGBE1-NG_rep2_.staging_CRISPRessoPooled_on_CGBE1-NG_D5_rep2_CRISPResso_on_PDCD1	A	0.000141132534306	0.9996417404898384	3.256904637832204e-05	3.256904637832204e-05	1.0856348792774017e-05	0.9997828730241444	0.0001954142782699	5.428174396387007e-05	0.0	0.9996525968386312	0.9996743095362168	8.685079034219212e-05	0.9996091714434602	0.9996851658850096	1.0856348792774017e-05	4.342539517109606e-05	0.9997394476289734	2.171269758554803e-05	4.342539517109606e-05	2.171269758554803e-05
_scratch_st-cdeboer-1_asfar_VLPs_results_crispresso_aggregated_spacer_CGBE1-NG_rep2_.staging_CRISPRessoPooled_on_CGBE1-NG_D5_rep2_CRISPResso_on_PDCD1	T	3.256904637832204e-05	2.171269758554803e-05	0.0001085634879277	6.513809275664408e-05	0.9996960222338024	0.0	0.000141132534306	2.171269758554803e-05	0.9996960222338024	0.0	0.0	9.770713913496613e-05	2.171269758554803e-05	0.0	6.513809275664408e-05	5.428174396387007e-05	2.171269758554803e-05	0.9996417404898384	1.0856348792774017e-05	1.0856348792774017e-05
_scratch_st-cdeboer-1_asfar_VLPs_results_crispresso_aggregated_spacer_CGBE1-NG_rep2_.staging_CRISPRessoPooled_on_CGBE1-NG_D5_rep2_CRISPResso_on_PDCD1	C	0.9996525968386312	7.59944415494181e-05	0.9997285912801808	0.9997611603265588	0.0001085634879277	2.171269758554803e-05	0.9995331770019108	0.9996525968386312	7.59944415494181e-05	3.256904637832204e-05	0.0	3.256904637832204e-05	0.0001302761855132	3.256904637832204e-05	0.9997937293729372	0.9997611603265588	6.513809275664408e-05	0.0001737015806843	0.99980458572173	0.9998371547681084
_scratch_st-cdeboer-1_asfar_VLPs_results_crispresso_aggregated_spacer_CGBE1-NG_rep2_.staging_CRISPRessoPooled_on_CGBE1-NG_D5_rep2_CRISPResso_on_PDCD1	G	3.256904637832204e-05	0.0001302761855132	0.0	1.0856348792774017e-05	5.428174396387007e-05	6.513809275664408e-05	0.0	0.000141132534306	9.770713913496613e-05	0.0001845579294771	0.0001302761855132	0.9996525968386312	0.0001085634879277	0.0001519888830988	0.0	1.0856348792774017e-05	6.513809275664408e-05	5.428174396387007e-05	3.256904637832204e-05	1.0856348792774017e-05
_scratch_st-cdeboer-1_asfar_VLPs_results_crispresso_aggregated_spacer_CGBE1-NG_rep2_.staging_CRISPRessoPooled_on_CGBE1-NG_D5_rep2_CRISPResso_on_PDCD1	N	0.0	0.0	0.0	0.0	0.0	0.0	0.0	0.0	0.0	0.0	0.0	0.0	0.0	0.0	0.0	0.0	0.0	0.0	0.0	0.0
_scratch_st-cdeboer-1_asfar_VLPs_results_crispresso_aggregated_spacer_CGBE1-NG_rep2_.staging_CRISPRessoPooled_on_CGBE1-NG_D5_rep2_CRISPResso_on_PDCD1	-	0.000141132534306	0.0001302761855132	0.0001302761855132	0.0001302761855132	0.0001302761855132	0.0001302761855132	0.0001302761855132	0.0001302761855132	0.0001302761855132	0.0001302761855132	0.0001954142782699	0.0001302761855132	0.0001302761855132	0.0001302761855132	0.0001302761855132	0.0001302761855132	0.0001085634879277	0.0001085634879277	0.0001085634879277	0.0001194198367205
