Folder	Nucleotide	G	G	A	G	G	C	T	A	T	C	C	A	G	C	G	T	G	A	G	T
_scratch_st-cdeboer-1_asfar_VLPs_results_crispresso_aggregated_spacer_CGBE1_rep2_.staging_CRISPRessoPooled_on_CGBE1_D0_rep2_CRISPResso_on_B2M	A	0.0002520055441219	2.1000462010164225e-05	0.9997059935318576	2.1000462010164225e-05	6.300138603049268e-05	6.300138603049268e-05	0.0	0.9998529967659288	2.1000462010164225e-05	4.200092402032845e-05	0.0001260027720609	0.999621991683817	2.1000462010164225e-05	6.300138603049268e-05	4.200092402032845e-05	0.0	4.200092402032845e-05	0.9998319963039188	0.0	0.0
_scratch_st-cdeboer-1_asfar_VLPs_results_crispresso_aggregated_spacer_CGBE1_rep2_.staging_CRISPRessoPooled_on_CGBE1_D0_rep2_CRISPResso_on_B2M	T	0.0001470032340711	0.000651014322315	0.0	0.0001470032340711	6.300138603049268e-05	8.40018480406569e-05	0.9997059935318576	2.1000462010164225e-05	0.9996429921458272	0.0001050023100508	0.0001260027720609	0.0	8.40018480406569e-05	0.0002520055441219	0.0001050023100508	0.9998109958419084	8.40018480406569e-05	2.1000462010164225e-05	0.0001050023100508	0.9995589902977864
_scratch_st-cdeboer-1_asfar_VLPs_results_crispresso_aggregated_spacer_CGBE1_rep2_.staging_CRISPRessoPooled_on_CGBE1_D0_rep2_CRISPResso_on_B2M	C	0.0001050023100508	0.0001680036960813	6.300138603049268e-05	0.0001050023100508	4.200092402032845e-05	0.9998319963039188	0.0001260027720609	0.0	6.300138603049268e-05	0.9997899953798984	0.999747994455878	8.40018480406569e-05	8.40018480406569e-05	0.9995799907597968	2.1000462010164225e-05	0.0001260027720609	0.0001470032340711	0.0	0.0001050023100508	0.0002520055441219
_scratch_st-cdeboer-1_asfar_VLPs_results_crispresso_aggregated_spacer_CGBE1_rep2_.staging_CRISPRessoPooled_on_CGBE1_D0_rep2_CRISPResso_on_B2M	G	0.999495988911756	0.999096980133563	0.0002100046201016	0.999726993993868	0.9998319963039188	2.1000462010164225e-05	0.0001680036960813	0.0001260027720609	0.0002730060061321	4.200092402032845e-05	0.0	0.0002940064681422	0.9998109958419084	8.40018480406569e-05	0.9998109958419084	6.300138603049268e-05	0.999726993993868	0.0001470032340711	0.9997899953798984	0.0001890041580914
_scratch_st-cdeboer-1_asfar_VLPs_results_crispresso_aggregated_spacer_CGBE1_rep2_.staging_CRISPRessoPooled_on_CGBE1_D0_rep2_CRISPResso_on_B2M	N	0.0	0.0	0.0	0.0	0.0	0.0	0.0	0.0	0.0	2.1000462010164225e-05	0.0	0.0	0.0	2.1000462010164225e-05	2.1000462010164225e-05	0.0	0.0	0.0	0.0	0.0
_scratch_st-cdeboer-1_asfar_VLPs_results_crispresso_aggregated_spacer_CGBE1_rep2_.staging_CRISPRessoPooled_on_CGBE1_D0_rep2_CRISPResso_on_B2M	-	0.0	6.300138603049268e-05	2.1000462010164225e-05	0.0	0.0	0.0	0.0	0.0	0.0	0.0	0.0	0.0	0.0	0.0	0.0	0.0	0.0	0.0	0.0	0.0
_scratch_st-cdeboer-1_asfar_VLPs_results_crispresso_aggregated_spacer_CGBE1_rep2_.staging_CRISPRessoPooled_on_CGBE1_D1_rep2_CRISPResso_on_B2M	A	0.0001439159530833	7.195797654169965e-05	0.9982730085629992	0.0	0.0003597898827084	0.0010074116715837	0.0	0.99618622724329	0.0	7.195797654169965e-05	0.0	0.9957544793840396	0.000215873929625	0.000215873929625	0.0125206879182557	0.0	0.0271281571562207	0.997625386774124	7.195797654169965e-05	0.0
_scratch_st-cdeboer-1_asfar_VLPs_results_crispresso_aggregated_spacer_CGBE1_rep2_.staging_CRISPRessoPooled_on_CGBE1_D1_rep2_CRISPResso_on_B2M	T	0.0003597898827084	0.0005037058357918	7.195797654169965e-05	7.195797654169965e-05	0.0001439159530833	7.195797654169965e-05	0.9964740591494567	0.0	0.9946751097359142	0.000215873929625	7.195797654169965e-05	7.195797654169965e-05	0.0	0.000215873929625	0.0089227890911707	0.9971936389148736	0.0063323019356695	0.0	0.0001439159530833	0.9984888824926244
_scratch_st-cdeboer-1_asfar_VLPs_results_crispresso_aggregated_spacer_CGBE1_rep2_.staging_CRISPRessoPooled_on_CGBE1_D1_rep2_CRISPResso_on_B2M	C	7.195797654169965e-05	0.0001439159530833	0.0	7.195797654169965e-05	7.195797654169965e-05	0.9964740591494567	0.0001439159530833	7.195797654169965e-05	0.0	0.9957544793840396	0.995466647477873	0.0001439159530833	0.000215873929625	0.9959703533136648	0.0031661509678347	0.0	0.042383248183061	0.0	7.195797654169965e-05	0.0002878319061667
_scratch_st-cdeboer-1_asfar_VLPs_results_crispresso_aggregated_spacer_CGBE1_rep2_.staging_CRISPRessoPooled_on_CGBE1_D1_rep2_CRISPResso_on_B2M	G	0.999280420234583	0.9984888824926244	0.0005756638123335	0.9987767143987912	0.9974814708210406	0.0	0.000215873929625	0.0001439159530833	0.0011513276246671	0.0	7.195797654169965e-05	0.000215873929625	0.9956105634309564	0.0	0.9723681370079872	0.000215873929625	0.9215658055695474	0.0001439159530833	0.998057134633374	0.0006476217888752
_scratch_st-cdeboer-1_asfar_VLPs_results_crispresso_aggregated_spacer_CGBE1_rep2_.staging_CRISPRessoPooled_on_CGBE1_D1_rep2_CRISPResso_on_B2M	N	0.0	0.0	0.0	0.0	0.0	0.0	0.0	0.0	0.0	0.0	0.0	0.0	0.0	0.0	0.0	0.0	0.0	0.0	0.0	0.0
_scratch_st-cdeboer-1_asfar_VLPs_results_crispresso_aggregated_spacer_CGBE1_rep2_.staging_CRISPRessoPooled_on_CGBE1_D1_rep2_CRISPResso_on_B2M	-	0.0001439159530833	0.0007915377419586	0.0010793696481254	0.0010793696481254	0.0019428653666258	0.0024465712024177	0.0031661509678347	0.0035978988270849	0.0041735626394185	0.0039576887097934	0.0043894365690436	0.00381377275671	0.0039576887097934	0.0035978988270849	0.0030222350147513	0.0025904871555011	0.0025904871555011	0.0022306972727926	0.001655033460459	0.0005756638123335
_scratch_st-cdeboer-1_asfar_VLPs_results_crispresso_aggregated_spacer_CGBE1_rep2_.staging_CRISPRessoPooled_on_CGBE1_D2_rep2_CRISPResso_on_B2M	A	0.0002115059221658	0.0002643824027072	0.9952939932318104	5.287648054145516e-05	0.0004230118443316	0.0008989001692047	0.0	0.9848244500846024	0.0002115059221658	0.000475888324873	0.0003172588832487	0.9838726734348562	0.0002115059221658	0.0002115059221658	0.057159475465313	0.0008989001692047	0.1382719966159052	0.98873730964467	0.0007402707275803	0.0002115059221658
_scratch_st-cdeboer-1_asfar_VLPs_results_crispresso_aggregated_spacer_CGBE1_rep2_.staging_CRISPRessoPooled_on_CGBE1_D2_rep2_CRISPResso_on_B2M	T	0.0001586294416243	0.0010575296108291	0.0003172588832487	0.0003701353637901	0.0002643824027072	0.0002643824027072	0.9884729272419628	0.0002643824027072	0.9831852791878172	5.287648054145516e-05	0.0001586294416243	0.0003172588832487	0.0002643824027072	0.0003172588832487	0.0319902707275803	0.9865693739424704	0.0250105752961082	0.0003172588832487	0.0010046531302876	0.9938134517766496
_scratch_st-cdeboer-1_asfar_VLPs_results_crispresso_aggregated_spacer_CGBE1_rep2_.staging_CRISPRessoPooled_on_CGBE1_D2_rep2_CRISPResso_on_B2M	C	0.000581641285956	0.0002643824027072	5.287648054145516e-05	0.000475888324873	0.0001586294416243	0.988948815566836	0.000581641285956	0.0005287648054145	0.0002115059221658	0.9836082910321488	0.9822863790186124	5.287648054145516e-05	0.0006873942470389	0.9848244500846024	0.0166032148900169	0.0001586294416243	0.1770304568527918	0.0002115059221658	0.0001586294416243	0.0004230118443316
_scratch_st-cdeboer-1_asfar_VLPs_results_crispresso_aggregated_spacer_CGBE1_rep2_.staging_CRISPRessoPooled_on_CGBE1_D2_rep2_CRISPResso_on_B2M	G	0.995928510998308	0.9949238578680204	0.0002115059221658	0.9940249576988156	0.9902178510998308	0.0002115059221658	0.000581641285956	0.0012690355329949	0.0011104060913705	0.0002643824027072	0.0	0.0003172588832487	0.9840313028764806	0.0003172588832487	0.880922165820643	0.0006345177664974	0.6482127749576988	0.0012690355329949	0.990482233502538	0.0002643824027072
_scratch_st-cdeboer-1_asfar_VLPs_results_crispresso_aggregated_spacer_CGBE1_rep2_.staging_CRISPRessoPooled_on_CGBE1_D2_rep2_CRISPResso_on_B2M	N	0.0	0.0	0.0	0.0	0.0	0.0	0.0	0.0	0.0	0.0	0.0	0.0	0.0	0.0	0.0	0.0	0.0	0.0	0.0	0.0
_scratch_st-cdeboer-1_asfar_VLPs_results_crispresso_aggregated_spacer_CGBE1_rep2_.staging_CRISPRessoPooled_on_CGBE1_D2_rep2_CRISPResso_on_B2M	-	0.0031197123519458	0.003489847715736	0.0041243654822335	0.0050761421319796	0.0089361252115059	0.0096763959390862	0.0103637901861252	0.0131133671742808	0.0152813028764805	0.0155985617597292	0.0172377326565143	0.0154399323181049	0.0148054145516074	0.0143295262267343	0.0133248730964467	0.011738578680203	0.0114741962774957	0.0094648900169204	0.0076142131979695	0.0052876480541455
_scratch_st-cdeboer-1_asfar_VLPs_results_crispresso_aggregated_spacer_CGBE1_rep2_.staging_CRISPRessoPooled_on_CGBE1_D3_rep2_CRISPResso_on_B2M	A	0.0006796223503912	1.836817163219573e-05	0.9944528121670768	0.0001836817163219	0.0003489952610117	0.0014327173873112	0.0006245178354946	0.9806950516145624	0.0001102090297931	0.00075309503692	0.0002204180595863	0.9798684838911136	0.0003673634326439	0.0002387862312185	0.06625399507733	0.0004408361191726	0.1622276918555527	0.9873626979170492	0.0005326769773336	1.836817163219573e-05
_scratch_st-cdeboer-1_asfar_VLPs_results_crispresso_aggregated_spacer_CGBE1_rep2_.staging_CRISPRessoPooled_on_CGBE1_D3_rep2_CRISPResso_on_B2M	T	0.0002204180595863	0.0005877814922302	1.836817163219573e-05	0.0004592042908048	0.0004592042908048	0.0004040997759083	0.9844788949707948	0.0003857316042761	0.9780867712427904	0.0002387862312185	0.0005510451489658	0.0001102090297931	0.0010837221262995	0.0006245178354946	0.035285257705448	0.9826971823224716	0.0315565188641122	0.0002204180595863	0.000477572462437	0.9925976268322252
_scratch_st-cdeboer-1_asfar_VLPs_results_crispresso_aggregated_spacer_CGBE1_rep2_.staging_CRISPRessoPooled_on_CGBE1_D3_rep2_CRISPResso_on_B2M	C	0.0001836817163219	0.0002938907461151	0.0004592042908048	0.0001285772014253	3.673634326439146e-05	0.9859850850446348	0.000477572462437	0.0001653135446897	0.0001836817163219	0.9783071893023768	0.9775908306087212	5.510451489658719e-05	0.0007347268652878	0.9808052606443556	0.018772271408104	0.0001469453730575	0.2227691855552698	0.0001285772014253	0.000569413320598	0.0002755225744829
_scratch_st-cdeboer-1_asfar_VLPs_results_crispresso_aggregated_spacer_CGBE1_rep2_.staging_CRISPRessoPooled_on_CGBE1_D3_rep2_CRISPResso_on_B2M	G	0.9960875794423424	0.995297748062158	0.0002020498879541	0.9931854083244552	0.9875647478050036	0.0002571544028507	0.0001653135446897	0.0018919216781161	0.0021123397377025	0.0004224679475405	0.0	0.000569413320598	0.9791337570258256	0.0002204180595863	0.8619448220124168	0.0004959406340692	0.5689357481356305	0.000477572462437	0.9877484295213256	0.0002938907461151
_scratch_st-cdeboer-1_asfar_VLPs_results_crispresso_aggregated_spacer_CGBE1_rep2_.staging_CRISPRessoPooled_on_CGBE1_D3_rep2_CRISPResso_on_B2M	N	0.0	0.0	1.836817163219573e-05	0.0	0.0	0.0	0.0	0.0	0.0	0.0	1.836817163219573e-05	0.0	0.0	0.0	0.0	0.0	0.0	0.0	0.0	0.0
_scratch_st-cdeboer-1_asfar_VLPs_results_crispresso_aggregated_spacer_CGBE1_rep2_.staging_CRISPRessoPooled_on_CGBE1_D3_rep2_CRISPResso_on_B2M	-	0.0028286984313581	0.0038022115278645	0.0048491973108996	0.0060431284669923	0.0115903162999155	0.011920943389295	0.0142537011865838	0.0168619815583556	0.0195069982733918	0.020278461481944	0.0216193380110943	0.0193967892435986	0.018680430549943	0.0181110172293449	0.017743653796701	0.0162190955512288	0.0145108555894346	0.0118107343595018	0.0106719077183057	0.0068145916755446
_scratch_st-cdeboer-1_asfar_VLPs_results_crispresso_aggregated_spacer_CGBE1_rep2_.staging_CRISPRessoPooled_on_CGBE1_D4_rep2_CRISPResso_on_B2M	A	0.0002497918401332	4.1631973355537055e-05	0.9932139883430474	0.0004163197335553	0.0002914238134887	0.0018734388009991	8.326394671107411e-05	0.976436303080766	0.0002081598667776	0.0008326394671107	0.0002081598667776	0.9748959200666112	0.0004579517069109	0.0003330557868442	0.0890091590341382	0.0006661115736885	0.2047460449625312	0.9850124895920068	0.0002914238134887	4.1631973355537055e-05
_scratch_st-cdeboer-1_asfar_VLPs_results_crispresso_aggregated_spacer_CGBE1_rep2_.staging_CRISPRessoPooled_on_CGBE1_D4_rep2_CRISPResso_on_B2M	T	0.0001248959200666	0.0004163197335553	0.0002081598667776	0.0007077435470441	0.000624479600333	0.0002081598667776	0.9822647793505412	0.0001665278934221	0.9733139050791008	0.0005828476269775	0.0009575353871773	0.0002081598667776	0.0002081598667776	0.0003746877601998	0.0491257285595337	0.9804329725228976	0.0448376353039134	0.0004995836802664	0.0005412156536219	0.9925895087427145
_scratch_st-cdeboer-1_asfar_VLPs_results_crispresso_aggregated_spacer_CGBE1_rep2_.staging_CRISPRessoPooled_on_CGBE1_D4_rep2_CRISPResso_on_B2M	C	0.0	0.0001665278934221	0.0003330557868442	0.0002081598667776	0.0001665278934221	0.982722731057452	8.326394671107411e-05	0.0002497918401332	0.0004163197335553	0.9743547044129892	0.9725228975853456	8.326394671107411e-05	0.0016652789342214	0.976436303080766	0.0235636969192339	0.0003330557868442	0.2890507910074937	0.0002914238134887	0.0004579517069109	0.0001665278934221
_scratch_st-cdeboer-1_asfar_VLPs_results_crispresso_aggregated_spacer_CGBE1_rep2_.staging_CRISPRessoPooled_on_CGBE1_D4_rep2_CRISPResso_on_B2M	G	0.9958784346378018	0.9950874271440466	0.0002914238134887	0.9919650291423814	0.985428809325562	8.326394671107411e-05	0.0003330557868442	0.0035387177352206	0.0030391340549542	0.0002914238134887	0.0002081598667776	0.0002497918401332	0.974104912572856	0.0004579517069109	0.8166527893422149	0.0002497918401332	0.444421315570358	0.0008326394671107	0.9873022481265612	0.0003746877601998
_scratch_st-cdeboer-1_asfar_VLPs_results_crispresso_aggregated_spacer_CGBE1_rep2_.staging_CRISPRessoPooled_on_CGBE1_D4_rep2_CRISPResso_on_B2M	N	0.0	0.0	0.0	0.0	0.0	0.0	0.0	0.0	0.0	0.0	0.0	0.0	0.0	0.0	0.0	0.0	0.0	0.0	0.0	0.0
_scratch_st-cdeboer-1_asfar_VLPs_results_crispresso_aggregated_spacer_CGBE1_rep2_.staging_CRISPRessoPooled_on_CGBE1_D4_rep2_CRISPResso_on_B2M	-	0.0037468776019983	0.0042880932556203	0.0059533721898417	0.0067027477102414	0.013488759367194	0.0151124063280599	0.0172356369691923	0.0196086594504579	0.0230224812656119	0.0239383846794338	0.0261032472939217	0.0245628642797668	0.0235636969192339	0.0223980016652789	0.0216486261448792	0.0183180682764363	0.0169442131557035	0.0133638634471273	0.0114071606994171	0.006827643630308
_scratch_st-cdeboer-1_asfar_VLPs_results_crispresso_aggregated_spacer_CGBE1_rep2_.staging_CRISPRessoPooled_on_CGBE1_D5_rep2_CRISPResso_on_B2M	A	0.0003839508542906	2.3996928393165678e-05	0.9923929736993664	0.0005759262814359	0.0007679017085813	0.0009598771357266	0.0003119600691111	0.9760750623920138	0.0001439815703589	0.0007918986369744	0.0003119600691111	0.9751151852562872	0.0004799385678633	0.0002639662123248	0.0829093875983874	0.0011278556344787	0.1887118448838548	0.9846899596851604	0.0003359569975043	0.0001679784987521
_scratch_st-cdeboer-1_asfar_VLPs_results_crispresso_aggregated_spacer_CGBE1_rep2_.staging_CRISPRessoPooled_on_CGBE1_D5_rep2_CRISPResso_on_B2M	T	0.0001439815703589	0.0003119600691111	0.0001919754271453	0.0007679017085813	0.0004799385678633	0.0004559416394701	0.981474371280476	0.0006959109234018	0.972763486273757	0.0004799385678633	0.0004559416394701	0.0003839508542906	0.0004079477826838	9.59877135726627e-05	0.0485217892109809	0.979434632367057	0.0385150700710309	0.0004799385678633	0.0012238433480514	0.990881167210597
_scratch_st-cdeboer-1_asfar_VLPs_results_crispresso_aggregated_spacer_CGBE1_rep2_.staging_CRISPRessoPooled_on_CGBE1_D5_rep2_CRISPResso_on_B2M	C	0.0002159723555384	0.0001919754271453	7.199078517949703e-05	2.3996928393165678e-05	0.0002159723555384	0.9837060856210406	0.0005039354962564	0.0003599539258974	0.0001439815703589	0.9733154156267998	0.9730274524860818	0.0002639662123248	0.0008638894221539	0.9767469763870223	0.0230130543290458	0.0003119600691111	0.2639902092532156	0.0004559416394701	0.0004079477826838	0.0003599539258974
_scratch_st-cdeboer-1_asfar_VLPs_results_crispresso_aggregated_spacer_CGBE1_rep2_.staging_CRISPRessoPooled_on_CGBE1_D5_rep2_CRISPResso_on_B2M	G	0.9943127279708196	0.9937368016893836	0.0003119600691111	0.9911211364945288	0.9855538491073144	0.0002159723555384	0.0001439815703589	0.0024956805528892	0.0024476866961028	0.0002159723555384	7.199078517949703e-05	0.0001919754271453	0.9754031483970051	0.0004079477826838	0.8253263582261471	0.0004559416394701	0.4906891917834517	0.0007199078517949	0.9859138030332116	0.0003359569975043
_scratch_st-cdeboer-1_asfar_VLPs_results_crispresso_aggregated_spacer_CGBE1_rep2_.staging_CRISPRessoPooled_on_CGBE1_D5_rep2_CRISPResso_on_B2M	N	0.0	0.0	0.0	0.0	0.0	0.0	0.0	0.0	0.0	0.0	0.0	0.0	0.0	0.0	0.0	0.0	4.799385678633135e-05	0.0	0.0	0.0
_scratch_st-cdeboer-1_asfar_VLPs_results_crispresso_aggregated_spacer_CGBE1_rep2_.staging_CRISPRessoPooled_on_CGBE1_D5_rep2_CRISPResso_on_B2M	-	0.0049433672489921	0.0057352658859665	0.0070311000191975	0.0075110385870608	0.0129823382607026	0.0146621232482242	0.0175657515837972	0.0203733922057976	0.0245008638894221	0.0251967748128239	0.0261326550201574	0.024044922249952	0.0228450758302937	0.0224851219043962	0.0202294106354386	0.0186696102898828	0.0180456901516605	0.0136542522557112	0.0121184488385486	0.0082549433672489
