Folder	Nucleotide	G	G	C	C	C	A	G	A	C	T	G	A	G	C	A	C	G	T	G	A
_scratch_st-cdeboer-1_asfar_VLPs_results_crispresso_aggregated_spacer_CGBE1_rep3_.staging_CRISPRessoPooled_on_CGBE1_D0_rep3_CRISPResso_on_HEK3	A	0.0	3.442577802258331e-05	3.442577802258331e-05	0.0	3.442577802258331e-05	0.9998622968879096	6.885155604516663e-05	0.9999311484439548	3.442577802258331e-05	0.0	3.442577802258331e-05	0.9997934453318644	3.442577802258331e-05	3.442577802258331e-05	0.9998278711098872	3.442577802258331e-05	6.885155604516663e-05	0.0	3.442577802258331e-05	0.9998278711098872
_scratch_st-cdeboer-1_asfar_VLPs_results_crispresso_aggregated_spacer_CGBE1_rep3_.staging_CRISPRessoPooled_on_CGBE1_D0_rep3_CRISPResso_on_HEK3	T	0.0	0.0	6.885155604516663e-05	3.442577802258331e-05	6.885155604516663e-05	0.0	0.0001032773340677	0.0	0.0	0.999759019553842	0.0001377031120903	0.0	3.442577802258331e-05	3.442577802258331e-05	0.0	0.0	0.0001377031120903	0.9998622968879096	0.0	0.0
_scratch_st-cdeboer-1_asfar_VLPs_results_crispresso_aggregated_spacer_CGBE1_rep3_.staging_CRISPRessoPooled_on_CGBE1_D0_rep3_CRISPResso_on_HEK3	C	3.442577802258331e-05	3.442577802258331e-05	0.9998967226659322	0.9999655742219774	0.9998622968879096	3.442577802258331e-05	6.885155604516663e-05	3.442577802258331e-05	0.9999655742219774	0.0001032773340677	0.0001377031120903	6.885155604516663e-05	0.0	0.9998967226659322	3.442577802258331e-05	0.9999655742219774	0.0003098320022032	0.0	6.885155604516663e-05	3.442577802258331e-05
_scratch_st-cdeboer-1_asfar_VLPs_results_crispresso_aggregated_spacer_CGBE1_rep3_.staging_CRISPRessoPooled_on_CGBE1_D0_rep3_CRISPResso_on_HEK3	G	0.9999655742219774	0.9998967226659322	0.0	0.0	0.0	6.885155604516663e-05	0.999759019553842	3.442577802258331e-05	0.0	0.0001377031120903	0.9996901679977968	0.0001377031120903	0.9999311484439548	3.442577802258331e-05	0.0001377031120903	0.0	0.9994836133296612	0.0001377031120903	0.9998967226659322	0.0001377031120903
_scratch_st-cdeboer-1_asfar_VLPs_results_crispresso_aggregated_spacer_CGBE1_rep3_.staging_CRISPRessoPooled_on_CGBE1_D0_rep3_CRISPResso_on_HEK3	N	0.0	0.0	0.0	0.0	0.0	3.442577802258331e-05	0.0	0.0	0.0	0.0	0.0	0.0	0.0	0.0	0.0	0.0	0.0	0.0	0.0	0.0
_scratch_st-cdeboer-1_asfar_VLPs_results_crispresso_aggregated_spacer_CGBE1_rep3_.staging_CRISPRessoPooled_on_CGBE1_D0_rep3_CRISPResso_on_HEK3	-	0.0	3.442577802258331e-05	0.0	0.0	3.442577802258331e-05	0.0	0.0	0.0	0.0	0.0	0.0	0.0	0.0	0.0	0.0	0.0	0.0	0.0	0.0	0.0
_scratch_st-cdeboer-1_asfar_VLPs_results_crispresso_aggregated_spacer_CGBE1_rep3_.staging_CRISPRessoPooled_on_CGBE1_D1_rep3_CRISPResso_on_HEK3	A	1.704913560882463e-05	1.704913560882463e-05	0.0003068844409588	0.0054216251236062	0.002420977256453	0.998738363964947	3.409827121764926e-05	0.997084597810891	0.0005967197463088	1.704913560882463e-05	6.819654243529852e-05	0.9973403348450234	5.11474068264739e-05	1.704913560882463e-05	0.99913049408395	3.409827121764926e-05	0.0	3.409827121764926e-05	0.0	0.999028199270297
_scratch_st-cdeboer-1_asfar_VLPs_results_crispresso_aggregated_spacer_CGBE1_rep3_.staging_CRISPRessoPooled_on_CGBE1_D1_rep3_CRISPResso_on_HEK3	T	0.0003239335765676	5.11474068264739e-05	0.001261636035053	0.010110137416033	0.025471408599584	1.704913560882463e-05	0.0001534422204794	0.0002216387629147	0.000477375797047	0.997067548675282	0.00028983530535	0.0	5.11474068264739e-05	6.819654243529852e-05	1.704913560882463e-05	0.0001363930848705	8.524567804412317e-05	0.9992668871688204	1.704913560882463e-05	0.0003068844409588
_scratch_st-cdeboer-1_asfar_VLPs_results_crispresso_aggregated_spacer_CGBE1_rep3_.staging_CRISPRessoPooled_on_CGBE1_D1_rep3_CRISPResso_on_HEK3	C	0.0	0.0001022948136529	0.9977495140996352	0.9757049817574248	0.942731953489958	1.704913560882463e-05	5.11474068264739e-05	1.704913560882463e-05	0.9941350973505644	0.0001193439492617	5.11474068264739e-05	0.0001704913560882	3.409827121764926e-05	0.9985337743376412	0.0	0.9989941009990794	0.0001022948136529	6.819654243529852e-05	8.524567804412317e-05	5.11474068264739e-05
_scratch_st-cdeboer-1_asfar_VLPs_results_crispresso_aggregated_spacer_CGBE1_rep3_.staging_CRISPRessoPooled_on_CGBE1_D1_rep3_CRISPResso_on_HEK3	G	0.9989770518634704	0.9986190200156853	0.0	0.0079789954649299	0.0278582875848194	5.11474068264739e-05	0.9985849217444676	0.0001193439492617	0.0021652402223207	5.11474068264739e-05	0.9965731237426264	0.0001363930848705	0.9973062365738056	1.704913560882463e-05	3.409827121764926e-05	1.704913560882463e-05	0.9993350837112558	0.0001193439492617	0.9993862311180824	0.0001022948136529
_scratch_st-cdeboer-1_asfar_VLPs_results_crispresso_aggregated_spacer_CGBE1_rep3_.staging_CRISPRessoPooled_on_CGBE1_D1_rep3_CRISPResso_on_HEK3	N	0.0	0.0	0.0	0.0	0.0	0.0	0.0	0.0	0.0	0.0	0.0	0.0	0.0	0.0	0.0	0.0	0.0	0.0	0.0	0.0
_scratch_st-cdeboer-1_asfar_VLPs_results_crispresso_aggregated_spacer_CGBE1_rep3_.staging_CRISPRessoPooled_on_CGBE1_D1_rep3_CRISPResso_on_HEK3	-	0.0006819654243529	0.0012104886282265	0.0006819654243529	0.0007842602380059	0.0015173730691853	0.0011763903570088	0.0011763903570088	0.0025573703413236	0.0026255668837589	0.0027449108330207	0.0030176970027619	0.0023527807140177	0.0025573703413236	0.0013639308487059	0.0008183585092235	0.0008183585092235	0.000477375797047	0.0005114740682647	0.0005114740682647	0.0005114740682647
_scratch_st-cdeboer-1_asfar_VLPs_results_crispresso_aggregated_spacer_CGBE1_rep3_.staging_CRISPRessoPooled_on_CGBE1_D2_rep3_CRISPResso_on_HEK3	A	0.0002221352486328	0.0002591577900716	0.0005341823836169	0.0060293853200334	0.004892264404413	0.998006071696796	3.173360694754435e-05	0.9976252684134256	0.0017559262510974	5.288934491257392e-06	0.0001110676243164	0.9975935348064778	7.933401736886088e-05	1.5866803473772175e-05	0.9987412335910808	0.0001533791002464	1.0577868982514785e-05	1.0577868982514785e-05	3.173360694754435e-05	0.999259549171224
_scratch_st-cdeboer-1_asfar_VLPs_results_crispresso_aggregated_spacer_CGBE1_rep3_.staging_CRISPRessoPooled_on_CGBE1_D2_rep3_CRISPResso_on_HEK3	T	0.0001216454932989	0.0001798237727027	0.0019145942858351	0.015597067814718	0.0323312565450564	5.288934491257392e-06	8.462295186011826e-05	4.760041042131652e-05	0.0005500491870907	0.9972338872610724	5.817827940383131e-05	0.0	0.0001216454932989	9.520082084263304e-05	3.702254143880174e-05	7.404508287760348e-05	0.0002009795106677	0.9991484815469076	7.933401736886088e-05	5.288934491257392e-06
_scratch_st-cdeboer-1_asfar_VLPs_results_crispresso_aggregated_spacer_CGBE1_rep3_.staging_CRISPRessoPooled_on_CGBE1_D2_rep3_CRISPResso_on_HEK3	C	0.0001163565588076	0.000248579921089	0.9966045040566128	0.9699535631551668	0.9249288638310926	5.288934491257391e-05	4.231147593005913e-05	0.0001057786898251	0.9922199773633604	6.34672138950887e-05	1.5866803473772175e-05	0.0001163565588076	4.231147593005913e-05	0.998333985635254	2.644467245628696e-05	0.9986513217047294	0.0001269344277901	7.404508287760348e-05	0.0001110676243164	0.0001163565588076
_scratch_st-cdeboer-1_asfar_VLPs_results_crispresso_aggregated_spacer_CGBE1_rep3_.staging_CRISPRessoPooled_on_CGBE1_D2_rep3_CRISPResso_on_HEK3	G	0.998831145477432	0.9972550429990374	0.0001057786898251	0.0068174365592307	0.0335794450849931	6.34672138950887e-05	0.9979426044829008	0.0001057786898251	0.0027396680664713	0.0001269344277901	0.9975723790685128	0.0001216454932989	0.998048383172726	3.173360694754435e-05	7.933401736886088e-05	5.288934491257392e-06	0.9987147889186244	2.644467245628696e-05	0.9992013708918202	0.0001692459037202
_scratch_st-cdeboer-1_asfar_VLPs_results_crispresso_aggregated_spacer_CGBE1_rep3_.staging_CRISPRessoPooled_on_CGBE1_D2_rep3_CRISPResso_on_HEK3	N	0.0	0.0	0.0	0.0	0.0	0.0	0.0	0.0	0.0	0.0	0.0	0.0	0.0	0.0	0.0	0.0	0.0	0.0	0.0	0.0
_scratch_st-cdeboer-1_asfar_VLPs_results_crispresso_aggregated_spacer_CGBE1_rep3_.staging_CRISPRessoPooled_on_CGBE1_D2_rep3_CRISPResso_on_HEK3	-	0.0007087172218284	0.0020573955170991	0.0008409405841099	0.0016025471508509	0.0042681701344447	0.0018722828099051	0.0018987274823614	0.0021155737965029	0.00273437913198	0.002570422162751	0.0022425082242931	0.0021684631414155	0.0017083258406761	0.0015232131334821	0.0011159651776553	0.0011159651776553	0.000946719273935	0.000740450828776	0.000576493859547	0.0004495594317568
_scratch_st-cdeboer-1_asfar_VLPs_results_crispresso_aggregated_spacer_CGBE1_rep3_.staging_CRISPRessoPooled_on_CGBE1_D3_rep3_CRISPResso_on_HEK3	A	0.0001013693307089	0.0003294503248042	0.0003970298786102	0.0058118416273156	0.0044602505511957	0.9984118804855592	2.5342332677248497e-05	0.9982344841568184	0.0015712246259894	8.4474442257495e-06	0.0001351591076119	0.9978881389435628	2.5342332677248497e-05	7.60269980317455e-05	0.9986230665912028	8.4474442257495e-06	2.5342332677248497e-05	0.0	3.3789776902998e-05	0.9993495467946172
_scratch_st-cdeboer-1_asfar_VLPs_results_crispresso_aggregated_spacer_CGBE1_rep3_.staging_CRISPRessoPooled_on_CGBE1_D3_rep3_CRISPResso_on_HEK3	T	0.0001267116633862	0.0001351591076119	0.0018922275065678	0.0157798258137	0.0291267876903842	0.0	7.60269980317455e-05	8.4474442257495e-06	0.0005152940977707	0.9979979557184974	0.0001013693307089	1.6894888451499e-05	7.60269980317455e-05	4.22372211287475e-05	0.0	6.7579553805996e-05	8.4474442257495e-05	0.9993579942388432	6.7579553805996e-05	5.0684665354496994e-05
_scratch_st-cdeboer-1_asfar_VLPs_results_crispresso_aggregated_spacer_CGBE1_rep3_.staging_CRISPRessoPooled_on_CGBE1_D3_rep3_CRISPResso_on_HEK3	C	2.5342332677248497e-05	0.0001351591076119	0.9967308390846348	0.969783492004494	0.9284501474079018	9.292188648324448e-05	8.4474442257495e-05	4.22372211287475e-05	0.9938249182709772	0.0001351591076119	6.7579553805996e-05	5.91321095802465e-05	6.7579553805996e-05	0.9982767213779472	2.5342332677248497e-05	0.9986990935892346	0.0001351591076119	8.4474442257495e-05	7.60269980317455e-05	8.4474442257495e-05
_scratch_st-cdeboer-1_asfar_VLPs_results_crispresso_aggregated_spacer_CGBE1_rep3_.staging_CRISPRessoPooled_on_CGBE1_D3_rep3_CRISPResso_on_HEK3	G	0.999189045354328	0.9967392865288608	0.0001858437729664	0.0073323815879505	0.0344402301083807	8.4474442257495e-05	0.9982344841568184	0.0001520539960634	0.0022132303871463	0.0001267116633862	0.9978121119455308	0.0002449758825467	0.9982344841568184	8.4474442257495e-06	6.7579553805996e-05	0.0	0.9989271745833298	5.0684665354496994e-05	0.9994509161253264	0.0001436065518377
_scratch_st-cdeboer-1_asfar_VLPs_results_crispresso_aggregated_spacer_CGBE1_rep3_.staging_CRISPRessoPooled_on_CGBE1_D3_rep3_CRISPResso_on_HEK3	N	0.0	0.0	0.0	0.0	0.0	0.0	0.0	0.0	0.0	0.0	0.0	0.0	0.0	0.0	0.0	0.0	0.0	8.4474442257495e-06	0.0	0.0
_scratch_st-cdeboer-1_asfar_VLPs_results_crispresso_aggregated_spacer_CGBE1_rep3_.staging_CRISPRessoPooled_on_CGBE1_D3_rep3_CRISPResso_on_HEK3	-	0.0005575313188994	0.002660944931111	0.0007940597572204	0.0012924589665396	0.0035225842421375	0.0014107231857001	0.0015796720702151	0.0015627771817636	0.0018753326181163	0.0017317260662786	0.0018837800623421	0.0017908581758588	0.0015965669586666	0.0015965669586666	0.0012840115223139	0.0012248794127336	0.0008278495341234	0.0004983992093192	0.0003716875459329	0.0003716875459329
_scratch_st-cdeboer-1_asfar_VLPs_results_crispresso_aggregated_spacer_CGBE1_rep3_.staging_CRISPRessoPooled_on_CGBE1_D4_rep3_CRISPResso_on_HEK3	A	0.0001782578856832	0.0006729235184541	0.0004010802427872	0.0089574587555817	0.0083469254971166	0.997014180414806	3.5651577136643585e-05	0.9965016889934668	0.0024153943510076	0.0	4.456447142080448e-05	0.9965507099120298	4.902091856288492e-05	2.6738682852482685e-05	0.99822187759031	0.000111411178552	5.793381284704582e-05	1.3369341426241344e-05	3.5651577136643585e-05	0.9989839300516056
_scratch_st-cdeboer-1_asfar_VLPs_results_crispresso_aggregated_spacer_CGBE1_rep3_.staging_CRISPRessoPooled_on_CGBE1_D4_rep3_CRISPResso_on_HEK3	T	0.000111411178552	0.0002272788042461	0.003217554836582	0.0249382782070821	0.0513115323939142	1.7825788568321793e-05	0.0001069547314099	7.575960141536761e-05	0.0008779200869898	0.996399190709199	8.021604855744807e-05	4.456447142080448e-06	9.35853899836894e-05	4.902091856288492e-05	0.0	8.021604855744807e-05	9.35853899836894e-05	0.9988814317673378	0.0001024982842678	8.912894284160896e-06
_scratch_st-cdeboer-1_asfar_VLPs_results_crispresso_aggregated_spacer_CGBE1_rep3_.staging_CRISPRessoPooled_on_CGBE1_D4_rep3_CRISPResso_on_HEK3	C	0.000115867625694	0.0002005401213936	0.9946968279009244	0.9500922484558412	0.8749476367460806	6.684670713120672e-05	4.902091856288492e-05	4.456447142080448e-05	0.9892822446232964	0.0001381498614044	4.010802427872403e-05	6.239025998912627e-05	5.793381284704582e-05	0.9973751526333148	1.7825788568321793e-05	0.998346658110288	0.0001648885442569	7.130315427328717e-05	9.35853899836894e-05	4.902091856288492e-05
_scratch_st-cdeboer-1_asfar_VLPs_results_crispresso_aggregated_spacer_CGBE1_rep3_.staging_CRISPRessoPooled_on_CGBE1_D4_rep3_CRISPResso_on_HEK3	G	0.9982708985088729	0.9958733299464336	0.0002540174870985	0.0138684635061543	0.0587493426740465	8.467249569952851e-05	0.9968448354234072	0.0001559756499728	0.003823631647905	7.130315427328717e-05	0.9963278875549256	0.0001247805199782	0.9969161385776804	8.912894284160896e-06	7.575960141536761e-05	2.228223571040224e-05	0.9988145850602066	9.804183712576985e-05	0.9988413237430592	0.0001292369671203
_scratch_st-cdeboer-1_asfar_VLPs_results_crispresso_aggregated_spacer_CGBE1_rep3_.staging_CRISPRessoPooled_on_CGBE1_D4_rep3_CRISPResso_on_HEK3	N	0.0	0.0	0.0	0.0	0.0	0.0	0.0	0.0	0.0	0.0	0.0	0.0	0.0	0.0	4.456447142080448e-06	0.0	0.0	1.3369341426241344e-05	0.0	0.0
_scratch_st-cdeboer-1_asfar_VLPs_results_crispresso_aggregated_spacer_CGBE1_rep3_.staging_CRISPRessoPooled_on_CGBE1_D4_rep3_CRISPResso_on_HEK3	-	0.0013235648011978	0.0030259276094726	0.0014305195326078	0.0021435510753406	0.0066445626888419	0.0028164745937948	0.0029635373494834	0.0032220112837241	0.003600809290801	0.0033913562751232	0.0035072239008173	0.0032576628608608	0.002883321300926	0.0025401748709858	0.0016800805725643	0.0014394324268919	0.0008690071927056	0.0009224845584106	0.0009269410055527	0.0008288991684269
_scratch_st-cdeboer-1_asfar_VLPs_results_crispresso_aggregated_spacer_CGBE1_rep3_.staging_CRISPRessoPooled_on_CGBE1_D5_rep3_CRISPResso_on_HEK3	A	0.0003584657665192	0.0001394033536463	0.0004381248257458	0.0086230931612697	0.0057354522643087	0.9984068188154698	5.97442944198829e-05	0.9974309953399452	0.0023101127175688	0.0	5.97442944198829e-05	0.9974309953399452	3.982952961325527e-05	3.982952961325527e-05	0.9983072449914366	0.0001194885888397	1.9914764806627635e-05	0.0	3.982952961325527e-05	0.9993428127613811
_scratch_st-cdeboer-1_asfar_VLPs_results_crispresso_aggregated_spacer_CGBE1_rep3_.staging_CRISPRessoPooled_on_CGBE1_D5_rep3_CRISPResso_on_HEK3	T	5.97442944198829e-05	3.982952961325527e-05	0.002349942247182	0.0185605607997769	0.0364838491257418	1.9914764806627635e-05	0.0001394033536463	3.982952961325527e-05	0.0005177838849723	0.997271677221492	3.982952961325527e-05	0.0	3.982952961325527e-05	0.000159318118453	3.982952961325527e-05	5.97442944198829e-05	3.982952961325527e-05	0.9990241765244752	0.0	3.982952961325527e-05
_scratch_st-cdeboer-1_asfar_VLPs_results_crispresso_aggregated_spacer_CGBE1_rep3_.staging_CRISPRessoPooled_on_CGBE1_D5_rep3_CRISPResso_on_HEK3	C	7.965905922651054e-05	0.0002987214720994	0.996415342334807	0.9644521448201696	0.9136694945632692	3.982952961325527e-05	3.982952961325527e-05	5.97442944198829e-05	0.9911379296610509	7.965905922651054e-05	3.982952961325527e-05	1.9914764806627635e-05	3.982952961325527e-05	0.9981080973433704	0.0	0.99834707452105	9.957382403313816e-05	0.0001792328832596	1.9914764806627635e-05	5.97442944198829e-05
_scratch_st-cdeboer-1_asfar_VLPs_results_crispresso_aggregated_spacer_CGBE1_rep3_.staging_CRISPRessoPooled_on_CGBE1_D5_rep3_CRISPResso_on_HEK3	G	0.998984346994862	0.9976102282232048	9.957382403313816e-05	0.0072888039192257	0.0401481658501613	0.0001394033536463	0.998128012108177	5.97442944198829e-05	0.0032461066634803	1.9914764806627635e-05	0.9973712510455252	0.0002588919424861	0.9977894611064644	1.9914764806627635e-05	7.965905922651054e-05	0.0	0.998825028876409	5.97442944198829e-05	0.9993826422909944	0.0001792328832596
_scratch_st-cdeboer-1_asfar_VLPs_results_crispresso_aggregated_spacer_CGBE1_rep3_.staging_CRISPRessoPooled_on_CGBE1_D5_rep3_CRISPResso_on_HEK3	N	0.0	0.0	0.0	0.0	0.0	0.0	0.0	0.0	0.0	0.0	0.0	0.0	0.0	0.0	0.0	0.0	0.0	0.0	0.0	0.0
_scratch_st-cdeboer-1_asfar_VLPs_results_crispresso_aggregated_spacer_CGBE1_rep3_.staging_CRISPRessoPooled_on_CGBE1_D5_rep3_CRISPResso_on_HEK3	-	0.0005177838849723	0.0019118174214362	0.0006970167682319	0.0010753972995578	0.0039630381965188	0.0013940335364639	0.0016330107141434	0.0024096865416019	0.0027880670729278	0.0026287489544748	0.0024893456008284	0.0022901979527621	0.0020910503046959	0.0016728402437567	0.0015732664197235	0.0014736925956904	0.001015653005138	0.0007368462978452	0.0005576134145855	0.0003783805313259
