Folder	Nucleotide	G	G	A	G	G	C	T	A	T	C	C	A	G	C	G	T	G	A	G	T
_scratch_st-cdeboer-1_asfar_VLPs_results_crispresso_aggregated_spacer_miniCGBE1-SpRY_rep1_.staging_CRISPRessoPooled_on_miniCGBE1-SpRY_D0_rep1_CRISPResso_on_B2M	A	0.0001404568358586	7.02284179293151e-05	0.9998244289551768	0.0	5.267131344698632e-05	0.0001053426268939	0.0	0.999789314746212	0.0	3.511420896465755e-05	7.02284179293151e-05	0.9997542005372474	0.0	8.778552241164387e-05	3.511420896465755e-05	1.7557104482328776e-05	3.511420896465755e-05	0.9998244289551768	1.7557104482328776e-05	1.7557104482328776e-05
_scratch_st-cdeboer-1_asfar_VLPs_results_crispresso_aggregated_spacer_miniCGBE1-SpRY_rep1_.staging_CRISPRessoPooled_on_miniCGBE1-SpRY_D0_rep1_CRISPResso_on_B2M	T	0.0001404568358586	0.0001931281493056	1.7557104482328776e-05	0.0001580139403409	1.7557104482328776e-05	0.0	0.999789314746212	1.7557104482328776e-05	0.999789314746212	3.511420896465755e-05	1.7557104482328776e-05	0.0	0.0001228997313763	8.778552241164387e-05	3.511420896465755e-05	0.999841986059659	3.511420896465755e-05	0.0	0.0001580139403409	0.9996664150148358
_scratch_st-cdeboer-1_asfar_VLPs_results_crispresso_aggregated_spacer_miniCGBE1-SpRY_rep1_.staging_CRISPRessoPooled_on_miniCGBE1-SpRY_D0_rep1_CRISPResso_on_B2M	C	0.0	7.02284179293151e-05	1.7557104482328776e-05	0.0001053426268939	3.511420896465755e-05	0.999894657373106	0.0001404568358586	0.0001053426268939	7.02284179293151e-05	0.9999122144775884	0.9998771002686238	8.778552241164387e-05	3.511420896465755e-05	0.9997717576417298	5.267131344698632e-05	7.02284179293151e-05	0.0001755710448232	7.02284179293151e-05	8.778552241164387e-05	0.0001755710448232
_scratch_st-cdeboer-1_asfar_VLPs_results_crispresso_aggregated_spacer_miniCGBE1-SpRY_rep1_.staging_CRISPRessoPooled_on_miniCGBE1-SpRY_D0_rep1_CRISPResso_on_B2M	G	0.9997190863282828	0.9995786294924242	0.0001404568358586	0.999736643432765	0.999894657373106	0.0	7.02284179293151e-05	8.778552241164387e-05	0.0001404568358586	1.7557104482328776e-05	3.511420896465755e-05	0.0001580139403409	0.999841986059659	5.267131344698632e-05	0.9998771002686238	7.02284179293151e-05	0.9997542005372474	0.0001053426268939	0.999736643432765	0.0001404568358586
_scratch_st-cdeboer-1_asfar_VLPs_results_crispresso_aggregated_spacer_miniCGBE1-SpRY_rep1_.staging_CRISPRessoPooled_on_miniCGBE1-SpRY_D0_rep1_CRISPResso_on_B2M	N	0.0	1.7557104482328776e-05	0.0	0.0	0.0	0.0	0.0	0.0	0.0	0.0	0.0	0.0	0.0	0.0	0.0	0.0	0.0	0.0	0.0	0.0
_scratch_st-cdeboer-1_asfar_VLPs_results_crispresso_aggregated_spacer_miniCGBE1-SpRY_rep1_.staging_CRISPRessoPooled_on_miniCGBE1-SpRY_D0_rep1_CRISPResso_on_B2M	-	0.0	7.02284179293151e-05	0.0	0.0	0.0	0.0	0.0	0.0	0.0	0.0	0.0	0.0	0.0	0.0	0.0	0.0	0.0	0.0	0.0	0.0
_scratch_st-cdeboer-1_asfar_VLPs_results_crispresso_aggregated_spacer_miniCGBE1-SpRY_rep1_.staging_CRISPRessoPooled_on_miniCGBE1-SpRY_D1_rep1_CRISPResso_on_B2M	A	0.0001218369259606	4.6860356138706655e-05	0.9996063730084348	1.874414245548266e-05	7.497656982193064e-05	5.623242736644798e-05	9.37207122774133e-06	0.9998406747891284	1.874414245548266e-05	5.623242736644798e-05	7.497656982193064e-05	0.9996157450796626	2.811621368322399e-05	3.748828491096532e-05	4.6860356138706655e-05	9.37207122774133e-06	0.0004498594189315	0.9996719775070292	2.811621368322399e-05	0.0
_scratch_st-cdeboer-1_asfar_VLPs_results_crispresso_aggregated_spacer_miniCGBE1-SpRY_rep1_.staging_CRISPRessoPooled_on_miniCGBE1-SpRY_D1_rep1_CRISPResso_on_B2M	T	0.0001499531396438	0.0005716963448922	3.748828491096532e-05	0.0002343017806935	6.560449859418931e-05	0.0001124648547328	0.9996813495782568	0.0	0.9995876288659794	0.0001405810684161	0.0001218369259606	0.0	0.0001124648547328	0.0002717900656044	0.0004873477038425	0.9998031865042174	8.434864104967198e-05	9.37207122774133e-06	0.0002061855670103	0.9996719775070292
_scratch_st-cdeboer-1_asfar_VLPs_results_crispresso_aggregated_spacer_miniCGBE1-SpRY_rep1_.staging_CRISPRessoPooled_on_miniCGBE1-SpRY_D1_rep1_CRISPResso_on_B2M	C	3.748828491096532e-05	0.0001312089971883	4.6860356138706655e-05	7.497656982193064e-05	2.811621368322399e-05	0.9998125585754452	0.0001312089971883	4.6860356138706655e-05	6.560449859418931e-05	0.9998031865042174	0.9997938144329896	8.434864104967198e-05	6.560449859418931e-05	0.9996719775070292	3.748828491096532e-05	7.497656982193064e-05	0.0001030927835051	8.434864104967198e-05	8.434864104967198e-05	0.0001593252108716
_scratch_st-cdeboer-1_asfar_VLPs_results_crispresso_aggregated_spacer_miniCGBE1-SpRY_rep1_.staging_CRISPRessoPooled_on_miniCGBE1-SpRY_D1_rep1_CRISPResso_on_B2M	G	0.9996907216494846	0.9991565135895032	0.0002905342080599	0.9996719775070292	0.9998313027179008	1.874414245548266e-05	0.000178069353327	0.0001030927835051	0.0003280224929709	0.0	9.37207122774133e-06	0.0002999062792877	0.9997938144329896	1.874414245548266e-05	0.99941893158388	0.0001124648547328	0.9993626991565135	0.0002343017806935	0.9996813495782568	0.0001686972820993
_scratch_st-cdeboer-1_asfar_VLPs_results_crispresso_aggregated_spacer_miniCGBE1-SpRY_rep1_.staging_CRISPRessoPooled_on_miniCGBE1-SpRY_D1_rep1_CRISPResso_on_B2M	N	0.0	0.0	9.37207122774133e-06	0.0	0.0	0.0	0.0	9.37207122774133e-06	0.0	0.0	0.0	0.0	0.0	0.0	9.37207122774133e-06	0.0	0.0	0.0	0.0	0.0
_scratch_st-cdeboer-1_asfar_VLPs_results_crispresso_aggregated_spacer_miniCGBE1-SpRY_rep1_.staging_CRISPRessoPooled_on_miniCGBE1-SpRY_D1_rep1_CRISPResso_on_B2M	-	0.0	9.372071227741332e-05	9.37207122774133e-06	0.0	0.0	0.0	0.0	0.0	0.0	0.0	0.0	0.0	0.0	0.0	0.0	0.0	0.0	0.0	0.0	0.0
_scratch_st-cdeboer-1_asfar_VLPs_results_crispresso_aggregated_spacer_miniCGBE1-SpRY_rep1_.staging_CRISPRessoPooled_on_miniCGBE1-SpRY_D2_rep1_CRISPResso_on_B2M	A	0.00019006807893	5.183674879911532e-05	0.9997408162560044	0.0	5.183674879911532e-05	0.0	0.0	0.9996717005909388	1.7278916266371772e-05	1.7278916266371772e-05	5.183674879911532e-05	0.9995680270933408	1.7278916266371772e-05	0.0001036734975982	0.0006393199018557	0.0	0.0008812247295849	0.9997062584234716	0.0	5.183674879911532e-05
_scratch_st-cdeboer-1_asfar_VLPs_results_crispresso_aggregated_spacer_miniCGBE1-SpRY_rep1_.staging_CRISPRessoPooled_on_miniCGBE1-SpRY_D2_rep1_CRISPResso_on_B2M	T	6.911566506548709e-05	0.000328299409061	0.0	0.0001727891626637	3.4557832532743545e-05	0.0001209524138646	0.99961986384214	0.0	0.9995161903445416	6.911566506548709e-05	6.911566506548709e-05	0.0	6.911566506548709e-05	0.0001382313301309	0.000466530739192	0.9996544216746726	0.0001727891626637	1.7278916266371772e-05	0.0002073469951964	0.9994989114282752
_scratch_st-cdeboer-1_asfar_VLPs_results_crispresso_aggregated_spacer_miniCGBE1-SpRY_rep1_.staging_CRISPRessoPooled_on_miniCGBE1-SpRY_D2_rep1_CRISPResso_on_B2M	C	8.639458133185887e-05	8.639458133185887e-05	1.7278916266371772e-05	8.639458133185887e-05	3.4557832532743545e-05	0.9997753740885372	0.0001209524138646	1.7278916266371772e-05	6.911566506548709e-05	0.9997408162560044	0.9996889795072053	6.911566506548709e-05	8.639458133185887e-05	0.9995507481770745	0.0005183674879911	0.0001209524138646	0.0002764626602619	0.0	6.911566506548709e-05	0.00019006807893
_scratch_st-cdeboer-1_asfar_VLPs_results_crispresso_aggregated_spacer_miniCGBE1-SpRY_rep1_.staging_CRISPRessoPooled_on_miniCGBE1-SpRY_D2_rep1_CRISPResso_on_B2M	G	0.9995507481770745	0.999395237930677	0.0001382313301309	0.9996371427584062	0.9997753740885372	0.0	0.0001555102463973	0.0001382313301309	0.0002246259114628	0.0	0.0	0.00019006807893	0.9996544216746726	3.4557832532743545e-05	0.9982029927082974	0.0001209524138646	0.9985658499498912	0.0001727891626637	0.99961986384214	0.0001555102463973
_scratch_st-cdeboer-1_asfar_VLPs_results_crispresso_aggregated_spacer_miniCGBE1-SpRY_rep1_.staging_CRISPRessoPooled_on_miniCGBE1-SpRY_D2_rep1_CRISPResso_on_B2M	N	0.0	0.0	0.0	0.0	0.0	0.0	0.0	0.0	0.0	0.0	0.0	0.0	0.0	0.0	0.0	0.0	0.0	0.0	0.0	0.0
_scratch_st-cdeboer-1_asfar_VLPs_results_crispresso_aggregated_spacer_miniCGBE1-SpRY_rep1_.staging_CRISPRessoPooled_on_miniCGBE1-SpRY_D2_rep1_CRISPResso_on_B2M	-	0.0001036734975982	0.0001382313301309	0.0001036734975982	0.0001036734975982	0.0001036734975982	0.0001036734975982	0.0001036734975982	0.0001727891626637	0.0001727891626637	0.0001727891626637	0.00019006807893	0.0001727891626637	0.0001727891626637	0.0001727891626637	0.0001727891626637	0.0001036734975982	0.0001036734975982	0.0001036734975982	0.0001036734975982	0.0001036734975982
_scratch_st-cdeboer-1_asfar_VLPs_results_crispresso_aggregated_spacer_miniCGBE1-SpRY_rep1_.staging_CRISPRessoPooled_on_miniCGBE1-SpRY_D3_rep1_CRISPResso_on_B2M	A	0.000103271112488	5.163555624402964e-05	0.999716004440658	0.0	7.745333436604446e-05	2.581777812201482e-05	0.0	0.9989672888751194	0.0	5.163555624402964e-05	5.163555624402964e-05	0.9989156533188752	2.581777812201482e-05	2.581777812201482e-05	0.0014716133529548	0.0	0.0022977822528593	0.9990447422094856	5.163555624402964e-05	2.581777812201482e-05
_scratch_st-cdeboer-1_asfar_VLPs_results_crispresso_aggregated_spacer_miniCGBE1-SpRY_rep1_.staging_CRISPRessoPooled_on_miniCGBE1-SpRY_D3_rep1_CRISPResso_on_B2M	T	0.0002581777812201	0.0005421733405623	0.0	0.0002323600030981	2.581777812201482e-05	2.581777812201482e-05	0.9988381999845092	2.581777812201482e-05	0.9988123822063874	0.0001807244468541	7.745333436604446e-05	0.0	7.745333436604446e-05	5.163555624402964e-05	0.0011101644592466	0.9989931066532414	0.000103271112488	0.0	0.0002065422249761	0.9995352799938038
_scratch_st-cdeboer-1_asfar_VLPs_results_crispresso_aggregated_spacer_miniCGBE1-SpRY_rep1_.staging_CRISPRessoPooled_on_miniCGBE1-SpRY_D3_rep1_CRISPResso_on_B2M	C	0.0	7.745333436604446e-05	0.0	5.163555624402964e-05	7.745333436604446e-05	0.9991221955438516	0.0002581777812201	5.163555624402964e-05	0.0001807244468541	0.9989672888751194	0.9990189244313634	5.163555624402964e-05	0.0	0.9991221955438516	0.0008003511217824	0.000154906668732	0.0011618000154906	2.581777812201482e-05	0.00012908889061	0.0002323600030981
_scratch_st-cdeboer-1_asfar_VLPs_results_crispresso_aggregated_spacer_miniCGBE1-SpRY_rep1_.staging_CRISPRessoPooled_on_miniCGBE1-SpRY_D3_rep1_CRISPResso_on_B2M	G	0.9995610977719256	0.9991996488782176	0.0002065422249761	0.9996385511062916	0.9990189244313634	2.581777812201482e-05	0.000103271112488	0.000154906668732	0.0002065422249761	0.0	0.0	0.0002323600030981	0.9990963777657296	0.0	0.9958175199442336	5.163555624402964e-05	0.9956109777192574	0.00012908889061	0.9988123822063874	0.00012908889061
_scratch_st-cdeboer-1_asfar_VLPs_results_crispresso_aggregated_spacer_miniCGBE1-SpRY_rep1_.staging_CRISPRessoPooled_on_miniCGBE1-SpRY_D3_rep1_CRISPResso_on_B2M	N	0.0	0.0	0.0	0.0	0.0	0.0	0.0	0.0	0.0	0.0	0.0	0.0	0.0	0.0	0.0	0.0	0.0	0.0	0.0	0.0
_scratch_st-cdeboer-1_asfar_VLPs_results_crispresso_aggregated_spacer_miniCGBE1-SpRY_rep1_.staging_CRISPRessoPooled_on_miniCGBE1-SpRY_D3_rep1_CRISPResso_on_B2M	-	7.745333436604446e-05	0.00012908889061	7.745333436604446e-05	7.745333436604446e-05	0.0008003511217824	0.0008003511217824	0.0008003511217824	0.0008003511217824	0.0008003511217824	0.0008003511217824	0.0008519866780264	0.0008003511217824	0.0008003511217824	0.0008003511217824	0.0008003511217824	0.0008003511217824	0.0008261688999044	0.0008003511217824	0.0008003511217824	7.745333436604446e-05
_scratch_st-cdeboer-1_asfar_VLPs_results_crispresso_aggregated_spacer_miniCGBE1-SpRY_rep1_.staging_CRISPRessoPooled_on_miniCGBE1-SpRY_D4_rep1_CRISPResso_on_B2M	A	0.0001009217520016	1.6820292000269123e-05	0.9995794926999932	6.728116800107649e-05	0.0	6.728116800107649e-05	0.0	0.99937764919599	1.6820292000269123e-05	5.0460876000807376e-05	5.0460876000807376e-05	0.9990917042319856	3.3640584000538246e-05	5.0460876000807376e-05	0.0077036937361232	1.6820292000269123e-05	0.0085783489201372	0.9988562201439816	5.0460876000807376e-05	5.0460876000807376e-05
_scratch_st-cdeboer-1_asfar_VLPs_results_crispresso_aggregated_spacer_miniCGBE1-SpRY_rep1_.staging_CRISPRessoPooled_on_miniCGBE1-SpRY_D4_rep1_CRISPResso_on_B2M	T	0.0001345623360021	0.0003700464240059	1.6820292000269123e-05	0.0003364058400053	1.6820292000269123e-05	0.0007905537240126	0.9991758056919868	0.0	0.9989739621879836	8.410146000134562e-05	6.728116800107649e-05	0.0	0.0002691246720043	0.0001009217520016	0.0024053017560384	0.9990917042319856	0.001126959564018	3.3640584000538246e-05	0.0001513826280024	0.999125344815986
_scratch_st-cdeboer-1_asfar_VLPs_results_crispresso_aggregated_spacer_miniCGBE1-SpRY_rep1_.staging_CRISPRessoPooled_on_miniCGBE1-SpRY_D4_rep1_CRISPResso_on_B2M	C	5.0460876000807376e-05	0.0001009217520016	0.0	6.728116800107649e-05	3.3640584000538246e-05	0.99875529839198	0.0002354840880037	0.0	0.0001513826280024	0.999310368027989	0.9990244230639844	5.0460876000807376e-05	5.0460876000807376e-05	0.999243086859988	0.0018838727040301	6.728116800107649e-05	0.0073841081881181	1.6820292000269123e-05	0.0001177420440018	0.0002186637960034
_scratch_st-cdeboer-1_asfar_VLPs_results_crispresso_aggregated_spacer_miniCGBE1-SpRY_rep1_.staging_CRISPRessoPooled_on_miniCGBE1-SpRY_D4_rep1_CRISPResso_on_B2M	G	0.9995458521159928	0.9993271883199892	0.0001850232120029	0.999310368027989	0.9995963129919936	3.3640584000538246e-05	0.0001850232120029	0.0001177420440018	0.0003532261320056	5.0460876000807376e-05	0.0	0.0001009217520016	0.9988898607279822	1.6820292000269123e-05	0.9873174998317972	0.0001850232120029	0.9822714122317164	0.0005887102200094	0.9991758056919868	0.0001009217520016
_scratch_st-cdeboer-1_asfar_VLPs_results_crispresso_aggregated_spacer_miniCGBE1-SpRY_rep1_.staging_CRISPRessoPooled_on_miniCGBE1-SpRY_D4_rep1_CRISPResso_on_B2M	N	0.0	0.0	0.0	0.0	0.0	0.0	0.0	0.0	0.0	0.0	1.6820292000269123e-05	0.0	0.0	0.0	0.0	0.0	0.0	0.0	0.0	0.0
_scratch_st-cdeboer-1_asfar_VLPs_results_crispresso_aggregated_spacer_miniCGBE1-SpRY_rep1_.staging_CRISPRessoPooled_on_miniCGBE1-SpRY_D4_rep1_CRISPResso_on_B2M	-	0.0001682029200026	0.0001850232120029	0.0002186637960034	0.0002186637960034	0.0003532261320056	0.0003532261320056	0.0004036870080064	0.000504608760008	0.000504608760008	0.000504608760008	0.0008410146000134	0.0007569131400121	0.0007569131400121	0.0005887102200094	0.000689631972011	0.0006391710960102	0.0006391710960102	0.000504608760008	0.000504608760008	0.000504608760008
_scratch_st-cdeboer-1_asfar_VLPs_results_crispresso_aggregated_spacer_miniCGBE1-SpRY_rep1_.staging_CRISPRessoPooled_on_miniCGBE1-SpRY_D5_rep1_CRISPResso_on_B2M	A	3.3479153646995804e-05	3.3479153646995804e-05	0.9992188197482368	0.0	7.811802517632354e-05	0.0001562360503526	1.1159717882331936e-05	0.9988282296223552	0.0	4.463887152932774e-05	3.3479153646995804e-05	0.9986608338541202	3.3479153646995804e-05	6.695830729399161e-05	0.0036715471832872	0.0	0.0057137755557539	0.9991072225694134	2.231943576466387e-05	0.0
_scratch_st-cdeboer-1_asfar_VLPs_results_crispresso_aggregated_spacer_miniCGBE1-SpRY_rep1_.staging_CRISPRessoPooled_on_miniCGBE1-SpRY_D5_rep1_CRISPResso_on_B2M	T	0.0001562360503526	0.0006584233550575	1.1159717882331936e-05	0.0001897152039996	1.1159717882331936e-05	5.579858941165968e-05	0.9987389518792964	5.579858941165968e-05	0.9984711186501204	8.927774305865548e-05	0.0001450763324703	1.1159717882331936e-05	6.695830729399161e-05	0.0001785554861173	0.0020422283724667	0.9988170699044728	0.0005021873047049	0.0	0.0002678332291759	0.9993192572091778
_scratch_st-cdeboer-1_asfar_VLPs_results_crispresso_aggregated_spacer_miniCGBE1-SpRY_rep1_.staging_CRISPRessoPooled_on_miniCGBE1-SpRY_D5_rep1_CRISPResso_on_B2M	C	2.231943576466387e-05	0.0001004374609409	2.231943576466387e-05	2.231943576466387e-05	6.695830729399161e-05	0.9988282296223552	0.0001227568967056	3.3479153646995804e-05	7.811802517632354e-05	0.9990067851084724	0.9986496741362378	0.0001562360503526	3.3479153646995804e-05	0.9989733059548256	0.0010601731988215	0.0001339166145879	0.004709400946344	2.231943576466387e-05	6.695830729399161e-05	0.0001673957682349
_scratch_st-cdeboer-1_asfar_VLPs_results_crispresso_aggregated_spacer_miniCGBE1-SpRY_rep1_.staging_CRISPRessoPooled_on_miniCGBE1-SpRY_D5_rep1_CRISPResso_on_B2M	G	0.9993527363628248	0.9987612713150612	0.0003013123828229	0.999263458619766	0.9989844656727078	0.0	0.0002231943576466	0.0003013123828229	0.0005803053298812	0.0	4.463887152932774e-05	0.0001562360503526	0.9988505490581198	2.231943576466387e-05	0.9922774752254264	0.0001004374609409	0.9881260601731988	0.0002789929470582	0.9990960628515312	0.0001785554861173
_scratch_st-cdeboer-1_asfar_VLPs_results_crispresso_aggregated_spacer_miniCGBE1-SpRY_rep1_.staging_CRISPRessoPooled_on_miniCGBE1-SpRY_D5_rep1_CRISPResso_on_B2M	N	0.0	0.0	0.0	0.0	0.0	0.0	0.0	0.0	0.0	0.0	0.0	0.0	0.0	0.0	0.0	0.0	0.0	1.1159717882331936e-05	0.0	0.0
_scratch_st-cdeboer-1_asfar_VLPs_results_crispresso_aggregated_spacer_miniCGBE1-SpRY_rep1_.staging_CRISPRessoPooled_on_miniCGBE1-SpRY_D5_rep1_CRISPResso_on_B2M	-	0.0004352289974109	0.0004463887152932	0.0004463887152932	0.0005245067404696	0.0008592982769395	0.0009597357378805	0.0009039371484688	0.0007811802517632	0.0008704579948218	0.0008592982769395	0.0011271315061155	0.0010155343272922	0.0010155343272922	0.0007588608159985	0.0009485760199982	0.0009485760199982	0.0009485760199982	0.0005803053298812	0.0005468261762342	0.0003347915364699
