Folder	Nucleotide	G	G	C	C	C	A	G	A	C	T	G	A	G	C	A	C	G	T	G	A
_scratch_st-cdeboer-1_asfar_VLPs_results_crispresso_aggregated_spacer_miniCGBE1-SpRY_rep3_.staging_CRISPRessoPooled_on_miniCGBE1-SpRY_D0_rep3_CRISPResso_on_HEK3	A	5.918910920390648e-05	2.959455460195324e-05	0.0	2.959455460195324e-05	2.959455460195324e-05	0.9998224326723882	5.918910920390648e-05	0.9999112163361942	0.0	0.0	2.959455460195324e-05	0.9997928381177864	0.0	0.0	1.0	5.918910920390648e-05	0.0	2.959455460195324e-05	2.959455460195324e-05	0.9997928381177864
_scratch_st-cdeboer-1_asfar_VLPs_results_crispresso_aggregated_spacer_miniCGBE1-SpRY_rep3_.staging_CRISPRessoPooled_on_miniCGBE1-SpRY_D0_rep3_CRISPResso_on_HEK3	T	0.0001183782184078	5.918910920390648e-05	2.959455460195324e-05	2.959455460195324e-05	0.0001183782184078	2.959455460195324e-05	0.0001479727730097	0.0	0.0	0.9997928381177864	5.918910920390648e-05	0.0	0.0	0.0001479727730097	0.0	0.0001479727730097	8.878366380585972e-05	0.999970405445398	2.959455460195324e-05	0.0
_scratch_st-cdeboer-1_asfar_VLPs_results_crispresso_aggregated_spacer_miniCGBE1-SpRY_rep3_.staging_CRISPRessoPooled_on_miniCGBE1-SpRY_D0_rep3_CRISPResso_on_HEK3	C	5.918910920390648e-05	5.918910920390648e-05	0.999940810890796	0.999940810890796	0.9997336490085824	2.959455460195324e-05	5.918910920390648e-05	0.0	1.0	2.959455460195324e-05	8.878366380585972e-05	0.0001183782184078	0.0	0.9998224326723882	0.0	0.9997928381177864	0.0001183782184078	0.0	5.918910920390648e-05	0.0001183782184078
_scratch_st-cdeboer-1_asfar_VLPs_results_crispresso_aggregated_spacer_miniCGBE1-SpRY_rep3_.staging_CRISPRessoPooled_on_miniCGBE1-SpRY_D0_rep3_CRISPResso_on_HEK3	G	0.9997632435631844	0.9997928381177864	2.959455460195324e-05	0.0	2.959455460195324e-05	0.0001183782184078	0.9997336490085824	8.878366380585972e-05	0.0	0.0001775673276117	0.9998224326723882	8.878366380585972e-05	1.0	0.0	0.0	0.0	0.9997928381177864	0.0	0.9998816217815922	8.878366380585972e-05
_scratch_st-cdeboer-1_asfar_VLPs_results_crispresso_aggregated_spacer_miniCGBE1-SpRY_rep3_.staging_CRISPRessoPooled_on_miniCGBE1-SpRY_D0_rep3_CRISPResso_on_HEK3	N	0.0	0.0	0.0	0.0	0.0	0.0	0.0	0.0	0.0	0.0	0.0	0.0	0.0	0.0	0.0	0.0	0.0	0.0	0.0	0.0
_scratch_st-cdeboer-1_asfar_VLPs_results_crispresso_aggregated_spacer_miniCGBE1-SpRY_rep3_.staging_CRISPRessoPooled_on_miniCGBE1-SpRY_D0_rep3_CRISPResso_on_HEK3	-	0.0	5.918910920390648e-05	0.0	0.0	8.878366380585972e-05	0.0	0.0	0.0	0.0	0.0	0.0	0.0	0.0	2.959455460195324e-05	0.0	0.0	0.0	0.0	0.0	0.0
_scratch_st-cdeboer-1_asfar_VLPs_results_crispresso_aggregated_spacer_miniCGBE1-SpRY_rep3_.staging_CRISPRessoPooled_on_miniCGBE1-SpRY_D1_rep3_CRISPResso_on_HEK3	A	0.0	0.0	1.7246434299708535e-05	3.449286859941707e-05	3.449286859941707e-05	0.999879274959902	6.898573719883414e-05	0.9997413034855044	0.0	1.7246434299708535e-05	3.449286859941707e-05	0.9998275356570028	5.173930289912561e-05	6.898573719883414e-05	0.9999137678285016	1.7246434299708535e-05	0.0	0.0	5.173930289912561e-05	0.9999310142628012
_scratch_st-cdeboer-1_asfar_VLPs_results_crispresso_aggregated_spacer_miniCGBE1-SpRY_rep3_.staging_CRISPRessoPooled_on_miniCGBE1-SpRY_D1_rep3_CRISPResso_on_HEK3	T	8.623217149854267e-05	8.623217149854267e-05	1.7246434299708535e-05	1.7246434299708535e-05	1.7246434299708535e-05	0.0	0.0001552179086973	3.449286859941707e-05	0.0	0.9998620285256024	5.173930289912561e-05	0.0	5.173930289912561e-05	0.0001034786057982	0.0	5.173930289912561e-05	8.623217149854267e-05	0.9998620285256024	6.898573719883414e-05	0.0
_scratch_st-cdeboer-1_asfar_VLPs_results_crispresso_aggregated_spacer_miniCGBE1-SpRY_rep3_.staging_CRISPRessoPooled_on_miniCGBE1-SpRY_D1_rep3_CRISPResso_on_HEK3	C	0.0	0.0001034786057982	0.9999655071314004	0.9999310142628012	0.9998965213942016	5.173930289912561e-05	1.7246434299708535e-05	3.449286859941707e-05	0.9999827535657004	8.623217149854267e-05	0.0	6.898573719883414e-05	3.449286859941707e-05	0.9998102892227032	1.7246434299708535e-05	0.9999310142628012	0.000172464342997	0.0001034786057982	1.7246434299708535e-05	3.449286859941707e-05
_scratch_st-cdeboer-1_asfar_VLPs_results_crispresso_aggregated_spacer_miniCGBE1-SpRY_rep3_.staging_CRISPRessoPooled_on_miniCGBE1-SpRY_D1_rep3_CRISPResso_on_HEK3	G	0.9999137678285016	0.999758549919804	0.0	1.7246434299708535e-05	3.449286859941707e-05	6.898573719883414e-05	0.999758549919804	0.0001897107772967	1.7246434299708535e-05	3.449286859941707e-05	0.9999137678285016	0.0001034786057982	0.9998620285256024	1.7246434299708535e-05	6.898573719883414e-05	0.0	0.9997413034855044	1.7246434299708535e-05	0.9998620285256024	3.449286859941707e-05
_scratch_st-cdeboer-1_asfar_VLPs_results_crispresso_aggregated_spacer_miniCGBE1-SpRY_rep3_.staging_CRISPRessoPooled_on_miniCGBE1-SpRY_D1_rep3_CRISPResso_on_HEK3	N	0.0	0.0	0.0	0.0	0.0	0.0	0.0	0.0	0.0	0.0	0.0	0.0	0.0	0.0	0.0	0.0	0.0	1.7246434299708535e-05	0.0	0.0
_scratch_st-cdeboer-1_asfar_VLPs_results_crispresso_aggregated_spacer_miniCGBE1-SpRY_rep3_.staging_CRISPRessoPooled_on_miniCGBE1-SpRY_D1_rep3_CRISPResso_on_HEK3	-	0.0	5.173930289912561e-05	0.0	0.0	1.7246434299708535e-05	0.0	0.0	0.0	0.0	0.0	0.0	0.0	0.0	0.0	0.0	0.0	0.0	0.0	0.0	0.0
_scratch_st-cdeboer-1_asfar_VLPs_results_crispresso_aggregated_spacer_miniCGBE1-SpRY_rep3_.staging_CRISPRessoPooled_on_miniCGBE1-SpRY_D2_rep3_CRISPResso_on_HEK3	A	0.0	3.049431281066081e-05	0.0	3.049431281066081e-05	6.098862562132162e-05	0.99954258530784	3.049431281066081e-05	0.999634068246272	9.148293843198243e-05	0.0	9.148293843198243e-05	0.9997560454975148	0.0	0.0	0.9998780227487574	0.0	0.0	0.0	3.049431281066081e-05	0.999817034123136
_scratch_st-cdeboer-1_asfar_VLPs_results_crispresso_aggregated_spacer_miniCGBE1-SpRY_rep3_.staging_CRISPRessoPooled_on_miniCGBE1-SpRY_D2_rep3_CRISPResso_on_HEK3	T	6.098862562132162e-05	6.098862562132162e-05	0.0	9.148293843198243e-05	0.0001219772512426	3.049431281066081e-05	9.148293843198243e-05	0.0	0.0	0.999908517061568	9.148293843198243e-05	0.0	0.0	6.098862562132162e-05	0.0	0.0	6.098862562132162e-05	0.999908517061568	3.049431281066081e-05	0.0
_scratch_st-cdeboer-1_asfar_VLPs_results_crispresso_aggregated_spacer_miniCGBE1-SpRY_rep3_.staging_CRISPRessoPooled_on_miniCGBE1-SpRY_D2_rep3_CRISPResso_on_HEK3	C	0.0	0.0001829658768639	1.0	0.9998780227487574	0.9997865398103254	6.098862562132162e-05	3.049431281066081e-05	0.0	0.999908517061568	9.148293843198243e-05	0.0	0.0001829658768639	0.0	0.999908517061568	0.0	0.9999695056871892	0.0001219772512426	9.148293843198243e-05	3.049431281066081e-05	3.049431281066081e-05
_scratch_st-cdeboer-1_asfar_VLPs_results_crispresso_aggregated_spacer_miniCGBE1-SpRY_rep3_.staging_CRISPRessoPooled_on_miniCGBE1-SpRY_D2_rep3_CRISPResso_on_HEK3	G	0.9999390113743788	0.999725551184704	0.0	0.0	3.049431281066081e-05	0.0003659317537279	0.9998475284359468	0.0003659317537279	0.0	0.0	0.9997865398103254	6.098862562132162e-05	1.0	3.049431281066081e-05	0.0001219772512426	3.049431281066081e-05	0.999817034123136	0.0	0.999908517061568	0.0001524715640533
_scratch_st-cdeboer-1_asfar_VLPs_results_crispresso_aggregated_spacer_miniCGBE1-SpRY_rep3_.staging_CRISPRessoPooled_on_miniCGBE1-SpRY_D2_rep3_CRISPResso_on_HEK3	N	0.0	0.0	0.0	0.0	0.0	0.0	0.0	0.0	0.0	0.0	0.0	0.0	0.0	0.0	0.0	0.0	0.0	0.0	0.0	0.0
_scratch_st-cdeboer-1_asfar_VLPs_results_crispresso_aggregated_spacer_miniCGBE1-SpRY_rep3_.staging_CRISPRessoPooled_on_miniCGBE1-SpRY_D2_rep3_CRISPResso_on_HEK3	-	0.0	0.0	0.0	0.0	0.0	0.0	0.0	0.0	0.0	0.0	3.049431281066081e-05	0.0	0.0	0.0	0.0	0.0	0.0	0.0	0.0	0.0
_scratch_st-cdeboer-1_asfar_VLPs_results_crispresso_aggregated_spacer_miniCGBE1-SpRY_rep3_.staging_CRISPRessoPooled_on_miniCGBE1-SpRY_D3_rep3_CRISPResso_on_HEK3	A	0.0	0.0001310615989515	4.3687199650502406e-05	0.0	4.3687199650502406e-05	0.999912625600699	8.737439930100481e-05	0.999825251201398	0.0	0.0	4.3687199650502406e-05	0.9996941896024464	4.3687199650502406e-05	0.0	0.999912625600699	4.3687199650502406e-05	0.0	4.3687199650502406e-05	4.3687199650502406e-05	0.999825251201398
_scratch_st-cdeboer-1_asfar_VLPs_results_crispresso_aggregated_spacer_miniCGBE1-SpRY_rep3_.staging_CRISPRessoPooled_on_miniCGBE1-SpRY_D3_rep3_CRISPResso_on_HEK3	T	0.0001310615989515	4.3687199650502406e-05	4.3687199650502406e-05	8.737439930100481e-05	8.737439930100481e-05	4.3687199650502406e-05	0.0001310615989515	0.0	0.0	0.9998689384010484	8.737439930100481e-05	0.0	0.0	0.0	0.0	0.0	0.0	0.999825251201398	8.737439930100481e-05	0.0
_scratch_st-cdeboer-1_asfar_VLPs_results_crispresso_aggregated_spacer_miniCGBE1-SpRY_rep3_.staging_CRISPRessoPooled_on_miniCGBE1-SpRY_D3_rep3_CRISPResso_on_HEK3	C	4.3687199650502406e-05	8.737439930100481e-05	0.999912625600699	0.9998689384010484	0.9998689384010484	0.0	0.0	4.3687199650502406e-05	1.0	4.3687199650502406e-05	0.0	0.0001310615989515	4.3687199650502406e-05	1.0	0.0	0.9999563128003496	0.0	8.737439930100481e-05	0.0001310615989515	8.737439930100481e-05
_scratch_st-cdeboer-1_asfar_VLPs_results_crispresso_aggregated_spacer_miniCGBE1-SpRY_rep3_.staging_CRISPRessoPooled_on_miniCGBE1-SpRY_D3_rep3_CRISPResso_on_HEK3	G	0.999825251201398	0.999737876802097	0.0	4.3687199650502406e-05	0.0	4.3687199650502406e-05	0.999737876802097	8.737439930100481e-05	0.0	8.737439930100481e-05	0.9998689384010484	0.000174748798602	0.999912625600699	0.0	8.737439930100481e-05	0.0	1.0	4.3687199650502406e-05	0.999737876802097	8.737439930100481e-05
_scratch_st-cdeboer-1_asfar_VLPs_results_crispresso_aggregated_spacer_miniCGBE1-SpRY_rep3_.staging_CRISPRessoPooled_on_miniCGBE1-SpRY_D3_rep3_CRISPResso_on_HEK3	N	0.0	0.0	0.0	0.0	0.0	0.0	0.0	0.0	0.0	0.0	0.0	0.0	0.0	0.0	0.0	0.0	0.0	0.0	0.0	0.0
_scratch_st-cdeboer-1_asfar_VLPs_results_crispresso_aggregated_spacer_miniCGBE1-SpRY_rep3_.staging_CRISPRessoPooled_on_miniCGBE1-SpRY_D3_rep3_CRISPResso_on_HEK3	-	0.0	0.0	0.0	0.0	0.0	0.0	4.3687199650502406e-05	4.3687199650502406e-05	0.0	0.0	0.0	0.0	0.0	0.0	0.0	0.0	0.0	0.0	0.0	0.0
_scratch_st-cdeboer-1_asfar_VLPs_results_crispresso_aggregated_spacer_miniCGBE1-SpRY_rep3_.staging_CRISPRessoPooled_on_miniCGBE1-SpRY_D4_rep3_CRISPResso_on_HEK3	A	2.724238915752912e-05	4.086358373629368e-05	2.724238915752912e-05	0.0001021589593407	0.0001362119457876	0.9998501668596336	4.086358373629368e-05	0.9998297350677654	4.7674181025675954e-05	6.810597289382279e-06	2.043179186814684e-05	0.9997752502894504	4.086358373629368e-05	3.40529864469114e-05	0.999911462235238	3.40529864469114e-05	0.0	1.3621194578764558e-05	2.043179186814684e-05	0.9998501668596336
_scratch_st-cdeboer-1_asfar_VLPs_results_crispresso_aggregated_spacer_miniCGBE1-SpRY_rep3_.staging_CRISPRessoPooled_on_miniCGBE1-SpRY_D4_rep3_CRISPResso_on_HEK3	T	6.129537560444051e-05	4.086358373629368e-05	2.724238915752912e-05	0.0003337192671797	0.0009126200367772	6.810597289382279e-06	6.129537560444051e-05	6.810597289382279e-06	3.40529864469114e-05	0.9998569774569228	8.853776476196962e-05	0.0	3.40529864469114e-05	5.448477831505823e-05	0.0	4.086358373629368e-05	4.7674181025675954e-05	0.999802492678608	7.491657018320507e-05	6.810597289382279e-06
_scratch_st-cdeboer-1_asfar_VLPs_results_crispresso_aggregated_spacer_miniCGBE1-SpRY_rep3_.staging_CRISPRessoPooled_on_miniCGBE1-SpRY_D4_rep3_CRISPResso_on_HEK3	C	4.7674181025675954e-05	0.0001294013484982	0.999931894027106	0.9993938568412448	0.9985152897909146	4.7674181025675954e-05	3.40529864469114e-05	3.40529864469114e-05	0.9998705986515016	9.534836205135192e-05	2.043179186814684e-05	7.491657018320507e-05	1.3621194578764558e-05	0.9998774092487912	2.724238915752912e-05	0.999911462235238	9.534836205135192e-05	9.534836205135192e-05	7.491657018320507e-05	4.086358373629368e-05
_scratch_st-cdeboer-1_asfar_VLPs_results_crispresso_aggregated_spacer_miniCGBE1-SpRY_rep3_.staging_CRISPRessoPooled_on_miniCGBE1-SpRY_D4_rep3_CRISPResso_on_HEK3	G	0.9998569774569228	0.999645848940952	6.810597289382279e-06	0.0001634543349451	0.0003882040454947	8.853776476196962e-05	0.9998569774569228	0.0001225907512088	3.40529864469114e-05	2.724238915752912e-05	0.9998569774569228	0.0001362119457876	0.9999046516379486	2.724238915752912e-05	5.448477831505823e-05	6.810597289382279e-06	0.9998501668596336	8.172716747258735e-05	0.999822924470476	9.534836205135192e-05
_scratch_st-cdeboer-1_asfar_VLPs_results_crispresso_aggregated_spacer_miniCGBE1-SpRY_rep3_.staging_CRISPRessoPooled_on_miniCGBE1-SpRY_D4_rep3_CRISPResso_on_HEK3	N	0.0	0.0	0.0	0.0	0.0	0.0	0.0	0.0	0.0	0.0	0.0	0.0	0.0	0.0	0.0	0.0	0.0	0.0	0.0	0.0
_scratch_st-cdeboer-1_asfar_VLPs_results_crispresso_aggregated_spacer_miniCGBE1-SpRY_rep3_.staging_CRISPRessoPooled_on_miniCGBE1-SpRY_D4_rep3_CRISPResso_on_HEK3	-	6.810597289382279e-06	0.000143022543077	6.810597289382279e-06	6.810597289382279e-06	4.7674181025675954e-05	6.810597289382279e-06	6.810597289382279e-06	6.810597289382279e-06	1.3621194578764558e-05	1.3621194578764558e-05	1.3621194578764558e-05	1.3621194578764558e-05	6.810597289382279e-06	6.810597289382279e-06	6.810597289382279e-06	6.810597289382279e-06	6.810597289382279e-06	6.810597289382279e-06	6.810597289382279e-06	6.810597289382279e-06
_scratch_st-cdeboer-1_asfar_VLPs_results_crispresso_aggregated_spacer_miniCGBE1-SpRY_rep3_.staging_CRISPRessoPooled_on_miniCGBE1-SpRY_D5_rep3_CRISPResso_on_HEK3	A	0.0	0.0	0.0	0.0003987108349669	0.0002325813203973	0.9998670963883444	0.0	0.9999003222912582	0.0	0.0	0.0	0.9998338704854304	0.0	9.967770874173506e-05	0.999966774097086	0.0	0.0	0.0	0.0	0.9998338704854304
_scratch_st-cdeboer-1_asfar_VLPs_results_crispresso_aggregated_spacer_miniCGBE1-SpRY_rep3_.staging_CRISPRessoPooled_on_miniCGBE1-SpRY_D5_rep3_CRISPResso_on_HEK3	T	3.322590291391168e-05	3.322590291391168e-05	0.0002990331262252	9.967770874173506e-05	0.0006645180582782	3.322590291391168e-05	3.322590291391168e-05	0.0	3.322590291391168e-05	0.9998006445825164	9.967770874173506e-05	0.0	3.322590291391168e-05	3.322590291391168e-05	0.0	3.322590291391168e-05	3.322590291391168e-05	0.9998338704854304	9.967770874173506e-05	0.0
_scratch_st-cdeboer-1_asfar_VLPs_results_crispresso_aggregated_spacer_miniCGBE1-SpRY_rep3_.staging_CRISPRessoPooled_on_miniCGBE1-SpRY_D5_rep3_CRISPResso_on_HEK3	C	6.645180582782336e-05	6.645180582782336e-05	0.9997009668737749	0.999269030135894	0.9986377379805296	3.322590291391168e-05	0.0001329036116556	0.0	0.999966774097086	0.0001993554174834	3.322590291391168e-05	9.967770874173506e-05	3.322590291391168e-05	0.9998670963883444	0.0	0.999966774097086	0.000365484932053	6.645180582782336e-05	6.645180582782336e-05	6.645180582782336e-05
_scratch_st-cdeboer-1_asfar_VLPs_results_crispresso_aggregated_spacer_miniCGBE1-SpRY_rep3_.staging_CRISPRessoPooled_on_miniCGBE1-SpRY_D5_rep3_CRISPResso_on_HEK3	G	0.9999003222912582	0.9998670963883444	0.0	0.0002325813203973	0.0004651626407947	6.645180582782336e-05	0.9998338704854304	9.967770874173506e-05	0.0	0.0	0.9998670963883444	6.645180582782336e-05	0.999933548194172	0.0	3.322590291391168e-05	0.0	0.9996012891650332	6.645180582782336e-05	0.9998338704854304	9.967770874173506e-05
_scratch_st-cdeboer-1_asfar_VLPs_results_crispresso_aggregated_spacer_miniCGBE1-SpRY_rep3_.staging_CRISPRessoPooled_on_miniCGBE1-SpRY_D5_rep3_CRISPResso_on_HEK3	N	0.0	0.0	0.0	0.0	0.0	0.0	0.0	0.0	0.0	0.0	0.0	0.0	0.0	0.0	0.0	0.0	0.0	3.322590291391168e-05	0.0	0.0
_scratch_st-cdeboer-1_asfar_VLPs_results_crispresso_aggregated_spacer_miniCGBE1-SpRY_rep3_.staging_CRISPRessoPooled_on_miniCGBE1-SpRY_D5_rep3_CRISPResso_on_HEK3	-	0.0	3.322590291391168e-05	0.0	0.0	0.0	0.0	0.0	0.0	0.0	0.0	0.0	0.0	0.0	0.0	0.0	0.0	0.0	0.0	0.0	0.0
