Folder	Nucleotide	G	G	C	C	C	A	G	A	C	T	G	A	G	C	A	C	G	T	G	A
_scratch_st-cdeboer-1_asfar_VLPs_results_crispresso_aggregated_spacer_miniCGBE1-SpRY_rep2_.staging_CRISPRessoPooled_on_miniCGBE1-SpRY_D0_rep2_CRISPResso_on_HEK3	A	0.0	9.819324430479184e-05	9.819324430479184e-05	0.0	9.819324430479184e-05	0.9997054202670856	9.819324430479184e-05	1.0	0.0	0.0	0.0	0.9999018067556952	0.0	0.0	0.9999018067556952	9.819324430479184e-05	0.0	0.0	0.0	0.9998036135113904
_scratch_st-cdeboer-1_asfar_VLPs_results_crispresso_aggregated_spacer_miniCGBE1-SpRY_rep2_.staging_CRISPRessoPooled_on_miniCGBE1-SpRY_D0_rep2_CRISPResso_on_HEK3	T	0.0	0.0	0.0	9.819324430479184e-05	9.819324430479184e-05	0.0	9.819324430479184e-05	0.0	0.0003927729772191	1.0	0.0002945797329143	0.0	0.0003927729772191	9.819324430479184e-05	0.0	9.819324430479184e-05	9.819324430479184e-05	0.9999018067556952	0.0001963864886095	0.0
_scratch_st-cdeboer-1_asfar_VLPs_results_crispresso_aggregated_spacer_miniCGBE1-SpRY_rep2_.staging_CRISPRessoPooled_on_miniCGBE1-SpRY_D0_rep2_CRISPResso_on_HEK3	C	0.0	0.0	0.9999018067556952	0.9999018067556952	0.999509033778476	9.819324430479184e-05	9.819324430479184e-05	0.0	0.9996072270227808	0.0	0.0	9.819324430479184e-05	0.0	0.9999018067556952	0.0	0.9998036135113904	0.0002945797329143	0.0	0.0	9.819324430479184e-05
_scratch_st-cdeboer-1_asfar_VLPs_results_crispresso_aggregated_spacer_miniCGBE1-SpRY_rep2_.staging_CRISPRessoPooled_on_miniCGBE1-SpRY_D0_rep2_CRISPResso_on_HEK3	G	1.0	0.9997054202670856	0.0	0.0	9.819324430479184e-05	0.0001963864886095	0.9997054202670856	0.0	0.0	0.0	0.9997054202670856	0.0	0.9996072270227808	0.0	9.819324430479184e-05	0.0	0.9996072270227808	9.819324430479184e-05	0.9998036135113904	9.819324430479184e-05
_scratch_st-cdeboer-1_asfar_VLPs_results_crispresso_aggregated_spacer_miniCGBE1-SpRY_rep2_.staging_CRISPRessoPooled_on_miniCGBE1-SpRY_D0_rep2_CRISPResso_on_HEK3	N	0.0	0.0	0.0	0.0	0.0	0.0	0.0	0.0	0.0	0.0	0.0	0.0	0.0	0.0	0.0	0.0	0.0	0.0	0.0	0.0
_scratch_st-cdeboer-1_asfar_VLPs_results_crispresso_aggregated_spacer_miniCGBE1-SpRY_rep2_.staging_CRISPRessoPooled_on_miniCGBE1-SpRY_D0_rep2_CRISPResso_on_HEK3	-	0.0	0.0001963864886095	0.0	0.0	0.0001963864886095	0.0	0.0	0.0	0.0	0.0	0.0	0.0	0.0	0.0	0.0	0.0	0.0	0.0	0.0	0.0
_scratch_st-cdeboer-1_asfar_VLPs_results_crispresso_aggregated_spacer_miniCGBE1-SpRY_rep2_.staging_CRISPRessoPooled_on_miniCGBE1-SpRY_D1_rep2_CRISPResso_on_HEK3	A	0.0	0.0	0.0	0.0	0.0	1.0	0.0001249843769528	0.9997500312460942	0.0	0.0	0.0	0.9997500312460942	0.0	0.0	0.9997500312460942	0.0	0.0	0.0	0.0	1.0
_scratch_st-cdeboer-1_asfar_VLPs_results_crispresso_aggregated_spacer_miniCGBE1-SpRY_rep2_.staging_CRISPRessoPooled_on_miniCGBE1-SpRY_D1_rep2_CRISPResso_on_HEK3	T	0.0002499687539057	0.0	0.0	0.0	0.0	0.0	0.0001249843769528	0.0	0.0	0.9998750156230471	0.0002499687539057	0.0	0.0002499687539057	0.0001249843769528	0.0	0.0	0.0001249843769528	1.0	0.0	0.0
_scratch_st-cdeboer-1_asfar_VLPs_results_crispresso_aggregated_spacer_miniCGBE1-SpRY_rep2_.staging_CRISPRessoPooled_on_miniCGBE1-SpRY_D1_rep2_CRISPResso_on_HEK3	C	0.0	0.0	1.0	1.0	0.9998750156230471	0.0	0.0	0.0	1.0	0.0001249843769528	0.0	0.0	0.0	0.9998750156230471	0.0	1.0	0.0	0.0	0.0	0.0
_scratch_st-cdeboer-1_asfar_VLPs_results_crispresso_aggregated_spacer_miniCGBE1-SpRY_rep2_.staging_CRISPRessoPooled_on_miniCGBE1-SpRY_D1_rep2_CRISPResso_on_HEK3	G	0.9997500312460942	1.0	0.0	0.0	0.0	0.0	0.9997500312460942	0.0002499687539057	0.0	0.0	0.9997500312460942	0.0002499687539057	0.9997500312460942	0.0	0.0002499687539057	0.0	0.9998750156230471	0.0	1.0	0.0
_scratch_st-cdeboer-1_asfar_VLPs_results_crispresso_aggregated_spacer_miniCGBE1-SpRY_rep2_.staging_CRISPRessoPooled_on_miniCGBE1-SpRY_D1_rep2_CRISPResso_on_HEK3	N	0.0	0.0	0.0	0.0	0.0	0.0	0.0	0.0	0.0	0.0	0.0	0.0	0.0	0.0	0.0	0.0	0.0	0.0	0.0	0.0
_scratch_st-cdeboer-1_asfar_VLPs_results_crispresso_aggregated_spacer_miniCGBE1-SpRY_rep2_.staging_CRISPRessoPooled_on_miniCGBE1-SpRY_D1_rep2_CRISPResso_on_HEK3	-	0.0	0.0	0.0	0.0	0.0001249843769528	0.0	0.0	0.0	0.0	0.0	0.0	0.0	0.0	0.0	0.0	0.0	0.0	0.0	0.0	0.0
_scratch_st-cdeboer-1_asfar_VLPs_results_crispresso_aggregated_spacer_miniCGBE1-SpRY_rep2_.staging_CRISPRessoPooled_on_miniCGBE1-SpRY_D2_rep2_CRISPResso_on_HEK3	A	0.0	7.23222680263253e-05	0.0	0.0	7.23222680263253e-05	0.9999276777319736	0.0	0.9998553554639472	0.0	0.0	7.23222680263253e-05	0.9998553554639472	0.0	0.0	0.999783033195921	0.0001446445360526	0.0	0.0	7.23222680263253e-05	0.9998553554639472
_scratch_st-cdeboer-1_asfar_VLPs_results_crispresso_aggregated_spacer_miniCGBE1-SpRY_rep2_.staging_CRISPRessoPooled_on_miniCGBE1-SpRY_D2_rep2_CRISPResso_on_HEK3	T	0.0001446445360526	0.0	0.0	0.0	0.0002892890721053	0.0	0.0	0.0	0.0	0.9998553554639472	0.0	0.0	7.23222680263253e-05	7.23222680263253e-05	0.0	0.0	7.23222680263253e-05	0.9998553554639472	7.23222680263253e-05	0.0
_scratch_st-cdeboer-1_asfar_VLPs_results_crispresso_aggregated_spacer_miniCGBE1-SpRY_rep2_.staging_CRISPRessoPooled_on_miniCGBE1-SpRY_D2_rep2_CRISPResso_on_HEK3	C	0.0	7.23222680263253e-05	0.9999276777319736	1.0	0.9996383886598684	7.23222680263253e-05	7.23222680263253e-05	7.23222680263253e-05	1.0	0.0001446445360526	0.0	7.23222680263253e-05	0.0	0.9998553554639472	7.23222680263253e-05	0.9998553554639472	0.0	0.0	7.23222680263253e-05	7.23222680263253e-05
_scratch_st-cdeboer-1_asfar_VLPs_results_crispresso_aggregated_spacer_miniCGBE1-SpRY_rep2_.staging_CRISPRessoPooled_on_miniCGBE1-SpRY_D2_rep2_CRISPResso_on_HEK3	G	0.9998553554639472	0.999783033195921	7.23222680263253e-05	0.0	0.0	0.0	0.9999276777319736	7.23222680263253e-05	0.0	0.0	0.9998553554639472	7.23222680263253e-05	0.9999276777319736	7.23222680263253e-05	0.0001446445360526	0.0	0.9999276777319736	0.0001446445360526	0.999783033195921	7.23222680263253e-05
_scratch_st-cdeboer-1_asfar_VLPs_results_crispresso_aggregated_spacer_miniCGBE1-SpRY_rep2_.staging_CRISPRessoPooled_on_miniCGBE1-SpRY_D2_rep2_CRISPResso_on_HEK3	N	0.0	0.0	0.0	0.0	0.0	0.0	0.0	0.0	0.0	0.0	7.23222680263253e-05	0.0	0.0	0.0	0.0	0.0	0.0	0.0	0.0	0.0
_scratch_st-cdeboer-1_asfar_VLPs_results_crispresso_aggregated_spacer_miniCGBE1-SpRY_rep2_.staging_CRISPRessoPooled_on_miniCGBE1-SpRY_D2_rep2_CRISPResso_on_HEK3	-	0.0	7.23222680263253e-05	0.0	0.0	0.0	0.0	0.0	0.0	0.0	0.0	0.0	0.0	0.0	0.0	0.0	0.0	0.0	0.0	0.0	0.0
_scratch_st-cdeboer-1_asfar_VLPs_results_crispresso_aggregated_spacer_miniCGBE1-SpRY_rep2_.staging_CRISPRessoPooled_on_miniCGBE1-SpRY_D3_rep2_CRISPResso_on_HEK3	A	4.275879762261085e-05	8.55175952452217e-05	0.0	8.55175952452217e-05	8.55175952452217e-05	0.9999144824047548	8.55175952452217e-05	0.9997434472142644	4.275879762261085e-05	0.0	0.0001282763928678	0.9997006884166416	4.275879762261085e-05	0.0	0.9999144824047548	4.275879762261085e-05	4.275879762261085e-05	0.0	0.0	0.9997006884166416
_scratch_st-cdeboer-1_asfar_VLPs_results_crispresso_aggregated_spacer_miniCGBE1-SpRY_rep2_.staging_CRISPRessoPooled_on_miniCGBE1-SpRY_D3_rep2_CRISPResso_on_HEK3	T	0.0001282763928678	0.0	0.0	0.0006841407619617	0.0008551759524522	0.0	0.0001282763928678	0.0	0.0	0.9999144824047548	0.000213793988113	0.0	4.275879762261085e-05	0.0	0.0	4.275879762261085e-05	8.55175952452217e-05	0.9998717236071322	0.0	0.0
_scratch_st-cdeboer-1_asfar_VLPs_results_crispresso_aggregated_spacer_miniCGBE1-SpRY_rep2_.staging_CRISPRessoPooled_on_miniCGBE1-SpRY_D3_rep2_CRISPResso_on_HEK3	C	0.0	4.275879762261085e-05	0.9999144824047548	0.9991875828451704	0.998246889297473	0.0	4.275879762261085e-05	0.0001710351904904	0.9999144824047548	4.275879762261085e-05	4.275879762261085e-05	0.0002565527857356	4.275879762261085e-05	0.9999572412023774	0.0	0.9998289648095096	4.275879762261085e-05	4.275879762261085e-05	0.0	0.0001710351904904
_scratch_st-cdeboer-1_asfar_VLPs_results_crispresso_aggregated_spacer_miniCGBE1-SpRY_rep2_.staging_CRISPRessoPooled_on_miniCGBE1-SpRY_D3_rep2_CRISPResso_on_HEK3	G	0.9998289648095096	0.9997434472142644	0.0	0.0	0.0007696583572069	4.275879762261085e-05	0.9997006884166416	4.275879762261085e-05	0.0	0.0	0.999572412023774	0.0	0.9998289648095096	0.0	4.275879762261085e-05	4.275879762261085e-05	0.999786206011887	4.275879762261085e-05	0.9999572412023774	0.0001282763928678
_scratch_st-cdeboer-1_asfar_VLPs_results_crispresso_aggregated_spacer_miniCGBE1-SpRY_rep2_.staging_CRISPRessoPooled_on_miniCGBE1-SpRY_D3_rep2_CRISPResso_on_HEK3	N	0.0	0.0	4.275879762261085e-05	0.0	0.0	0.0	0.0	0.0	0.0	0.0	0.0	0.0	0.0	0.0	0.0	0.0	0.0	0.0	0.0	0.0
_scratch_st-cdeboer-1_asfar_VLPs_results_crispresso_aggregated_spacer_miniCGBE1-SpRY_rep2_.staging_CRISPRessoPooled_on_miniCGBE1-SpRY_D3_rep2_CRISPResso_on_HEK3	-	0.0	0.0001282763928678	4.275879762261085e-05	4.275879762261085e-05	4.275879762261085e-05	4.275879762261085e-05	4.275879762261085e-05	4.275879762261085e-05	4.275879762261085e-05	4.275879762261085e-05	4.275879762261085e-05	4.275879762261085e-05	4.275879762261085e-05	4.275879762261085e-05	4.275879762261085e-05	4.275879762261085e-05	4.275879762261085e-05	4.275879762261085e-05	4.275879762261085e-05	0.0
_scratch_st-cdeboer-1_asfar_VLPs_results_crispresso_aggregated_spacer_miniCGBE1-SpRY_rep2_.staging_CRISPRessoPooled_on_miniCGBE1-SpRY_D4_rep2_CRISPResso_on_HEK3	A	0.0	6.49434991557345e-05	0.0	0.0003247174957786	6.49434991557345e-05	0.9994804520067542	0.0	0.9997402260033772	0.0001298869983114	0.0	0.0001298869983114	0.9996103390050656	6.49434991557345e-05	0.0	0.9998051695025328	6.49434991557345e-05	0.0	6.49434991557345e-05	6.49434991557345e-05	0.9998051695025328
_scratch_st-cdeboer-1_asfar_VLPs_results_crispresso_aggregated_spacer_miniCGBE1-SpRY_rep2_.staging_CRISPRessoPooled_on_miniCGBE1-SpRY_D4_rep2_CRISPResso_on_HEK3	T	0.0	0.0	0.0003247174957786	0.0004546044940901	0.0011689829848032	0.0002597739966229	0.0003247174957786	0.0	6.49434991557345e-05	0.9996752825042212	0.0	0.0	6.49434991557345e-05	6.49434991557345e-05	0.0	0.0	0.0	0.9996103390050656	0.0	0.0
_scratch_st-cdeboer-1_asfar_VLPs_results_crispresso_aggregated_spacer_miniCGBE1-SpRY_rep2_.staging_CRISPRessoPooled_on_miniCGBE1-SpRY_D4_rep2_CRISPResso_on_HEK3	C	0.0	0.0001948304974672	0.9996752825042212	0.999025847512664	0.9973373165346148	0.0001298869983114	6.49434991557345e-05	0.0	0.9995453955059098	0.0	6.49434991557345e-05	0.0001948304974672	0.0	0.9998701130016884	0.0	0.9998701130016884	0.0002597739966229	0.0001948304974672	0.0	6.49434991557345e-05
_scratch_st-cdeboer-1_asfar_VLPs_results_crispresso_aggregated_spacer_miniCGBE1-SpRY_rep2_.staging_CRISPRessoPooled_on_miniCGBE1-SpRY_D4_rep2_CRISPResso_on_HEK3	G	1.0	0.9997402260033772	0.0	0.0001948304974672	0.0007793219898688	6.49434991557345e-05	0.9994804520067542	0.0001298869983114	6.49434991557345e-05	0.0001948304974672	0.9996752825042212	6.49434991557345e-05	0.9998051695025328	0.0	0.0001298869983114	0.0	0.9997402260033772	0.0001298869983114	0.9999350565008442	0.0001298869983114
_scratch_st-cdeboer-1_asfar_VLPs_results_crispresso_aggregated_spacer_miniCGBE1-SpRY_rep2_.staging_CRISPRessoPooled_on_miniCGBE1-SpRY_D4_rep2_CRISPResso_on_HEK3	N	0.0	0.0	0.0	0.0	0.0	0.0	0.0	0.0	0.0	0.0	0.0	0.0	0.0	0.0	0.0	0.0	0.0	0.0	0.0	0.0
_scratch_st-cdeboer-1_asfar_VLPs_results_crispresso_aggregated_spacer_miniCGBE1-SpRY_rep2_.staging_CRISPRessoPooled_on_miniCGBE1-SpRY_D4_rep2_CRISPResso_on_HEK3	-	0.0	0.0	0.0	0.0	0.0006494349915573	6.49434991557345e-05	0.0001298869983114	0.0001298869983114	0.0001948304974672	0.0001298869983114	0.0001298869983114	0.0001298869983114	6.49434991557345e-05	6.49434991557345e-05	6.49434991557345e-05	6.49434991557345e-05	0.0	0.0	0.0	0.0
_scratch_st-cdeboer-1_asfar_VLPs_results_crispresso_aggregated_spacer_miniCGBE1-SpRY_rep2_.staging_CRISPRessoPooled_on_miniCGBE1-SpRY_D5_rep2_CRISPResso_on_HEK3	A	0.0	3.092911047878263e-05	3.092911047878263e-05	0.0001237164419151	0.0001546455523939	0.9999072126685636	0.0	0.9997834962266484	6.185822095756526e-05	0.0	9.27873314363479e-05	0.9998762835580848	0.0	0.0	0.9999690708895212	0.0	0.0	0.0	0.0	0.9998762835580848
_scratch_st-cdeboer-1_asfar_VLPs_results_crispresso_aggregated_spacer_miniCGBE1-SpRY_rep2_.staging_CRISPRessoPooled_on_miniCGBE1-SpRY_D5_rep2_CRISPResso_on_HEK3	T	0.0001237164419151	6.185822095756526e-05	3.092911047878263e-05	0.0002165037733514	0.0004948657676605	0.0	9.27873314363479e-05	0.0	0.0	0.9999690708895212	6.185822095756526e-05	0.0	3.092911047878263e-05	3.092911047878263e-05	0.0	6.185822095756526e-05	0.0001546455523939	0.999845354447606	9.27873314363479e-05	0.0
_scratch_st-cdeboer-1_asfar_VLPs_results_crispresso_aggregated_spacer_miniCGBE1-SpRY_rep2_.staging_CRISPRessoPooled_on_miniCGBE1-SpRY_D5_rep2_CRISPResso_on_HEK3	C	3.092911047878263e-05	9.27873314363479e-05	0.9999381417790424	0.999566992453297	0.9988246938018064	0.0	0.0	0.0	0.9999381417790424	3.092911047878263e-05	3.092911047878263e-05	9.27873314363479e-05	3.092911047878263e-05	0.9999381417790424	3.092911047878263e-05	0.9999072126685636	0.0001237164419151	6.185822095756526e-05	6.185822095756526e-05	3.092911047878263e-05
_scratch_st-cdeboer-1_asfar_VLPs_results_crispresso_aggregated_spacer_miniCGBE1-SpRY_rep2_.staging_CRISPRessoPooled_on_miniCGBE1-SpRY_D5_rep2_CRISPResso_on_HEK3	G	0.999845354447606	0.9997834962266484	0.0	9.27873314363479e-05	0.0005257948781393	9.27873314363479e-05	0.9999072126685636	0.0002165037733514	0.0	0.0	0.9998144253371272	3.092911047878263e-05	0.9999072126685636	0.0	0.0	3.092911047878263e-05	0.9997216380056908	9.27873314363479e-05	0.999845354447606	9.27873314363479e-05
_scratch_st-cdeboer-1_asfar_VLPs_results_crispresso_aggregated_spacer_miniCGBE1-SpRY_rep2_.staging_CRISPRessoPooled_on_miniCGBE1-SpRY_D5_rep2_CRISPResso_on_HEK3	N	0.0	0.0	0.0	0.0	0.0	0.0	0.0	0.0	0.0	0.0	0.0	0.0	0.0	0.0	0.0	0.0	0.0	0.0	0.0	0.0
_scratch_st-cdeboer-1_asfar_VLPs_results_crispresso_aggregated_spacer_miniCGBE1-SpRY_rep2_.staging_CRISPRessoPooled_on_miniCGBE1-SpRY_D5_rep2_CRISPResso_on_HEK3	-	0.0	3.092911047878263e-05	0.0	0.0	0.0	0.0	0.0	0.0	0.0	0.0	0.0	0.0	3.092911047878263e-05	3.092911047878263e-05	0.0	0.0	0.0	0.0	0.0	0.0
