Folder	Nucleotide	G	G	C	C	C	A	G	A	C	T	G	A	G	C	A	C	G	T	G	A
_scratch_st-cdeboer-1_asfar_VLPs_results_crispresso_aggregated_spacer_miniCGBE1-SpRY_rep1_.staging_CRISPRessoPooled_on_miniCGBE1-SpRY_D0_rep1_CRISPResso_on_HEK3	A	0.0	4.883050930221202e-05	0.0	0.0	4.883050930221202e-05	0.999511694906978	9.766101860442404e-05	0.9998535084720932	4.883050930221202e-05	0.0	4.883050930221202e-05	0.9997558474534888	0.0	4.883050930221202e-05	0.9999023389813956	0.0	4.883050930221202e-05	0.0	0.0	0.9998046779627912
_scratch_st-cdeboer-1_asfar_VLPs_results_crispresso_aggregated_spacer_miniCGBE1-SpRY_rep1_.staging_CRISPRessoPooled_on_miniCGBE1-SpRY_D0_rep1_CRISPResso_on_HEK3	T	4.883050930221202e-05	9.766101860442404e-05	0.0003418135651154	0.0001464915279066	9.766101860442404e-05	0.0	0.0	0.0	9.766101860442404e-05	0.9998535084720932	9.766101860442404e-05	0.0	4.883050930221202e-05	4.883050930221202e-05	0.0	4.883050930221202e-05	0.0001464915279066	0.9998535084720932	4.883050930221202e-05	0.0
_scratch_st-cdeboer-1_asfar_VLPs_results_crispresso_aggregated_spacer_miniCGBE1-SpRY_rep1_.staging_CRISPRessoPooled_on_miniCGBE1-SpRY_D0_rep1_CRISPResso_on_HEK3	C	9.766101860442404e-05	0.0001464915279066	0.9996581864348844	0.9998535084720932	0.9998535084720932	0.0001464915279066	0.0	0.0	0.9998535084720932	0.0001464915279066	9.766101860442404e-05	9.766101860442404e-05	0.0	0.9999023389813956	0.0	0.9999023389813956	4.883050930221202e-05	9.766101860442404e-05	4.883050930221202e-05	9.766101860442404e-05
_scratch_st-cdeboer-1_asfar_VLPs_results_crispresso_aggregated_spacer_miniCGBE1-SpRY_rep1_.staging_CRISPRessoPooled_on_miniCGBE1-SpRY_D0_rep1_CRISPResso_on_HEK3	G	0.9998535084720932	0.9996093559255824	0.0	0.0	0.0	0.0002929830558132	0.9999023389813956	0.0001464915279066	0.0	0.0	0.9997558474534888	0.0001464915279066	0.9999511694906976	0.0	9.766101860442404e-05	4.883050930221202e-05	0.9997558474534888	4.883050930221202e-05	0.9999023389813956	9.766101860442404e-05
_scratch_st-cdeboer-1_asfar_VLPs_results_crispresso_aggregated_spacer_miniCGBE1-SpRY_rep1_.staging_CRISPRessoPooled_on_miniCGBE1-SpRY_D0_rep1_CRISPResso_on_HEK3	N	0.0	0.0	0.0	0.0	0.0	4.883050930221202e-05	0.0	0.0	0.0	0.0	0.0	0.0	0.0	0.0	0.0	0.0	0.0	0.0	0.0	0.0
_scratch_st-cdeboer-1_asfar_VLPs_results_crispresso_aggregated_spacer_miniCGBE1-SpRY_rep1_.staging_CRISPRessoPooled_on_miniCGBE1-SpRY_D0_rep1_CRISPResso_on_HEK3	-	0.0	9.766101860442404e-05	0.0	0.0	0.0	0.0	0.0	0.0	0.0	0.0	0.0	0.0	0.0	0.0	0.0	0.0	0.0	0.0	0.0	0.0
_scratch_st-cdeboer-1_asfar_VLPs_results_crispresso_aggregated_spacer_miniCGBE1-SpRY_rep1_.staging_CRISPRessoPooled_on_miniCGBE1-SpRY_D1_rep1_CRISPResso_on_HEK3	A	0.0	0.0001154801085513	0.0	0.0	0.0	0.9998845198914488	0.0	0.9998845198914488	0.0	0.0	5.774005427565102e-05	0.999653559674346	0.0	5.774005427565102e-05	0.9998845198914488	0.0001154801085513	5.774005427565102e-05	0.0	5.774005427565102e-05	0.9998845198914488
_scratch_st-cdeboer-1_asfar_VLPs_results_crispresso_aggregated_spacer_miniCGBE1-SpRY_rep1_.staging_CRISPRessoPooled_on_miniCGBE1-SpRY_D1_rep1_CRISPResso_on_HEK3	T	0.0001732201628269	0.0	0.0001154801085513	0.0	5.774005427565102e-05	0.0	0.0001154801085513	0.0	5.774005427565102e-05	0.999826779837173	5.774005427565102e-05	0.0	0.0	0.0	0.0	5.774005427565102e-05	0.0001154801085513	0.999653559674346	0.0	0.0
_scratch_st-cdeboer-1_asfar_VLPs_results_crispresso_aggregated_spacer_miniCGBE1-SpRY_rep1_.staging_CRISPRessoPooled_on_miniCGBE1-SpRY_D1_rep1_CRISPResso_on_HEK3	C	0.0001154801085513	0.0001732201628269	0.9998845198914488	0.9999422599457244	0.9998845198914488	0.0	0.0001154801085513	0.0	0.9999422599457244	5.774005427565102e-05	0.0001154801085513	5.774005427565102e-05	5.774005427565102e-05	0.9998845198914488	0.0	0.9997690397828974	0.0001154801085513	0.0	0.0	0.0
_scratch_st-cdeboer-1_asfar_VLPs_results_crispresso_aggregated_spacer_miniCGBE1-SpRY_rep1_.staging_CRISPRessoPooled_on_miniCGBE1-SpRY_D1_rep1_CRISPResso_on_HEK3	G	0.9997112997286216	0.9997112997286216	0.0	5.774005427565102e-05	0.0	0.0001154801085513	0.9997690397828974	0.0001154801085513	0.0	0.0001154801085513	0.9997690397828974	0.0002887002713782	0.9999422599457244	5.774005427565102e-05	0.0001154801085513	5.774005427565102e-05	0.9997112997286216	0.0002887002713782	0.9999422599457244	0.0001154801085513
_scratch_st-cdeboer-1_asfar_VLPs_results_crispresso_aggregated_spacer_miniCGBE1-SpRY_rep1_.staging_CRISPRessoPooled_on_miniCGBE1-SpRY_D1_rep1_CRISPResso_on_HEK3	N	0.0	0.0	0.0	0.0	0.0	0.0	0.0	0.0	0.0	0.0	0.0	0.0	0.0	0.0	0.0	0.0	0.0	5.774005427565102e-05	0.0	0.0
_scratch_st-cdeboer-1_asfar_VLPs_results_crispresso_aggregated_spacer_miniCGBE1-SpRY_rep1_.staging_CRISPRessoPooled_on_miniCGBE1-SpRY_D1_rep1_CRISPResso_on_HEK3	-	0.0	0.0	0.0	0.0	5.774005427565102e-05	0.0	0.0	0.0	0.0	0.0	0.0	0.0	0.0	0.0	0.0	0.0	0.0	0.0	0.0	0.0
_scratch_st-cdeboer-1_asfar_VLPs_results_crispresso_aggregated_spacer_miniCGBE1-SpRY_rep1_.staging_CRISPRessoPooled_on_miniCGBE1-SpRY_D2_rep1_CRISPResso_on_HEK3	A	0.0	4.9215020424233474e-05	0.0	0.0	9.843004084846696e-05	0.9999015699591516	4.9215020424233474e-05	0.9997047098774546	0.0	0.0	0.0	0.999803139918303	0.0	4.9215020424233474e-05	0.9999015699591516	4.9215020424233474e-05	0.0001476450612727	0.0	0.0001968600816969	0.9997539248978788
_scratch_st-cdeboer-1_asfar_VLPs_results_crispresso_aggregated_spacer_miniCGBE1-SpRY_rep1_.staging_CRISPRessoPooled_on_miniCGBE1-SpRY_D2_rep1_CRISPResso_on_HEK3	T	9.843004084846696e-05	4.9215020424233474e-05	0.0	0.0004921502042423	4.9215020424233474e-05	0.0	4.9215020424233474e-05	0.0	0.0	1.0	4.9215020424233474e-05	0.0	4.9215020424233474e-05	0.0	0.0	4.9215020424233474e-05	0.0	0.9999507849795758	0.0	0.0
_scratch_st-cdeboer-1_asfar_VLPs_results_crispresso_aggregated_spacer_miniCGBE1-SpRY_rep1_.staging_CRISPRessoPooled_on_miniCGBE1-SpRY_D2_rep1_CRISPResso_on_HEK3	C	0.0	0.0	1.0	0.999360204734485	0.999803139918303	4.9215020424233474e-05	4.9215020424233474e-05	0.0001968600816969	0.9999507849795758	0.0	9.843004084846696e-05	0.0001476450612727	9.843004084846696e-05	0.9999507849795758	0.0	0.9999015699591516	9.843004084846696e-05	0.0	9.843004084846696e-05	0.0
_scratch_st-cdeboer-1_asfar_VLPs_results_crispresso_aggregated_spacer_miniCGBE1-SpRY_rep1_.staging_CRISPRessoPooled_on_miniCGBE1-SpRY_D2_rep1_CRISPResso_on_HEK3	G	0.9999015699591516	0.9998523549387272	0.0	0.0001476450612727	4.9215020424233474e-05	4.9215020424233474e-05	0.9998523549387272	9.843004084846696e-05	4.9215020424233474e-05	0.0	0.9998523549387272	4.9215020424233474e-05	0.9998523549387272	0.0	9.843004084846696e-05	0.0	0.9997539248978788	4.9215020424233474e-05	0.9997047098774546	0.0002460751021211
_scratch_st-cdeboer-1_asfar_VLPs_results_crispresso_aggregated_spacer_miniCGBE1-SpRY_rep1_.staging_CRISPRessoPooled_on_miniCGBE1-SpRY_D2_rep1_CRISPResso_on_HEK3	N	0.0	0.0	0.0	0.0	0.0	0.0	0.0	0.0	0.0	0.0	0.0	0.0	0.0	0.0	0.0	0.0	0.0	0.0	0.0	0.0
_scratch_st-cdeboer-1_asfar_VLPs_results_crispresso_aggregated_spacer_miniCGBE1-SpRY_rep1_.staging_CRISPRessoPooled_on_miniCGBE1-SpRY_D2_rep1_CRISPResso_on_HEK3	-	0.0	4.9215020424233474e-05	0.0	0.0	0.0	0.0	0.0	0.0	0.0	0.0	0.0	0.0	0.0	0.0	0.0	0.0	0.0	0.0	0.0	0.0
_scratch_st-cdeboer-1_asfar_VLPs_results_crispresso_aggregated_spacer_miniCGBE1-SpRY_rep1_.staging_CRISPRessoPooled_on_miniCGBE1-SpRY_D3_rep1_CRISPResso_on_HEK3	A	0.0	0.0001974073830361	6.580246101204185e-05	0.0	6.580246101204185e-05	0.999868395077976	0.0	0.9996709876949398	0.0	0.0	0.0001974073830361	0.999802592616964	6.580246101204185e-05	6.580246101204185e-05	0.999868395077976	6.580246101204185e-05	0.0	0.0	0.0	0.999934197538988
_scratch_st-cdeboer-1_asfar_VLPs_results_crispresso_aggregated_spacer_miniCGBE1-SpRY_rep1_.staging_CRISPRessoPooled_on_miniCGBE1-SpRY_D3_rep1_CRISPResso_on_HEK3	T	0.0	0.0001974073830361	0.0	0.000131604922024	6.580246101204185e-05	0.0	0.000131604922024	0.0	0.0	0.999868395077976	0.000131604922024	0.0	0.000131604922024	0.0	0.0	0.000131604922024	0.000131604922024	0.999934197538988	0.0	0.0
_scratch_st-cdeboer-1_asfar_VLPs_results_crispresso_aggregated_spacer_miniCGBE1-SpRY_rep1_.staging_CRISPRessoPooled_on_miniCGBE1-SpRY_D3_rep1_CRISPResso_on_HEK3	C	0.0	0.0	0.999934197538988	0.9997367901559518	0.9993419753898796	6.580246101204185e-05	0.0	0.000131604922024	1.0	6.580246101204185e-05	0.0	6.580246101204185e-05	0.0	0.999868395077976	0.0	0.9997367901559518	0.000131604922024	0.0	6.580246101204185e-05	6.580246101204185e-05
_scratch_st-cdeboer-1_asfar_VLPs_results_crispresso_aggregated_spacer_miniCGBE1-SpRY_rep1_.staging_CRISPRessoPooled_on_miniCGBE1-SpRY_D3_rep1_CRISPResso_on_HEK3	G	1.0	0.9996051852339276	0.0	0.000131604922024	0.0004606172270842	6.580246101204185e-05	0.999868395077976	0.0001974073830361	0.0	6.580246101204185e-05	0.9996709876949398	0.000131604922024	0.999802592616964	6.580246101204185e-05	0.000131604922024	6.580246101204185e-05	0.9997367901559518	6.580246101204185e-05	0.999934197538988	0.0
_scratch_st-cdeboer-1_asfar_VLPs_results_crispresso_aggregated_spacer_miniCGBE1-SpRY_rep1_.staging_CRISPRessoPooled_on_miniCGBE1-SpRY_D3_rep1_CRISPResso_on_HEK3	N	0.0	0.0	0.0	0.0	0.0	0.0	0.0	0.0	0.0	0.0	0.0	0.0	0.0	0.0	0.0	0.0	0.0	0.0	0.0	0.0
_scratch_st-cdeboer-1_asfar_VLPs_results_crispresso_aggregated_spacer_miniCGBE1-SpRY_rep1_.staging_CRISPRessoPooled_on_miniCGBE1-SpRY_D3_rep1_CRISPResso_on_HEK3	-	0.0	0.0	0.0	0.0	6.580246101204185e-05	0.0	0.0	0.0	0.0	0.0	0.0	0.0	0.0	0.0	0.0	0.0	0.0	0.0	0.0	0.0
_scratch_st-cdeboer-1_asfar_VLPs_results_crispresso_aggregated_spacer_miniCGBE1-SpRY_rep1_.staging_CRISPRessoPooled_on_miniCGBE1-SpRY_D4_rep1_CRISPResso_on_HEK3	A	0.0	0.0	5.94000594000594e-05	0.0001188001188001	5.94000594000594e-05	0.9996435996435996	0.0	0.9998217998218	0.0	0.0	0.0001188001188001	0.9998811998811998	0.0	0.0	0.9997029997029996	0.0	0.0	0.0	0.0	0.9997029997029996
_scratch_st-cdeboer-1_asfar_VLPs_results_crispresso_aggregated_spacer_miniCGBE1-SpRY_rep1_.staging_CRISPRessoPooled_on_miniCGBE1-SpRY_D4_rep1_CRISPResso_on_HEK3	T	5.94000594000594e-05	0.0001188001188001	0.0	0.0001782001782001	0.0006534006534006	0.0	0.0001782001782001	0.0	0.0	0.9997623997623998	0.0	0.0	5.94000594000594e-05	5.94000594000594e-05	0.0	0.0	0.0001188001188001	0.9997029997029996	0.0001188001188001	0.0
_scratch_st-cdeboer-1_asfar_VLPs_results_crispresso_aggregated_spacer_miniCGBE1-SpRY_rep1_.staging_CRISPRessoPooled_on_miniCGBE1-SpRY_D4_rep1_CRISPResso_on_HEK3	C	0.0	0.0003564003564003	0.9998217998218	0.9995247995247996	0.998990198990199	0.0	0.0001188001188001	0.0	0.9998811998811998	0.0001188001188001	5.94000594000594e-05	0.0	0.0001188001188001	0.9998811998811998	0.0001188001188001	0.9999405999406	5.94000594000594e-05	0.0001188001188001	0.0001188001188001	0.0001188001188001
_scratch_st-cdeboer-1_asfar_VLPs_results_crispresso_aggregated_spacer_miniCGBE1-SpRY_rep1_.staging_CRISPRessoPooled_on_miniCGBE1-SpRY_D4_rep1_CRISPResso_on_HEK3	G	0.9998811998811998	0.9994653994653996	5.94000594000594e-05	0.0001188001188001	0.0002376002376002	0.0002970002970002	0.9996435996435996	0.0001188001188001	5.94000594000594e-05	5.94000594000594e-05	0.9997623997623998	5.94000594000594e-05	0.9997623997623998	0.0	0.0001188001188001	0.0	0.9997623997623998	5.94000594000594e-05	0.9996435996435996	0.0001188001188001
_scratch_st-cdeboer-1_asfar_VLPs_results_crispresso_aggregated_spacer_miniCGBE1-SpRY_rep1_.staging_CRISPRessoPooled_on_miniCGBE1-SpRY_D4_rep1_CRISPResso_on_HEK3	N	0.0	0.0	0.0	0.0	0.0	0.0	0.0	0.0	0.0	0.0	0.0	0.0	0.0	0.0	0.0	0.0	0.0	0.0	0.0	0.0
_scratch_st-cdeboer-1_asfar_VLPs_results_crispresso_aggregated_spacer_miniCGBE1-SpRY_rep1_.staging_CRISPRessoPooled_on_miniCGBE1-SpRY_D4_rep1_CRISPResso_on_HEK3	-	5.94000594000594e-05	5.94000594000594e-05	5.94000594000594e-05	5.94000594000594e-05	5.94000594000594e-05	5.94000594000594e-05	5.94000594000594e-05	5.94000594000594e-05	5.94000594000594e-05	5.94000594000594e-05	5.94000594000594e-05	5.94000594000594e-05	5.94000594000594e-05	5.94000594000594e-05	5.94000594000594e-05	5.94000594000594e-05	5.94000594000594e-05	0.0001188001188001	0.0001188001188001	5.94000594000594e-05
_scratch_st-cdeboer-1_asfar_VLPs_results_crispresso_aggregated_spacer_miniCGBE1-SpRY_rep1_.staging_CRISPRessoPooled_on_miniCGBE1-SpRY_D5_rep1_CRISPResso_on_HEK3	A	2.5865859651845528e-05	2.5865859651845528e-05	0.0	2.5865859651845528e-05	0.0001034634386073	0.999663743824526	0.0	0.9996120121052224	5.1731719303691056e-05	0.0	2.5865859651845528e-05	0.999663743824526	0.0	0.0	0.9998706707017408	5.1731719303691056e-05	0.0	0.0	2.5865859651845528e-05	0.9997154755438296
_scratch_st-cdeboer-1_asfar_VLPs_results_crispresso_aggregated_spacer_miniCGBE1-SpRY_rep1_.staging_CRISPRessoPooled_on_miniCGBE1-SpRY_D5_rep1_CRISPResso_on_HEK3	T	0.0001810610175629	0.0001293292982592	5.1731719303691056e-05	0.0004397196140813	0.0005431830526887	2.5865859651845528e-05	0.0001034634386073	0.0	5.1731719303691056e-05	0.9997930731227852	5.1731719303691056e-05	0.0	5.1731719303691056e-05	5.1731719303691056e-05	0.0	5.1731719303691056e-05	2.5865859651845528e-05	0.9997672072631334	5.1731719303691056e-05	5.1731719303691056e-05
_scratch_st-cdeboer-1_asfar_VLPs_results_crispresso_aggregated_spacer_miniCGBE1-SpRY_rep1_.staging_CRISPRessoPooled_on_miniCGBE1-SpRY_D5_rep1_CRISPResso_on_HEK3	C	0.0	0.0002069268772147	0.9999482682806964	0.9993792193683556	0.9986032435788004	7.759757895553658e-05	5.1731719303691056e-05	0.0001293292982592	0.9998965365613928	0.0001293292982592	5.1731719303691056e-05	0.000155195157911	5.1731719303691056e-05	0.9999482682806964	2.5865859651845528e-05	0.9998965365613928	0.0001034634386073	0.0001810610175629	7.759757895553658e-05	7.759757895553658e-05
_scratch_st-cdeboer-1_asfar_VLPs_results_crispresso_aggregated_spacer_miniCGBE1-SpRY_rep1_.staging_CRISPRessoPooled_on_miniCGBE1-SpRY_D5_rep1_CRISPResso_on_HEK3	G	0.9997930731227852	0.9995861462455704	0.0	0.000155195157911	0.0006983782105998	0.0002069268772147	0.9998448048420888	0.0002586585965184	0.0	7.759757895553658e-05	0.9998706707017408	0.0001810610175629	0.9998965365613928	0.0	0.0001034634386073	0.0	0.9998706707017408	5.1731719303691056e-05	0.9998448048420888	0.000155195157911
_scratch_st-cdeboer-1_asfar_VLPs_results_crispresso_aggregated_spacer_miniCGBE1-SpRY_rep1_.staging_CRISPRessoPooled_on_miniCGBE1-SpRY_D5_rep1_CRISPResso_on_HEK3	N	0.0	0.0	0.0	0.0	0.0	0.0	0.0	0.0	0.0	0.0	0.0	0.0	0.0	0.0	0.0	0.0	0.0	0.0	0.0	0.0
_scratch_st-cdeboer-1_asfar_VLPs_results_crispresso_aggregated_spacer_miniCGBE1-SpRY_rep1_.staging_CRISPRessoPooled_on_miniCGBE1-SpRY_D5_rep1_CRISPResso_on_HEK3	-	0.0	5.1731719303691056e-05	0.0	0.0	5.1731719303691056e-05	2.5865859651845528e-05	0.0	0.0	0.0	0.0	0.0	0.0	0.0	0.0	0.0	0.0	0.0	0.0	0.0	0.0
