Folder	Nucleotide	G	G	A	G	G	C	T	A	T	C	C	A	G	C	G	T	G	A	G	T
_scratch_st-cdeboer-1_asfar_VLPs_results_crispresso_aggregated_spacer_miniCGBE1-SpRY_rep3_.staging_CRISPRessoPooled_on_miniCGBE1-SpRY_D0_rep3_CRISPResso_on_B2M	A	0.0	0.0	0.9996400287976962	0.0003599712023038	0.0	0.0	0.0	1.0	0.0	0.0003599712023038	0.0	0.9992800575953924	0.0	0.0	0.0007199424046076	0.0	0.0	1.0	0.0	0.0
_scratch_st-cdeboer-1_asfar_VLPs_results_crispresso_aggregated_spacer_miniCGBE1-SpRY_rep3_.staging_CRISPRessoPooled_on_miniCGBE1-SpRY_D0_rep3_CRISPResso_on_B2M	T	0.0	0.0	0.0	0.0003599712023038	0.0	0.0	0.9992800575953924	0.0	0.9996400287976962	0.0003599712023038	0.0	0.0	0.0	0.0003599712023038	0.0	0.9996400287976962	0.0	0.0	0.0	0.9996400287976962
_scratch_st-cdeboer-1_asfar_VLPs_results_crispresso_aggregated_spacer_miniCGBE1-SpRY_rep3_.staging_CRISPRessoPooled_on_miniCGBE1-SpRY_D0_rep3_CRISPResso_on_B2M	C	0.0	0.0	0.0	0.0	0.0	1.0	0.0003599712023038	0.0	0.0	0.9992800575953924	1.0	0.0	0.0	0.9996400287976962	0.0	0.0	0.0	0.0	0.0	0.0
_scratch_st-cdeboer-1_asfar_VLPs_results_crispresso_aggregated_spacer_miniCGBE1-SpRY_rep3_.staging_CRISPRessoPooled_on_miniCGBE1-SpRY_D0_rep3_CRISPResso_on_B2M	G	1.0	1.0	0.0003599712023038	0.9992800575953924	1.0	0.0	0.0003599712023038	0.0	0.0003599712023038	0.0	0.0	0.0007199424046076	1.0	0.0	0.9992800575953924	0.0003599712023038	1.0	0.0	1.0	0.0003599712023038
_scratch_st-cdeboer-1_asfar_VLPs_results_crispresso_aggregated_spacer_miniCGBE1-SpRY_rep3_.staging_CRISPRessoPooled_on_miniCGBE1-SpRY_D0_rep3_CRISPResso_on_B2M	N	0.0	0.0	0.0	0.0	0.0	0.0	0.0	0.0	0.0	0.0	0.0	0.0	0.0	0.0	0.0	0.0	0.0	0.0	0.0	0.0
_scratch_st-cdeboer-1_asfar_VLPs_results_crispresso_aggregated_spacer_miniCGBE1-SpRY_rep3_.staging_CRISPRessoPooled_on_miniCGBE1-SpRY_D0_rep3_CRISPResso_on_B2M	-	0.0	0.0	0.0	0.0	0.0	0.0	0.0	0.0	0.0	0.0	0.0	0.0	0.0	0.0	0.0	0.0	0.0	0.0	0.0	0.0
_scratch_st-cdeboer-1_asfar_VLPs_results_crispresso_aggregated_spacer_miniCGBE1-SpRY_rep3_.staging_CRISPRessoPooled_on_miniCGBE1-SpRY_D1_rep3_CRISPResso_on_B2M	A	0.0002237720508708	0.0	0.999813523290941	3.729534181180771e-05	0.0001118860254354	7.459068362361541e-05	0.0	0.999813523290941	3.729534181180771e-05	0.0	0.0001491813672472	0.9998508186327528	7.459068362361541e-05	0.0001118860254354	0.0002610673926826	0.0	0.0002237720508708	0.9997389326073174	0.0	0.0
_scratch_st-cdeboer-1_asfar_VLPs_results_crispresso_aggregated_spacer_miniCGBE1-SpRY_rep3_.staging_CRISPRessoPooled_on_miniCGBE1-SpRY_D1_rep3_CRISPResso_on_B2M	T	0.0002237720508708	0.0004102487599298	3.729534181180771e-05	0.0005967254689889	7.459068362361541e-05	7.459068362361541e-05	0.9994778652146348	7.459068362361541e-05	0.9993659791891992	7.459068362361541e-05	3.729534181180771e-05	0.0	7.459068362361541e-05	0.0001118860254354	0.0003356580763062	0.9997016372655056	3.729534181180771e-05	0.0	0.0001491813672472	0.9994405698728228
_scratch_st-cdeboer-1_asfar_VLPs_results_crispresso_aggregated_spacer_miniCGBE1-SpRY_rep3_.staging_CRISPRessoPooled_on_miniCGBE1-SpRY_D1_rep3_CRISPResso_on_B2M	C	7.459068362361541e-05	0.0001491813672472	3.729534181180771e-05	7.459068362361541e-05	0.0002237720508708	0.9998508186327528	0.0002983627344944	3.729534181180771e-05	0.0001118860254354	0.9999254093163764	0.9997762279491292	0.0001118860254354	3.729534181180771e-05	0.9997016372655056	0.0	0.0001491813672472	0.0002237720508708	0.0	0.0002237720508708	0.000186476709059
_scratch_st-cdeboer-1_asfar_VLPs_results_crispresso_aggregated_spacer_miniCGBE1-SpRY_rep3_.staging_CRISPRessoPooled_on_miniCGBE1-SpRY_D1_rep3_CRISPResso_on_B2M	G	0.9994778652146348	0.9994032745310112	7.459068362361541e-05	0.9992913885055756	0.99958975124007	0.0	0.0002237720508708	7.459068362361541e-05	0.0004848394435535	0.0	3.729534181180771e-05	3.729534181180771e-05	0.999813523290941	7.459068362361541e-05	0.9994032745310112	0.0001491813672472	0.9995151605564464	0.0002610673926826	0.999627046581882	0.000372953418118
_scratch_st-cdeboer-1_asfar_VLPs_results_crispresso_aggregated_spacer_miniCGBE1-SpRY_rep3_.staging_CRISPRessoPooled_on_miniCGBE1-SpRY_D1_rep3_CRISPResso_on_B2M	N	0.0	0.0	0.0	0.0	0.0	0.0	0.0	0.0	0.0	0.0	0.0	0.0	0.0	0.0	0.0	0.0	0.0	0.0	0.0	0.0
_scratch_st-cdeboer-1_asfar_VLPs_results_crispresso_aggregated_spacer_miniCGBE1-SpRY_rep3_.staging_CRISPRessoPooled_on_miniCGBE1-SpRY_D1_rep3_CRISPResso_on_B2M	-	0.0	3.729534181180771e-05	3.729534181180771e-05	0.0	0.0	0.0	0.0	0.0	0.0	0.0	0.0	0.0	0.0	0.0	0.0	0.0	0.0	0.0	0.0	0.0
_scratch_st-cdeboer-1_asfar_VLPs_results_crispresso_aggregated_spacer_miniCGBE1-SpRY_rep3_.staging_CRISPRessoPooled_on_miniCGBE1-SpRY_D2_rep3_CRISPResso_on_B2M	A	0.0001197848663799	1.1978486637998156e-05	0.999688559347412	2.395697327599631e-05	0.0001557203262939	3.593545991399447e-05	1.1978486637998156e-05	0.999712516320688	2.395697327599631e-05	0.0001676988129319	1.1978486637998156e-05	0.999616688427584	2.395697327599631e-05	7.187091982798894e-05	0.0007426661715558	0.0	0.0009463004444018	0.999604709940946	1.1978486637998156e-05	1.1978486637998156e-05
_scratch_st-cdeboer-1_asfar_VLPs_results_crispresso_aggregated_spacer_miniCGBE1-SpRY_rep3_.staging_CRISPRessoPooled_on_miniCGBE1-SpRY_D2_rep3_CRISPResso_on_B2M	T	9.582789310398525e-05	0.0002755051926739	2.395697327599631e-05	0.0003833115724159	4.791394655199262e-05	4.791394655199262e-05	0.999556795994394	0.0	0.999425032641376	4.791394655199262e-05	0.0002036342728459	0.0	0.0001197848663799	0.0001676988129319	0.0008265155780218	0.99958075296767	0.0001796772995699	1.1978486637998156e-05	9.582789310398525e-05	0.999748451780602
_scratch_st-cdeboer-1_asfar_VLPs_results_crispresso_aggregated_spacer_miniCGBE1-SpRY_rep3_.staging_CRISPRessoPooled_on_miniCGBE1-SpRY_D2_rep3_CRISPResso_on_B2M	C	9.582789310398525e-05	0.0001557203262939	2.395697327599631e-05	8.384940646598709e-05	3.593545991399447e-05	0.999832301187068	0.0002635267060359	1.1978486637998156e-05	0.0001437418396559	0.999652623887498	0.999628666914222	8.384940646598709e-05	5.989243318999078e-05	0.999544817507756	0.0005629888719859	0.0002036342728459	0.0008265155780218	4.791394655199262e-05	4.791394655199262e-05	9.582789310398525e-05
_scratch_st-cdeboer-1_asfar_VLPs_results_crispresso_aggregated_spacer_miniCGBE1-SpRY_rep3_.staging_CRISPRessoPooled_on_miniCGBE1-SpRY_D2_rep3_CRISPResso_on_B2M	G	0.999688559347412	0.999532839021118	0.0002395697327599	0.999508882047842	0.999676580860774	0.0	8.384940646598709e-05	0.0001916557862079	0.0002874836793119	1.1978486637998156e-05	1.1978486637998156e-05	0.0001796772995699	0.999676580860774	4.791394655199262e-05	0.9976881520788664	9.582789310398525e-05	0.9979277218116264	0.0002156127594839	0.999724494807326	0.0001078063797419
_scratch_st-cdeboer-1_asfar_VLPs_results_crispresso_aggregated_spacer_miniCGBE1-SpRY_rep3_.staging_CRISPRessoPooled_on_miniCGBE1-SpRY_D2_rep3_CRISPResso_on_B2M	N	0.0	0.0	0.0	0.0	0.0	0.0	0.0	0.0	0.0	0.0	1.1978486637998156e-05	0.0	0.0	0.0	1.1978486637998156e-05	0.0	0.0	0.0	0.0	0.0
_scratch_st-cdeboer-1_asfar_VLPs_results_crispresso_aggregated_spacer_miniCGBE1-SpRY_rep3_.staging_CRISPRessoPooled_on_miniCGBE1-SpRY_D2_rep3_CRISPResso_on_B2M	-	0.0	2.395697327599631e-05	2.395697327599631e-05	0.0	8.384940646598709e-05	8.384940646598709e-05	8.384940646598709e-05	8.384940646598709e-05	0.0001197848663799	0.0001197848663799	0.0001317633530179	0.0001197848663799	0.0001197848663799	0.0001676988129319	0.0001676988129319	0.0001197848663799	0.0001197848663799	0.0001197848663799	0.0001197848663799	3.593545991399447e-05
_scratch_st-cdeboer-1_asfar_VLPs_results_crispresso_aggregated_spacer_miniCGBE1-SpRY_rep3_.staging_CRISPRessoPooled_on_miniCGBE1-SpRY_D3_rep3_CRISPResso_on_B2M	A	7.771517388770157e-05	0.0	0.999727996891393	0.0001165727608315	0.0001942879347192	3.885758694385079e-05	0.0	0.9997668544783368	0.0	0.0	0.0001165727608315	0.9994171361958424	0.0	7.771517388770157e-05	0.0017097338255294	0.0	0.0018651641733048	0.9996502817175054	0.0	0.0001165727608315
_scratch_st-cdeboer-1_asfar_VLPs_results_crispresso_aggregated_spacer_miniCGBE1-SpRY_rep3_.staging_CRISPRessoPooled_on_miniCGBE1-SpRY_D3_rep3_CRISPResso_on_B2M	T	0.0001554303477754	0.0003108606955508	0.0	0.0003885758694385	7.771517388770157e-05	3.885758694385079e-05	0.9995725665436176	0.0	0.9994171361958424	3.885758694385079e-05	0.0001554303477754	0.0	0.0	0.0001165727608315	0.000777151738877	0.9996114241305616	0.0002720031086069	0.0	7.771517388770157e-05	0.9993782786088984
_scratch_st-cdeboer-1_asfar_VLPs_results_crispresso_aggregated_spacer_miniCGBE1-SpRY_rep3_.staging_CRISPRessoPooled_on_miniCGBE1-SpRY_D3_rep3_CRISPResso_on_B2M	C	3.885758694385079e-05	0.0002331455216631	7.771517388770157e-05	3.885758694385079e-05	0.0001165727608315	0.999727996891393	0.0001165727608315	0.0	0.0001165727608315	0.9998057120652808	0.99949485136973	0.0001165727608315	3.885758694385079e-05	0.9996114241305616	0.0003885758694385	0.0001554303477754	0.0013988731299786	3.885758694385079e-05	0.0	0.0001165727608315
_scratch_st-cdeboer-1_asfar_VLPs_results_crispresso_aggregated_spacer_miniCGBE1-SpRY_rep3_.staging_CRISPRessoPooled_on_miniCGBE1-SpRY_D3_rep3_CRISPResso_on_B2M	G	0.999727996891393	0.999455993782786	0.0001554303477754	0.999455993782786	0.999455993782786	3.885758694385079e-05	0.0001554303477754	7.771517388770157e-05	0.0003108606955508	0.0	0.0	0.0002331455216631	0.999727996891393	3.885758694385079e-05	0.9969691082183796	7.771517388770157e-05	0.9961919564795026	0.0001554303477754	0.9997668544783368	0.0003885758694385
_scratch_st-cdeboer-1_asfar_VLPs_results_crispresso_aggregated_spacer_miniCGBE1-SpRY_rep3_.staging_CRISPRessoPooled_on_miniCGBE1-SpRY_D3_rep3_CRISPResso_on_B2M	N	0.0	0.0	3.885758694385079e-05	0.0	0.0	0.0	0.0	0.0	0.0	0.0	0.0	0.0	0.0	0.0	0.0	0.0	0.0	0.0	0.0	0.0
_scratch_st-cdeboer-1_asfar_VLPs_results_crispresso_aggregated_spacer_miniCGBE1-SpRY_rep3_.staging_CRISPRessoPooled_on_miniCGBE1-SpRY_D3_rep3_CRISPResso_on_B2M	-	0.0	0.0	0.0	0.0	0.0001554303477754	0.0001554303477754	0.0001554303477754	0.0001554303477754	0.0001554303477754	0.0001554303477754	0.0002331455216631	0.0002331455216631	0.0002331455216631	0.0001554303477754	0.0001554303477754	0.0001554303477754	0.0002720031086069	0.0001554303477754	0.0001554303477754	0.0
_scratch_st-cdeboer-1_asfar_VLPs_results_crispresso_aggregated_spacer_miniCGBE1-SpRY_rep3_.staging_CRISPRessoPooled_on_miniCGBE1-SpRY_D4_rep3_CRISPResso_on_B2M	A	0.000339652936454	0.0	0.9995368369048354	3.0877539677638484e-05	6.175507935527697e-05	0.0	0.0	0.9990736738096708	0.0	0.0004014080158093	0.0001852652380658	0.9994442042858024	0.0002778978570987	0.0	0.0087692212684493	0.0006175507935527	0.0121348730933119	0.9997221021429012	0.0	3.0877539677638484e-05
_scratch_st-cdeboer-1_asfar_VLPs_results_crispresso_aggregated_spacer_miniCGBE1-SpRY_rep3_.staging_CRISPRessoPooled_on_miniCGBE1-SpRY_D4_rep3_CRISPResso_on_B2M	T	0.0001235101587105	0.0001852652380658	0.0	0.000339652936454	0.0	0.0001543876983881	0.9994133267461248	0.0	0.9990736738096708	0.0003087753967763	0.0004631630951645	0.0	3.0877539677638484e-05	0.0001235101587105	0.002470203174211	0.9990119187303156	0.0011424689680726	3.0877539677638484e-05	9.263261903291544e-05	0.999660347063546
_scratch_st-cdeboer-1_asfar_VLPs_results_crispresso_aggregated_spacer_miniCGBE1-SpRY_rep3_.staging_CRISPRessoPooled_on_miniCGBE1-SpRY_D4_rep3_CRISPResso_on_B2M	C	6.175507935527697e-05	9.263261903291544e-05	0.0001543876983881	3.0877539677638484e-05	9.263261903291544e-05	0.9995368369048354	0.0001543876983881	3.0877539677638484e-05	0.0001543876983881	0.9991045513493484	0.9990119187303156	0.0001235101587105	3.0877539677638484e-05	0.9995059593651576	0.0007719384919409	0.0001235101587105	0.0070092015068239	0.0	9.263261903291544e-05	0.0001852652380658
_scratch_st-cdeboer-1_asfar_VLPs_results_crispresso_aggregated_spacer_miniCGBE1-SpRY_rep3_.staging_CRISPRessoPooled_on_miniCGBE1-SpRY_D4_rep3_CRISPResso_on_B2M	G	0.9994442042858024	0.9996294695238684	0.0002778978570987	0.9995677144445132	0.9995368369048354	0.0	9.263261903291544e-05	0.0005557957141974	0.0004322855554869	0.0	0.0	9.263261903291544e-05	0.999320694127092	3.0877539677638484e-05	0.9878342493670104	9.263261903291544e-05	0.9795590687334034	0.0002161427777434	0.9994442042858024	9.263261903291544e-05
_scratch_st-cdeboer-1_asfar_VLPs_results_crispresso_aggregated_spacer_miniCGBE1-SpRY_rep3_.staging_CRISPRessoPooled_on_miniCGBE1-SpRY_D4_rep3_CRISPResso_on_B2M	N	0.0	0.0	0.0	0.0	0.0	0.0	0.0	0.0	0.0	0.0	0.0	0.0	0.0	0.0	0.0	0.0	0.0	0.0	0.0	0.0
_scratch_st-cdeboer-1_asfar_VLPs_results_crispresso_aggregated_spacer_miniCGBE1-SpRY_rep3_.staging_CRISPRessoPooled_on_miniCGBE1-SpRY_D4_rep3_CRISPResso_on_B2M	-	3.0877539677638484e-05	9.263261903291544e-05	3.0877539677638484e-05	3.0877539677638484e-05	0.0003087753967763	0.0003087753967763	0.000339652936454	0.000339652936454	0.000339652936454	0.0001852652380658	0.000339652936454	0.000339652936454	0.000339652936454	0.000339652936454	0.0001543876983881	0.0001543876983881	0.0001543876983881	3.0877539677638484e-05	0.0003705304761316	3.0877539677638484e-05
_scratch_st-cdeboer-1_asfar_VLPs_results_crispresso_aggregated_spacer_miniCGBE1-SpRY_rep3_.staging_CRISPRessoPooled_on_miniCGBE1-SpRY_D5_rep3_CRISPResso_on_B2M	A	0.000133767334017	0.0	0.99955410888661	8.917822267802202e-05	0.0002006510010255	8.917822267802202e-05	0.0	0.9992865742185758	2.2294555669505502e-05	6.688366700851652e-05	2.2294555669505502e-05	0.9992196905515672	2.2294555669505502e-05	0.0001114727783475	0.0039015472421634	0.0	0.0051723369153252	0.999375752441254	6.688366700851652e-05	2.2294555669505502e-05
_scratch_st-cdeboer-1_asfar_VLPs_results_crispresso_aggregated_spacer_miniCGBE1-SpRY_rep3_.staging_CRISPRessoPooled_on_miniCGBE1-SpRY_D5_rep3_CRISPResso_on_B2M	T	0.000222945556695	0.0005127747803986	0.0	0.0004235965577206	6.688366700851652e-05	0.000133767334017	0.99955410888661	2.2294555669505502e-05	0.9991305123288892	2.2294555669505502e-05	0.000178356445356	0.0	8.917822267802202e-05	0.000178356445356	0.0019842154545859	0.9992865742185758	0.0004458911133901	2.2294555669505502e-05	0.0002006510010255	0.9992865742185758
_scratch_st-cdeboer-1_asfar_VLPs_results_crispresso_aggregated_spacer_miniCGBE1-SpRY_rep3_.staging_CRISPRessoPooled_on_miniCGBE1-SpRY_D5_rep3_CRISPResso_on_B2M	C	0.000133767334017	6.688366700851652e-05	6.688366700851652e-05	6.688366700851652e-05	6.688366700851652e-05	0.9994649306639318	8.917822267802202e-05	4.458911133901101e-05	0.0001114727783475	0.9993534578855844	0.9992642796629064	0.000133767334017	0.0001560618896865	0.9992865742185758	0.0008694876711107	0.0001114727783475	0.0045035002452401	4.458911133901101e-05	0.000133767334017	0.0003344183350425
_scratch_st-cdeboer-1_asfar_VLPs_results_crispresso_aggregated_spacer_miniCGBE1-SpRY_rep3_.staging_CRISPRessoPooled_on_miniCGBE1-SpRY_D5_rep3_CRISPResso_on_B2M	G	0.9994872252196014	0.9993534578855844	0.0002898292237035	0.9993980469969234	0.999375752441254	2.2294555669505502e-05	6.688366700851652e-05	0.0002898292237035	0.000222945556695	2.2294555669505502e-05	2.2294555669505502e-05	0.000178356445356	0.9993311633299148	0.0	0.9926873857404022	0.0001560618896865	0.9894323806126544	0.0002006510010255	0.9992642796629064	0.0002006510010255
_scratch_st-cdeboer-1_asfar_VLPs_results_crispresso_aggregated_spacer_miniCGBE1-SpRY_rep3_.staging_CRISPRessoPooled_on_miniCGBE1-SpRY_D5_rep3_CRISPResso_on_B2M	N	0.0	0.0	0.0	0.0	0.0	0.0	0.0	0.0	0.0	2.2294555669505502e-05	0.0	0.0	0.0	0.0	0.0	0.0	0.0	0.0	0.0	0.0
_scratch_st-cdeboer-1_asfar_VLPs_results_crispresso_aggregated_spacer_miniCGBE1-SpRY_rep3_.staging_CRISPRessoPooled_on_miniCGBE1-SpRY_D5_rep3_CRISPResso_on_B2M	-	2.2294555669505502e-05	6.688366700851652e-05	8.917822267802202e-05	2.2294555669505502e-05	0.0002898292237035	0.0002898292237035	0.0002898292237035	0.000356712890712	0.0005127747803986	0.0005127747803986	0.0005127747803986	0.0004681856690596	0.000401302002051	0.0004235965577206	0.0005573638917376	0.0004458911133901	0.0004458911133901	0.000356712890712	0.0003344183350425	0.0001560618896865
