Folder	Nucleotide	G	G	A	G	G	C	T	A	T	C	C	A	G	C	G	T	G	A	G	T
_scratch_st-cdeboer-1_asfar_VLPs_results_crispresso_aggregated_spacer_miniCGBE1-SpRY_rep2_.staging_CRISPRessoPooled_on_miniCGBE1-SpRY_D0_rep2_CRISPResso_on_B2M	A	0.0001217977345621	0.0	0.9997158052860216	4.059924485404571e-05	0.0001217977345621	0.0	4.059924485404571e-05	0.9997564045308758	0.0	4.059924485404571e-05	0.0	0.9997970037757298	0.0	0.0	0.0001623969794161	0.0	8.119848970809142e-05	0.9997158052860216	4.059924485404571e-05	8.119848970809142e-05
_scratch_st-cdeboer-1_asfar_VLPs_results_crispresso_aggregated_spacer_miniCGBE1-SpRY_rep2_.staging_CRISPRessoPooled_on_miniCGBE1-SpRY_D0_rep2_CRISPResso_on_B2M	T	0.0001623969794161	0.0001623969794161	4.059924485404571e-05	0.0001623969794161	0.0	4.059924485404571e-05	0.9997564045308758	0.0	0.9997158052860216	4.059924485404571e-05	8.119848970809142e-05	0.0	8.119848970809142e-05	0.0	4.059924485404571e-05	0.9997158052860216	0.0001623969794161	0.0	0.0001217977345621	0.9993910113271892
_scratch_st-cdeboer-1_asfar_VLPs_results_crispresso_aggregated_spacer_miniCGBE1-SpRY_rep2_.staging_CRISPRessoPooled_on_miniCGBE1-SpRY_D0_rep2_CRISPResso_on_B2M	C	4.059924485404571e-05	0.0001623969794161	0.0	4.059924485404571e-05	8.119848970809142e-05	0.999878202265438	0.0001217977345621	4.059924485404571e-05	8.119848970809142e-05	0.999878202265438	0.9998376030205838	8.119848970809142e-05	0.0	0.999959400755146	0.0	8.119848970809142e-05	0.0002029962242702	8.119848970809142e-05	0.0001217977345621	0.0004059924485404
_scratch_st-cdeboer-1_asfar_VLPs_results_crispresso_aggregated_spacer_miniCGBE1-SpRY_rep2_.staging_CRISPRessoPooled_on_miniCGBE1-SpRY_D0_rep2_CRISPResso_on_B2M	G	0.9996346067963136	0.9995534083066056	0.0002029962242702	0.9997158052860216	0.9997564045308758	4.059924485404571e-05	4.059924485404571e-05	0.0001623969794161	0.0001623969794161	0.0	0.0	8.119848970809142e-05	0.999878202265438	0.0	0.9997564045308758	0.0001623969794161	0.9995128090617514	0.0001623969794161	0.9996752060411676	8.119848970809142e-05
_scratch_st-cdeboer-1_asfar_VLPs_results_crispresso_aggregated_spacer_miniCGBE1-SpRY_rep2_.staging_CRISPRessoPooled_on_miniCGBE1-SpRY_D0_rep2_CRISPResso_on_B2M	N	0.0	4.059924485404571e-05	0.0	0.0	0.0	0.0	0.0	0.0	0.0	0.0	0.0	0.0	0.0	0.0	0.0	0.0	0.0	0.0	0.0	0.0
_scratch_st-cdeboer-1_asfar_VLPs_results_crispresso_aggregated_spacer_miniCGBE1-SpRY_rep2_.staging_CRISPRessoPooled_on_miniCGBE1-SpRY_D0_rep2_CRISPResso_on_B2M	-	4.059924485404571e-05	8.119848970809142e-05	4.059924485404571e-05	4.059924485404571e-05	4.059924485404571e-05	4.059924485404571e-05	4.059924485404571e-05	4.059924485404571e-05	4.059924485404571e-05	4.059924485404571e-05	8.119848970809142e-05	4.059924485404571e-05	4.059924485404571e-05	4.059924485404571e-05	4.059924485404571e-05	4.059924485404571e-05	4.059924485404571e-05	4.059924485404571e-05	4.059924485404571e-05	4.059924485404571e-05
_scratch_st-cdeboer-1_asfar_VLPs_results_crispresso_aggregated_spacer_miniCGBE1-SpRY_rep2_.staging_CRISPRessoPooled_on_miniCGBE1-SpRY_D1_rep2_CRISPResso_on_B2M	A	0.000219298245614	0.000109649122807	0.999671052631579	0.0	0.0	0.0	0.0	0.999890350877193	0.0	0.0	0.0	0.999342105263158	0.0	0.0	0.0	0.0	0.0	0.999671052631579	0.0	0.0
_scratch_st-cdeboer-1_asfar_VLPs_results_crispresso_aggregated_spacer_miniCGBE1-SpRY_rep2_.staging_CRISPRessoPooled_on_miniCGBE1-SpRY_D1_rep2_CRISPResso_on_B2M	T	0.0	0.000548245614035	0.0	0.000548245614035	0.0	0.0	0.999561403508772	0.0	0.999780701754386	0.000109649122807	0.0	0.0	0.000109649122807	0.000109649122807	0.000109649122807	0.999671052631579	0.0	0.0	0.0	0.999342105263158
_scratch_st-cdeboer-1_asfar_VLPs_results_crispresso_aggregated_spacer_miniCGBE1-SpRY_rep2_.staging_CRISPRessoPooled_on_miniCGBE1-SpRY_D1_rep2_CRISPResso_on_B2M	C	0.000109649122807	0.000548245614035	0.0	0.0	0.0	1.0	0.000219298245614	0.000109649122807	0.0	0.999890350877193	0.999890350877193	0.000219298245614	0.000109649122807	0.999890350877193	0.0	0.000109649122807	0.000438596491228	0.000109649122807	0.0	0.000328947368421
_scratch_st-cdeboer-1_asfar_VLPs_results_crispresso_aggregated_spacer_miniCGBE1-SpRY_rep2_.staging_CRISPRessoPooled_on_miniCGBE1-SpRY_D1_rep2_CRISPResso_on_B2M	G	0.999671052631579	0.9987938596491228	0.000328947368421	0.9994517543859648	1.0	0.0	0.000219298245614	0.0	0.000219298245614	0.0	0.000109649122807	0.000438596491228	0.999780701754386	0.0	0.999890350877193	0.000219298245614	0.999561403508772	0.000219298245614	1.0	0.000328947368421
_scratch_st-cdeboer-1_asfar_VLPs_results_crispresso_aggregated_spacer_miniCGBE1-SpRY_rep2_.staging_CRISPRessoPooled_on_miniCGBE1-SpRY_D1_rep2_CRISPResso_on_B2M	N	0.0	0.0	0.0	0.0	0.0	0.0	0.0	0.0	0.0	0.0	0.0	0.0	0.0	0.0	0.0	0.0	0.0	0.0	0.0	0.0
_scratch_st-cdeboer-1_asfar_VLPs_results_crispresso_aggregated_spacer_miniCGBE1-SpRY_rep2_.staging_CRISPRessoPooled_on_miniCGBE1-SpRY_D1_rep2_CRISPResso_on_B2M	-	0.0	0.0	0.0	0.0	0.0	0.0	0.0	0.0	0.0	0.0	0.0	0.0	0.0	0.0	0.0	0.0	0.0	0.0	0.0	0.0
_scratch_st-cdeboer-1_asfar_VLPs_results_crispresso_aggregated_spacer_miniCGBE1-SpRY_rep2_.staging_CRISPRessoPooled_on_miniCGBE1-SpRY_D2_rep2_CRISPResso_on_B2M	A	0.0001394019655677	0.0	0.9997211960688646	0.0	6.970098278385725e-05	0.0	6.970098278385725e-05	0.999512093120513	6.970098278385725e-05	0.0	0.0	0.999512093120513	0.0	6.970098278385725e-05	0.0006970098278385	6.970098278385725e-05	0.0009061127761901	0.9998605980344324	0.0	0.0
_scratch_st-cdeboer-1_asfar_VLPs_results_crispresso_aggregated_spacer_miniCGBE1-SpRY_rep2_.staging_CRISPRessoPooled_on_miniCGBE1-SpRY_D2_rep2_CRISPResso_on_B2M	T	0.0002091029483515	0.0003485049139192	0.0	0.0004182058967031	0.0	0.0	0.9998605980344324	6.970098278385725e-05	0.9994423921377292	6.970098278385725e-05	6.970098278385725e-05	0.0	6.970098278385725e-05	0.0002788039311354	0.0003485049139192	0.9998605980344324	0.0002091029483515	6.970098278385725e-05	0.0	0.9999302990172162
_scratch_st-cdeboer-1_asfar_VLPs_results_crispresso_aggregated_spacer_miniCGBE1-SpRY_rep2_.staging_CRISPRessoPooled_on_miniCGBE1-SpRY_D2_rep2_CRISPResso_on_B2M	C	0.0002091029483515	0.0	0.0001394019655677	0.0	0.0002091029483515	1.0	0.0	0.0	0.0001394019655677	0.9997211960688646	0.9997908970516484	0.0001394019655677	0.0	0.999512093120513	0.0002788039311354	6.970098278385725e-05	0.0013940196556771	0.0	0.0	6.970098278385725e-05
_scratch_st-cdeboer-1_asfar_VLPs_results_crispresso_aggregated_spacer_miniCGBE1-SpRY_rep2_.staging_CRISPRessoPooled_on_miniCGBE1-SpRY_D2_rep2_CRISPResso_on_B2M	G	0.9994423921377292	0.9996514950860808	0.0001394019655677	0.9995817941032968	0.9997211960688646	0.0	6.970098278385725e-05	0.0004182058967031	0.0002091029483515	6.970098278385725e-05	0.0	0.0002091029483515	0.9997908970516484	0.0	0.9986756813271068	0.0	0.9974907646197811	6.970098278385725e-05	1.0	0.0
_scratch_st-cdeboer-1_asfar_VLPs_results_crispresso_aggregated_spacer_miniCGBE1-SpRY_rep2_.staging_CRISPRessoPooled_on_miniCGBE1-SpRY_D2_rep2_CRISPResso_on_B2M	N	0.0	0.0	0.0	0.0	0.0	0.0	0.0	0.0	0.0	0.0	0.0	0.0	0.0	0.0	0.0	0.0	0.0	0.0	0.0	0.0
_scratch_st-cdeboer-1_asfar_VLPs_results_crispresso_aggregated_spacer_miniCGBE1-SpRY_rep2_.staging_CRISPRessoPooled_on_miniCGBE1-SpRY_D2_rep2_CRISPResso_on_B2M	-	0.0	0.0	0.0	0.0	0.0	0.0	0.0	0.0	0.0001394019655677	0.0001394019655677	0.0001394019655677	0.0001394019655677	0.0001394019655677	0.0001394019655677	0.0	0.0	0.0	0.0	0.0	0.0
_scratch_st-cdeboer-1_asfar_VLPs_results_crispresso_aggregated_spacer_miniCGBE1-SpRY_rep2_.staging_CRISPRessoPooled_on_miniCGBE1-SpRY_D3_rep2_CRISPResso_on_B2M	A	8.362252790901868e-05	4.181126395450934e-05	0.999749132416273	0.0	4.181126395450934e-05	0.0001254337918635	0.0	0.9997909436802276	0.0	4.181126395450934e-05	0.000167245055818	0.9997073211523184	0.0	8.362252790901868e-05	0.002466864573316	0.0	0.0020487519337709	0.999832754944182	4.181126395450934e-05	0.0
_scratch_st-cdeboer-1_asfar_VLPs_results_crispresso_aggregated_spacer_miniCGBE1-SpRY_rep2_.staging_CRISPRessoPooled_on_miniCGBE1-SpRY_D3_rep2_CRISPResso_on_B2M	T	0.000418112639545	0.0005435464314086	4.181126395450934e-05	0.000334490111636	0.0	8.362252790901868e-05	0.999665509888364	0.0	0.9997909436802276	4.181126395450934e-05	0.000167245055818	0.0	8.362252790901868e-05	0.0001254337918635	0.000167245055818	0.9998745662081364	8.362252790901868e-05	0.0	0.0002926788476815	0.999498264832546
_scratch_st-cdeboer-1_asfar_VLPs_results_crispresso_aggregated_spacer_miniCGBE1-SpRY_rep2_.staging_CRISPRessoPooled_on_miniCGBE1-SpRY_D3_rep2_CRISPResso_on_B2M	C	4.181126395450934e-05	0.0001254337918635	8.362252790901868e-05	0.0	4.181126395450934e-05	0.9997909436802276	0.000167245055818	4.181126395450934e-05	0.0001254337918635	0.999916377472091	0.9996236986244094	0.0001254337918635	4.181126395450934e-05	0.9997909436802276	0.0002926788476815	4.181126395450934e-05	0.0019233181419074	4.181126395450934e-05	4.181126395450934e-05	0.0002090563197725
_scratch_st-cdeboer-1_asfar_VLPs_results_crispresso_aggregated_spacer_miniCGBE1-SpRY_rep2_.staging_CRISPRessoPooled_on_miniCGBE1-SpRY_D3_rep2_CRISPResso_on_B2M	G	0.9994564535685914	0.9992473972488188	0.0001254337918635	0.999665509888364	0.999916377472091	0.0	0.000167245055818	0.000167245055818	4.181126395450934e-05	0.0	0.0	0.000167245055818	0.9998745662081364	0.0	0.9970732115231844	8.362252790901868e-05	0.9959443073964126	0.0001254337918635	0.9996236986244094	0.0002926788476815
_scratch_st-cdeboer-1_asfar_VLPs_results_crispresso_aggregated_spacer_miniCGBE1-SpRY_rep2_.staging_CRISPRessoPooled_on_miniCGBE1-SpRY_D3_rep2_CRISPResso_on_B2M	N	0.0	0.0	0.0	0.0	0.0	0.0	0.0	0.0	0.0	0.0	0.0	0.0	0.0	0.0	0.0	0.0	0.0	0.0	0.0	0.0
_scratch_st-cdeboer-1_asfar_VLPs_results_crispresso_aggregated_spacer_miniCGBE1-SpRY_rep2_.staging_CRISPRessoPooled_on_miniCGBE1-SpRY_D3_rep2_CRISPResso_on_B2M	-	0.0	4.181126395450934e-05	0.0	0.0	0.0	0.0	0.0	0.0	4.181126395450934e-05	0.0	4.181126395450934e-05	0.0	0.0	0.0	0.0	0.0	0.0	0.0	0.0	0.0
_scratch_st-cdeboer-1_asfar_VLPs_results_crispresso_aggregated_spacer_miniCGBE1-SpRY_rep2_.staging_CRISPRessoPooled_on_miniCGBE1-SpRY_D4_rep2_CRISPResso_on_B2M	A	0.0001070549191735	0.0	0.999785890161653	0.0	0.0001070549191735	0.000214109838347	0.0	0.998822395889091	0.0	0.0001070549191735	0.0	0.998608286050744	0.0003211647575206	0.0	0.0065303500695856	0.0	0.0107054919173536	0.9991435606466116	0.0	0.0
_scratch_st-cdeboer-1_asfar_VLPs_results_crispresso_aggregated_spacer_miniCGBE1-SpRY_rep2_.staging_CRISPRessoPooled_on_miniCGBE1-SpRY_D4_rep2_CRISPResso_on_B2M	T	0.0003211647575206	0.0004282196766941	0.0	0.0004282196766941	0.0	0.000214109838347	0.9989294508082648	0.0	0.998608286050744	0.000214109838347	0.000214109838347	0.0	0.0001070549191735	0.0001070549191735	0.0026763729793384	0.9993576704849588	0.0005352745958676	0.0	0.0001070549191735	0.999785890161653
_scratch_st-cdeboer-1_asfar_VLPs_results_crispresso_aggregated_spacer_miniCGBE1-SpRY_rep2_.staging_CRISPRessoPooled_on_miniCGBE1-SpRY_D4_rep2_CRISPResso_on_B2M	C	0.000214109838347	0.0001070549191735	0.0001070549191735	0.0	0.0001070549191735	0.9989294508082648	0.0	0.0	0.0001070549191735	0.9985012311315704	0.9989294508082648	0.000214109838347	0.0001070549191735	0.9993576704849588	0.0009634942725618	0.0	0.0073867894229739	0.0	0.0001070549191735	0.0
_scratch_st-cdeboer-1_asfar_VLPs_results_crispresso_aggregated_spacer_miniCGBE1-SpRY_rep2_.staging_CRISPRessoPooled_on_miniCGBE1-SpRY_D4_rep2_CRISPResso_on_B2M	G	0.9993576704849588	0.9994647254041324	0.0001070549191735	0.9995717803233058	0.9991435606466116	0.0	0.000214109838347	0.0003211647575206	0.000214109838347	0.0001070549191735	0.0	0.0003211647575206	0.998822395889091	0.0	0.9892945080826464	0.0001070549191735	0.9808371694679372	0.0004282196766941	0.9992506155657852	0.0
_scratch_st-cdeboer-1_asfar_VLPs_results_crispresso_aggregated_spacer_miniCGBE1-SpRY_rep2_.staging_CRISPRessoPooled_on_miniCGBE1-SpRY_D4_rep2_CRISPResso_on_B2M	N	0.0	0.0	0.0	0.0	0.0	0.0	0.0	0.0	0.0	0.0	0.0	0.0	0.0	0.0	0.0	0.0	0.0	0.0	0.0	0.0
_scratch_st-cdeboer-1_asfar_VLPs_results_crispresso_aggregated_spacer_miniCGBE1-SpRY_rep2_.staging_CRISPRessoPooled_on_miniCGBE1-SpRY_D4_rep2_CRISPResso_on_B2M	-	0.0	0.0	0.0	0.0	0.0006423295150412	0.0006423295150412	0.0008564393533882	0.0008564393533882	0.0010705491917353	0.0010705491917353	0.0008564393533882	0.0008564393533882	0.0006423295150412	0.0005352745958676	0.0005352745958676	0.0005352745958676	0.0005352745958676	0.0004282196766941	0.0005352745958676	0.000214109838347
_scratch_st-cdeboer-1_asfar_VLPs_results_crispresso_aggregated_spacer_miniCGBE1-SpRY_rep2_.staging_CRISPRessoPooled_on_miniCGBE1-SpRY_D5_rep2_CRISPResso_on_B2M	A	3.289960684969815e-05	1.6449803424849074e-05	0.9992104094356072	0.0	3.289960684969815e-05	8.224901712424536e-05	0.0	0.9988320639568358	1.6449803424849074e-05	0.0001480482308236	3.289960684969815e-05	0.9988485137602604	4.934941027454722e-05	3.289960684969815e-05	0.0038657038048395	0.0	0.0049184912240298	0.999226859239032	0.0	3.289960684969815e-05
_scratch_st-cdeboer-1_asfar_VLPs_results_crispresso_aggregated_spacer_miniCGBE1-SpRY_rep2_.staging_CRISPRessoPooled_on_miniCGBE1-SpRY_D5_rep2_CRISPResso_on_B2M	T	0.000213847444523	0.0003947952821963	0.0	0.0001315984273987	3.289960684969815e-05	8.224901712424536e-05	0.999128160418483	1.6449803424849074e-05	0.9987333651362866	9.869882054909443e-05	0.0001809478376733	0.0	4.934941027454722e-05	0.0001315984273987	0.0020891250349558	0.999243309042457	0.0012666348637133	3.289960684969815e-05	0.0001973976410981	0.9993091082561564
_scratch_st-cdeboer-1_asfar_VLPs_results_crispresso_aggregated_spacer_miniCGBE1-SpRY_rep2_.staging_CRISPRessoPooled_on_miniCGBE1-SpRY_D5_rep2_CRISPResso_on_B2M	C	4.934941027454722e-05	8.224901712424536e-05	0.0001480482308236	6.57992136993963e-05	1.6449803424849074e-05	0.999342007863006	0.0001809478376733	1.6449803424849074e-05	0.0001151486239739	0.9989472125808097	0.9989307627773848	0.0002302972479478	6.57992136993963e-05	0.9991446102219078	0.0015956309322103	6.57992136993963e-05	0.0038163543945649	6.57992136993963e-05	3.289960684969815e-05	0.0001973976410981
_scratch_st-cdeboer-1_asfar_VLPs_results_crispresso_aggregated_spacer_miniCGBE1-SpRY_rep2_.staging_CRISPRessoPooled_on_miniCGBE1-SpRY_D5_rep2_CRISPResso_on_B2M	G	0.9993584576664308	0.999111710615058	0.0002796466582224	0.9994078070767054	0.9994242568801304	0.0	0.000213847444523	0.0005263937095951	0.0004112450856212	1.6449803424849074e-05	1.6449803424849074e-05	0.0001973976410981	0.9992926584527316	4.934941027454722e-05	0.99182444769785	9.869882054909443e-05	0.9894556760046718	0.0001315984273987	0.999342007863006	9.869882054909443e-05
_scratch_st-cdeboer-1_asfar_VLPs_results_crispresso_aggregated_spacer_miniCGBE1-SpRY_rep2_.staging_CRISPRessoPooled_on_miniCGBE1-SpRY_D5_rep2_CRISPResso_on_B2M	N	0.0	0.0	0.0	0.0	0.0	1.6449803424849074e-05	0.0	0.0	0.0	0.0	0.0	0.0	0.0	1.6449803424849074e-05	0.0	0.0	0.0	0.0	0.0	0.0
_scratch_st-cdeboer-1_asfar_VLPs_results_crispresso_aggregated_spacer_miniCGBE1-SpRY_rep2_.staging_CRISPRessoPooled_on_miniCGBE1-SpRY_D5_rep2_CRISPResso_on_B2M	-	0.0003454458719218	0.0003947952821963	0.0003618956753466	0.0003947952821963	0.0004934941027454	0.0004770442993206	0.0004770442993206	0.0006086427267194	0.0007237913506933	0.0007895905643927	0.0008389399746673	0.0007237913506933	0.00054284351302	0.0006250925301442	0.0006250925301442	0.0005921929232945	0.00054284351302	0.00054284351302	0.000427694889046	0.0003618956753466
