Folder	Nucleotide	C	A	C	C	T	A	C	C	T	A	A	G	A	A	C	C	A	T	C	C
_scratch_st-cdeboer-1_asfar_VLPs_results_crispresso_aggregated_spacer_miniCGBE1-SpRY_rep2_.staging_CRISPRessoPooled_on_miniCGBE1-SpRY_D0_rep2_CRISPResso_on_PDCD1	A	0.0001155690814184	0.9997688618371632	3.852302713947262e-05	7.704605427894524e-05	0.0	0.9997496003235934	1.926151356973631e-05	3.852302713947262e-05	0.0	0.9999036924321512	0.999845907891442	3.852302713947262e-05	0.999845907891442	0.9997303388100236	0.0	9.630756784868155e-05	0.9999614769728604	0.0	9.630756784868155e-05	7.704605427894524e-05
_scratch_st-cdeboer-1_asfar_VLPs_results_crispresso_aggregated_spacer_miniCGBE1-SpRY_rep2_.staging_CRISPRessoPooled_on_miniCGBE1-SpRY_D0_rep2_CRISPResso_on_PDCD1	T	3.852302713947262e-05	3.852302713947262e-05	0.0001155690814184	3.852302713947262e-05	0.9997303388100236	1.926151356973631e-05	5.778454070920893e-05	7.704605427894524e-05	0.999845907891442	0.0	0.0	9.630756784868155e-05	0.0	1.926151356973631e-05	3.852302713947262e-05	3.852302713947262e-05	0.0	0.999634031242175	0.0	1.926151356973631e-05
_scratch_st-cdeboer-1_asfar_VLPs_results_crispresso_aggregated_spacer_miniCGBE1-SpRY_rep2_.staging_CRISPRessoPooled_on_miniCGBE1-SpRY_D0_rep2_CRISPResso_on_PDCD1	C	0.9997688618371632	5.778454070920893e-05	0.9997881233507327	0.9998844309185816	0.0001926151356973	5.778454070920893e-05	0.9999036924321512	0.9998844309185816	3.852302713947262e-05	0.0	1.926151356973631e-05	1.926151356973631e-05	9.630756784868155e-05	3.852302713947262e-05	0.9999614769728604	0.999845907891442	0.0	0.0003081842171157	0.9998844309185816	0.9999036924321512
_scratch_st-cdeboer-1_asfar_VLPs_results_crispresso_aggregated_spacer_miniCGBE1-SpRY_rep2_.staging_CRISPRessoPooled_on_miniCGBE1-SpRY_D0_rep2_CRISPResso_on_PDCD1	G	3.852302713947262e-05	0.0001348305949881	5.778454070920893e-05	0.0	5.778454070920893e-05	0.0001733536221276	1.926151356973631e-05	0.0	0.0001155690814184	9.630756784868155e-05	0.0001155690814184	0.999845907891442	5.778454070920893e-05	0.000211876649267	0.0	0.0	3.852302713947262e-05	5.778454070920893e-05	1.926151356973631e-05	0.0
_scratch_st-cdeboer-1_asfar_VLPs_results_crispresso_aggregated_spacer_miniCGBE1-SpRY_rep2_.staging_CRISPRessoPooled_on_miniCGBE1-SpRY_D0_rep2_CRISPResso_on_PDCD1	N	0.0	0.0	0.0	0.0	1.926151356973631e-05	0.0	0.0	0.0	0.0	0.0	0.0	0.0	0.0	0.0	0.0	0.0	0.0	0.0	0.0	0.0
_scratch_st-cdeboer-1_asfar_VLPs_results_crispresso_aggregated_spacer_miniCGBE1-SpRY_rep2_.staging_CRISPRessoPooled_on_miniCGBE1-SpRY_D0_rep2_CRISPResso_on_PDCD1	-	3.852302713947262e-05	0.0	0.0	0.0	0.0	0.0	0.0	0.0	0.0	0.0	1.926151356973631e-05	0.0	0.0	0.0	0.0	1.926151356973631e-05	0.0	0.0	0.0	0.0
_scratch_st-cdeboer-1_asfar_VLPs_results_crispresso_aggregated_spacer_miniCGBE1-SpRY_rep2_.staging_CRISPRessoPooled_on_miniCGBE1-SpRY_D1_rep2_CRISPResso_on_PDCD1	A	3.008785654110001e-05	0.9997592971476712	0.0	3.008785654110001e-05	0.0	0.9998495607172944	3.008785654110001e-05	6.017571308220002e-05	0.0	0.99972920929113	0.9998194728607536	9.026356962330004e-05	0.9998194728607536	0.9998194728607536	6.017571308220002e-05	9.026356962330004e-05	0.9997893850042124	0.0	0.0	0.0
_scratch_st-cdeboer-1_asfar_VLPs_results_crispresso_aggregated_spacer_miniCGBE1-SpRY_rep2_.staging_CRISPRessoPooled_on_miniCGBE1-SpRY_D1_rep2_CRISPResso_on_PDCD1	T	6.017571308220002e-05	0.0	0.0	6.017571308220002e-05	0.9998194728607536	3.008785654110001e-05	6.017571308220002e-05	3.008785654110001e-05	0.99972920929113	3.008785654110001e-05	3.008785654110001e-05	0.0001504392827055	0.0	0.0	3.008785654110001e-05	9.026356962330004e-05	0.0	0.99972920929113	0.0	0.0
_scratch_st-cdeboer-1_asfar_VLPs_results_crispresso_aggregated_spacer_miniCGBE1-SpRY_rep2_.staging_CRISPRessoPooled_on_miniCGBE1-SpRY_D1_rep2_CRISPResso_on_PDCD1	C	0.9998194728607536	6.017571308220002e-05	0.9999699121434588	0.9999097364303768	9.026356962330004e-05	9.026356962330004e-05	0.9999097364303768	0.9999097364303768	0.0001203514261644	3.008785654110001e-05	0.0	6.017571308220002e-05	3.008785654110001e-05	6.017571308220002e-05	0.9999097364303768	0.9998194728607536	0.0001203514261644	0.0002106149957877	1.0	0.9999699121434588
_scratch_st-cdeboer-1_asfar_VLPs_results_crispresso_aggregated_spacer_miniCGBE1-SpRY_rep2_.staging_CRISPRessoPooled_on_miniCGBE1-SpRY_D1_rep2_CRISPResso_on_PDCD1	G	3.008785654110001e-05	0.0001805271392466	3.008785654110001e-05	0.0	9.026356962330004e-05	3.008785654110001e-05	0.0	0.0	0.0001504392827055	0.0002106149957877	0.0001203514261644	0.999699121434589	0.0001504392827055	0.0001203514261644	0.0	0.0	9.026356962330004e-05	6.017571308220002e-05	0.0	3.008785654110001e-05
_scratch_st-cdeboer-1_asfar_VLPs_results_crispresso_aggregated_spacer_miniCGBE1-SpRY_rep2_.staging_CRISPRessoPooled_on_miniCGBE1-SpRY_D1_rep2_CRISPResso_on_PDCD1	N	0.0	0.0	0.0	0.0	0.0	0.0	0.0	0.0	0.0	0.0	0.0	0.0	0.0	0.0	0.0	0.0	0.0	0.0	0.0	0.0
_scratch_st-cdeboer-1_asfar_VLPs_results_crispresso_aggregated_spacer_miniCGBE1-SpRY_rep2_.staging_CRISPRessoPooled_on_miniCGBE1-SpRY_D1_rep2_CRISPResso_on_PDCD1	-	6.017571308220002e-05	0.0	0.0	0.0	0.0	0.0	0.0	0.0	0.0	0.0	3.008785654110001e-05	0.0	0.0	0.0	0.0	0.0	0.0	0.0	0.0	0.0
_scratch_st-cdeboer-1_asfar_VLPs_results_crispresso_aggregated_spacer_miniCGBE1-SpRY_rep2_.staging_CRISPRessoPooled_on_miniCGBE1-SpRY_D2_rep2_CRISPResso_on_PDCD1	A	4.983305925150745e-05	0.9998505008222456	7.474958887726118e-05	7.474958887726118e-05	0.0	0.999800667762994	7.474958887726118e-05	0.0001494991777545	0.0	0.9999252504111228	0.999800667762994	2.4916529625753725e-05	0.9997508347037424	0.9997259181741168	0.0	0.0001744157073802	0.9996760851148652	0.0	4.983305925150745e-05	2.4916529625753725e-05
_scratch_st-cdeboer-1_asfar_VLPs_results_crispresso_aggregated_spacer_miniCGBE1-SpRY_rep2_.staging_CRISPRessoPooled_on_miniCGBE1-SpRY_D2_rep2_CRISPResso_on_PDCD1	T	0.0	0.0	4.983305925150745e-05	2.4916529625753725e-05	0.999800667762994	0.0	4.983305925150745e-05	0.0	0.9998255842926196	0.0	0.0	9.96661185030149e-05	0.0	0.0	2.4916529625753725e-05	9.96661185030149e-05	2.4916529625753725e-05	0.9996760851148652	0.0	2.4916529625753725e-05
_scratch_st-cdeboer-1_asfar_VLPs_results_crispresso_aggregated_spacer_miniCGBE1-SpRY_rep2_.staging_CRISPRessoPooled_on_miniCGBE1-SpRY_D2_rep2_CRISPResso_on_PDCD1	C	0.9998505008222456	2.4916529625753725e-05	0.9998754173518712	0.999900333881497	9.96661185030149e-05	4.983305925150745e-05	0.9998505008222456	0.9998255842926196	4.983305925150745e-05	4.983305925150745e-05	4.983305925150745e-05	2.4916529625753725e-05	0.0001245826481287	0.0001494991777545	0.9999750834703742	0.9997259181741168	0.0001494991777545	0.0002740818258832	0.9999501669407485	0.9999252504111228
_scratch_st-cdeboer-1_asfar_VLPs_results_crispresso_aggregated_spacer_miniCGBE1-SpRY_rep2_.staging_CRISPRessoPooled_on_miniCGBE1-SpRY_D2_rep2_CRISPResso_on_PDCD1	G	7.474958887726118e-05	9.96661185030149e-05	0.0	0.0	7.474958887726118e-05	0.0001494991777545	2.4916529625753725e-05	2.4916529625753725e-05	7.474958887726118e-05	2.4916529625753725e-05	9.96661185030149e-05	0.9998505008222456	0.0001245826481287	0.0001245826481287	0.0	0.0	0.0001494991777545	4.983305925150745e-05	0.0	2.4916529625753725e-05
_scratch_st-cdeboer-1_asfar_VLPs_results_crispresso_aggregated_spacer_miniCGBE1-SpRY_rep2_.staging_CRISPRessoPooled_on_miniCGBE1-SpRY_D2_rep2_CRISPResso_on_PDCD1	N	0.0	2.4916529625753725e-05	0.0	0.0	2.4916529625753725e-05	0.0	0.0	0.0	0.0	0.0	0.0	0.0	0.0	0.0	0.0	0.0	0.0	0.0	0.0	0.0
_scratch_st-cdeboer-1_asfar_VLPs_results_crispresso_aggregated_spacer_miniCGBE1-SpRY_rep2_.staging_CRISPRessoPooled_on_miniCGBE1-SpRY_D2_rep2_CRISPResso_on_PDCD1	-	2.4916529625753725e-05	0.0	0.0	0.0	0.0	0.0	0.0	0.0	4.983305925150745e-05	0.0	4.983305925150745e-05	0.0	0.0	0.0	0.0	0.0	0.0	0.0	0.0	0.0
_scratch_st-cdeboer-1_asfar_VLPs_results_crispresso_aggregated_spacer_miniCGBE1-SpRY_rep2_.staging_CRISPRessoPooled_on_miniCGBE1-SpRY_D3_rep2_CRISPResso_on_PDCD1	A	7.127753094632802e-05	0.9999524816460358	2.375917698210934e-05	9.503670792843736e-05	0.0	0.9997386490531968	2.375917698210934e-05	4.751835396421868e-05	0.0	0.9998812041150894	0.999786167407161	4.751835396421868e-05	0.9999049632920716	0.9998574449381074	2.375917698210934e-05	4.751835396421868e-05	0.9998336857611252	0.0	7.127753094632802e-05	4.751835396421868e-05
_scratch_st-cdeboer-1_asfar_VLPs_results_crispresso_aggregated_spacer_miniCGBE1-SpRY_rep2_.staging_CRISPRessoPooled_on_miniCGBE1-SpRY_D3_rep2_CRISPResso_on_PDCD1	T	0.0	0.0	4.751835396421868e-05	2.375917698210934e-05	0.9999287224690536	0.0	2.375917698210934e-05	4.751835396421868e-05	0.9998574449381074	0.0	0.0	7.127753094632802e-05	2.375917698210934e-05	0.0	4.751835396421868e-05	0.0	0.0	0.9998574449381074	0.0	4.751835396421868e-05
_scratch_st-cdeboer-1_asfar_VLPs_results_crispresso_aggregated_spacer_miniCGBE1-SpRY_rep2_.staging_CRISPRessoPooled_on_miniCGBE1-SpRY_D3_rep2_CRISPResso_on_PDCD1	C	0.9998574449381074	0.0	0.9999287224690536	0.9998812041150894	4.751835396421868e-05	0.0	0.9999287224690536	0.9998812041150894	9.503670792843736e-05	2.375917698210934e-05	2.375917698210934e-05	0.0	2.375917698210934e-05	2.375917698210934e-05	0.9999287224690536	0.9999049632920716	4.751835396421868e-05	0.0001425550618926	0.9999287224690536	0.9999049632920716
_scratch_st-cdeboer-1_asfar_VLPs_results_crispresso_aggregated_spacer_miniCGBE1-SpRY_rep2_.staging_CRISPRessoPooled_on_miniCGBE1-SpRY_D3_rep2_CRISPResso_on_PDCD1	G	0.0	4.751835396421868e-05	0.0	0.0	2.375917698210934e-05	0.0002613509468032	2.375917698210934e-05	2.375917698210934e-05	4.751835396421868e-05	9.503670792843736e-05	0.0001425550618926	0.9998812041150894	4.751835396421868e-05	9.503670792843736e-05	0.0	0.0	9.503670792843736e-05	0.0	0.0	0.0
_scratch_st-cdeboer-1_asfar_VLPs_results_crispresso_aggregated_spacer_miniCGBE1-SpRY_rep2_.staging_CRISPRessoPooled_on_miniCGBE1-SpRY_D3_rep2_CRISPResso_on_PDCD1	N	0.0	0.0	0.0	0.0	0.0	0.0	0.0	0.0	0.0	0.0	0.0	0.0	0.0	2.375917698210934e-05	0.0	0.0	2.375917698210934e-05	0.0	0.0	0.0
_scratch_st-cdeboer-1_asfar_VLPs_results_crispresso_aggregated_spacer_miniCGBE1-SpRY_rep2_.staging_CRISPRessoPooled_on_miniCGBE1-SpRY_D3_rep2_CRISPResso_on_PDCD1	-	7.127753094632802e-05	0.0	0.0	0.0	0.0	0.0	0.0	0.0	0.0	0.0	4.751835396421868e-05	0.0	0.0	0.0	0.0	4.751835396421868e-05	0.0	0.0	0.0	0.0
_scratch_st-cdeboer-1_asfar_VLPs_results_crispresso_aggregated_spacer_miniCGBE1-SpRY_rep2_.staging_CRISPRessoPooled_on_miniCGBE1-SpRY_D4_rep2_CRISPResso_on_PDCD1	A	5.166957308015243e-05	0.9997545695278692	0.0	0.0001033391461603	1.2917393270038109e-05	0.9998320738874896	3.875217981011432e-05	0.0002066782923206	1.2917393270038109e-05	0.9999095782471096	0.9997933217076794	2.583478654007621e-05	0.9997028999547892	0.9998708260672996	2.583478654007621e-05	2.583478654007621e-05	0.9998062391009496	0.0	3.875217981011432e-05	6.458696635019054e-05
_scratch_st-cdeboer-1_asfar_VLPs_results_crispresso_aggregated_spacer_miniCGBE1-SpRY_rep2_.staging_CRISPRessoPooled_on_miniCGBE1-SpRY_D4_rep2_CRISPResso_on_PDCD1	T	2.583478654007621e-05	2.583478654007621e-05	2.583478654007621e-05	0.0	0.9998579086740296	1.2917393270038109e-05	0.0002195956855906	6.458696635019054e-05	0.9998449912807597	0.0	3.875217981011432e-05	0.0002195956855906	2.583478654007621e-05	2.583478654007621e-05	2.583478654007621e-05	5.166957308015243e-05	2.583478654007621e-05	0.9995995608086288	1.2917393270038109e-05	2.583478654007621e-05
_scratch_st-cdeboer-1_asfar_VLPs_results_crispresso_aggregated_spacer_miniCGBE1-SpRY_rep2_.staging_CRISPRessoPooled_on_miniCGBE1-SpRY_D4_rep2_CRISPResso_on_PDCD1	C	0.9998708260672996	6.458696635019054e-05	0.99993541303365	0.9998579086740296	9.042175289026674e-05	2.583478654007621e-05	0.999664147774979	0.999651230381709	9.042175289026674e-05	0.0	5.166957308015243e-05	0.0	9.042175289026674e-05	5.166957308015243e-05	0.99994833042692	0.9999224956403796	6.458696635019054e-05	0.0003358522250209	0.9998966608538395	0.9998579086740296
_scratch_st-cdeboer-1_asfar_VLPs_results_crispresso_aggregated_spacer_miniCGBE1-SpRY_rep2_.staging_CRISPRessoPooled_on_miniCGBE1-SpRY_D4_rep2_CRISPResso_on_PDCD1	G	0.0	0.0001550087192404	2.583478654007621e-05	3.875217981011432e-05	3.875217981011432e-05	0.0001291739327003	7.750435962022864e-05	7.750435962022864e-05	5.166957308015243e-05	9.042175289026674e-05	5.166957308015243e-05	0.9997545695278692	0.0001808435057805	5.166957308015243e-05	0.0	0.0	0.0001033391461603	6.458696635019054e-05	5.166957308015243e-05	3.875217981011432e-05
_scratch_st-cdeboer-1_asfar_VLPs_results_crispresso_aggregated_spacer_miniCGBE1-SpRY_rep2_.staging_CRISPRessoPooled_on_miniCGBE1-SpRY_D4_rep2_CRISPResso_on_PDCD1	N	0.0	0.0	1.2917393270038109e-05	0.0	0.0	0.0	0.0	0.0	0.0	0.0	0.0	0.0	0.0	0.0	0.0	0.0	0.0	0.0	0.0	0.0
_scratch_st-cdeboer-1_asfar_VLPs_results_crispresso_aggregated_spacer_miniCGBE1-SpRY_rep2_.staging_CRISPRessoPooled_on_miniCGBE1-SpRY_D4_rep2_CRISPResso_on_PDCD1	-	5.166957308015243e-05	0.0	0.0	0.0	0.0	0.0	0.0	0.0	0.0	0.0	6.458696635019054e-05	0.0	0.0	0.0	0.0	0.0	0.0	0.0	0.0	1.2917393270038109e-05
_scratch_st-cdeboer-1_asfar_VLPs_results_crispresso_aggregated_spacer_miniCGBE1-SpRY_rep2_.staging_CRISPRessoPooled_on_miniCGBE1-SpRY_D5_rep2_CRISPResso_on_PDCD1	A	5.939753924480272e-05	0.9998472634705132	4.2426813746287656e-05	0.0001187950784896	8.485362749257531e-06	0.999838778107764	7.636826474331777e-05	3.3941450997030126e-05	3.3941450997030126e-05	0.999838778107764	0.9998048366567672	9.333899024183283e-05	0.9997284683920238	0.9998472634705132	5.091217649554519e-05	5.939753924480272e-05	0.9998218073822656	1.6970725498515063e-05	3.3941450997030126e-05	8.485362749257531e-06
_scratch_st-cdeboer-1_asfar_VLPs_results_crispresso_aggregated_spacer_miniCGBE1-SpRY_rep2_.staging_CRISPRessoPooled_on_miniCGBE1-SpRY_D5_rep2_CRISPResso_on_PDCD1	T	5.091217649554519e-05	8.485362749257531e-06	7.636826474331777e-05	5.939753924480272e-05	0.9997963512940178	8.485362749257531e-06	0.0002206194314806	0.0001103097157403	0.9997199830292745	8.485362749257531e-06	0.0	0.0001357658039881	1.6970725498515063e-05	8.485362749257531e-06	4.2426813746287656e-05	7.636826474331777e-05	2.5456088247772596e-05	0.9996266440390328	2.5456088247772596e-05	2.5456088247772596e-05
_scratch_st-cdeboer-1_asfar_VLPs_results_crispresso_aggregated_spacer_miniCGBE1-SpRY_rep2_.staging_CRISPRessoPooled_on_miniCGBE1-SpRY_D5_rep2_CRISPResso_on_PDCD1	C	0.9998812049215104	2.5456088247772596e-05	0.9998727195587612	0.9998133220195164	0.0001187950784896	2.5456088247772596e-05	0.9995333050487908	0.9997624098430208	0.0001357658039881	1.6970725498515063e-05	1.6970725498515063e-05	1.6970725498515063e-05	7.636826474331777e-05	4.2426813746287656e-05	0.9998896902842596	0.999864234196012	5.091217649554519e-05	0.0002800169707254	0.9999406024607552	0.9999575731862536
_scratch_st-cdeboer-1_asfar_VLPs_results_crispresso_aggregated_spacer_miniCGBE1-SpRY_rep2_.staging_CRISPRessoPooled_on_miniCGBE1-SpRY_D5_rep2_CRISPResso_on_PDCD1	G	0.0	0.000101824352991	0.0	8.485362749257531e-06	7.636826474331777e-05	0.0001272804412388	0.0001697072549851	9.333899024183283e-05	0.000101824352991	0.0001357658039881	0.0001187950784896	0.9997539244802716	0.0001781926177344	0.000101824352991	1.6970725498515063e-05	0.0	0.000101824352991	6.788290199406025e-05	0.0	8.485362749257531e-06
_scratch_st-cdeboer-1_asfar_VLPs_results_crispresso_aggregated_spacer_miniCGBE1-SpRY_rep2_.staging_CRISPRessoPooled_on_miniCGBE1-SpRY_D5_rep2_CRISPResso_on_PDCD1	N	0.0	0.0	8.485362749257531e-06	0.0	0.0	0.0	0.0	0.0	0.0	0.0	0.0	0.0	0.0	0.0	0.0	0.0	0.0	0.0	0.0	0.0
_scratch_st-cdeboer-1_asfar_VLPs_results_crispresso_aggregated_spacer_miniCGBE1-SpRY_rep2_.staging_CRISPRessoPooled_on_miniCGBE1-SpRY_D5_rep2_CRISPResso_on_PDCD1	-	8.485362749257531e-06	1.6970725498515063e-05	0.0	0.0	0.0	0.0	0.0	0.0	8.485362749257531e-06	0.0	5.939753924480272e-05	0.0	0.0	0.0	0.0	0.0	0.0	8.485362749257531e-06	0.0	0.0
