Folder	Nucleotide	C	A	C	C	T	A	C	C	T	A	A	G	A	A	C	C	A	T	C	C
_scratch_st-cdeboer-1_asfar_VLPs_results_crispresso_aggregated_spacer_miniCGBE1-SpRY_rep1_.staging_CRISPRessoPooled_on_miniCGBE1-SpRY_D0_rep1_CRISPResso_on_PDCD1	A	8.818828198203164e-05	0.9997905528302928	4.409414099101582e-05	7.716474673427768e-05	0.0	0.9998566940417792	0.0001102353524775	4.409414099101582e-05	0.0	0.9997574822245494	0.999823623436036	7.716474673427768e-05	0.999823623436036	0.9997905528302928	4.409414099101582e-05	4.409414099101582e-05	0.9998346469712835	1.1023535247753957e-05	5.5117676238769775e-05	8.818828198203164e-05
_scratch_st-cdeboer-1_asfar_VLPs_results_crispresso_aggregated_spacer_miniCGBE1-SpRY_rep1_.staging_CRISPRessoPooled_on_miniCGBE1-SpRY_D0_rep1_CRISPResso_on_PDCD1	T	6.614121148652373e-05	1.1023535247753957e-05	4.409414099101582e-05	4.409414099101582e-05	0.9998125999007882	1.1023535247753957e-05	5.5117676238769775e-05	0.0	0.999735435154054	1.1023535247753957e-05	1.1023535247753957e-05	6.614121148652373e-05	0.0	0.0	2.204707049550791e-05	5.5117676238769775e-05	3.3070605743261865e-05	0.9996803174778152	6.614121148652373e-05	3.3070605743261865e-05
_scratch_st-cdeboer-1_asfar_VLPs_results_crispresso_aggregated_spacer_miniCGBE1-SpRY_rep1_.staging_CRISPRessoPooled_on_miniCGBE1-SpRY_D0_rep1_CRISPResso_on_PDCD1	C	0.9998346469712835	5.5117676238769775e-05	0.999911811718018	0.9998456705065314	0.0001433059582208	0.0	0.999823623436036	0.9999448823237612	0.0001653530287163	4.409414099101582e-05	0.0	4.409414099101582e-05	0.0001102353524775	0.0001102353524775	0.9999228352532658	0.9998566940417792	4.409414099101582e-05	0.0001984236344595	0.9998787411122748	0.9998456705065314
_scratch_st-cdeboer-1_asfar_VLPs_results_crispresso_aggregated_spacer_miniCGBE1-SpRY_rep1_.staging_CRISPRessoPooled_on_miniCGBE1-SpRY_D0_rep1_CRISPResso_on_PDCD1	G	0.0	0.000132282422973	0.0	3.3070605743261865e-05	4.409414099101582e-05	0.000132282422973	1.1023535247753957e-05	1.1023535247753957e-05	9.92118172297856e-05	0.0001874000992118	0.000132282422973	0.9998125999007882	6.614121148652373e-05	9.92118172297856e-05	1.1023535247753957e-05	1.1023535247753957e-05	8.818828198203164e-05	0.0001102353524775	0.0	3.3070605743261865e-05
_scratch_st-cdeboer-1_asfar_VLPs_results_crispresso_aggregated_spacer_miniCGBE1-SpRY_rep1_.staging_CRISPRessoPooled_on_miniCGBE1-SpRY_D0_rep1_CRISPResso_on_PDCD1	N	0.0	0.0	0.0	0.0	0.0	0.0	0.0	0.0	0.0	0.0	0.0	0.0	0.0	0.0	0.0	2.204707049550791e-05	0.0	0.0	0.0	0.0
_scratch_st-cdeboer-1_asfar_VLPs_results_crispresso_aggregated_spacer_miniCGBE1-SpRY_rep1_.staging_CRISPRessoPooled_on_miniCGBE1-SpRY_D0_rep1_CRISPResso_on_PDCD1	-	1.1023535247753957e-05	1.1023535247753957e-05	0.0	0.0	0.0	0.0	0.0	0.0	0.0	0.0	3.3070605743261865e-05	0.0	0.0	0.0	0.0	1.1023535247753957e-05	0.0	0.0	0.0	0.0
_scratch_st-cdeboer-1_asfar_VLPs_results_crispresso_aggregated_spacer_miniCGBE1-SpRY_rep1_.staging_CRISPRessoPooled_on_miniCGBE1-SpRY_D1_rep1_CRISPResso_on_PDCD1	A	0.0	0.999741033277224	4.316112046268721e-05	6.474168069403081e-05	0.0	0.9997626138374552	8.632224092537442e-05	4.316112046268721e-05	0.0	0.9997841943976864	0.999741033277224	8.632224092537442e-05	0.9996331304760672	0.9999136777590746	4.316112046268721e-05	2.158056023134361e-05	0.9998273555181492	0.0	4.316112046268721e-05	8.632224092537442e-05
_scratch_st-cdeboer-1_asfar_VLPs_results_crispresso_aggregated_spacer_miniCGBE1-SpRY_rep1_.staging_CRISPRessoPooled_on_miniCGBE1-SpRY_D1_rep1_CRISPResso_on_PDCD1	T	4.316112046268721e-05	0.0	6.474168069403081e-05	4.316112046268721e-05	0.999741033277224	0.0	4.316112046268721e-05	0.0	0.9997626138374552	0.0	0.0	0.0001726444818507	0.0	0.0	0.0	2.158056023134361e-05	0.0	0.9996978721567612	4.316112046268721e-05	8.632224092537442e-05
_scratch_st-cdeboer-1_asfar_VLPs_results_crispresso_aggregated_spacer_miniCGBE1-SpRY_rep1_.staging_CRISPRessoPooled_on_miniCGBE1-SpRY_D1_rep1_CRISPResso_on_PDCD1	C	0.9999136777590746	6.474168069403081e-05	0.999870516638612	0.999870516638612	0.000129483361388	2.158056023134361e-05	0.9998489360783804	0.9998920971988432	0.000194225042082	4.316112046268721e-05	6.474168069403081e-05	4.316112046268721e-05	6.474168069403081e-05	0.0	0.9999136777590746	0.999935258319306	8.632224092537442e-05	0.0002373861625447	0.999870516638612	0.9997841943976864
_scratch_st-cdeboer-1_asfar_VLPs_results_crispresso_aggregated_spacer_miniCGBE1-SpRY_rep1_.staging_CRISPRessoPooled_on_miniCGBE1-SpRY_D1_rep1_CRISPResso_on_PDCD1	G	2.158056023134361e-05	0.0001510639216194	0.0	0.0	0.0001079028011567	0.000194225042082	0.0	4.316112046268721e-05	2.158056023134361e-05	0.0001510639216194	8.632224092537442e-05	0.9996762915965298	0.0002805472830074	6.474168069403081e-05	2.158056023134361e-05	0.0	6.474168069403081e-05	4.316112046268721e-05	2.158056023134361e-05	2.158056023134361e-05
_scratch_st-cdeboer-1_asfar_VLPs_results_crispresso_aggregated_spacer_miniCGBE1-SpRY_rep1_.staging_CRISPRessoPooled_on_miniCGBE1-SpRY_D1_rep1_CRISPResso_on_PDCD1	N	0.0	0.0	0.0	0.0	0.0	0.0	0.0	0.0	0.0	0.0	0.0	0.0	0.0	0.0	0.0	0.0	0.0	0.0	0.0	0.0
_scratch_st-cdeboer-1_asfar_VLPs_results_crispresso_aggregated_spacer_miniCGBE1-SpRY_rep1_.staging_CRISPRessoPooled_on_miniCGBE1-SpRY_D1_rep1_CRISPResso_on_PDCD1	-	2.158056023134361e-05	4.316112046268721e-05	2.158056023134361e-05	2.158056023134361e-05	2.158056023134361e-05	2.158056023134361e-05	2.158056023134361e-05	2.158056023134361e-05	2.158056023134361e-05	2.158056023134361e-05	0.0001079028011567	2.158056023134361e-05	2.158056023134361e-05	2.158056023134361e-05	2.158056023134361e-05	2.158056023134361e-05	2.158056023134361e-05	2.158056023134361e-05	2.158056023134361e-05	2.158056023134361e-05
_scratch_st-cdeboer-1_asfar_VLPs_results_crispresso_aggregated_spacer_miniCGBE1-SpRY_rep1_.staging_CRISPRessoPooled_on_miniCGBE1-SpRY_D2_rep1_CRISPResso_on_PDCD1	A	7.469166347671021e-05	0.999794597925439	1.8672915869177556e-05	9.336457934588776e-05	0.0	0.9997572520937008	5.6018747607532655e-05	0.000112037495215	9.336457934588776e-06	0.9998039343833736	0.9997105698040276	9.336457934588776e-05	0.9996732239722894	0.999794597925439	3.734583173835511e-05	7.469166347671021e-05	0.9998132708413082	9.336457934588776e-06	6.535520554212144e-05	4.668228967294388e-05
_scratch_st-cdeboer-1_asfar_VLPs_results_crispresso_aggregated_spacer_miniCGBE1-SpRY_rep1_.staging_CRISPRessoPooled_on_miniCGBE1-SpRY_D2_rep1_CRISPResso_on_PDCD1	T	9.336457934588776e-06	2.8009373803766327e-05	0.0001213739531496	9.336457934588776e-06	0.9998319437571774	1.8672915869177556e-05	6.535520554212144e-05	6.535520554212144e-05	0.9996918968881584	1.8672915869177556e-05	9.336457934588776e-06	0.0001307104110842	1.8672915869177556e-05	9.336457934588776e-06	4.668228967294388e-05	5.6018747607532655e-05	0.0	0.999635878140551	4.668228967294388e-05	6.535520554212144e-05
_scratch_st-cdeboer-1_asfar_VLPs_results_crispresso_aggregated_spacer_miniCGBE1-SpRY_rep1_.staging_CRISPRessoPooled_on_miniCGBE1-SpRY_D2_rep1_CRISPResso_on_PDCD1	C	0.9998692895889156	3.734583173835511e-05	0.9998506166730464	0.999887962504785	8.402812141129899e-05	2.8009373803766327e-05	0.999841280215112	0.9997665885516352	0.0001307104110842	9.336457934588776e-06	6.535520554212144e-05	9.336457934588776e-06	5.6018747607532655e-05	1.8672915869177556e-05	0.9999066354206542	0.9998319437571774	5.6018747607532655e-05	0.0002894301959722	0.9998692895889156	0.9998692895889156
_scratch_st-cdeboer-1_asfar_VLPs_results_crispresso_aggregated_spacer_miniCGBE1-SpRY_rep1_.staging_CRISPRessoPooled_on_miniCGBE1-SpRY_D2_rep1_CRISPResso_on_PDCD1	G	1.8672915869177556e-05	0.0001307104110842	0.0	0.0	6.535520554212144e-05	0.0001867291586917	1.8672915869177556e-05	1.8672915869177556e-05	0.0001493833269534	0.0001493833269534	0.0001493833269534	0.9997572520937008	0.0002427479062993	0.0001680562428225	0.0	2.8009373803766327e-05	0.0001213739531496	5.6018747607532655e-05	9.336457934588776e-06	9.336457934588776e-06
_scratch_st-cdeboer-1_asfar_VLPs_results_crispresso_aggregated_spacer_miniCGBE1-SpRY_rep1_.staging_CRISPRessoPooled_on_miniCGBE1-SpRY_D2_rep1_CRISPResso_on_PDCD1	N	9.336457934588776e-06	0.0	0.0	0.0	0.0	0.0	0.0	0.0	0.0	0.0	0.0	0.0	0.0	0.0	0.0	0.0	0.0	0.0	0.0	0.0
_scratch_st-cdeboer-1_asfar_VLPs_results_crispresso_aggregated_spacer_miniCGBE1-SpRY_rep1_.staging_CRISPRessoPooled_on_miniCGBE1-SpRY_D2_rep1_CRISPResso_on_PDCD1	-	1.8672915869177556e-05	9.336457934588776e-06	9.336457934588776e-06	9.336457934588776e-06	1.8672915869177556e-05	9.336457934588776e-06	1.8672915869177556e-05	3.734583173835511e-05	1.8672915869177556e-05	1.8672915869177556e-05	6.535520554212144e-05	9.336457934588776e-06	9.336457934588776e-06	9.336457934588776e-06	9.336457934588776e-06	9.336457934588776e-06	9.336457934588776e-06	9.336457934588776e-06	9.336457934588776e-06	9.336457934588776e-06
_scratch_st-cdeboer-1_asfar_VLPs_results_crispresso_aggregated_spacer_miniCGBE1-SpRY_rep1_.staging_CRISPRessoPooled_on_miniCGBE1-SpRY_D3_rep1_CRISPResso_on_PDCD1	A	6.799483239273815e-05	0.9997280206704292	4.532988826182544e-05	0.0001586546089163	0.0	0.9965095986038396	6.799483239273815e-05	6.799483239273815e-05	0.0	0.9988440878493234	0.9998640103352144	4.532988826182544e-05	0.9996826907821672	0.99975068561456	0.0	0.0	0.99975068561456	0.0	4.532988826182544e-05	2.266494413091272e-05
_scratch_st-cdeboer-1_asfar_VLPs_results_crispresso_aggregated_spacer_miniCGBE1-SpRY_rep1_.staging_CRISPRessoPooled_on_miniCGBE1-SpRY_D3_rep1_CRISPResso_on_PDCD1	T	6.799483239273815e-05	0.0	2.266494413091272e-05	4.532988826182544e-05	0.9997960155028218	0.0	0.0002039844971782	2.266494413091272e-05	0.9997960155028218	0.0	2.266494413091272e-05	6.799483239273815e-05	2.266494413091272e-05	2.266494413091272e-05	0.0	9.065977652365088e-05	2.266494413091272e-05	0.9996146959497744	2.266494413091272e-05	6.799483239273815e-05
_scratch_st-cdeboer-1_asfar_VLPs_results_crispresso_aggregated_spacer_miniCGBE1-SpRY_rep1_.staging_CRISPRessoPooled_on_miniCGBE1-SpRY_D3_rep1_CRISPResso_on_PDCD1	C	0.9998186804469528	0.0	0.9999320051676072	0.9997733505586908	0.0001813195530473	9.065977652365088e-05	0.9997280206704292	0.9998640103352144	9.065977652365088e-05	4.532988826182544e-05	0.0	6.799483239273815e-05	0.0001586546089163	6.799483239273815e-05	0.999977335055869	0.9999093402234764	6.799483239273815e-05	0.0003173092178327	0.9999093402234764	0.9998866752793454
_scratch_st-cdeboer-1_asfar_VLPs_results_crispresso_aggregated_spacer_miniCGBE1-SpRY_rep1_.staging_CRISPRessoPooled_on_miniCGBE1-SpRY_D3_rep1_CRISPResso_on_PDCD1	G	0.0	0.0002719793295709	0.0	2.266494413091272e-05	2.266494413091272e-05	0.0033997416196369	0.0	2.266494413091272e-05	4.532988826182544e-05	0.0011105822624147	9.065977652365088e-05	0.9998186804469528	0.0001359896647854	0.0001359896647854	2.266494413091272e-05	0.0	0.0001586546089163	6.799483239273815e-05	2.266494413091272e-05	2.266494413091272e-05
_scratch_st-cdeboer-1_asfar_VLPs_results_crispresso_aggregated_spacer_miniCGBE1-SpRY_rep1_.staging_CRISPRessoPooled_on_miniCGBE1-SpRY_D3_rep1_CRISPResso_on_PDCD1	N	0.0	0.0	0.0	0.0	0.0	0.0	0.0	2.266494413091272e-05	0.0	0.0	0.0	0.0	0.0	0.0	0.0	0.0	0.0	0.0	0.0	0.0
_scratch_st-cdeboer-1_asfar_VLPs_results_crispresso_aggregated_spacer_miniCGBE1-SpRY_rep1_.staging_CRISPRessoPooled_on_miniCGBE1-SpRY_D3_rep1_CRISPResso_on_PDCD1	-	4.532988826182544e-05	0.0	0.0	0.0	0.0	0.0	0.0	0.0	6.799483239273815e-05	0.0	2.266494413091272e-05	0.0	0.0	2.266494413091272e-05	0.0	0.0	0.0	0.0	0.0	0.0
_scratch_st-cdeboer-1_asfar_VLPs_results_crispresso_aggregated_spacer_miniCGBE1-SpRY_rep1_.staging_CRISPRessoPooled_on_miniCGBE1-SpRY_D4_rep1_CRISPResso_on_PDCD1	A	7.218913553510196e-05	0.999735306503038	3.609456776755098e-05	0.0001804728388377	0.0	0.9998796847741082	0.0002767250195512	9.62521807134693e-05	4.812609035673465e-05	0.9998315586837514	0.9997593695482164	7.218913553510196e-05	0.9997112434578596	0.9998074956385732	1.2031522589183662e-05	2.4063045178367323e-05	0.9997834325933946	1.2031522589183662e-05	7.218913553510196e-05	9.62521807134693e-05
_scratch_st-cdeboer-1_asfar_VLPs_results_crispresso_aggregated_spacer_miniCGBE1-SpRY_rep1_.staging_CRISPRessoPooled_on_miniCGBE1-SpRY_D4_rep1_CRISPResso_on_PDCD1	T	4.812609035673465e-05	3.609456776755098e-05	6.015761294591831e-05	3.609456776755098e-05	0.9997112434578596	1.2031522589183662e-05	4.812609035673465e-05	0.0002165674066053	0.9997834325933946	2.4063045178367323e-05	1.2031522589183662e-05	0.0001564097936593	0.0	0.0	3.609456776755098e-05	3.609456776755098e-05	2.4063045178367323e-05	0.9996631173675028	2.4063045178367323e-05	6.015761294591831e-05
_scratch_st-cdeboer-1_asfar_VLPs_results_crispresso_aggregated_spacer_miniCGBE1-SpRY_rep1_.staging_CRISPRessoPooled_on_miniCGBE1-SpRY_D4_rep1_CRISPResso_on_PDCD1	C	0.9998315586837514	4.812609035673465e-05	0.9998796847741082	0.9995909282319676	0.0001804728388377	0.0	0.9994585814834868	0.9996631173675028	8.422065812428562e-05	3.609456776755098e-05	2.4063045178367323e-05	4.812609035673465e-05	0.0001684413162485	3.609456776755098e-05	0.9999278108644648	0.9999278108644648	8.422065812428562e-05	0.0002526619743728	0.9999037478192864	0.9998195271611624
_scratch_st-cdeboer-1_asfar_VLPs_results_crispresso_aggregated_spacer_miniCGBE1-SpRY_rep1_.staging_CRISPRessoPooled_on_miniCGBE1-SpRY_D4_rep1_CRISPResso_on_PDCD1	G	1.2031522589183662e-05	0.0001804728388377	1.2031522589183662e-05	0.0001925043614269	9.62521807134693e-05	0.0001082837033026	0.0001925043614269	2.4063045178367323e-05	8.422065812428562e-05	0.0001082837033026	0.0001082837033026	0.9997232749804488	0.0001203152258918	0.0001564097936593	2.4063045178367323e-05	0.0	0.0001082837033026	7.218913553510196e-05	0.0	2.4063045178367323e-05
_scratch_st-cdeboer-1_asfar_VLPs_results_crispresso_aggregated_spacer_miniCGBE1-SpRY_rep1_.staging_CRISPRessoPooled_on_miniCGBE1-SpRY_D4_rep1_CRISPResso_on_PDCD1	N	0.0	0.0	1.2031522589183662e-05	0.0	0.0	0.0	2.4063045178367323e-05	0.0	0.0	0.0	0.0	0.0	0.0	0.0	0.0	0.0	0.0	0.0	0.0	0.0
_scratch_st-cdeboer-1_asfar_VLPs_results_crispresso_aggregated_spacer_miniCGBE1-SpRY_rep1_.staging_CRISPRessoPooled_on_miniCGBE1-SpRY_D4_rep1_CRISPResso_on_PDCD1	-	3.609456776755098e-05	0.0	0.0	0.0	1.2031522589183662e-05	0.0	0.0	0.0	0.0	0.0	9.62521807134693e-05	0.0	0.0	0.0	0.0	1.2031522589183662e-05	0.0	0.0	0.0	0.0
_scratch_st-cdeboer-1_asfar_VLPs_results_crispresso_aggregated_spacer_miniCGBE1-SpRY_rep1_.staging_CRISPRessoPooled_on_miniCGBE1-SpRY_D5_rep1_CRISPResso_on_PDCD1	A	5.925574780753733e-05	0.9998222327565772	0.0	0.000118511495615	0.0	0.9997629770087698	5.925574780753733e-05	2.9627873903768665e-05	2.9627873903768665e-05	0.9997629770087698	0.9997926048826736	0.000118511495615	0.9996444655131548	0.9998518606304811	2.9627873903768665e-05	2.9627873903768665e-05	0.9997926048826736	0.0	0.0	2.9627873903768665e-05
_scratch_st-cdeboer-1_asfar_VLPs_results_crispresso_aggregated_spacer_miniCGBE1-SpRY_rep1_.staging_CRISPRessoPooled_on_miniCGBE1-SpRY_D5_rep1_CRISPResso_on_PDCD1	T	0.0001481393695188	2.9627873903768665e-05	0.000118511495615	0.0	0.9997926048826736	0.0	0.0002666508651339	0.0001481393695188	0.9997629770087698	0.0	0.0	0.0002073951173263	0.0	0.0	5.925574780753733e-05	2.9627873903768665e-05	0.0	0.999614837639251	0.000118511495615	0.0
_scratch_st-cdeboer-1_asfar_VLPs_results_crispresso_aggregated_spacer_miniCGBE1-SpRY_rep1_.staging_CRISPRessoPooled_on_miniCGBE1-SpRY_D5_rep1_CRISPResso_on_PDCD1	C	0.9997926048826736	2.9627873903768665e-05	0.9998518606304811	0.999881488504385	0.0001481393695188	5.925574780753733e-05	0.9996740933870586	0.9997037212609624	5.925574780753733e-05	0.0	2.9627873903768665e-05	0.0	5.925574780753733e-05	5.925574780753733e-05	0.9999111163782888	0.9999407442521924	0.000118511495615	0.0003259066129414	0.999881488504385	0.9999703721260962
_scratch_st-cdeboer-1_asfar_VLPs_results_crispresso_aggregated_spacer_miniCGBE1-SpRY_rep1_.staging_CRISPRessoPooled_on_miniCGBE1-SpRY_D5_rep1_CRISPResso_on_PDCD1	G	0.0	0.000118511495615	2.9627873903768665e-05	0.0	5.925574780753733e-05	0.0001777672434226	0.0	0.000118511495615	0.0001481393695188	0.0002370229912301	8.8883621711306e-05	0.9996740933870586	0.0002962787390376	8.8883621711306e-05	0.0	0.0	8.8883621711306e-05	5.925574780753733e-05	0.0	0.0
_scratch_st-cdeboer-1_asfar_VLPs_results_crispresso_aggregated_spacer_miniCGBE1-SpRY_rep1_.staging_CRISPRessoPooled_on_miniCGBE1-SpRY_D5_rep1_CRISPResso_on_PDCD1	N	0.0	0.0	0.0	0.0	0.0	0.0	0.0	0.0	0.0	0.0	0.0	0.0	0.0	0.0	0.0	0.0	0.0	0.0	0.0	0.0
_scratch_st-cdeboer-1_asfar_VLPs_results_crispresso_aggregated_spacer_miniCGBE1-SpRY_rep1_.staging_CRISPRessoPooled_on_miniCGBE1-SpRY_D5_rep1_CRISPResso_on_PDCD1	-	0.0	0.0	0.0	0.0	0.0	0.0	0.0	0.0	0.0	0.0	8.8883621711306e-05	0.0	0.0	0.0	0.0	0.0	0.0	0.0	0.0	0.0
