Folder	Nucleotide	C	A	C	C	T	A	C	C	T	A	A	G	A	A	C	C	A	T	C	C
_scratch_st-cdeboer-1_asfar_VLPs_results_crispresso_aggregated_spacer_miniCGBE1-SpRY_rep3_.staging_CRISPRessoPooled_on_miniCGBE1-SpRY_D0_rep3_CRISPResso_on_PDCD1	A	0.0001765952437014	0.9997939722156816	0.0	0.0001177301624676	2.943254061690605e-05	0.9998528372969154	0.0	0.0001471627030845	0.0	0.9997351071344478	0.9994996468095126	0.0	0.999676242053214	0.9997351071344478	2.943254061690605e-05	5.88650812338121e-05	0.9997939722156816	0.0	2.943254061690605e-05	2.943254061690605e-05
_scratch_st-cdeboer-1_asfar_VLPs_results_crispresso_aggregated_spacer_miniCGBE1-SpRY_rep3_.staging_CRISPRessoPooled_on_miniCGBE1-SpRY_D0_rep3_CRISPResso_on_PDCD1	T	5.88650812338121e-05	0.0	0.0	5.88650812338121e-05	0.999676242053214	2.943254061690605e-05	2.943254061690605e-05	2.943254061690605e-05	0.9997351071344478	0.0	2.943254061690605e-05	0.0001177301624676	0.0	0.0	0.0	0.0	0.0	0.9996173769719804	0.0	0.0
_scratch_st-cdeboer-1_asfar_VLPs_results_crispresso_aggregated_spacer_miniCGBE1-SpRY_rep3_.staging_CRISPRessoPooled_on_miniCGBE1-SpRY_D0_rep3_CRISPResso_on_PDCD1	C	0.9996468095125972	8.829762185071815e-05	0.9999705674593832	0.9997351071344478	0.0002060277843183	0.0	0.9998822698375324	0.9997939722156816	8.829762185071815e-05	0.0	5.88650812338121e-05	0.0	0.0001471627030845	5.88650812338121e-05	0.9999411349187662	0.9998528372969154	5.88650812338121e-05	0.0003237579467859	0.9999411349187662	0.9999411349187662
_scratch_st-cdeboer-1_asfar_VLPs_results_crispresso_aggregated_spacer_miniCGBE1-SpRY_rep3_.staging_CRISPRessoPooled_on_miniCGBE1-SpRY_D0_rep3_CRISPResso_on_PDCD1	G	2.943254061690605e-05	8.829762185071815e-05	0.0	2.943254061690605e-05	5.88650812338121e-05	8.829762185071815e-05	2.943254061690605e-05	0.0	0.0001177301624676	0.0002354603249352	0.000294325406169	0.9998528372969154	0.0001177301624676	0.0001471627030845	0.0	5.88650812338121e-05	0.0001177301624676	2.943254061690605e-05	0.0	0.0
_scratch_st-cdeboer-1_asfar_VLPs_results_crispresso_aggregated_spacer_miniCGBE1-SpRY_rep3_.staging_CRISPRessoPooled_on_miniCGBE1-SpRY_D0_rep3_CRISPResso_on_PDCD1	N	0.0	0.0	0.0	2.943254061690605e-05	0.0	0.0	2.943254061690605e-05	0.0	2.943254061690605e-05	0.0	0.0	0.0	2.943254061690605e-05	0.0	0.0	0.0	0.0	0.0	0.0	0.0
_scratch_st-cdeboer-1_asfar_VLPs_results_crispresso_aggregated_spacer_miniCGBE1-SpRY_rep3_.staging_CRISPRessoPooled_on_miniCGBE1-SpRY_D0_rep3_CRISPResso_on_PDCD1	-	8.829762185071815e-05	2.943254061690605e-05	2.943254061690605e-05	2.943254061690605e-05	2.943254061690605e-05	2.943254061690605e-05	2.943254061690605e-05	2.943254061690605e-05	2.943254061690605e-05	2.943254061690605e-05	0.0001177301624676	2.943254061690605e-05	2.943254061690605e-05	5.88650812338121e-05	2.943254061690605e-05	2.943254061690605e-05	2.943254061690605e-05	2.943254061690605e-05	2.943254061690605e-05	2.943254061690605e-05
_scratch_st-cdeboer-1_asfar_VLPs_results_crispresso_aggregated_spacer_miniCGBE1-SpRY_rep3_.staging_CRISPRessoPooled_on_miniCGBE1-SpRY_D1_rep3_CRISPResso_on_PDCD1	A	5.643871695983445e-05	0.9998494967547736	3.76258113065563e-05	0.0001316903395729	0.0	0.9998306838491204	3.76258113065563e-05	3.76258113065563e-05	0.0	0.9997554322265074	0.9998871225660804	7.52516226131126e-05	0.999736619320854	0.9998871225660804	1.881290565327815e-05	0.0	0.9997554322265074	1.881290565327815e-05	5.643871695983445e-05	1.881290565327815e-05
_scratch_st-cdeboer-1_asfar_VLPs_results_crispresso_aggregated_spacer_miniCGBE1-SpRY_rep3_.staging_CRISPRessoPooled_on_miniCGBE1-SpRY_D1_rep3_CRISPResso_on_PDCD1	T	1.881290565327815e-05	1.881290565327815e-05	3.76258113065563e-05	1.881290565327815e-05	0.9998683096604272	0.0	0.0	1.881290565327815e-05	0.9998494967547736	0.0	0.0	9.406452826639074e-05	0.0	0.0	3.76258113065563e-05	9.406452826639074e-05	1.881290565327815e-05	0.999661367698241	1.881290565327815e-05	5.643871695983445e-05
_scratch_st-cdeboer-1_asfar_VLPs_results_crispresso_aggregated_spacer_miniCGBE1-SpRY_rep3_.staging_CRISPRessoPooled_on_miniCGBE1-SpRY_D1_rep3_CRISPResso_on_PDCD1	C	0.9998683096604272	7.52516226131126e-05	0.9999059354717336	0.9998118709434672	5.643871695983445e-05	1.881290565327815e-05	0.9999623741886936	0.9999247483773868	5.643871695983445e-05	0.0	1.881290565327815e-05	1.881290565327815e-05	0.0001128774339196	1.881290565327815e-05	0.9999059354717336	0.9998871225660804	5.643871695983445e-05	0.0002633806791458	0.9999059354717336	0.9999247483773868
_scratch_st-cdeboer-1_asfar_VLPs_results_crispresso_aggregated_spacer_miniCGBE1-SpRY_rep3_.staging_CRISPRessoPooled_on_miniCGBE1-SpRY_D1_rep3_CRISPResso_on_PDCD1	G	3.76258113065563e-05	5.643871695983445e-05	1.881290565327815e-05	0.0	7.52516226131126e-05	0.0001505032452262	0.0	1.881290565327815e-05	9.406452826639074e-05	0.0002445677734926	9.406452826639074e-05	0.9998118709434672	0.0001505032452262	9.406452826639074e-05	3.76258113065563e-05	1.881290565327815e-05	0.0001693161508795	5.643871695983445e-05	1.881290565327815e-05	0.0
_scratch_st-cdeboer-1_asfar_VLPs_results_crispresso_aggregated_spacer_miniCGBE1-SpRY_rep3_.staging_CRISPRessoPooled_on_miniCGBE1-SpRY_D1_rep3_CRISPResso_on_PDCD1	N	0.0	0.0	0.0	3.76258113065563e-05	0.0	0.0	0.0	0.0	0.0	0.0	0.0	0.0	0.0	0.0	0.0	0.0	0.0	0.0	0.0	0.0
_scratch_st-cdeboer-1_asfar_VLPs_results_crispresso_aggregated_spacer_miniCGBE1-SpRY_rep3_.staging_CRISPRessoPooled_on_miniCGBE1-SpRY_D1_rep3_CRISPResso_on_PDCD1	-	1.881290565327815e-05	0.0	0.0	0.0	0.0	0.0	0.0	0.0	0.0	0.0	0.0	0.0	0.0	0.0	0.0	0.0	0.0	0.0	0.0	0.0
_scratch_st-cdeboer-1_asfar_VLPs_results_crispresso_aggregated_spacer_miniCGBE1-SpRY_rep3_.staging_CRISPRessoPooled_on_miniCGBE1-SpRY_D2_rep3_CRISPResso_on_PDCD1	A	0.0001017915309446	0.9997964169381108	0.0	2.5447882736156356e-05	0.0	0.9999491042345277	0.0	0.0001272394136807	0.0	0.9998982084690554	0.9997709690553744	0.0001017915309446	0.99966917752443	0.9997964169381108	2.5447882736156356e-05	0.0	0.9996182817589576	5.089576547231271e-05	5.089576547231271e-05	0.0
_scratch_st-cdeboer-1_asfar_VLPs_results_crispresso_aggregated_spacer_miniCGBE1-SpRY_rep3_.staging_CRISPRessoPooled_on_miniCGBE1-SpRY_D2_rep3_CRISPResso_on_PDCD1	T	5.089576547231271e-05	5.089576547231271e-05	0.0001526872964169	0.0	0.9998218648208468	2.5447882736156356e-05	2.5447882736156356e-05	0.0001017915309446	0.9997709690553744	0.0	0.0	5.089576547231271e-05	0.0	0.0	2.5447882736156356e-05	2.5447882736156356e-05	5.089576547231271e-05	0.9997200732899024	2.5447882736156356e-05	2.5447882736156356e-05
_scratch_st-cdeboer-1_asfar_VLPs_results_crispresso_aggregated_spacer_miniCGBE1-SpRY_rep3_.staging_CRISPRessoPooled_on_miniCGBE1-SpRY_D2_rep3_CRISPResso_on_PDCD1	C	0.9998218648208468	5.089576547231271e-05	0.9998473127035832	0.9999745521172638	0.0001526872964169	0.0	0.9999745521172638	0.999694625407166	5.089576547231271e-05	0.0	0.0	2.5447882736156356e-05	7.634364820846905e-05	2.5447882736156356e-05	0.9999491042345277	0.9999491042345277	0.0001526872964169	0.0002035830618892	0.9998982084690554	0.9999491042345277
_scratch_st-cdeboer-1_asfar_VLPs_results_crispresso_aggregated_spacer_miniCGBE1-SpRY_rep3_.staging_CRISPRessoPooled_on_miniCGBE1-SpRY_D2_rep3_CRISPResso_on_PDCD1	G	0.0	0.0001017915309446	0.0	0.0	2.5447882736156356e-05	2.5447882736156356e-05	0.0	7.634364820846905e-05	0.000178135179153	0.0001017915309446	0.000178135179153	0.9998218648208468	0.0002544788273615	0.000178135179153	0.0	2.5447882736156356e-05	0.000178135179153	2.5447882736156356e-05	2.5447882736156356e-05	2.5447882736156356e-05
_scratch_st-cdeboer-1_asfar_VLPs_results_crispresso_aggregated_spacer_miniCGBE1-SpRY_rep3_.staging_CRISPRessoPooled_on_miniCGBE1-SpRY_D2_rep3_CRISPResso_on_PDCD1	N	0.0	0.0	0.0	0.0	0.0	0.0	0.0	0.0	0.0	0.0	0.0	0.0	0.0	0.0	0.0	0.0	0.0	0.0	0.0	0.0
_scratch_st-cdeboer-1_asfar_VLPs_results_crispresso_aggregated_spacer_miniCGBE1-SpRY_rep3_.staging_CRISPRessoPooled_on_miniCGBE1-SpRY_D2_rep3_CRISPResso_on_PDCD1	-	2.5447882736156356e-05	0.0	0.0	0.0	0.0	0.0	0.0	0.0	0.0	0.0	5.089576547231271e-05	0.0	0.0	0.0	0.0	0.0	0.0	0.0	0.0	0.0
_scratch_st-cdeboer-1_asfar_VLPs_results_crispresso_aggregated_spacer_miniCGBE1-SpRY_rep3_.staging_CRISPRessoPooled_on_miniCGBE1-SpRY_D3_rep3_CRISPResso_on_PDCD1	A	3.03235523030738e-05	0.9998180586861816	4.0431403070765065e-05	4.0431403070765065e-05	2.021570153538253e-05	0.9998281665369492	3.03235523030738e-05	6.06471046061476e-05	1.0107850767691266e-05	0.9998281665369492	0.9998584900892524	3.03235523030738e-05	0.9997270880292723	0.9998281665369492	4.0431403070765065e-05	6.06471046061476e-05	0.9998483822384846	0.0	4.0431403070765065e-05	5.053925383845633e-05
_scratch_st-cdeboer-1_asfar_VLPs_results_crispresso_aggregated_spacer_miniCGBE1-SpRY_rep3_.staging_CRISPRessoPooled_on_miniCGBE1-SpRY_D3_rep3_CRISPResso_on_PDCD1	T	5.053925383845633e-05	4.0431403070765065e-05	8.086280614153013e-05	4.0431403070765065e-05	0.9997473037308076	0.0	9.09706569092214e-05	0.0001415099107476	0.999807950835414	0.0	0.0	0.0001314020599799	1.0107850767691266e-05	1.0107850767691266e-05	4.0431403070765065e-05	4.0431403070765065e-05	0.0	0.9997675194323432	2.021570153538253e-05	1.0107850767691266e-05
_scratch_st-cdeboer-1_asfar_VLPs_results_crispresso_aggregated_spacer_miniCGBE1-SpRY_rep3_.staging_CRISPRessoPooled_on_miniCGBE1-SpRY_D3_rep3_CRISPResso_on_PDCD1	C	0.9998888136415554	2.021570153538253e-05	0.99986859794002	0.9999090293430908	0.0001516177615153	1.0107850767691266e-05	0.99986859794002	0.9997270880292723	0.0001111863584446	1.0107850767691266e-05	3.03235523030738e-05	5.053925383845633e-05	0.0001314020599799	6.06471046061476e-05	0.9999090293430908	0.9998787057907876	5.053925383845633e-05	0.0001920491645861	0.9999292450446262	0.9999393528953938
_scratch_st-cdeboer-1_asfar_VLPs_results_crispresso_aggregated_spacer_miniCGBE1-SpRY_rep3_.staging_CRISPRessoPooled_on_miniCGBE1-SpRY_D3_rep3_CRISPResso_on_PDCD1	G	2.021570153538253e-05	0.0001212942092122	1.0107850767691266e-05	1.0107850767691266e-05	7.075495537383886e-05	0.0001516177615153	1.0107850767691266e-05	6.06471046061476e-05	7.075495537383886e-05	0.000161725612283	6.06471046061476e-05	0.9997877351338784	0.0001314020599799	0.0001010785076769	1.0107850767691266e-05	2.021570153538253e-05	0.0001010785076769	4.0431403070765065e-05	1.0107850767691266e-05	0.0
_scratch_st-cdeboer-1_asfar_VLPs_results_crispresso_aggregated_spacer_miniCGBE1-SpRY_rep3_.staging_CRISPRessoPooled_on_miniCGBE1-SpRY_D3_rep3_CRISPResso_on_PDCD1	N	0.0	0.0	0.0	0.0	1.0107850767691266e-05	0.0	0.0	0.0	0.0	0.0	0.0	0.0	0.0	0.0	0.0	0.0	0.0	0.0	0.0	0.0
_scratch_st-cdeboer-1_asfar_VLPs_results_crispresso_aggregated_spacer_miniCGBE1-SpRY_rep3_.staging_CRISPRessoPooled_on_miniCGBE1-SpRY_D3_rep3_CRISPResso_on_PDCD1	-	1.0107850767691266e-05	0.0	0.0	0.0	0.0	1.0107850767691266e-05	0.0	1.0107850767691266e-05	0.0	0.0	5.053925383845633e-05	0.0	0.0	0.0	0.0	0.0	0.0	0.0	0.0	0.0
_scratch_st-cdeboer-1_asfar_VLPs_results_crispresso_aggregated_spacer_miniCGBE1-SpRY_rep3_.staging_CRISPRessoPooled_on_miniCGBE1-SpRY_D4_rep3_CRISPResso_on_PDCD1	A	4.611695259177273e-05	0.9998155321896328	4.611695259177273e-05	2.305847629588637e-05	0.0	0.9997809444751892	0.0001498800959232	0.0001498800959232	2.305847629588637e-05	0.9997694152370412	0.9997578859988931	9.223390518354546e-05	0.9996887105700056	0.999792473713337	0.0	4.611695259177273e-05	0.999792473713337	1.1529238147943185e-05	6.91754288876591e-05	4.611695259177273e-05
_scratch_st-cdeboer-1_asfar_VLPs_results_crispresso_aggregated_spacer_miniCGBE1-SpRY_rep3_.staging_CRISPRessoPooled_on_miniCGBE1-SpRY_D4_rep3_CRISPResso_on_PDCD1	T	2.305847629588637e-05	1.1529238147943185e-05	5.764619073971592e-05	6.91754288876591e-05	0.9997348275225972	2.305847629588637e-05	0.0002651724774026	0.0001037631433314	0.9997232982844494	1.1529238147943185e-05	2.305847629588637e-05	9.223390518354546e-05	2.305847629588637e-05	0.0	2.305847629588637e-05	4.611695259177273e-05	0.0	0.9997232982844494	1.1529238147943185e-05	6.91754288876591e-05
_scratch_st-cdeboer-1_asfar_VLPs_results_crispresso_aggregated_spacer_miniCGBE1-SpRY_rep3_.staging_CRISPRessoPooled_on_miniCGBE1-SpRY_D4_rep3_CRISPResso_on_PDCD1	C	0.999792473713337	2.305847629588637e-05	0.9998155321896328	0.9998155321896328	0.0001268216196273	1.1529238147943185e-05	0.9994581258070466	0.999561888950378	8.070466703560228e-05	0.0	3.458771444382955e-05	3.458771444382955e-05	0.0001037631433314	5.764619073971592e-05	0.9999077660948164	0.9998501199040768	5.764619073971592e-05	0.0001729385722191	0.9998616491422246	0.9998270614277808
_scratch_st-cdeboer-1_asfar_VLPs_results_crispresso_aggregated_spacer_miniCGBE1-SpRY_rep3_.staging_CRISPRessoPooled_on_miniCGBE1-SpRY_D4_rep3_CRISPResso_on_PDCD1	G	2.305847629588637e-05	9.223390518354546e-05	1.1529238147943185e-05	2.305847629588637e-05	5.764619073971592e-05	0.0001037631433314	4.611695259177273e-05	0.0001037631433314	9.223390518354546e-05	0.0001383508577753	6.91754288876591e-05	0.9997232982844494	0.0001268216196273	9.223390518354546e-05	1.1529238147943185e-05	0.0	9.223390518354546e-05	3.458771444382955e-05	0.0	0.0
_scratch_st-cdeboer-1_asfar_VLPs_results_crispresso_aggregated_spacer_miniCGBE1-SpRY_rep3_.staging_CRISPRessoPooled_on_miniCGBE1-SpRY_D4_rep3_CRISPResso_on_PDCD1	N	0.0	0.0	1.1529238147943185e-05	0.0	0.0	0.0	0.0	0.0	0.0	0.0	1.1529238147943185e-05	0.0	0.0	0.0	0.0	0.0	0.0	0.0	0.0	0.0
_scratch_st-cdeboer-1_asfar_VLPs_results_crispresso_aggregated_spacer_miniCGBE1-SpRY_rep3_.staging_CRISPRessoPooled_on_miniCGBE1-SpRY_D4_rep3_CRISPResso_on_PDCD1	-	0.0001152923814794	5.764619073971592e-05	5.764619073971592e-05	6.91754288876591e-05	8.070466703560228e-05	8.070466703560228e-05	8.070466703560228e-05	8.070466703560228e-05	8.070466703560228e-05	8.070466703560228e-05	0.0001037631433314	5.764619073971592e-05	5.764619073971592e-05	5.764619073971592e-05	5.764619073971592e-05	5.764619073971592e-05	5.764619073971592e-05	5.764619073971592e-05	5.764619073971592e-05	5.764619073971592e-05
_scratch_st-cdeboer-1_asfar_VLPs_results_crispresso_aggregated_spacer_miniCGBE1-SpRY_rep3_.staging_CRISPRessoPooled_on_miniCGBE1-SpRY_D5_rep3_CRISPResso_on_PDCD1	A	7.795690542268234e-05	0.99982849480807	6.236552433814588e-05	6.236552433814588e-05	0.0	0.9998752689513236	0.0001715051919299	0.000233870716268	0.0	0.9997505379026476	0.9998908603324084	3.118276216907294e-05	0.9997349465215628	0.999797312045901	0.0	4.677414325360941e-05	0.9998440861891548	0.0	7.795690542268234e-05	4.677414325360941e-05
_scratch_st-cdeboer-1_asfar_VLPs_results_crispresso_aggregated_spacer_miniCGBE1-SpRY_rep3_.staging_CRISPRessoPooled_on_miniCGBE1-SpRY_D5_rep3_CRISPResso_on_PDCD1	T	4.677414325360941e-05	1.559138108453647e-05	9.35482865072188e-05	6.236552433814588e-05	0.9998752689513236	1.559138108453647e-05	0.0002182793351835	0.0002026879540989	0.999797312045901	1.559138108453647e-05	0.0	0.0001247310486762	0.0	0.0	6.236552433814588e-05	6.236552433814588e-05	1.559138108453647e-05	0.9997349465215628	6.236552433814588e-05	7.795690542268234e-05
_scratch_st-cdeboer-1_asfar_VLPs_results_crispresso_aggregated_spacer_miniCGBE1-SpRY_rep3_.staging_CRISPRessoPooled_on_miniCGBE1-SpRY_D5_rep3_CRISPResso_on_PDCD1	C	0.99982849480807	6.236552433814588e-05	0.9998440861891548	0.9998752689513236	7.795690542268234e-05	1.559138108453647e-05	0.999594624091802	0.9992827964701112	0.0001091396675917	0.0	1.559138108453647e-05	3.118276216907294e-05	0.0001091396675917	9.35482865072188e-05	0.9999064517134928	0.9998752689513236	4.677414325360941e-05	0.0001870965730144	0.9998440861891548	0.9998752689513236
_scratch_st-cdeboer-1_asfar_VLPs_results_crispresso_aggregated_spacer_miniCGBE1-SpRY_rep3_.staging_CRISPRessoPooled_on_miniCGBE1-SpRY_D5_rep3_CRISPResso_on_PDCD1	G	3.118276216907294e-05	9.35482865072188e-05	0.0	0.0	4.677414325360941e-05	9.35482865072188e-05	1.559138108453647e-05	0.0002806448595216	3.118276216907294e-05	0.0001715051919299	6.236552433814588e-05	0.9998129034269856	0.0001559138108453	0.0001091396675917	3.118276216907294e-05	1.559138108453647e-05	9.35482865072188e-05	6.236552433814588e-05	1.559138108453647e-05	0.0
_scratch_st-cdeboer-1_asfar_VLPs_results_crispresso_aggregated_spacer_miniCGBE1-SpRY_rep3_.staging_CRISPRessoPooled_on_miniCGBE1-SpRY_D5_rep3_CRISPResso_on_PDCD1	N	0.0	0.0	0.0	0.0	0.0	0.0	0.0	0.0	0.0	0.0	0.0	0.0	0.0	0.0	0.0	0.0	0.0	0.0	0.0	0.0
_scratch_st-cdeboer-1_asfar_VLPs_results_crispresso_aggregated_spacer_miniCGBE1-SpRY_rep3_.staging_CRISPRessoPooled_on_miniCGBE1-SpRY_D5_rep3_CRISPResso_on_PDCD1	-	1.559138108453647e-05	0.0	0.0	0.0	0.0	0.0	0.0	0.0	6.236552433814588e-05	6.236552433814588e-05	3.118276216907294e-05	0.0	0.0	0.0	0.0	0.0	0.0	1.559138108453647e-05	0.0	0.0
