Folder	Nucleotide	C	A	C	C	T	A	C	C	T	A	A	G	A	A	C	C	A	T	C	C
_scratch_st-cdeboer-1_asfar_VLPs_results_crispresso_aggregated_spacer_SPACE-DeltaUGI_rep3_.staging_CRISPRessoPooled_on_SPACE-DeltaUGI_D1_rep3_CRISPResso_on_PDCD1	A	5.206254447009007e-05	0.9997917498221196	1.7354181490030022e-05	6.941672596012009e-05	0.0	0.9992884785589088	8.677090745015011e-05	0.0001908959963903	0.0	0.99991322909255	0.9997570414591396	5.206254447009007e-05	0.9997223330961597	0.9999305832740398	3.4708362980060045e-05	5.206254447009007e-05	0.9997570414591396	1.7354181490030022e-05	6.941672596012009e-05	8.677090745015011e-05
_scratch_st-cdeboer-1_asfar_VLPs_results_crispresso_aggregated_spacer_SPACE-DeltaUGI_rep3_.staging_CRISPRessoPooled_on_SPACE-DeltaUGI_D1_rep3_CRISPResso_on_PDCD1	T	1.7354181490030022e-05	0.0	3.4708362980060045e-05	3.4708362980060045e-05	0.9998438123665896	0.0	6.941672596012009e-05	3.4708362980060045e-05	0.9997917498221196	0.0	0.0	0.0001214792704302	0.0	1.7354181490030022e-05	8.677090745015011e-05	8.677090745015011e-05	0.0	0.9996876247331796	3.4708362980060045e-05	5.206254447009007e-05
_scratch_st-cdeboer-1_asfar_VLPs_results_crispresso_aggregated_spacer_SPACE-DeltaUGI_rep3_.staging_CRISPRessoPooled_on_SPACE-DeltaUGI_D1_rep3_CRISPResso_on_PDCD1	C	0.9998785207295698	6.941672596012009e-05	0.99994793745553	0.9998264581850996	0.0001214792704302	3.4708362980060045e-05	0.9998264581850996	0.9997570414591396	8.677090745015011e-05	3.4708362980060045e-05	5.206254447009007e-05	5.206254447009007e-05	0.0001561876334102	1.7354181490030022e-05	0.9998785207295698	0.9998611665480798	8.677090745015011e-05	0.0002256043593703	0.9998264581850996	0.9998611665480798
_scratch_st-cdeboer-1_asfar_VLPs_results_crispresso_aggregated_spacer_SPACE-DeltaUGI_rep3_.staging_CRISPRessoPooled_on_SPACE-DeltaUGI_D1_rep3_CRISPResso_on_PDCD1	G	3.4708362980060045e-05	0.0001214792704302	0.0	3.4708362980060045e-05	3.4708362980060045e-05	0.0006768130781111	1.7354181490030022e-05	1.7354181490030022e-05	0.0001214792704302	5.206254447009007e-05	0.0001561876334102	0.9997743956406296	0.0001214792704302	3.4708362980060045e-05	0.0	0.0	0.0001561876334102	6.941672596012009e-05	6.941672596012009e-05	0.0
_scratch_st-cdeboer-1_asfar_VLPs_results_crispresso_aggregated_spacer_SPACE-DeltaUGI_rep3_.staging_CRISPRessoPooled_on_SPACE-DeltaUGI_D1_rep3_CRISPResso_on_PDCD1	N	0.0	0.0	0.0	1.7354181490030022e-05	0.0	0.0	0.0	0.0	0.0	0.0	0.0	0.0	0.0	0.0	0.0	0.0	0.0	0.0	0.0	0.0
_scratch_st-cdeboer-1_asfar_VLPs_results_crispresso_aggregated_spacer_SPACE-DeltaUGI_rep3_.staging_CRISPRessoPooled_on_SPACE-DeltaUGI_D1_rep3_CRISPResso_on_PDCD1	-	1.7354181490030022e-05	1.7354181490030022e-05	0.0	1.7354181490030022e-05	0.0	0.0	0.0	0.0	0.0	0.0	3.4708362980060045e-05	0.0	0.0	0.0	0.0	0.0	0.0	0.0	0.0	0.0
_scratch_st-cdeboer-1_asfar_VLPs_results_crispresso_aggregated_spacer_SPACE-DeltaUGI_rep3_.staging_CRISPRessoPooled_on_SPACE-DeltaUGI_D2_rep3_CRISPResso_on_PDCD1	A	2.4203112520270108e-05	0.9999273906624392	4.8406225040540216e-05	4.8406225040540216e-05	0.0	0.999467531524554	2.4203112520270108e-05	4.8406225040540216e-05	0.0	0.999830578212358	0.999830578212358	7.260933756081031e-05	0.9997095626497569	0.999830578212358	0.0	7.260933756081031e-05	0.9997821719873176	0.0	0.0	2.4203112520270108e-05
_scratch_st-cdeboer-1_asfar_VLPs_results_crispresso_aggregated_spacer_SPACE-DeltaUGI_rep3_.staging_CRISPRessoPooled_on_SPACE-DeltaUGI_D2_rep3_CRISPResso_on_PDCD1	T	7.260933756081031e-05	2.4203112520270108e-05	2.4203112520270108e-05	2.4203112520270108e-05	0.999830578212358	2.4203112520270108e-05	0.0	4.8406225040540216e-05	0.9997821719873176	2.4203112520270108e-05	0.0	0.0001936249001621	0.0	2.4203112520270108e-05	2.4203112520270108e-05	0.0	2.4203112520270108e-05	0.999733765762277	9.681245008108045e-05	0.0
_scratch_st-cdeboer-1_asfar_VLPs_results_crispresso_aggregated_spacer_SPACE-DeltaUGI_rep3_.staging_CRISPRessoPooled_on_SPACE-DeltaUGI_D2_rep3_CRISPResso_on_PDCD1	C	0.9998789844373986	0.0	0.9999273906624392	0.9999031875499188	0.0001210155626013	2.4203112520270108e-05	0.9999757968874796	0.9998789844373986	0.0001452186751216	2.4203112520270108e-05	0.0	2.4203112520270108e-05	0.0001694217876418	7.260933756081031e-05	0.9999757968874796	0.9999273906624392	7.260933756081031e-05	0.0002420311252027	0.9998789844373986	0.9999031875499188
_scratch_st-cdeboer-1_asfar_VLPs_results_crispresso_aggregated_spacer_SPACE-DeltaUGI_rep3_.staging_CRISPRessoPooled_on_SPACE-DeltaUGI_D2_rep3_CRISPResso_on_PDCD1	G	0.0	4.8406225040540216e-05	0.0	2.4203112520270108e-05	4.8406225040540216e-05	0.0004840622504054	0.0	2.4203112520270108e-05	7.260933756081031e-05	0.0001210155626013	0.0001210155626013	0.9997095626497569	0.0001210155626013	7.260933756081031e-05	0.0	0.0	0.0001210155626013	2.4203112520270108e-05	2.4203112520270108e-05	7.260933756081031e-05
_scratch_st-cdeboer-1_asfar_VLPs_results_crispresso_aggregated_spacer_SPACE-DeltaUGI_rep3_.staging_CRISPRessoPooled_on_SPACE-DeltaUGI_D2_rep3_CRISPResso_on_PDCD1	N	0.0	0.0	0.0	0.0	0.0	0.0	0.0	0.0	0.0	0.0	0.0	0.0	0.0	0.0	0.0	0.0	0.0	0.0	0.0	0.0
_scratch_st-cdeboer-1_asfar_VLPs_results_crispresso_aggregated_spacer_SPACE-DeltaUGI_rep3_.staging_CRISPRessoPooled_on_SPACE-DeltaUGI_D2_rep3_CRISPResso_on_PDCD1	-	2.4203112520270108e-05	0.0	0.0	0.0	0.0	0.0	0.0	0.0	0.0	0.0	4.8406225040540216e-05	0.0	0.0	0.0	0.0	0.0	0.0	0.0	0.0	0.0
_scratch_st-cdeboer-1_asfar_VLPs_results_crispresso_aggregated_spacer_SPACE-DeltaUGI_rep3_.staging_CRISPRessoPooled_on_SPACE-DeltaUGI_D3_rep3_CRISPResso_on_PDCD1	A	2.7926720285969612e-05	0.9996648793565684	2.7926720285969612e-05	0.0	0.0	0.9987432975871312	2.7926720285969612e-05	5.585344057193923e-05	0.0	0.9998045129579982	0.9997765862377124	2.7926720285969612e-05	0.9997207327971404	0.9998324396782842	5.585344057193923e-05	8.378016085790885e-05	0.9996369526362824	2.7926720285969612e-05	2.7926720285969612e-05	5.585344057193923e-05
_scratch_st-cdeboer-1_asfar_VLPs_results_crispresso_aggregated_spacer_SPACE-DeltaUGI_rep3_.staging_CRISPRessoPooled_on_SPACE-DeltaUGI_D3_rep3_CRISPResso_on_PDCD1	T	2.7926720285969612e-05	0.0	0.0	5.585344057193923e-05	0.9997207327971404	2.7926720285969612e-05	2.7926720285969612e-05	0.0	0.99986036639857	0.0	0.0	5.585344057193923e-05	5.585344057193923e-05	0.0	8.378016085790885e-05	8.378016085790885e-05	5.585344057193923e-05	0.9996090259159964	8.378016085790885e-05	2.7926720285969612e-05
_scratch_st-cdeboer-1_asfar_VLPs_results_crispresso_aggregated_spacer_SPACE-DeltaUGI_rep3_.staging_CRISPRessoPooled_on_SPACE-DeltaUGI_D3_rep3_CRISPResso_on_PDCD1	C	0.99986036639857	8.378016085790885e-05	0.999944146559428	0.999888293118856	0.0001675603217158	5.585344057193923e-05	0.999916219839142	0.999944146559428	5.585344057193923e-05	5.585344057193923e-05	8.378016085790885e-05	0.0	5.585344057193923e-05	2.7926720285969612e-05	0.99986036639857	0.9998045129579982	0.0001396336014298	0.0003351206434316	0.9998324396782842	0.99986036639857
_scratch_st-cdeboer-1_asfar_VLPs_results_crispresso_aggregated_spacer_SPACE-DeltaUGI_rep3_.staging_CRISPRessoPooled_on_SPACE-DeltaUGI_D3_rep3_CRISPResso_on_PDCD1	G	2.7926720285969612e-05	0.0001954870420017	2.7926720285969612e-05	5.585344057193923e-05	0.0001117068811438	0.0011729222520107	2.7926720285969612e-05	0.0	8.378016085790885e-05	0.0001396336014298	0.0001117068811438	0.999916219839142	0.0001675603217158	0.0001117068811438	0.0	2.7926720285969612e-05	0.0001675603217158	2.7926720285969612e-05	5.585344057193923e-05	0.0
_scratch_st-cdeboer-1_asfar_VLPs_results_crispresso_aggregated_spacer_SPACE-DeltaUGI_rep3_.staging_CRISPRessoPooled_on_SPACE-DeltaUGI_D3_rep3_CRISPResso_on_PDCD1	N	0.0	2.7926720285969612e-05	0.0	0.0	0.0	0.0	0.0	0.0	0.0	0.0	0.0	0.0	0.0	0.0	0.0	0.0	0.0	0.0	0.0	0.0
_scratch_st-cdeboer-1_asfar_VLPs_results_crispresso_aggregated_spacer_SPACE-DeltaUGI_rep3_.staging_CRISPRessoPooled_on_SPACE-DeltaUGI_D3_rep3_CRISPResso_on_PDCD1	-	5.585344057193923e-05	2.7926720285969612e-05	0.0	0.0	0.0	0.0	0.0	0.0	0.0	0.0	2.7926720285969612e-05	0.0	0.0	2.7926720285969612e-05	0.0	0.0	0.0	0.0	0.0	5.585344057193923e-05
_scratch_st-cdeboer-1_asfar_VLPs_results_crispresso_aggregated_spacer_SPACE-DeltaUGI_rep3_.staging_CRISPRessoPooled_on_SPACE-DeltaUGI_D4_rep3_CRISPResso_on_PDCD1	A	0.0001102022824117	0.999804084831268	3.673409413723858e-05	8.571288632022335e-05	0.0	0.9938898956751726	2.4489396091492384e-05	6.122349022873096e-05	2.4489396091492384e-05	0.9997306166429936	0.9998408189254052	7.346818827447715e-05	0.9998163295293138	0.999853063623451	3.673409413723858e-05	3.673409413723858e-05	0.9998408189254052	0.0	7.346818827447715e-05	7.346818827447715e-05
_scratch_st-cdeboer-1_asfar_VLPs_results_crispresso_aggregated_spacer_SPACE-DeltaUGI_rep3_.staging_CRISPRessoPooled_on_SPACE-DeltaUGI_D4_rep3_CRISPResso_on_PDCD1	T	0.0001346916785032	2.4489396091492384e-05	7.346818827447715e-05	7.346818827447715e-05	0.9997306166429936	0.0	2.4489396091492384e-05	4.897879218298477e-05	0.999853063623451	1.2244698045746192e-05	0.0	9.795758436596954e-05	0.0	0.0	2.4489396091492384e-05	2.4489396091492384e-05	0.0	0.9997795954351766	2.4489396091492384e-05	6.122349022873096e-05
_scratch_st-cdeboer-1_asfar_VLPs_results_crispresso_aggregated_spacer_SPACE-DeltaUGI_rep3_.staging_CRISPRessoPooled_on_SPACE-DeltaUGI_D4_rep3_CRISPResso_on_PDCD1	C	0.9997183719449478	1.2244698045746192e-05	0.9998775530195424	0.9998163295293138	0.0001591810745947	1.2244698045746192e-05	0.999902042415634	0.9998775530195424	7.346818827447715e-05	0.0	2.4489396091492384e-05	3.673409413723858e-05	7.346818827447715e-05	0.0	0.9999142871136798	0.9999265318117256	6.122349022873096e-05	0.0001346916785032	0.9998775530195424	0.9998285742273596
_scratch_st-cdeboer-1_asfar_VLPs_results_crispresso_aggregated_spacer_SPACE-DeltaUGI_rep3_.staging_CRISPRessoPooled_on_SPACE-DeltaUGI_D4_rep3_CRISPResso_on_PDCD1	G	1.2244698045746192e-05	0.0001591810745947	1.2244698045746192e-05	2.4489396091492384e-05	0.0001102022824117	0.0060978596267816	4.897879218298477e-05	1.2244698045746192e-05	4.897879218298477e-05	0.0002448939609149	6.122349022873096e-05	0.9997918401332224	0.0001102022824117	0.0001346916785032	2.4489396091492384e-05	1.2244698045746192e-05	9.795758436596954e-05	8.571288632022335e-05	2.4489396091492384e-05	2.4489396091492384e-05
_scratch_st-cdeboer-1_asfar_VLPs_results_crispresso_aggregated_spacer_SPACE-DeltaUGI_rep3_.staging_CRISPRessoPooled_on_SPACE-DeltaUGI_D4_rep3_CRISPResso_on_PDCD1	N	0.0	0.0	0.0	0.0	0.0	0.0	0.0	0.0	0.0	1.2244698045746192e-05	0.0	0.0	0.0	0.0	0.0	0.0	0.0	0.0	0.0	0.0
_scratch_st-cdeboer-1_asfar_VLPs_results_crispresso_aggregated_spacer_SPACE-DeltaUGI_rep3_.staging_CRISPRessoPooled_on_SPACE-DeltaUGI_D4_rep3_CRISPResso_on_PDCD1	-	2.4489396091492384e-05	0.0	0.0	0.0	0.0	0.0	0.0	0.0	0.0	0.0	7.346818827447715e-05	0.0	0.0	1.2244698045746192e-05	0.0	0.0	0.0	0.0	0.0	1.2244698045746192e-05
_scratch_st-cdeboer-1_asfar_VLPs_results_crispresso_aggregated_spacer_SPACE-DeltaUGI_rep3_.staging_CRISPRessoPooled_on_SPACE-DeltaUGI_D5_rep3_CRISPResso_on_PDCD1	A	2.9386699579770195e-05	0.9996767463046226	2.9386699579770195e-05	7.346674894942549e-05	1.4693349789885096e-05	0.9865555849422551	7.346674894942549e-05	0.0001322401481089	1.4693349789885096e-05	0.9996032795556732	0.9997795997531516	0.0001028534485291	0.9997208263539922	0.9998089864527316	2.9386699579770195e-05	7.346674894942549e-05	0.999735519703782	1.4693349789885096e-05	4.4080049369655294e-05	7.346674894942549e-05
_scratch_st-cdeboer-1_asfar_VLPs_results_crispresso_aggregated_spacer_SPACE-DeltaUGI_rep3_.staging_CRISPRessoPooled_on_SPACE-DeltaUGI_D5_rep3_CRISPResso_on_PDCD1	T	7.346674894942549e-05	4.4080049369655294e-05	5.877339915954039e-05	1.4693349789885096e-05	0.9998236798025214	2.9386699579770195e-05	7.346674894942549e-05	0.0	0.999867759851891	0.0	0.0	0.0001469334978988	1.4693349789885096e-05	0.0	2.9386699579770195e-05	4.4080049369655294e-05	1.4693349789885096e-05	0.9996914396544124	4.4080049369655294e-05	4.4080049369655294e-05
_scratch_st-cdeboer-1_asfar_VLPs_results_crispresso_aggregated_spacer_SPACE-DeltaUGI_rep3_.staging_CRISPRessoPooled_on_SPACE-DeltaUGI_D5_rep3_CRISPResso_on_PDCD1	C	0.9998383731523112	5.877339915954039e-05	0.9998824532016808	0.999867759851891	0.000117546798319	0.0	0.9998236798025214	0.9997795997531516	8.816009873931059e-05	0.0	2.9386699579770195e-05	0.0	0.0001028534485291	1.4693349789885096e-05	0.9998824532016808	0.9997942931029415	0.000117546798319	0.0002057068970583	0.9998383731523112	0.9998236798025214
_scratch_st-cdeboer-1_asfar_VLPs_results_crispresso_aggregated_spacer_SPACE-DeltaUGI_rep3_.staging_CRISPRessoPooled_on_SPACE-DeltaUGI_D5_rep3_CRISPResso_on_PDCD1	G	2.9386699579770195e-05	0.0002057068970583	1.4693349789885096e-05	1.4693349789885096e-05	2.9386699579770195e-05	0.0134003350083752	1.4693349789885096e-05	5.877339915954039e-05	1.4693349789885096e-05	0.0003526403949572	0.0001469334978988	0.9997061330042024	0.000117546798319	0.0001322401481089	1.4693349789885096e-05	4.4080049369655294e-05	8.816009873931059e-05	4.4080049369655294e-05	2.9386699579770195e-05	1.4693349789885096e-05
_scratch_st-cdeboer-1_asfar_VLPs_results_crispresso_aggregated_spacer_SPACE-DeltaUGI_rep3_.staging_CRISPRessoPooled_on_SPACE-DeltaUGI_D5_rep3_CRISPResso_on_PDCD1	N	0.0	0.0	0.0	0.0	0.0	0.0	0.0	0.0	0.0	0.0	0.0	0.0	0.0	0.0	0.0	0.0	0.0	0.0	0.0	0.0
_scratch_st-cdeboer-1_asfar_VLPs_results_crispresso_aggregated_spacer_SPACE-DeltaUGI_rep3_.staging_CRISPRessoPooled_on_SPACE-DeltaUGI_D5_rep3_CRISPResso_on_PDCD1	-	2.9386699579770195e-05	1.4693349789885096e-05	1.4693349789885096e-05	2.9386699579770195e-05	1.4693349789885096e-05	1.4693349789885096e-05	1.4693349789885096e-05	2.9386699579770195e-05	1.4693349789885096e-05	4.4080049369655294e-05	4.4080049369655294e-05	4.4080049369655294e-05	4.4080049369655294e-05	4.4080049369655294e-05	4.4080049369655294e-05	4.4080049369655294e-05	4.4080049369655294e-05	4.4080049369655294e-05	4.4080049369655294e-05	4.4080049369655294e-05
