Folder	Nucleotide	G	G	C	C	C	A	G	A	C	T	G	A	G	C	A	C	G	T	G	A
_scratch_st-cdeboer-1_asfar_VLPs_results_crispresso_aggregated_spacer_SPACE-NG_rep2_.staging_CRISPRessoPooled_on_SPACE-NG_D0_rep2_CRISPResso_on_HEK3	A	0.0	0.0	0.0	5.484861781483107e-05	0.0	0.999862878455463	5.484861781483107e-05	0.9999451513821852	5.484861781483107e-05	0.0	0.0001096972356296	0.999862878455463	0.0	5.484861781483107e-05	0.9999451513821852	0.0001096972356296	0.0001096972356296	0.0	0.0	0.9997257569109258
_scratch_st-cdeboer-1_asfar_VLPs_results_crispresso_aggregated_spacer_SPACE-NG_rep2_.staging_CRISPRessoPooled_on_SPACE-NG_D0_rep2_CRISPResso_on_HEK3	T	2.7424308907415534e-05	8.22729267222466e-05	0.0	8.22729267222466e-05	0.0001096972356296	0.0	0.000137121544537	0.0	5.484861781483107e-05	0.999862878455463	8.22729267222466e-05	0.0	0.0	0.0001096972356296	0.0	2.7424308907415534e-05	2.7424308907415534e-05	0.9998354541465556	2.7424308907415534e-05	0.0
_scratch_st-cdeboer-1_asfar_VLPs_results_crispresso_aggregated_spacer_SPACE-NG_rep2_.staging_CRISPRessoPooled_on_SPACE-NG_D0_rep2_CRISPResso_on_HEK3	C	0.0	0.0001096972356296	1.0	0.999862878455463	0.9997806055287408	8.22729267222466e-05	5.484861781483107e-05	2.7424308907415534e-05	0.9998903027643704	8.22729267222466e-05	5.484861781483107e-05	0.0001096972356296	8.22729267222466e-05	0.999808029837648	0.0	0.9998354541465556	0.000137121544537	8.22729267222466e-05	0.000137121544537	0.0001645458534444
_scratch_st-cdeboer-1_asfar_VLPs_results_crispresso_aggregated_spacer_SPACE-NG_rep2_.staging_CRISPRessoPooled_on_SPACE-NG_D0_rep2_CRISPResso_on_HEK3	G	0.9999725756910924	0.9997806055287408	0.0	0.0	0.0001096972356296	5.484861781483107e-05	0.9997531812198333	2.7424308907415534e-05	0.0	5.484861781483107e-05	0.9997531812198333	2.7424308907415534e-05	0.9999177270732778	2.7424308907415534e-05	5.484861781483107e-05	2.7424308907415534e-05	0.9997257569109258	8.22729267222466e-05	0.9998354541465556	0.0001096972356296
_scratch_st-cdeboer-1_asfar_VLPs_results_crispresso_aggregated_spacer_SPACE-NG_rep2_.staging_CRISPRessoPooled_on_SPACE-NG_D0_rep2_CRISPResso_on_HEK3	N	0.0	0.0	0.0	0.0	0.0	0.0	0.0	0.0	0.0	0.0	0.0	0.0	0.0	0.0	0.0	0.0	0.0	0.0	0.0	0.0
_scratch_st-cdeboer-1_asfar_VLPs_results_crispresso_aggregated_spacer_SPACE-NG_rep2_.staging_CRISPRessoPooled_on_SPACE-NG_D0_rep2_CRISPResso_on_HEK3	-	0.0	2.7424308907415534e-05	0.0	0.0	0.0	0.0	0.0	0.0	0.0	0.0	0.0	0.0	0.0	0.0	0.0	0.0	0.0	0.0	0.0	0.0
_scratch_st-cdeboer-1_asfar_VLPs_results_crispresso_aggregated_spacer_SPACE-NG_rep2_.staging_CRISPRessoPooled_on_SPACE-NG_D1_rep2_CRISPResso_on_HEK3	A	7.285443683520327e-05	7.285443683520327e-05	0.0001457088736704	0.0	7.285443683520327e-05	1.0	0.0	0.9999271455631648	0.0	0.0	0.0002185633105056	0.9994900189421536	0.0	7.285443683520327e-05	0.9999271455631648	7.285443683520327e-05	0.0	0.0	7.285443683520327e-05	0.9998542911263296
_scratch_st-cdeboer-1_asfar_VLPs_results_crispresso_aggregated_spacer_SPACE-NG_rep2_.staging_CRISPRessoPooled_on_SPACE-NG_D1_rep2_CRISPResso_on_HEK3	T	0.0002914177473408	0.0	0.0	0.0	0.0	0.0	0.0001457088736704	0.0	0.0	1.0	0.0	0.0	0.0	0.0	0.0	0.0	0.0001457088736704	0.9998542911263296	0.0001457088736704	0.0
_scratch_st-cdeboer-1_asfar_VLPs_results_crispresso_aggregated_spacer_SPACE-NG_rep2_.staging_CRISPRessoPooled_on_SPACE-NG_D1_rep2_CRISPResso_on_HEK3	C	0.0	0.0002914177473408	0.9998542911263296	1.0	0.9999271455631648	0.0	0.0	0.0	1.0	0.0	7.285443683520327e-05	0.0002914177473408	7.285443683520327e-05	0.9999271455631648	0.0	0.9998542911263296	0.0	7.285443683520327e-05	7.285443683520327e-05	7.285443683520327e-05
_scratch_st-cdeboer-1_asfar_VLPs_results_crispresso_aggregated_spacer_SPACE-NG_rep2_.staging_CRISPRessoPooled_on_SPACE-NG_D1_rep2_CRISPResso_on_HEK3	G	0.999635727815824	0.999635727815824	0.0	0.0	0.0	0.0	0.9998542911263296	7.285443683520327e-05	0.0	0.0	0.9997085822526592	0.0002185633105056	0.9999271455631648	0.0	7.285443683520327e-05	7.285443683520327e-05	0.9998542911263296	7.285443683520327e-05	0.9997085822526592	7.285443683520327e-05
_scratch_st-cdeboer-1_asfar_VLPs_results_crispresso_aggregated_spacer_SPACE-NG_rep2_.staging_CRISPRessoPooled_on_SPACE-NG_D1_rep2_CRISPResso_on_HEK3	N	0.0	0.0	0.0	0.0	0.0	0.0	0.0	0.0	0.0	0.0	0.0	0.0	0.0	0.0	0.0	0.0	0.0	0.0	0.0	0.0
_scratch_st-cdeboer-1_asfar_VLPs_results_crispresso_aggregated_spacer_SPACE-NG_rep2_.staging_CRISPRessoPooled_on_SPACE-NG_D1_rep2_CRISPResso_on_HEK3	-	0.0	0.0	0.0	0.0	0.0	0.0	0.0	0.0	0.0	0.0	0.0	0.0	0.0	0.0	0.0	0.0	0.0	0.0	0.0	0.0
_scratch_st-cdeboer-1_asfar_VLPs_results_crispresso_aggregated_spacer_SPACE-NG_rep2_.staging_CRISPRessoPooled_on_SPACE-NG_D2_rep2_CRISPResso_on_HEK3	A	0.0	3.328894806924101e-05	0.0	9.986684420772304e-05	6.657789613848202e-05	0.9988015978695072	0.0	0.9992676431424768	3.328894806924101e-05	0.0	0.0001331557922769	0.9995672436751	3.328894806924101e-05	0.0	0.9998002663115846	6.657789613848202e-05	0.0	0.0	0.0	0.999866844207723
_scratch_st-cdeboer-1_asfar_VLPs_results_crispresso_aggregated_spacer_SPACE-NG_rep2_.staging_CRISPRessoPooled_on_SPACE-NG_D2_rep2_CRISPResso_on_HEK3	T	0.0001664447403462	3.328894806924101e-05	3.328894806924101e-05	3.328894806924101e-05	9.986684420772304e-05	0.0	3.328894806924101e-05	0.0	0.0001664447403462	0.9997669773635152	6.657789613848202e-05	0.0	0.0	6.657789613848202e-05	0.0	0.0	6.657789613848202e-05	0.9999001331557924	0.0	0.0
_scratch_st-cdeboer-1_asfar_VLPs_results_crispresso_aggregated_spacer_SPACE-NG_rep2_.staging_CRISPRessoPooled_on_SPACE-NG_D2_rep2_CRISPResso_on_HEK3	C	6.657789613848202e-05	0.0001331557922769	0.9999667110519308	0.999866844207723	0.9998002663115846	6.657789613848202e-05	3.328894806924101e-05	0.0	0.9998002663115846	9.986684420772304e-05	9.986684420772304e-05	0.0001997336884154	3.328894806924101e-05	0.9999001331557924	0.0	0.9999334221038616	6.657789613848202e-05	3.328894806924101e-05	9.986684420772304e-05	6.657789613848202e-05
_scratch_st-cdeboer-1_asfar_VLPs_results_crispresso_aggregated_spacer_SPACE-NG_rep2_.staging_CRISPRessoPooled_on_SPACE-NG_D2_rep2_CRISPResso_on_HEK3	G	0.9997669773635152	0.9996338215712384	0.0	0.0	0.0	0.0011318242343541	0.9999334221038616	0.0007323568575233	0.0	0.0001331557922769	0.9997003994673768	0.0002330226364846	0.9999334221038616	3.328894806924101e-05	0.0001997336884154	0.0	0.999866844207723	6.657789613848202e-05	0.9999001331557924	6.657789613848202e-05
_scratch_st-cdeboer-1_asfar_VLPs_results_crispresso_aggregated_spacer_SPACE-NG_rep2_.staging_CRISPRessoPooled_on_SPACE-NG_D2_rep2_CRISPResso_on_HEK3	N	0.0	0.0	0.0	0.0	0.0	0.0	0.0	0.0	0.0	0.0	0.0	0.0	0.0	0.0	0.0	0.0	0.0	0.0	0.0	0.0
_scratch_st-cdeboer-1_asfar_VLPs_results_crispresso_aggregated_spacer_SPACE-NG_rep2_.staging_CRISPRessoPooled_on_SPACE-NG_D2_rep2_CRISPResso_on_HEK3	-	0.0	0.0001664447403462	0.0	0.0	3.328894806924101e-05	0.0	0.0	0.0	0.0	0.0	0.0	0.0	0.0	0.0	0.0	0.0	0.0	0.0	0.0	0.0
_scratch_st-cdeboer-1_asfar_VLPs_results_crispresso_aggregated_spacer_SPACE-NG_rep2_.staging_CRISPRessoPooled_on_SPACE-NG_D3_rep2_CRISPResso_on_HEK3	A	9.030976248532468e-05	0.0	4.5154881242662334e-05	0.0	0.0001354646437279	0.9999096902375146	0.0	0.9996839158313012	4.5154881242662334e-05	0.0	0.0	0.9996387609500588	0.0	0.0	0.9999548451187572	0.0	0.0	0.0	0.0	0.999729070712544
_scratch_st-cdeboer-1_asfar_VLPs_results_crispresso_aggregated_spacer_SPACE-NG_rep2_.staging_CRISPRessoPooled_on_SPACE-NG_D3_rep2_CRISPResso_on_HEK3	T	0.0003160841686986	4.5154881242662334e-05	4.5154881242662334e-05	4.5154881242662334e-05	0.0001354646437279	0.0	4.5154881242662334e-05	0.0	4.5154881242662334e-05	0.9998193804750294	0.0001806195249706	0.0	4.5154881242662334e-05	0.0002257744062133	0.0	0.0001354646437279	0.0001806195249706	0.9999096902375146	9.030976248532468e-05	0.0
_scratch_st-cdeboer-1_asfar_VLPs_results_crispresso_aggregated_spacer_SPACE-NG_rep2_.staging_CRISPRessoPooled_on_SPACE-NG_D3_rep2_CRISPResso_on_HEK3	C	4.5154881242662334e-05	0.0001354646437279	0.9999096902375146	0.9999548451187572	0.9996387609500588	4.5154881242662334e-05	4.5154881242662334e-05	4.5154881242662334e-05	0.9999096902375146	0.0001354646437279	0.0	9.030976248532468e-05	0.0	0.999729070712544	0.0	0.999864535356272	9.030976248532468e-05	4.5154881242662334e-05	4.5154881242662334e-05	9.030976248532468e-05
_scratch_st-cdeboer-1_asfar_VLPs_results_crispresso_aggregated_spacer_SPACE-NG_rep2_.staging_CRISPRessoPooled_on_SPACE-NG_D3_rep2_CRISPResso_on_HEK3	G	0.9995484511875734	0.9997742255937868	0.0	0.0	4.5154881242662334e-05	4.5154881242662334e-05	0.9999096902375146	0.0002709292874559	0.0	4.5154881242662334e-05	0.9998193804750294	0.0002709292874559	0.9999548451187572	0.0	4.5154881242662334e-05	0.0	0.999729070712544	4.5154881242662334e-05	0.999864535356272	0.0001806195249706
_scratch_st-cdeboer-1_asfar_VLPs_results_crispresso_aggregated_spacer_SPACE-NG_rep2_.staging_CRISPRessoPooled_on_SPACE-NG_D3_rep2_CRISPResso_on_HEK3	N	0.0	0.0	0.0	0.0	0.0	0.0	0.0	0.0	0.0	0.0	0.0	0.0	0.0	0.0	0.0	0.0	0.0	0.0	0.0	0.0
_scratch_st-cdeboer-1_asfar_VLPs_results_crispresso_aggregated_spacer_SPACE-NG_rep2_.staging_CRISPRessoPooled_on_SPACE-NG_D3_rep2_CRISPResso_on_HEK3	-	0.0	4.5154881242662334e-05	0.0	0.0	4.5154881242662334e-05	0.0	0.0	0.0	0.0	0.0	0.0	0.0	0.0	4.5154881242662334e-05	0.0	0.0	0.0	0.0	0.0	0.0
_scratch_st-cdeboer-1_asfar_VLPs_results_crispresso_aggregated_spacer_SPACE-NG_rep2_.staging_CRISPRessoPooled_on_SPACE-NG_D4_rep2_CRISPResso_on_HEK3	A	5.278437582475587e-05	0.0001055687516495	0.0	0.000211137503299	5.278437582475587e-05	0.999788862496701	0.0	0.999788862496701	5.278437582475587e-05	0.0	5.278437582475587e-05	0.9997360781208762	5.278437582475587e-05	0.0001583531274742	0.999788862496701	0.0002639218791237	0.0	0.0	0.0	0.9998944312483504
_scratch_st-cdeboer-1_asfar_VLPs_results_crispresso_aggregated_spacer_SPACE-NG_rep2_.staging_CRISPRessoPooled_on_SPACE-NG_D4_rep2_CRISPResso_on_HEK3	T	0.0001583531274742	5.278437582475587e-05	0.0	5.278437582475587e-05	0.0001583531274742	0.0	0.0001583531274742	5.278437582475587e-05	5.278437582475587e-05	0.999788862496701	0.0001583531274742	0.0	5.278437582475587e-05	0.0001055687516495	0.0	5.278437582475587e-05	0.0001055687516495	0.999577724993402	0.0001055687516495	0.0
_scratch_st-cdeboer-1_asfar_VLPs_results_crispresso_aggregated_spacer_SPACE-NG_rep2_.staging_CRISPRessoPooled_on_SPACE-NG_D4_rep2_CRISPResso_on_HEK3	C	0.0	0.0001055687516495	1.0	0.9997360781208762	0.9996832937450516	5.278437582475587e-05	5.278437582475587e-05	0.0001055687516495	0.9998944312483504	0.000211137503299	0.0	0.0001055687516495	0.0	0.9996832937450516	0.0	0.9996832937450516	0.0002639218791237	0.0002639218791237	0.0	0.0
_scratch_st-cdeboer-1_asfar_VLPs_results_crispresso_aggregated_spacer_SPACE-NG_rep2_.staging_CRISPRessoPooled_on_SPACE-NG_D4_rep2_CRISPResso_on_HEK3	G	0.999788862496701	0.9997360781208762	0.0	0.0	0.0	0.0001583531274742	0.999788862496701	5.278437582475587e-05	0.0	0.0	0.999788862496701	0.0001583531274742	0.9998944312483504	5.278437582475587e-05	0.000211137503299	0.0	0.9996305093692268	0.0001583531274742	0.9998944312483504	0.0001055687516495
_scratch_st-cdeboer-1_asfar_VLPs_results_crispresso_aggregated_spacer_SPACE-NG_rep2_.staging_CRISPRessoPooled_on_SPACE-NG_D4_rep2_CRISPResso_on_HEK3	N	0.0	0.0	0.0	0.0	0.0	0.0	0.0	0.0	0.0	0.0	0.0	0.0	0.0	0.0	0.0	0.0	0.0	0.0	0.0	0.0
_scratch_st-cdeboer-1_asfar_VLPs_results_crispresso_aggregated_spacer_SPACE-NG_rep2_.staging_CRISPRessoPooled_on_SPACE-NG_D4_rep2_CRISPResso_on_HEK3	-	0.0	0.0	0.0	0.0	0.0001055687516495	0.0	0.0	0.0	0.0	0.0	0.0	0.0	0.0	0.0	0.0	0.0	0.0	0.0	0.0	0.0
_scratch_st-cdeboer-1_asfar_VLPs_results_crispresso_aggregated_spacer_SPACE-NG_rep2_.staging_CRISPRessoPooled_on_SPACE-NG_D5_rep2_CRISPResso_on_HEK3	A	0.0	7.637377324626724e-05	3.818688662313362e-05	0.0	0.0001145606598694	0.9997708786802612	0.0	0.9996563180203918	0.0	0.0	3.818688662313362e-05	0.9997708786802612	3.818688662313362e-05	3.818688662313362e-05	0.9999236262267536	0.0	0.0	0.0	3.818688662313362e-05	0.9995799442471456
_scratch_st-cdeboer-1_asfar_VLPs_results_crispresso_aggregated_spacer_SPACE-NG_rep2_.staging_CRISPRessoPooled_on_SPACE-NG_D5_rep2_CRISPResso_on_HEK3	T	0.0	0.0001145606598694	0.0001145606598694	0.0002673082063619	0.0	0.0	3.818688662313362e-05	0.0	0.0	0.9997708786802612	3.818688662313362e-05	0.0	7.637377324626724e-05	3.818688662313362e-05	0.0	0.0001145606598694	7.637377324626724e-05	0.9999236262267536	3.818688662313362e-05	0.0
_scratch_st-cdeboer-1_asfar_VLPs_results_crispresso_aggregated_spacer_SPACE-NG_rep2_.staging_CRISPRessoPooled_on_SPACE-NG_D5_rep2_CRISPResso_on_HEK3	C	3.818688662313362e-05	0.000305495092985	0.9998472524535076	0.999732691793638	0.9998854393401306	0.0001145606598694	7.637377324626724e-05	0.0001145606598694	1.0	7.637377324626724e-05	0.0001145606598694	7.637377324626724e-05	7.637377324626724e-05	0.9999236262267536	0.0	0.9998854393401306	0.0001909344331156	7.637377324626724e-05	0.0001527475464925	0.0001527475464925
_scratch_st-cdeboer-1_asfar_VLPs_results_crispresso_aggregated_spacer_SPACE-NG_rep2_.staging_CRISPRessoPooled_on_SPACE-NG_D5_rep2_CRISPResso_on_HEK3	G	0.9999618131133768	0.999465383587276	0.0	0.0	0.0	0.0001145606598694	0.9998854393401306	0.0002291213197388	0.0	0.0001527475464925	0.9998090655668844	0.0001527475464925	0.9998090655668844	0.0	7.637377324626724e-05	0.0	0.999732691793638	0.0	0.9997708786802612	0.0002673082063619
_scratch_st-cdeboer-1_asfar_VLPs_results_crispresso_aggregated_spacer_SPACE-NG_rep2_.staging_CRISPRessoPooled_on_SPACE-NG_D5_rep2_CRISPResso_on_HEK3	N	0.0	0.0	0.0	0.0	0.0	0.0	0.0	0.0	0.0	0.0	0.0	0.0	0.0	0.0	0.0	0.0	0.0	0.0	0.0	0.0
_scratch_st-cdeboer-1_asfar_VLPs_results_crispresso_aggregated_spacer_SPACE-NG_rep2_.staging_CRISPRessoPooled_on_SPACE-NG_D5_rep2_CRISPResso_on_HEK3	-	0.0	3.818688662313362e-05	0.0	0.0	0.0	0.0	0.0	0.0	0.0	0.0	0.0	0.0	0.0	0.0	0.0	0.0	0.0	0.0	0.0	0.0
