Folder	Nucleotide	G	G	A	G	G	C	T	A	T	C	C	A	G	C	G	T	G	A	G	T
_scratch_st-cdeboer-1_asfar_VLPs_results_crispresso_aggregated_spacer_SPACE-DeltaUGI_rep3_.staging_CRISPRessoPooled_on_SPACE-DeltaUGI_D1_rep3_CRISPResso_on_B2M	A	0.0003595505617977	0.0	0.999505617977528	4.4943820224719104e-05	0.0002696629213483	4.4943820224719104e-05	0.0	0.9997752808988764	0.0	0.0	4.4943820224719104e-05	0.9997303370786516	0.0	4.4943820224719104e-05	0.0	0.0	0.0	0.9996404494382024	0.0	0.0
_scratch_st-cdeboer-1_asfar_VLPs_results_crispresso_aggregated_spacer_SPACE-DeltaUGI_rep3_.staging_CRISPRessoPooled_on_SPACE-DeltaUGI_D1_rep3_CRISPResso_on_B2M	T	8.988764044943821e-05	0.0002696629213483	0.0	0.000314606741573	0.0	4.4943820224719104e-05	0.9997752808988764	0.0	0.9998202247191011	4.4943820224719104e-05	4.4943820224719104e-05	0.0	4.4943820224719104e-05	0.0001797752808988	4.4943820224719104e-05	0.9995505617977528	8.988764044943821e-05	0.0	0.0001797752808988	0.999505617977528
_scratch_st-cdeboer-1_asfar_VLPs_results_crispresso_aggregated_spacer_SPACE-DeltaUGI_rep3_.staging_CRISPRessoPooled_on_SPACE-DeltaUGI_D1_rep3_CRISPResso_on_B2M	C	8.988764044943821e-05	8.988764044943821e-05	0.0	0.0001348314606741	4.4943820224719104e-05	0.9999101123595504	0.0001797752808988	4.4943820224719104e-05	4.4943820224719104e-05	0.9999101123595504	0.9999101123595504	0.0001348314606741	8.988764044943821e-05	0.9997303370786516	0.0	0.0004044943820224	4.4943820224719104e-05	0.0001797752808988	0.0	0.0002696629213483
_scratch_st-cdeboer-1_asfar_VLPs_results_crispresso_aggregated_spacer_SPACE-DeltaUGI_rep3_.staging_CRISPRessoPooled_on_SPACE-DeltaUGI_D1_rep3_CRISPResso_on_B2M	G	0.9994606741573032	0.9995505617977528	0.0004943820224719	0.999505617977528	0.999685393258427	0.0	4.4943820224719104e-05	0.0001797752808988	0.0001348314606741	4.4943820224719104e-05	0.0	0.0001348314606741	0.9998651685393258	4.4943820224719104e-05	0.9999550561797752	4.4943820224719104e-05	0.9998651685393258	0.0001797752808988	0.9998202247191011	0.0002247191011235
_scratch_st-cdeboer-1_asfar_VLPs_results_crispresso_aggregated_spacer_SPACE-DeltaUGI_rep3_.staging_CRISPRessoPooled_on_SPACE-DeltaUGI_D1_rep3_CRISPResso_on_B2M	N	0.0	0.0	0.0	0.0	0.0	0.0	0.0	0.0	0.0	0.0	0.0	0.0	0.0	0.0	0.0	0.0	0.0	0.0	0.0	0.0
_scratch_st-cdeboer-1_asfar_VLPs_results_crispresso_aggregated_spacer_SPACE-DeltaUGI_rep3_.staging_CRISPRessoPooled_on_SPACE-DeltaUGI_D1_rep3_CRISPResso_on_B2M	-	0.0	8.988764044943821e-05	0.0	0.0	0.0	0.0	0.0	0.0	0.0	0.0	0.0	0.0	0.0	0.0	0.0	0.0	0.0	0.0	0.0	0.0
_scratch_st-cdeboer-1_asfar_VLPs_results_crispresso_aggregated_spacer_SPACE-DeltaUGI_rep3_.staging_CRISPRessoPooled_on_SPACE-DeltaUGI_D2_rep3_CRISPResso_on_B2M	A	0.0004569339730408	0.0	0.9997715330134797	0.0	0.0009138679460817	0.0	0.0	0.9997715330134797	0.0	0.0	0.0	0.9997715330134797	0.0	0.0	0.0	0.0	0.0	0.9997715330134797	0.0	0.0
_scratch_st-cdeboer-1_asfar_VLPs_results_crispresso_aggregated_spacer_SPACE-DeltaUGI_rep3_.staging_CRISPRessoPooled_on_SPACE-DeltaUGI_D2_rep3_CRISPResso_on_B2M	T	0.0	0.0	0.0	0.0002284669865204	0.0	0.0	0.9997715330134797	0.0	0.9997715330134797	0.0	0.0	0.0	0.0	0.0002284669865204	0.0	0.9990861320539182	0.0002284669865204	0.0	0.0002284669865204	0.9995430660269592
_scratch_st-cdeboer-1_asfar_VLPs_results_crispresso_aggregated_spacer_SPACE-DeltaUGI_rep3_.staging_CRISPRessoPooled_on_SPACE-DeltaUGI_D2_rep3_CRISPResso_on_B2M	C	0.0	0.0004569339730408	0.0002284669865204	0.0004569339730408	0.0002284669865204	1.0	0.0002284669865204	0.0	0.0002284669865204	1.0	1.0	0.0	0.0	0.9997715330134797	0.0002284669865204	0.0009138679460817	0.0	0.0	0.0	0.0002284669865204
_scratch_st-cdeboer-1_asfar_VLPs_results_crispresso_aggregated_spacer_SPACE-DeltaUGI_rep3_.staging_CRISPRessoPooled_on_SPACE-DeltaUGI_D2_rep3_CRISPResso_on_B2M	G	0.9995430660269592	0.9995430660269592	0.0	0.9993145990404386	0.9988576650673978	0.0	0.0	0.0002284669865204	0.0	0.0	0.0	0.0002284669865204	1.0	0.0	0.9997715330134797	0.0	0.9997715330134797	0.0002284669865204	0.9997715330134797	0.0002284669865204
_scratch_st-cdeboer-1_asfar_VLPs_results_crispresso_aggregated_spacer_SPACE-DeltaUGI_rep3_.staging_CRISPRessoPooled_on_SPACE-DeltaUGI_D2_rep3_CRISPResso_on_B2M	N	0.0	0.0	0.0	0.0	0.0	0.0	0.0	0.0	0.0	0.0	0.0	0.0	0.0	0.0	0.0	0.0	0.0	0.0	0.0	0.0
_scratch_st-cdeboer-1_asfar_VLPs_results_crispresso_aggregated_spacer_SPACE-DeltaUGI_rep3_.staging_CRISPRessoPooled_on_SPACE-DeltaUGI_D2_rep3_CRISPResso_on_B2M	-	0.0	0.0	0.0	0.0	0.0	0.0	0.0	0.0	0.0	0.0	0.0	0.0	0.0	0.0	0.0	0.0	0.0	0.0	0.0	0.0
_scratch_st-cdeboer-1_asfar_VLPs_results_crispresso_aggregated_spacer_SPACE-DeltaUGI_rep3_.staging_CRISPRessoPooled_on_SPACE-DeltaUGI_D3_rep3_CRISPResso_on_B2M	A	0.0003179028195534	4.890812608514905e-05	0.9996820971804464	0.0	2.4454063042574524e-05	0.0001222703152128	0.0	0.9998043674956594	2.4454063042574524e-05	4.890812608514905e-05	0.0	0.999657643117404	4.890812608514905e-05	7.336218912772357e-05	4.890812608514905e-05	0.0	0.0	0.9997310053065316	0.0	0.0
_scratch_st-cdeboer-1_asfar_VLPs_results_crispresso_aggregated_spacer_SPACE-DeltaUGI_rep3_.staging_CRISPRessoPooled_on_SPACE-DeltaUGI_D3_rep3_CRISPResso_on_B2M	T	7.336218912772357e-05	0.0004890812608514	2.4454063042574524e-05	0.0001956325043405	7.336218912772357e-05	2.4454063042574524e-05	0.9998532756217444	2.4454063042574524e-05	0.9996820971804464	7.336218912772357e-05	9.78162521702981e-05	0.0	0.0001467243782554	0.000171178441298	2.4454063042574524e-05	0.9982882155870196	4.890812608514905e-05	0.0	0.0001222703152128	0.999486464676106
_scratch_st-cdeboer-1_asfar_VLPs_results_crispresso_aggregated_spacer_SPACE-DeltaUGI_rep3_.staging_CRISPRessoPooled_on_SPACE-DeltaUGI_D3_rep3_CRISPResso_on_B2M	C	9.78162521702981e-05	9.78162521702981e-05	7.336218912772357e-05	0.0	7.336218912772357e-05	0.999828821558702	0.0	7.336218912772357e-05	0.000171178441298	0.9997310053065316	0.999828821558702	9.78162521702981e-05	4.890812608514905e-05	0.9997310053065316	0.0	0.0015650600347247	9.78162521702981e-05	0.0	7.336218912772357e-05	0.0002934487565108
_scratch_st-cdeboer-1_asfar_VLPs_results_crispresso_aggregated_spacer_SPACE-DeltaUGI_rep3_.staging_CRISPRessoPooled_on_SPACE-DeltaUGI_D3_rep3_CRISPResso_on_B2M	G	0.999486464676106	0.9992419240456802	0.0001956325043405	0.9997799134326169	0.9998043674956594	0.0	0.0001222703152128	7.336218912772357e-05	9.78162521702981e-05	0.0001222703152128	2.4454063042574524e-05	0.0002200865673831	0.9997310053065316	0.0	0.9999021837478296	0.0001222703152128	0.9998043674956594	0.0002445406304257	0.9997799134326169	0.0001956325043405
_scratch_st-cdeboer-1_asfar_VLPs_results_crispresso_aggregated_spacer_SPACE-DeltaUGI_rep3_.staging_CRISPRessoPooled_on_SPACE-DeltaUGI_D3_rep3_CRISPResso_on_B2M	N	0.0	0.0	0.0	0.0	0.0	0.0	0.0	0.0	0.0	0.0	0.0	0.0	0.0	0.0	0.0	0.0	2.4454063042574524e-05	0.0	0.0	0.0
_scratch_st-cdeboer-1_asfar_VLPs_results_crispresso_aggregated_spacer_SPACE-DeltaUGI_rep3_.staging_CRISPRessoPooled_on_SPACE-DeltaUGI_D3_rep3_CRISPResso_on_B2M	-	2.4454063042574524e-05	0.0001222703152128	2.4454063042574524e-05	2.4454063042574524e-05	2.4454063042574524e-05	2.4454063042574524e-05	2.4454063042574524e-05	2.4454063042574524e-05	2.4454063042574524e-05	2.4454063042574524e-05	4.890812608514905e-05	2.4454063042574524e-05	2.4454063042574524e-05	2.4454063042574524e-05	2.4454063042574524e-05	2.4454063042574524e-05	2.4454063042574524e-05	2.4454063042574524e-05	2.4454063042574524e-05	2.4454063042574524e-05
_scratch_st-cdeboer-1_asfar_VLPs_results_crispresso_aggregated_spacer_SPACE-DeltaUGI_rep3_.staging_CRISPRessoPooled_on_SPACE-DeltaUGI_D4_rep3_CRISPResso_on_B2M	A	0.0002959747434885	0.0	0.999605367008682	0.0	0.000197316495659	9.865824782951856e-05	0.0	0.9997040252565116	0.0	0.0	9.865824782951856e-05	0.9999013417521704	0.0	0.0	0.0	0.0	0.0	0.999802683504341	0.0	0.0
_scratch_st-cdeboer-1_asfar_VLPs_results_crispresso_aggregated_spacer_SPACE-DeltaUGI_rep3_.staging_CRISPRessoPooled_on_SPACE-DeltaUGI_D4_rep3_CRISPResso_on_B2M	T	0.0005919494869771	0.000197316495659	9.865824782951856e-05	0.0004932912391475	0.0	0.0	0.9994080505130228	0.0	0.999605367008682	9.865824782951856e-05	0.0	0.0	9.865824782951856e-05	9.865824782951856e-05	9.865824782951856e-05	0.9955603788476716	9.865824782951856e-05	0.0	0.0002959747434885	0.999605367008682
_scratch_st-cdeboer-1_asfar_VLPs_results_crispresso_aggregated_spacer_SPACE-DeltaUGI_rep3_.staging_CRISPRessoPooled_on_SPACE-DeltaUGI_D4_rep3_CRISPResso_on_B2M	C	0.000394632991318	0.000197316495659	0.0	0.0	0.0	0.9999013417521704	0.000394632991318	9.865824782951856e-05	0.0002959747434885	0.9999013417521704	0.9999013417521704	0.0	0.0	0.999802683504341	0.0	0.0044396211523283	0.000197316495659	0.0	0.0	0.000197316495659
_scratch_st-cdeboer-1_asfar_VLPs_results_crispresso_aggregated_spacer_SPACE-DeltaUGI_rep3_.staging_CRISPRessoPooled_on_SPACE-DeltaUGI_D4_rep3_CRISPResso_on_B2M	G	0.9987174427782164	0.999605367008682	0.0002959747434885	0.9995067087608523	0.999802683504341	0.0	0.000197316495659	0.000197316495659	9.865824782951856e-05	0.0	0.0	9.865824782951856e-05	0.9999013417521704	9.865824782951856e-05	0.9999013417521704	0.0	0.9997040252565116	0.000197316495659	0.9997040252565116	0.000197316495659
_scratch_st-cdeboer-1_asfar_VLPs_results_crispresso_aggregated_spacer_SPACE-DeltaUGI_rep3_.staging_CRISPRessoPooled_on_SPACE-DeltaUGI_D4_rep3_CRISPResso_on_B2M	N	0.0	0.0	0.0	0.0	0.0	0.0	0.0	0.0	0.0	0.0	0.0	0.0	0.0	0.0	0.0	0.0	0.0	0.0	0.0	0.0
_scratch_st-cdeboer-1_asfar_VLPs_results_crispresso_aggregated_spacer_SPACE-DeltaUGI_rep3_.staging_CRISPRessoPooled_on_SPACE-DeltaUGI_D4_rep3_CRISPResso_on_B2M	-	0.0	0.0	0.0	0.0	0.0	0.0	0.0	0.0	0.0	0.0	0.0	0.0	0.0	0.0	0.0	0.0	0.0	0.0	0.0	0.0
_scratch_st-cdeboer-1_asfar_VLPs_results_crispresso_aggregated_spacer_SPACE-DeltaUGI_rep3_.staging_CRISPRessoPooled_on_SPACE-DeltaUGI_D5_rep3_CRISPResso_on_B2M	A	0.0003694808793644	0.0	0.9998152595603178	0.0	0.0	0.0	0.0	0.9998152595603178	0.0	0.0	0.0001847404396822	0.9998152595603178	0.0	0.0	0.0	0.0	0.0	0.9994457786809532	0.0	0.0
_scratch_st-cdeboer-1_asfar_VLPs_results_crispresso_aggregated_spacer_SPACE-DeltaUGI_rep3_.staging_CRISPRessoPooled_on_SPACE-DeltaUGI_D5_rep3_CRISPResso_on_B2M	T	0.0001847404396822	0.0005542213190467	0.0	0.0001847404396822	0.0	0.0	0.9996305191206356	0.0	0.9994457786809532	0.0001847404396822	0.0	0.0	0.0	0.0	0.0	0.991132458895252	0.0	0.0	0.0	0.999261038241271
_scratch_st-cdeboer-1_asfar_VLPs_results_crispresso_aggregated_spacer_SPACE-DeltaUGI_rep3_.staging_CRISPRessoPooled_on_SPACE-DeltaUGI_D5_rep3_CRISPResso_on_B2M	C	0.0	0.0	0.0	0.0003694808793644	0.0	1.0	0.0001847404396822	0.0	0.0003694808793644	0.9998152595603178	0.9998152595603178	0.0	0.0	1.0	0.0001847404396822	0.0086828006650655	0.0001847404396822	0.0001847404396822	0.0	0.0005542213190467
_scratch_st-cdeboer-1_asfar_VLPs_results_crispresso_aggregated_spacer_SPACE-DeltaUGI_rep3_.staging_CRISPRessoPooled_on_SPACE-DeltaUGI_D5_rep3_CRISPResso_on_B2M	G	0.9994457786809532	0.9994457786809532	0.0001847404396822	0.9994457786809532	1.0	0.0	0.0001847404396822	0.0001847404396822	0.0001847404396822	0.0	0.0	0.0001847404396822	1.0	0.0	0.9998152595603178	0.0001847404396822	0.9998152595603178	0.0003694808793644	1.0	0.0001847404396822
_scratch_st-cdeboer-1_asfar_VLPs_results_crispresso_aggregated_spacer_SPACE-DeltaUGI_rep3_.staging_CRISPRessoPooled_on_SPACE-DeltaUGI_D5_rep3_CRISPResso_on_B2M	N	0.0	0.0	0.0	0.0	0.0	0.0	0.0	0.0	0.0	0.0	0.0	0.0	0.0	0.0	0.0	0.0	0.0	0.0	0.0	0.0
_scratch_st-cdeboer-1_asfar_VLPs_results_crispresso_aggregated_spacer_SPACE-DeltaUGI_rep3_.staging_CRISPRessoPooled_on_SPACE-DeltaUGI_D5_rep3_CRISPResso_on_B2M	-	0.0	0.0	0.0	0.0	0.0	0.0	0.0	0.0	0.0	0.0	0.0	0.0	0.0	0.0	0.0	0.0	0.0	0.0	0.0	0.0
