Folder	Nucleotide	G	G	A	G	G	C	T	A	T	C	C	A	G	C	G	T	G	A	G	T
_scratch_st-cdeboer-1_asfar_VLPs_results_crispresso_aggregated_spacer_SPACE-NG_rep1_.staging_CRISPRessoPooled_on_SPACE-NG_D0_rep1_CRISPResso_on_B2M	A	0.0001696036363019	1.6960363630196233e-05	0.9997879954546226	8.480181815098116e-06	5.088109089058869e-05	4.240090907549058e-05	8.480181815098116e-06	0.9998643170909584	8.480181815098116e-06	2.5440545445294342e-05	0.0001102423635962	0.999745594545547	1.6960363630196233e-05	5.088109089058869e-05	8.480181815098116e-06	0.0	2.5440545445294342e-05	0.9997201540001016	8.480181815098116e-06	0.0
_scratch_st-cdeboer-1_asfar_VLPs_results_crispresso_aggregated_spacer_SPACE-NG_rep1_.staging_CRISPRessoPooled_on_SPACE-NG_D0_rep1_CRISPResso_on_B2M	T	4.240090907549058e-05	0.000347687454419	1.6960363630196233e-05	0.0001950441817472	5.936127270568681e-05	0.0001272027272264	0.999821916181883	0.0	0.9996099116365056	7.632163633588304e-05	8.480181815098116e-05	0.0	9.328199996607928e-05	9.328199996607928e-05	3.3920727260392466e-05	0.9998473567273284	3.3920727260392466e-05	2.5440545445294342e-05	0.0001865639999321	0.999660792727396
_scratch_st-cdeboer-1_asfar_VLPs_results_crispresso_aggregated_spacer_SPACE-NG_rep1_.staging_CRISPRessoPooled_on_SPACE-NG_D0_rep1_CRISPResso_on_B2M	C	3.3920727260392466e-05	6.784145452078493e-05	8.480181815098116e-06	7.632163633588304e-05	5.088109089058869e-05	0.999813436000068	5.936127270568681e-05	1.6960363630196233e-05	0.0001526432726717	0.9998982378182188	0.9997710350909924	0.0001187225454113	3.3920727260392466e-05	0.9998473567273284	0.0	4.240090907549058e-05	0.0001865639999321	4.240090907549058e-05	4.240090907549058e-05	0.0001611234544868
_scratch_st-cdeboer-1_asfar_VLPs_results_crispresso_aggregated_spacer_SPACE-NG_rep1_.staging_CRISPRessoPooled_on_SPACE-NG_D0_rep1_CRISPResso_on_B2M	G	0.999754074727362	0.9994996692729092	0.000178083818117	0.9997201540001016	0.9998388765455132	1.6960363630196233e-05	0.0001102423635962	0.0001102423635962	0.0002204847271925	0.0	3.3920727260392466e-05	0.0001356829090415	0.9998558369091434	8.480181815098116e-06	0.9999575990909244	0.0001102423635962	0.999754074727362	0.0002120045453774	0.9997625549091772	0.000178083818117
_scratch_st-cdeboer-1_asfar_VLPs_results_crispresso_aggregated_spacer_SPACE-NG_rep1_.staging_CRISPRessoPooled_on_SPACE-NG_D0_rep1_CRISPResso_on_B2M	N	0.0	0.0	0.0	0.0	0.0	0.0	0.0	8.480181815098116e-06	0.0	0.0	0.0	0.0	0.0	0.0	0.0	0.0	0.0	0.0	0.0	0.0
_scratch_st-cdeboer-1_asfar_VLPs_results_crispresso_aggregated_spacer_SPACE-NG_rep1_.staging_CRISPRessoPooled_on_SPACE-NG_D0_rep1_CRISPResso_on_B2M	-	0.0	6.784145452078493e-05	8.480181815098116e-06	0.0	0.0	0.0	0.0	0.0	8.480181815098116e-06	0.0	0.0	0.0	0.0	0.0	0.0	0.0	0.0	0.0	0.0	0.0
_scratch_st-cdeboer-1_asfar_VLPs_results_crispresso_aggregated_spacer_SPACE-NG_rep1_.staging_CRISPRessoPooled_on_SPACE-NG_D1_rep1_CRISPResso_on_B2M	A	0.0001236661720019	3.533319200056533e-05	0.999629001483994	1.7666596000282665e-05	1.7666596000282665e-05	3.533319200056533e-05	0.0	0.9998233340399972	8.833298000141333e-05	5.2999788000848e-05	8.833298000141333e-05	0.9997350010599958	0.0001059995760016	3.533319200056533e-05	3.533319200056533e-05	0.0	3.533319200056533e-05	0.9995760016959933	3.533319200056533e-05	1.7666596000282665e-05
_scratch_st-cdeboer-1_asfar_VLPs_results_crispresso_aggregated_spacer_SPACE-NG_rep1_.staging_CRISPRessoPooled_on_SPACE-NG_D1_rep1_CRISPResso_on_B2M	T	0.0002473323440039	0.0005123312840081	0.0	0.0002296657480036	0.0001059995760016	1.7666596000282665e-05	0.9997173344639956	0.0	0.9995583350999928	5.2999788000848e-05	0.0001589993640025	1.7666596000282665e-05	0.0001413327680022	0.0001589993640025	5.2999788000848e-05	0.9998410006359976	7.066638400113066e-05	0.0	0.0002296657480036	0.9996466680799944
_scratch_st-cdeboer-1_asfar_VLPs_results_crispresso_aggregated_spacer_SPACE-NG_rep1_.staging_CRISPRessoPooled_on_SPACE-NG_D1_rep1_CRISPResso_on_B2M	C	3.533319200056533e-05	0.0001589993640025	1.7666596000282665e-05	8.833298000141333e-05	8.833298000141333e-05	0.9999293336159988	0.0001766659600028	3.533319200056533e-05	7.066638400113066e-05	0.999876333827998	0.9997350010599958	8.833298000141333e-05	8.833298000141333e-05	0.9997173344639956	7.066638400113066e-05	0.0	7.066638400113066e-05	8.833298000141333e-05	1.7666596000282665e-05	0.0001766659600028
_scratch_st-cdeboer-1_asfar_VLPs_results_crispresso_aggregated_spacer_SPACE-NG_rep1_.staging_CRISPRessoPooled_on_SPACE-NG_D1_rep1_CRISPResso_on_B2M	G	0.9995936682919936	0.9992756695639884	0.0003533319200056	0.9996643346759946	0.9997880008479966	1.7666596000282665e-05	0.0001059995760016	0.0001413327680022	0.0002826655360045	1.7666596000282665e-05	1.7666596000282665e-05	0.0001589993640025	0.9996643346759946	8.833298000141333e-05	0.9998410006359976	0.0001589993640025	0.9998233340399972	0.0003356653240053	0.9997173344639956	0.0001589993640025
_scratch_st-cdeboer-1_asfar_VLPs_results_crispresso_aggregated_spacer_SPACE-NG_rep1_.staging_CRISPRessoPooled_on_SPACE-NG_D1_rep1_CRISPResso_on_B2M	N	0.0	0.0	0.0	0.0	0.0	0.0	0.0	0.0	0.0	0.0	0.0	0.0	0.0	0.0	0.0	0.0	0.0	0.0	0.0	0.0
_scratch_st-cdeboer-1_asfar_VLPs_results_crispresso_aggregated_spacer_SPACE-NG_rep1_.staging_CRISPRessoPooled_on_SPACE-NG_D1_rep1_CRISPResso_on_B2M	-	0.0	1.7666596000282665e-05	0.0	0.0	0.0	0.0	0.0	0.0	0.0	0.0	0.0	0.0	0.0	0.0	0.0	0.0	0.0	0.0	0.0	0.0
_scratch_st-cdeboer-1_asfar_VLPs_results_crispresso_aggregated_spacer_SPACE-NG_rep1_.staging_CRISPRessoPooled_on_SPACE-NG_D2_rep1_CRISPResso_on_B2M	A	8.62924450964318e-05	4.31462225482159e-05	0.9997411226647108	2.157311127410795e-05	6.471933382232386e-05	3.5955185456846586e-05	7.191037091369318e-06	0.9997986509614416	0.0	5.033725963958522e-05	8.62924450964318e-05	0.9996620212567056	5.033725963958522e-05	2.157311127410795e-05	6.471933382232386e-05	0.0	0.0001222476305532	0.9996476391825228	0.0	0.0
_scratch_st-cdeboer-1_asfar_VLPs_results_crispresso_aggregated_spacer_SPACE-NG_rep1_.staging_CRISPRessoPooled_on_SPACE-NG_D2_rep1_CRISPResso_on_B2M	T	0.0001150565934619	0.0004026980771166	1.4382074182738635e-05	0.0002516862981979	5.752829673095454e-05	8.62924450964318e-05	0.9997770778501676	2.157311127410795e-05	0.9996979764421624	9.348348218780112e-05	7.191037091369317e-05	0.0	7.191037091369317e-05	0.0001150565934619	2.876414836547727e-05	0.9997555047388934	7.191037091369317e-05	2.876414836547727e-05	0.0001725848901928	0.999726740590528
_scratch_st-cdeboer-1_asfar_VLPs_results_crispresso_aggregated_spacer_SPACE-NG_rep1_.staging_CRISPRessoPooled_on_SPACE-NG_D2_rep1_CRISPResso_on_B2M	C	5.033725963958522e-05	7.191037091369317e-05	2.876414836547727e-05	6.471933382232386e-05	6.471933382232386e-05	0.999863370295264	8.62924450964318e-05	2.157311127410795e-05	7.910140800506249e-05	0.9998489882210811	0.9998058419985332	0.0001294386676446	5.752829673095454e-05	0.9998489882210811	0.0	9.348348218780112e-05	0.0001150565934619	4.31462225482159e-05	7.910140800506249e-05	0.0001294386676446
_scratch_st-cdeboer-1_asfar_VLPs_results_crispresso_aggregated_spacer_SPACE-NG_rep1_.staging_CRISPRessoPooled_on_SPACE-NG_D2_rep1_CRISPResso_on_B2M	G	0.999748313701802	0.9994462901439646	0.0002085400756497	0.9996620212567056	0.9998130330356244	1.4382074182738635e-05	0.0001294386676446	0.0001582028160101	0.0002229221498324	7.191037091369318e-06	2.157311127410795e-05	0.0002085400756497	0.9998202240727158	1.4382074182738635e-05	0.999906516517812	0.0001510117789187	0.9996907854050712	0.0002804504465634	0.999748313701802	0.000136629704736
_scratch_st-cdeboer-1_asfar_VLPs_results_crispresso_aggregated_spacer_SPACE-NG_rep1_.staging_CRISPRessoPooled_on_SPACE-NG_D2_rep1_CRISPResso_on_B2M	N	0.0	0.0	0.0	0.0	0.0	0.0	0.0	0.0	0.0	0.0	0.0	0.0	0.0	0.0	0.0	0.0	0.0	0.0	0.0	7.191037091369318e-06
_scratch_st-cdeboer-1_asfar_VLPs_results_crispresso_aggregated_spacer_SPACE-NG_rep1_.staging_CRISPRessoPooled_on_SPACE-NG_D2_rep1_CRISPResso_on_B2M	-	0.0	3.5955185456846586e-05	7.191037091369318e-06	0.0	0.0	0.0	0.0	0.0	0.0	0.0	1.4382074182738635e-05	0.0	0.0	0.0	0.0	0.0	0.0	0.0	0.0	0.0
_scratch_st-cdeboer-1_asfar_VLPs_results_crispresso_aggregated_spacer_SPACE-NG_rep1_.staging_CRISPRessoPooled_on_SPACE-NG_D3_rep1_CRISPResso_on_B2M	A	0.0001407905388757	7.039526943789377e-05	0.9996480236528106	3.5197634718946884e-05	0.0001055929041568	7.039526943789377e-05	0.0	0.9997536165569674	0.0	0.0	7.039526943789377e-05	0.9997536165569674	0.0	0.0	3.5197634718946884e-05	0.0	0.0	0.9996832212875296	0.0	3.5197634718946884e-05
_scratch_st-cdeboer-1_asfar_VLPs_results_crispresso_aggregated_spacer_SPACE-NG_rep1_.staging_CRISPRessoPooled_on_SPACE-NG_D3_rep1_CRISPResso_on_B2M	T	0.0001759881735947	0.0007039526943789	3.5197634718946884e-05	0.0002111858083136	3.5197634718946884e-05	3.5197634718946884e-05	0.9995776283833726	3.5197634718946884e-05	0.9995776283833726	7.039526943789377e-05	0.0001055929041568	0.0	7.039526943789377e-05	0.0002815810777515	0.0	0.9997536165569674	7.039526943789377e-05	0.0	0.0003167787124705	0.9995776283833726
_scratch_st-cdeboer-1_asfar_VLPs_results_crispresso_aggregated_spacer_SPACE-NG_rep1_.staging_CRISPRessoPooled_on_SPACE-NG_D3_rep1_CRISPResso_on_B2M	C	0.0	7.039526943789377e-05	7.039526943789377e-05	7.039526943789377e-05	0.0	0.9998944070958432	0.0001407905388757	7.039526943789377e-05	7.039526943789377e-05	0.999929604730562	0.9997888141916864	7.039526943789377e-05	0.0	0.9996832212875296	0.0	0.0001407905388757	3.5197634718946884e-05	3.5197634718946884e-05	7.039526943789377e-05	0.0001407905388757
_scratch_st-cdeboer-1_asfar_VLPs_results_crispresso_aggregated_spacer_SPACE-NG_rep1_.staging_CRISPRessoPooled_on_SPACE-NG_D3_rep1_CRISPResso_on_B2M	G	0.9996832212875296	0.9991200591320264	0.0002463834430326	0.9996832212875296	0.9998592094611242	0.0	0.0002815810777515	0.0001407905388757	0.0003167787124705	0.0	3.5197634718946884e-05	0.0001759881735947	0.999929604730562	3.5197634718946884e-05	0.9999648023652812	0.0001055929041568	0.9998592094611242	0.0002815810777515	0.9996128260180916	0.0002463834430326
_scratch_st-cdeboer-1_asfar_VLPs_results_crispresso_aggregated_spacer_SPACE-NG_rep1_.staging_CRISPRessoPooled_on_SPACE-NG_D3_rep1_CRISPResso_on_B2M	N	0.0	0.0	0.0	0.0	0.0	0.0	0.0	0.0	0.0	0.0	0.0	0.0	0.0	0.0	0.0	0.0	3.5197634718946884e-05	0.0	0.0	0.0
_scratch_st-cdeboer-1_asfar_VLPs_results_crispresso_aggregated_spacer_SPACE-NG_rep1_.staging_CRISPRessoPooled_on_SPACE-NG_D3_rep1_CRISPResso_on_B2M	-	0.0	3.5197634718946884e-05	0.0	0.0	0.0	0.0	0.0	0.0	3.5197634718946884e-05	0.0	0.0	0.0	0.0	0.0	0.0	0.0	0.0	0.0	0.0	0.0
_scratch_st-cdeboer-1_asfar_VLPs_results_crispresso_aggregated_spacer_SPACE-NG_rep1_.staging_CRISPRessoPooled_on_SPACE-NG_D4_rep1_CRISPResso_on_B2M	A	6.293899952166361e-05	0.0001762291986606	0.9997482440019132	7.552679942599633e-05	8.811459933032905e-05	2.517559980866544e-05	1.258779990433272e-05	0.9998992976007652	1.258779990433272e-05	6.293899952166361e-05	6.293899952166361e-05	0.999735656202009	2.517559980866544e-05	7.552679942599633e-05	1.258779990433272e-05	0.0	0.0001510535988519	0.9997860074016264	0.0	3.776339971299817e-05
_scratch_st-cdeboer-1_asfar_VLPs_results_crispresso_aggregated_spacer_SPACE-NG_rep1_.staging_CRISPRessoPooled_on_SPACE-NG_D4_rep1_CRISPResso_on_B2M	T	0.0002014047984693	0.0003146949976083	3.776339971299817e-05	6.293899952166361e-05	0.0001007023992346	5.035119961733088e-05	0.999773419601722	1.258779990433272e-05	0.9997482440019132	7.552679942599633e-05	8.811459933032905e-05	0.0	3.776339971299817e-05	0.0001636413987563	2.517559980866544e-05	0.9997230684021048	0.0001007023992346	1.258779990433272e-05	0.0001888169985649	0.9995846026031572
_scratch_st-cdeboer-1_asfar_VLPs_results_crispresso_aggregated_spacer_SPACE-NG_rep1_.staging_CRISPRessoPooled_on_SPACE-NG_D4_rep1_CRISPResso_on_B2M	C	2.517559980866544e-05	8.811459933032905e-05	1.258779990433272e-05	7.552679942599633e-05	2.517559980866544e-05	0.9999118854006696	0.0001007023992346	1.258779990433272e-05	0.0001132901991389	0.9998237708013392	0.9998363586012436	0.0001510535988519	1.258779990433272e-05	0.9997482440019132	3.776339971299817e-05	0.0001007023992346	0.0001007023992346	3.776339971299817e-05	0.0001384657989476	0.0001888169985649
_scratch_st-cdeboer-1_asfar_VLPs_results_crispresso_aggregated_spacer_SPACE-NG_rep1_.staging_CRISPRessoPooled_on_SPACE-NG_D4_rep1_CRISPResso_on_B2M	G	0.9997104806022004	0.9993831978046877	0.0001888169985649	0.9997860074016264	0.9997860074016264	1.258779990433272e-05	0.0001132901991389	7.552679942599633e-05	0.0001258779990433	3.776339971299817e-05	1.258779990433272e-05	0.0001132901991389	0.999924473200574	1.258779990433272e-05	0.999924473200574	0.0001762291986606	0.9996475416026788	0.0001636413987563	0.9996727172024874	0.0001888169985649
_scratch_st-cdeboer-1_asfar_VLPs_results_crispresso_aggregated_spacer_SPACE-NG_rep1_.staging_CRISPRessoPooled_on_SPACE-NG_D4_rep1_CRISPResso_on_B2M	N	0.0	0.0	1.258779990433272e-05	0.0	0.0	0.0	0.0	0.0	0.0	0.0	0.0	0.0	0.0	0.0	0.0	0.0	0.0	0.0	0.0	0.0
_scratch_st-cdeboer-1_asfar_VLPs_results_crispresso_aggregated_spacer_SPACE-NG_rep1_.staging_CRISPRessoPooled_on_SPACE-NG_D4_rep1_CRISPResso_on_B2M	-	0.0	3.776339971299817e-05	0.0	0.0	0.0	0.0	0.0	0.0	0.0	0.0	0.0	0.0	0.0	0.0	0.0	0.0	0.0	0.0	0.0	0.0
_scratch_st-cdeboer-1_asfar_VLPs_results_crispresso_aggregated_spacer_SPACE-NG_rep1_.staging_CRISPRessoPooled_on_SPACE-NG_D5_rep1_CRISPResso_on_B2M	A	7.352040191153045e-05	2.450680063717681e-05	0.9996569047910796	2.450680063717681e-05	4.901360127435363e-05	8.577380223011886e-05	0.0	0.9997426785933096	0.0	0.0001225340031858	7.352040191153045e-05	0.9996814115917168	1.2253400318588407e-05	4.901360127435363e-05	1.2253400318588407e-05	0.0	0.0001960544050974	0.9997426785933096	4.901360127435363e-05	1.2253400318588407e-05
_scratch_st-cdeboer-1_asfar_VLPs_results_crispresso_aggregated_spacer_SPACE-NG_rep1_.staging_CRISPRessoPooled_on_SPACE-NG_D5_rep1_CRISPResso_on_B2M	T	0.0001102806028672	0.000355348609239	0.0	0.0001838010047788	1.2253400318588407e-05	4.901360127435363e-05	0.9997181717926724	3.6760200955765226e-05	0.9995711309888494	0.0001102806028672	0.0001102806028672	0.0	0.0001225340031858	0.0002328146060531	1.2253400318588407e-05	0.9997426785933096	4.901360127435363e-05	0.0	0.0004288690111505	0.9995711309888494
_scratch_st-cdeboer-1_asfar_VLPs_results_crispresso_aggregated_spacer_SPACE-NG_rep1_.staging_CRISPRessoPooled_on_SPACE-NG_D5_rep1_CRISPResso_on_B2M	C	3.6760200955765226e-05	8.577380223011886e-05	2.450680063717681e-05	4.901360127435363e-05	6.126700159294204e-05	0.9998407057958584	9.802720254870726e-05	1.2253400318588407e-05	6.126700159294204e-05	0.9997549319936282	0.9997794387942656	0.0001347874035044	3.6760200955765226e-05	0.999644651390761	7.352040191153045e-05	0.0001347874035044	0.0001347874035044	3.6760200955765226e-05	3.6760200955765226e-05	0.0001347874035044
_scratch_st-cdeboer-1_asfar_VLPs_results_crispresso_aggregated_spacer_SPACE-NG_rep1_.staging_CRISPRessoPooled_on_SPACE-NG_D5_rep1_CRISPResso_on_B2M	G	0.9997671853939468	0.999497610586938	0.0003063350079647	0.999730425192991	0.9998652125964956	1.2253400318588407e-05	0.0001715476044602	0.0001960544050974	0.000355348609239	0.0	2.450680063717681e-05	0.0001715476044602	0.9998161989952212	6.126700159294204e-05	0.9998897193971328	0.0001102806028672	0.9996078911898052	0.0001838010047788	0.9994731037863008	0.0002695748070089
_scratch_st-cdeboer-1_asfar_VLPs_results_crispresso_aggregated_spacer_SPACE-NG_rep1_.staging_CRISPRessoPooled_on_SPACE-NG_D5_rep1_CRISPResso_on_B2M	N	0.0	0.0	0.0	0.0	0.0	0.0	0.0	0.0	0.0	0.0	0.0	0.0	0.0	0.0	0.0	0.0	0.0	1.2253400318588407e-05	0.0	0.0
_scratch_st-cdeboer-1_asfar_VLPs_results_crispresso_aggregated_spacer_SPACE-NG_rep1_.staging_CRISPRessoPooled_on_SPACE-NG_D5_rep1_CRISPResso_on_B2M	-	1.2253400318588407e-05	3.6760200955765226e-05	1.2253400318588407e-05	1.2253400318588407e-05	1.2253400318588407e-05	1.2253400318588407e-05	1.2253400318588407e-05	1.2253400318588407e-05	1.2253400318588407e-05	1.2253400318588407e-05	1.2253400318588407e-05	1.2253400318588407e-05	1.2253400318588407e-05	1.2253400318588407e-05	1.2253400318588407e-05	1.2253400318588407e-05	1.2253400318588407e-05	2.450680063717681e-05	1.2253400318588407e-05	1.2253400318588407e-05
