Folder	Nucleotide	G	G	A	G	G	C	T	A	T	C	C	A	G	C	G	T	G	A	G	T
_scratch_st-cdeboer-1_asfar_VLPs_results_crispresso_aggregated_spacer_SPACE-DeltaUGI_rep2_.staging_CRISPRessoPooled_on_SPACE-DeltaUGI_D1_rep2_CRISPResso_on_B2M	A	2.9053720328888115e-05	0.0	0.9995641941950668	0.0	0.0	2.9053720328888115e-05	0.0	0.9997675702373688	0.0	5.810744065777623e-05	0.0001162148813155	0.9998837851186844	2.9053720328888115e-05	2.9053720328888115e-05	5.810744065777623e-05	0.0	5.810744065777623e-05	0.9998256776780268	0.0	0.0
_scratch_st-cdeboer-1_asfar_VLPs_results_crispresso_aggregated_spacer_SPACE-DeltaUGI_rep2_.staging_CRISPRessoPooled_on_SPACE-DeltaUGI_D1_rep2_CRISPResso_on_B2M	T	0.0002033760423022	0.0004358058049333	5.810744065777623e-05	0.0002033760423022	5.810744065777623e-05	2.9053720328888115e-05	0.9996223016357244	8.716116098666435e-05	0.9996804090763822	2.9053720328888115e-05	5.810744065777623e-05	0.0	0.0	0.0001162148813155	0.0	0.9996804090763822	8.716116098666435e-05	0.0	0.0001162148813155	0.9996223016357244
_scratch_st-cdeboer-1_asfar_VLPs_results_crispresso_aggregated_spacer_SPACE-DeltaUGI_rep2_.staging_CRISPRessoPooled_on_SPACE-DeltaUGI_D1_rep2_CRISPResso_on_B2M	C	5.810744065777623e-05	0.0001162148813155	5.810744065777623e-05	5.810744065777623e-05	5.810744065777623e-05	0.9998837851186844	0.0002324297626311	2.9053720328888115e-05	8.716116098666435e-05	0.9998837851186844	0.9998256776780268	2.9053720328888115e-05	0.0	0.9998547313983556	0.0	0.0002905372032888	8.716116098666435e-05	0.0	5.810744065777623e-05	0.0001743223219733
_scratch_st-cdeboer-1_asfar_VLPs_results_crispresso_aggregated_spacer_SPACE-DeltaUGI_rep2_.staging_CRISPRessoPooled_on_SPACE-DeltaUGI_D1_rep2_CRISPResso_on_B2M	G	0.9997094627967112	0.9993898718730934	0.0002905372032888	0.99973851651704	0.9998837851186844	5.810744065777623e-05	0.0001452686016444	0.0001162148813155	0.0002324297626311	2.9053720328888115e-05	0.0	8.716116098666435e-05	0.9999709462796712	0.0	0.9999418925593422	2.9053720328888115e-05	0.9997675702373688	0.0001743223219733	0.9998256776780268	0.0002033760423022
_scratch_st-cdeboer-1_asfar_VLPs_results_crispresso_aggregated_spacer_SPACE-DeltaUGI_rep2_.staging_CRISPRessoPooled_on_SPACE-DeltaUGI_D1_rep2_CRISPResso_on_B2M	N	0.0	0.0	0.0	0.0	0.0	0.0	0.0	0.0	0.0	0.0	0.0	0.0	0.0	0.0	0.0	0.0	0.0	0.0	0.0	0.0
_scratch_st-cdeboer-1_asfar_VLPs_results_crispresso_aggregated_spacer_SPACE-DeltaUGI_rep2_.staging_CRISPRessoPooled_on_SPACE-DeltaUGI_D1_rep2_CRISPResso_on_B2M	-	0.0	5.810744065777623e-05	2.9053720328888115e-05	0.0	0.0	0.0	0.0	0.0	0.0	0.0	0.0	0.0	0.0	0.0	0.0	0.0	0.0	0.0	0.0	0.0
_scratch_st-cdeboer-1_asfar_VLPs_results_crispresso_aggregated_spacer_SPACE-DeltaUGI_rep2_.staging_CRISPRessoPooled_on_SPACE-DeltaUGI_D2_rep2_CRISPResso_on_B2M	A	3.191370534075859e-05	4.787055801113788e-05	0.9997606472099444	3.191370534075859e-05	0.0001116979686926	1.5956852670379295e-05	0.0	0.9998244746206258	1.5956852670379295e-05	4.787055801113788e-05	4.787055801113788e-05	0.999744690357274	1.5956852670379295e-05	7.978426335189648e-05	4.787055801113788e-05	0.0	3.191370534075859e-05	0.9996808629465924	0.0	3.191370534075859e-05
_scratch_st-cdeboer-1_asfar_VLPs_results_crispresso_aggregated_spacer_SPACE-DeltaUGI_rep2_.staging_CRISPRessoPooled_on_SPACE-DeltaUGI_D2_rep2_CRISPResso_on_B2M	T	0.0001595685267037	0.0001116979686926	0.0	9.574111602227576e-05	6.382741068151718e-05	1.5956852670379295e-05	0.9998085177679554	1.5956852670379295e-05	0.9997925609152852	9.574111602227576e-05	4.787055801113788e-05	0.0	3.191370534075859e-05	0.0001755253793741	3.191370534075859e-05	0.9993776827458551	4.787055801113788e-05	3.191370534075859e-05	0.0002074390847149	0.9996170355359107
_scratch_st-cdeboer-1_asfar_VLPs_results_crispresso_aggregated_spacer_SPACE-DeltaUGI_rep2_.staging_CRISPRessoPooled_on_SPACE-DeltaUGI_D2_rep2_CRISPResso_on_B2M	C	9.574111602227576e-05	9.574111602227576e-05	1.5956852670379295e-05	4.787055801113788e-05	3.191370534075859e-05	0.9999521294419887	0.0001116979686926	3.191370534075859e-05	6.382741068151718e-05	0.9998404314732962	0.9998404314732962	7.978426335189648e-05	3.191370534075859e-05	0.9997127766519333	0.0	0.0005744466961336	9.574111602227576e-05	1.5956852670379295e-05	0.0001116979686926	0.0002233959373853
_scratch_st-cdeboer-1_asfar_VLPs_results_crispresso_aggregated_spacer_SPACE-DeltaUGI_rep2_.staging_CRISPRessoPooled_on_SPACE-DeltaUGI_D2_rep2_CRISPResso_on_B2M	G	0.9996968197992628	0.9996808629465924	0.0002074390847149	0.9998085177679554	0.9997766040626148	0.0	6.382741068151718e-05	0.0001116979686926	0.0001116979686926	0.0	1.5956852670379295e-05	0.0001595685267037	0.9999042588839776	1.5956852670379295e-05	0.9999042588839776	3.191370534075859e-05	0.9998085177679554	0.000255309642726	0.999664906093922	0.0001116979686926
_scratch_st-cdeboer-1_asfar_VLPs_results_crispresso_aggregated_spacer_SPACE-DeltaUGI_rep2_.staging_CRISPRessoPooled_on_SPACE-DeltaUGI_D2_rep2_CRISPResso_on_B2M	N	0.0	0.0	0.0	0.0	0.0	0.0	0.0	0.0	0.0	0.0	1.5956852670379295e-05	0.0	0.0	0.0	0.0	0.0	0.0	0.0	0.0	0.0
_scratch_st-cdeboer-1_asfar_VLPs_results_crispresso_aggregated_spacer_SPACE-DeltaUGI_rep2_.staging_CRISPRessoPooled_on_SPACE-DeltaUGI_D2_rep2_CRISPResso_on_B2M	-	1.5956852670379295e-05	6.382741068151718e-05	1.5956852670379295e-05	1.5956852670379295e-05	1.5956852670379295e-05	1.5956852670379295e-05	1.5956852670379295e-05	1.5956852670379295e-05	1.5956852670379295e-05	1.5956852670379295e-05	3.191370534075859e-05	1.5956852670379295e-05	1.5956852670379295e-05	1.5956852670379295e-05	1.5956852670379295e-05	1.5956852670379295e-05	1.5956852670379295e-05	1.5956852670379295e-05	1.5956852670379295e-05	1.5956852670379295e-05
_scratch_st-cdeboer-1_asfar_VLPs_results_crispresso_aggregated_spacer_SPACE-DeltaUGI_rep2_.staging_CRISPRessoPooled_on_SPACE-DeltaUGI_D3_rep2_CRISPResso_on_B2M	A	0.0001377908679102	3.444771697755731e-05	0.9998277614151122	1.7223858488778656e-05	8.611929244389329e-05	3.444771697755731e-05	0.0	0.9998794329905786	0.0	6.889543395511462e-05	6.889543395511462e-05	0.9996555228302244	5.167157546633597e-05	6.889543395511462e-05	1.7223858488778656e-05	0.0	3.444771697755731e-05	0.999603851254758	1.7223858488778656e-05	3.444771697755731e-05
_scratch_st-cdeboer-1_asfar_VLPs_results_crispresso_aggregated_spacer_SPACE-DeltaUGI_rep2_.staging_CRISPRessoPooled_on_SPACE-DeltaUGI_D3_rep2_CRISPResso_on_B2M	T	0.0001377908679102	0.0004133726037306	1.7223858488778656e-05	0.0002411340188429	0.0	0.0	0.9997071944056908	3.444771697755731e-05	0.999534955820803	6.889543395511462e-05	8.611929244389329e-05	0.0	0.000155014726399	0.0002066863018653	3.444771697755731e-05	0.9981914948586782	0.0001377908679102	1.7223858488778656e-05	0.0001894624433765	0.9993971649528928
_scratch_st-cdeboer-1_asfar_VLPs_results_crispresso_aggregated_spacer_SPACE-DeltaUGI_rep2_.staging_CRISPRessoPooled_on_SPACE-DeltaUGI_D3_rep2_CRISPResso_on_B2M	C	3.444771697755731e-05	0.0001205670094214	3.444771697755731e-05	3.444771697755731e-05	0.0	0.9999138807075562	0.0001033431509326	0.0	0.0001722385848877	0.9997933136981346	0.9998105375566234	0.0001377908679102	3.444771697755731e-05	0.9996382989717356	5.167157546633597e-05	0.0016362665564339	8.611929244389329e-05	1.7223858488778656e-05	8.611929244389329e-05	0.0001894624433765
_scratch_st-cdeboer-1_asfar_VLPs_results_crispresso_aggregated_spacer_SPACE-DeltaUGI_rep2_.staging_CRISPRessoPooled_on_SPACE-DeltaUGI_D3_rep2_CRISPResso_on_B2M	G	0.9996555228302244	0.9993971649528928	6.889543395511462e-05	0.9996727466887132	0.9998794329905786	1.7223858488778656e-05	0.000155014726399	5.167157546633597e-05	0.0002583578773316	1.7223858488778656e-05	0.0	0.0001722385848877	0.9997244182641796	5.167157546633597e-05	0.9998622091320898	0.0001377908679102	0.9997071944056908	0.0003272533112867	0.9996727466887132	0.0003444771697755
_scratch_st-cdeboer-1_asfar_VLPs_results_crispresso_aggregated_spacer_SPACE-DeltaUGI_rep2_.staging_CRISPRessoPooled_on_SPACE-DeltaUGI_D3_rep2_CRISPResso_on_B2M	N	0.0	0.0	0.0	0.0	0.0	0.0	0.0	0.0	0.0	1.7223858488778656e-05	0.0	0.0	0.0	0.0	0.0	0.0	0.0	0.0	0.0	0.0
_scratch_st-cdeboer-1_asfar_VLPs_results_crispresso_aggregated_spacer_SPACE-DeltaUGI_rep2_.staging_CRISPRessoPooled_on_SPACE-DeltaUGI_D3_rep2_CRISPResso_on_B2M	-	3.444771697755731e-05	3.444771697755731e-05	5.167157546633597e-05	3.444771697755731e-05	3.444771697755731e-05	3.444771697755731e-05	3.444771697755731e-05	3.444771697755731e-05	3.444771697755731e-05	3.444771697755731e-05	3.444771697755731e-05	3.444771697755731e-05	3.444771697755731e-05	3.444771697755731e-05	3.444771697755731e-05	3.444771697755731e-05	3.444771697755731e-05	3.444771697755731e-05	3.444771697755731e-05	3.444771697755731e-05
_scratch_st-cdeboer-1_asfar_VLPs_results_crispresso_aggregated_spacer_SPACE-DeltaUGI_rep2_.staging_CRISPRessoPooled_on_SPACE-DeltaUGI_D4_rep2_CRISPResso_on_B2M	A	0.0001119350776549	2.798376941374003e-05	0.9998600811529312	2.798376941374003e-05	9.79431929480901e-05	6.995942353435007e-05	0.0	0.999888064922345	1.3991884706870016e-05	5.596753882748006e-05	1.3991884706870016e-05	0.9997061704211556	1.3991884706870016e-05	0.0	0.0	0.0	1.3991884706870016e-05	0.9997621379599833	1.3991884706870016e-05	2.798376941374003e-05
_scratch_st-cdeboer-1_asfar_VLPs_results_crispresso_aggregated_spacer_SPACE-DeltaUGI_rep2_.staging_CRISPRessoPooled_on_SPACE-DeltaUGI_D4_rep2_CRISPResso_on_B2M	T	0.0001119350776549	0.0001958863858961	0.0	0.0002378620400167	5.596753882748006e-05	4.197565412061005e-05	0.9997621379599833	0.0	0.9997061704211556	6.995942353435007e-05	4.197565412061005e-05	2.798376941374003e-05	6.995942353435007e-05	0.0001399188470687	2.798376941374003e-05	0.994836994543165	6.995942353435007e-05	0.0	8.395130824122009e-05	0.9997061704211556
_scratch_st-cdeboer-1_asfar_VLPs_results_crispresso_aggregated_spacer_SPACE-DeltaUGI_rep2_.staging_CRISPRessoPooled_on_SPACE-DeltaUGI_D4_rep2_CRISPResso_on_B2M	C	0.0001119350776549	0.0001399188470687	4.197565412061005e-05	9.79431929480901e-05	5.596753882748006e-05	0.9998740730376382	8.395130824122009e-05	4.197565412061005e-05	0.0001259269623618	0.9998600811529312	0.9999160486917588	0.0001539107317755	2.798376941374003e-05	0.9998181054988108	1.3991884706870016e-05	0.0051350216874212	8.395130824122009e-05	2.798376941374003e-05	6.995942353435007e-05	0.0001958863858961
_scratch_st-cdeboer-1_asfar_VLPs_results_crispresso_aggregated_spacer_SPACE-DeltaUGI_rep2_.staging_CRISPRessoPooled_on_SPACE-DeltaUGI_D4_rep2_CRISPResso_on_B2M	G	0.9996641947670352	0.9996082272282076	9.79431929480901e-05	0.9996362109976212	0.999790121729397	1.3991884706870016e-05	0.0001539107317755	6.995942353435007e-05	0.0001539107317755	1.3991884706870016e-05	2.798376941374003e-05	0.0001119350776549	0.999888064922345	4.197565412061005e-05	0.9999580243458794	2.798376941374003e-05	0.9998320973835176	0.000209878270603	0.9998320973835176	6.995942353435007e-05
_scratch_st-cdeboer-1_asfar_VLPs_results_crispresso_aggregated_spacer_SPACE-DeltaUGI_rep2_.staging_CRISPRessoPooled_on_SPACE-DeltaUGI_D4_rep2_CRISPResso_on_B2M	N	0.0	1.3991884706870016e-05	0.0	0.0	0.0	0.0	0.0	0.0	0.0	0.0	0.0	0.0	0.0	0.0	0.0	0.0	0.0	0.0	0.0	0.0
_scratch_st-cdeboer-1_asfar_VLPs_results_crispresso_aggregated_spacer_SPACE-DeltaUGI_rep2_.staging_CRISPRessoPooled_on_SPACE-DeltaUGI_D4_rep2_CRISPResso_on_B2M	-	0.0	1.3991884706870016e-05	0.0	0.0	0.0	0.0	0.0	0.0	0.0	0.0	0.0	0.0	0.0	0.0	0.0	0.0	0.0	0.0	0.0	0.0
_scratch_st-cdeboer-1_asfar_VLPs_results_crispresso_aggregated_spacer_SPACE-DeltaUGI_rep2_.staging_CRISPRessoPooled_on_SPACE-DeltaUGI_D5_rep2_CRISPResso_on_B2M	A	0.000223164472216	0.0	0.999832626645838	0.0	5.57911180540058e-05	0.000111582236108	0.0	0.999888417763892	0.0	0.000167373354162	0.0	0.999776835527784	0.0	0.0	0.0	0.0	0.0	0.999386297701406	0.0	0.0
_scratch_st-cdeboer-1_asfar_VLPs_results_crispresso_aggregated_spacer_SPACE-DeltaUGI_rep2_.staging_CRISPRessoPooled_on_SPACE-DeltaUGI_D5_rep2_CRISPResso_on_B2M	T	0.000111582236108	0.00027895559027	0.0	0.000167373354162	0.0	5.57911180540058e-05	0.999665253291676	0.000111582236108	0.999553671055568	5.57911180540058e-05	5.57911180540058e-05	0.0	0.000223164472216	0.000111582236108	0.000111582236108	0.9882838652086589	0.000111582236108	0.0	0.000111582236108	0.999274715465298
_scratch_st-cdeboer-1_asfar_VLPs_results_crispresso_aggregated_spacer_SPACE-DeltaUGI_rep2_.staging_CRISPRessoPooled_on_SPACE-DeltaUGI_D5_rep2_CRISPResso_on_B2M	C	5.57911180540058e-05	0.000167373354162	5.57911180540058e-05	5.57911180540058e-05	5.57911180540058e-05	0.999776835527784	0.000167373354162	0.0	0.00027895559027	0.99972104440973	0.999944208881946	0.000167373354162	0.000111582236108	0.999832626645838	0.0	0.0114371792010711	5.57911180540058e-05	5.57911180540058e-05	0.000167373354162	0.000223164472216
_scratch_st-cdeboer-1_asfar_VLPs_results_crispresso_aggregated_spacer_SPACE-DeltaUGI_rep2_.staging_CRISPRessoPooled_on_SPACE-DeltaUGI_D5_rep2_CRISPResso_on_B2M	G	0.999609462173622	0.999553671055568	0.000111582236108	0.999776835527784	0.999888417763892	5.57911180540058e-05	0.000167373354162	0.0	0.000167373354162	5.57911180540058e-05	0.0	5.57911180540058e-05	0.999665253291676	5.57911180540058e-05	0.999888417763892	0.00027895559027	0.999609462173622	0.000334746708324	0.999497879937514	0.00027895559027
_scratch_st-cdeboer-1_asfar_VLPs_results_crispresso_aggregated_spacer_SPACE-DeltaUGI_rep2_.staging_CRISPRessoPooled_on_SPACE-DeltaUGI_D5_rep2_CRISPResso_on_B2M	N	0.0	0.0	0.0	0.0	0.0	0.0	0.0	0.0	0.0	0.0	0.0	0.0	0.0	0.0	0.0	0.0	0.0	0.0	0.0	0.0
_scratch_st-cdeboer-1_asfar_VLPs_results_crispresso_aggregated_spacer_SPACE-DeltaUGI_rep2_.staging_CRISPRessoPooled_on_SPACE-DeltaUGI_D5_rep2_CRISPResso_on_B2M	-	0.0	0.0	0.0	0.0	0.0	0.0	0.0	0.0	0.0	0.0	0.0	0.0	0.0	0.0	0.0	0.0	0.000223164472216	0.000223164472216	0.000223164472216	0.000223164472216
