Folder	Nucleotide	C	A	C	C	T	A	C	C	T	A	A	G	A	A	C	C	A	T	C	C
_scratch_st-cdeboer-1_asfar_VLPs_results_crispresso_aggregated_spacer_SPACE_rep2_.staging_CRISPRessoPooled_on_SPACE_D0_rep2_CRISPResso_on_PDCD1	A	8.857620084020853e-05	0.999848155084274	7.592245786303589e-05	5.061497190869059e-05	0.0	0.9998355013412968	2.5307485954345296e-05	8.857620084020853e-05	1.2653742977172648e-05	0.9998861163132056	0.9998734625702282	5.061497190869059e-05	0.9997722326264108	0.9997469251404566	0.0	8.857620084020853e-05	0.9998101938553424	0.0	3.7961228931517946e-05	0.0001012299438173
_scratch_st-cdeboer-1_asfar_VLPs_results_crispresso_aggregated_spacer_SPACE_rep2_.staging_CRISPRessoPooled_on_SPACE_D0_rep2_CRISPResso_on_PDCD1	T	2.5307485954345296e-05	1.2653742977172648e-05	5.061497190869059e-05	0.0	0.9998355013412968	3.7961228931517946e-05	5.061497190869059e-05	3.7961228931517946e-05	0.9998355013412968	0.0	1.2653742977172648e-05	0.0001012299438173	0.0	0.0	2.5307485954345296e-05	6.326871488586324e-05	1.2653742977172648e-05	0.9997216176545022	2.5307485954345296e-05	2.5307485954345296e-05
_scratch_st-cdeboer-1_asfar_VLPs_results_crispresso_aggregated_spacer_SPACE_rep2_.staging_CRISPRessoPooled_on_SPACE_D0_rep2_CRISPResso_on_PDCD1	C	0.9998101938553424	5.061497190869059e-05	0.9998355013412968	0.9999493850280912	8.857620084020853e-05	1.2653742977172648e-05	0.9998734625702282	0.999848155084274	7.592245786303589e-05	2.5307485954345296e-05	5.061497190869059e-05	1.2653742977172648e-05	0.0001012299438173	5.061497190869059e-05	0.9999746925140456	0.9998355013412968	0.0001012299438173	0.0002277673735891	0.9999367312851142	0.9998355013412968
_scratch_st-cdeboer-1_asfar_VLPs_results_crispresso_aggregated_spacer_SPACE_rep2_.staging_CRISPRessoPooled_on_SPACE_D0_rep2_CRISPResso_on_PDCD1	G	2.5307485954345296e-05	8.857620084020853e-05	3.7961228931517946e-05	0.0	6.326871488586324e-05	0.0001138836867945	5.061497190869059e-05	2.5307485954345296e-05	7.592245786303589e-05	8.857620084020853e-05	5.061497190869059e-05	0.9998355013412968	0.0001265374297717	0.0001898061446575	0.0	1.2653742977172648e-05	7.592245786303589e-05	5.061497190869059e-05	0.0	3.7961228931517946e-05
_scratch_st-cdeboer-1_asfar_VLPs_results_crispresso_aggregated_spacer_SPACE_rep2_.staging_CRISPRessoPooled_on_SPACE_D0_rep2_CRISPResso_on_PDCD1	N	0.0	0.0	0.0	0.0	0.0	0.0	0.0	0.0	0.0	0.0	0.0	0.0	0.0	0.0	0.0	0.0	0.0	0.0	0.0	0.0
_scratch_st-cdeboer-1_asfar_VLPs_results_crispresso_aggregated_spacer_SPACE_rep2_.staging_CRISPRessoPooled_on_SPACE_D0_rep2_CRISPResso_on_PDCD1	-	5.061497190869059e-05	0.0	0.0	0.0	1.2653742977172648e-05	0.0	0.0	0.0	0.0	0.0	1.2653742977172648e-05	0.0	0.0	1.2653742977172648e-05	0.0	0.0	0.0	0.0	0.0	0.0
_scratch_st-cdeboer-1_asfar_VLPs_results_crispresso_aggregated_spacer_SPACE_rep2_.staging_CRISPRessoPooled_on_SPACE_D1_rep2_CRISPResso_on_PDCD1	A	0.0001000350122542	0.999874956234682	2.500875306357225e-05	2.500875306357225e-05	0.0	0.9997999299754914	0.0001250437653178	2.500875306357225e-05	0.0	0.999874956234682	0.999874956234682	5.00175061271445e-05	0.999874956234682	0.9998999649877456	2.500875306357225e-05	0.0001500525183814	0.999824938728555	0.0	5.00175061271445e-05	0.0
_scratch_st-cdeboer-1_asfar_VLPs_results_crispresso_aggregated_spacer_SPACE_rep2_.staging_CRISPRessoPooled_on_SPACE_D1_rep2_CRISPResso_on_PDCD1	T	2.500875306357225e-05	2.500875306357225e-05	0.000175061271445	0.0	0.9998499474816186	2.500875306357225e-05	7.502625919071675e-05	0.0	0.9997749212224278	0.0	0.0	7.502625919071675e-05	0.0	0.0	0.0	2.500875306357225e-05	0.0	0.9997999299754914	0.0	2.500875306357225e-05
_scratch_st-cdeboer-1_asfar_VLPs_results_crispresso_aggregated_spacer_SPACE_rep2_.staging_CRISPRessoPooled_on_SPACE_D1_rep2_CRISPResso_on_PDCD1	C	0.999874956234682	2.500875306357225e-05	0.9997499124693644	0.9999499824938728	0.0001000350122542	7.502625919071675e-05	0.9997749212224278	0.9999749912469365	0.000175061271445	2.500875306357225e-05	2.500875306357225e-05	0.0	7.502625919071675e-05	2.500875306357225e-05	0.9999749912469365	0.999824938728555	7.502625919071675e-05	0.0001500525183814	0.9999499824938728	0.9999499824938728
_scratch_st-cdeboer-1_asfar_VLPs_results_crispresso_aggregated_spacer_SPACE_rep2_.staging_CRISPRessoPooled_on_SPACE_D1_rep2_CRISPResso_on_PDCD1	G	0.0	7.502625919071675e-05	2.500875306357225e-05	0.0	5.00175061271445e-05	0.0001000350122542	2.500875306357225e-05	0.0	5.00175061271445e-05	0.0001000350122542	0.0001000350122542	0.999874956234682	5.00175061271445e-05	7.502625919071675e-05	0.0	0.0	0.0001000350122542	5.00175061271445e-05	0.0	2.500875306357225e-05
_scratch_st-cdeboer-1_asfar_VLPs_results_crispresso_aggregated_spacer_SPACE_rep2_.staging_CRISPRessoPooled_on_SPACE_D1_rep2_CRISPResso_on_PDCD1	N	0.0	0.0	2.500875306357225e-05	0.0	0.0	0.0	0.0	0.0	0.0	0.0	0.0	0.0	0.0	0.0	0.0	0.0	0.0	0.0	0.0	0.0
_scratch_st-cdeboer-1_asfar_VLPs_results_crispresso_aggregated_spacer_SPACE_rep2_.staging_CRISPRessoPooled_on_SPACE_D1_rep2_CRISPResso_on_PDCD1	-	0.0	0.0	0.0	2.500875306357225e-05	0.0	0.0	0.0	0.0	0.0	0.0	0.0	0.0	0.0	0.0	0.0	0.0	0.0	0.0	0.0	0.0
_scratch_st-cdeboer-1_asfar_VLPs_results_crispresso_aggregated_spacer_SPACE_rep2_.staging_CRISPRessoPooled_on_SPACE_D2_rep2_CRISPResso_on_PDCD1	A	0.0001160429358862	0.999845276085485	0.0001740644038294	5.802146794313896e-05	0.0	0.9997679141282274	7.736195725751862e-05	0.0	1.9340489314379652e-05	0.999903297553428	0.9997679141282274	9.670244657189829e-05	0.9998259355961706	0.9998259355961706	1.9340489314379652e-05	0.0001160429358862	0.9998646165747992	0.0	5.802146794313896e-05	9.670244657189829e-05
_scratch_st-cdeboer-1_asfar_VLPs_results_crispresso_aggregated_spacer_SPACE_rep2_.staging_CRISPRessoPooled_on_SPACE_D2_rep2_CRISPResso_on_PDCD1	T	7.736195725751862e-05	0.0	0.0001160429358862	7.736195725751862e-05	0.9998646165747992	0.0	1.9340489314379652e-05	7.736195725751862e-05	0.9997485736389132	1.9340489314379652e-05	1.9340489314379652e-05	0.000154723914515	0.0	0.0	0.0	3.868097862875931e-05	0.0	0.99969055217097	5.802146794313896e-05	5.802146794313896e-05
_scratch_st-cdeboer-1_asfar_VLPs_results_crispresso_aggregated_spacer_SPACE_rep2_.staging_CRISPRessoPooled_on_SPACE_D2_rep2_CRISPResso_on_PDCD1	C	0.9997098926602844	3.868097862875931e-05	0.9996712116816556	0.9997098926602844	9.670244657189829e-05	3.868097862875931e-05	0.999903297553428	0.999903297553428	9.670244657189829e-05	0.0	5.802146794313896e-05	3.868097862875931e-05	3.868097862875931e-05	3.868097862875931e-05	0.9999419785320568	0.999845276085485	5.802146794313896e-05	0.0001740644038294	0.9998839570641136	0.999845276085485
_scratch_st-cdeboer-1_asfar_VLPs_results_crispresso_aggregated_spacer_SPACE_rep2_.staging_CRISPRessoPooled_on_SPACE_D2_rep2_CRISPResso_on_PDCD1	G	5.802146794313896e-05	0.0001160429358862	3.868097862875931e-05	0.000154723914515	3.868097862875931e-05	0.0001934048931437	0.0	1.9340489314379652e-05	0.0001353834252006	7.736195725751862e-05	0.0001353834252006	0.9997098926602844	0.0001353834252006	0.0001353834252006	3.868097862875931e-05	0.0	7.736195725751862e-05	0.0001353834252006	0.0	0.0
_scratch_st-cdeboer-1_asfar_VLPs_results_crispresso_aggregated_spacer_SPACE_rep2_.staging_CRISPRessoPooled_on_SPACE_D2_rep2_CRISPResso_on_PDCD1	N	0.0	0.0	0.0	0.0	0.0	0.0	0.0	0.0	0.0	0.0	0.0	0.0	0.0	0.0	0.0	0.0	0.0	0.0	0.0	0.0
_scratch_st-cdeboer-1_asfar_VLPs_results_crispresso_aggregated_spacer_SPACE_rep2_.staging_CRISPRessoPooled_on_SPACE_D2_rep2_CRISPResso_on_PDCD1	-	3.868097862875931e-05	0.0	0.0	0.0	0.0	0.0	0.0	0.0	0.0	0.0	1.9340489314379652e-05	0.0	0.0	0.0	0.0	0.0	0.0	0.0	0.0	0.0
_scratch_st-cdeboer-1_asfar_VLPs_results_crispresso_aggregated_spacer_SPACE_rep2_.staging_CRISPRessoPooled_on_SPACE_D3_rep2_CRISPResso_on_PDCD1	A	7.839623698062493e-05	0.9997424123642064	0.0	0.0001007951618322	0.0	0.9997200134393548	6.719677455482136e-05	5.599731212901781e-05	1.1199462425803562e-05	0.9998544069884644	0.9997536118266324	5.599731212901781e-05	0.9997536118266324	0.9998320080636128	2.2398924851607124e-05	5.599731212901781e-05	0.9997872102139096	0.0	7.839623698062493e-05	3.359838727741068e-05
_scratch_st-cdeboer-1_asfar_VLPs_results_crispresso_aggregated_spacer_SPACE_rep2_.staging_CRISPRessoPooled_on_SPACE_D3_rep2_CRISPResso_on_PDCD1	T	2.2398924851607124e-05	4.479784970321425e-05	0.0002575876357934	0.0001455930115354	0.9998656064508904	2.2398924851607124e-05	4.479784970321425e-05	2.2398924851607124e-05	0.9997424123642064	2.2398924851607124e-05	1.1199462425803562e-05	7.839623698062493e-05	2.2398924851607124e-05	1.1199462425803562e-05	3.359838727741068e-05	5.599731212901781e-05	1.1199462425803562e-05	0.999764811289058	4.479784970321425e-05	1.1199462425803562e-05
_scratch_st-cdeboer-1_asfar_VLPs_results_crispresso_aggregated_spacer_SPACE_rep2_.staging_CRISPRessoPooled_on_SPACE_D3_rep2_CRISPResso_on_PDCD1	C	0.9998656064508904	7.839623698062493e-05	0.9997200134393548	0.999372830104155	6.719677455482136e-05	3.359838727741068e-05	0.9998768059133162	0.9998992048381676	0.000111994624258	4.479784970321425e-05	5.599731212901781e-05	4.479784970321425e-05	8.95956994064285e-05	5.599731212901781e-05	0.999944002687871	0.999888005375742	5.599731212901781e-05	0.0002127897860902	0.9998656064508904	0.999944002687871
_scratch_st-cdeboer-1_asfar_VLPs_results_crispresso_aggregated_spacer_SPACE_rep2_.staging_CRISPRessoPooled_on_SPACE_D3_rep2_CRISPResso_on_PDCD1	G	1.1199462425803562e-05	0.0001343935491096	2.2398924851607124e-05	0.0003807817224773	5.599731212901781e-05	0.000223989248516	1.1199462425803562e-05	2.2398924851607124e-05	0.0001231940866838	6.719677455482136e-05	0.0001231940866838	0.9998208086011872	0.0001343935491096	0.0001007951618322	0.0	0.0	0.0001455930115354	2.2398924851607124e-05	1.1199462425803562e-05	0.0
_scratch_st-cdeboer-1_asfar_VLPs_results_crispresso_aggregated_spacer_SPACE_rep2_.staging_CRISPRessoPooled_on_SPACE_D3_rep2_CRISPResso_on_PDCD1	N	0.0	0.0	0.0	0.0	0.0	0.0	0.0	0.0	0.0	1.1199462425803562e-05	0.0	0.0	0.0	0.0	0.0	0.0	0.0	0.0	0.0	1.1199462425803562e-05
_scratch_st-cdeboer-1_asfar_VLPs_results_crispresso_aggregated_spacer_SPACE_rep2_.staging_CRISPRessoPooled_on_SPACE_D3_rep2_CRISPResso_on_PDCD1	-	2.2398924851607124e-05	0.0	0.0	0.0	1.1199462425803562e-05	0.0	0.0	0.0	1.1199462425803562e-05	0.0	5.599731212901781e-05	0.0	0.0	0.0	0.0	0.0	0.0	0.0	0.0	0.0
_scratch_st-cdeboer-1_asfar_VLPs_results_crispresso_aggregated_spacer_SPACE_rep2_.staging_CRISPRessoPooled_on_SPACE_D4_rep2_CRISPResso_on_PDCD1	A	4.839217014687024e-05	0.9998548234895592	9.678434029374048e-05	0.0001451765104406	0.0	0.9995402743836048	2.419608507343512e-05	4.839217014687024e-05	0.0	0.9999274117447796	0.9997096469791188	2.419608507343512e-05	0.9997580391492656	0.9998790195746328	0.0	4.839217014687024e-05	0.9997822352343392	0.0	9.678434029374048e-05	2.419608507343512e-05
_scratch_st-cdeboer-1_asfar_VLPs_results_crispresso_aggregated_spacer_SPACE_rep2_.staging_CRISPRessoPooled_on_SPACE_D4_rep2_CRISPResso_on_PDCD1	T	2.419608507343512e-05	4.839217014687024e-05	0.0002903530208812	0.0003871373611749	0.9998064313194124	2.419608507343512e-05	0.0	0.0001935686805874	0.9998548234895592	0.0	0.0	9.678434029374048e-05	0.0	0.0	4.839217014687024e-05	4.839217014687024e-05	4.839217014687024e-05	0.999612862638825	2.419608507343512e-05	9.678434029374048e-05
_scratch_st-cdeboer-1_asfar_VLPs_results_crispresso_aggregated_spacer_SPACE_rep2_.staging_CRISPRessoPooled_on_SPACE_D4_rep2_CRISPResso_on_PDCD1	C	0.9999032156597064	2.419608507343512e-05	0.9995886665537516	0.9989595683418424	9.678434029374048e-05	2.419608507343512e-05	0.9999274117447796	0.9997338430641922	9.678434029374048e-05	0.0	0.0	0.0	0.0001209804253671	2.419608507343512e-05	0.9999516078298532	0.9998790195746328	4.839217014687024e-05	0.0002903530208812	0.999830627404486	0.9998548234895592
_scratch_st-cdeboer-1_asfar_VLPs_results_crispresso_aggregated_spacer_SPACE_rep2_.staging_CRISPRessoPooled_on_SPACE_D4_rep2_CRISPResso_on_PDCD1	G	0.0	4.839217014687024e-05	0.0	0.0004839217014687	7.258825522030536e-05	0.0003871373611749	2.419608507343512e-05	0.0	4.839217014687024e-05	7.258825522030536e-05	0.0001935686805874	0.9998790195746328	0.0001209804253671	9.678434029374048e-05	0.0	2.419608507343512e-05	0.0001209804253671	9.678434029374048e-05	4.839217014687024e-05	2.419608507343512e-05
_scratch_st-cdeboer-1_asfar_VLPs_results_crispresso_aggregated_spacer_SPACE_rep2_.staging_CRISPRessoPooled_on_SPACE_D4_rep2_CRISPResso_on_PDCD1	N	0.0	0.0	0.0	0.0	0.0	0.0	0.0	0.0	0.0	0.0	0.0	0.0	0.0	0.0	0.0	0.0	0.0	0.0	0.0	0.0
_scratch_st-cdeboer-1_asfar_VLPs_results_crispresso_aggregated_spacer_SPACE_rep2_.staging_CRISPRessoPooled_on_SPACE_D4_rep2_CRISPResso_on_PDCD1	-	2.419608507343512e-05	2.419608507343512e-05	2.419608507343512e-05	2.419608507343512e-05	2.419608507343512e-05	2.419608507343512e-05	2.419608507343512e-05	2.419608507343512e-05	0.0	0.0	9.678434029374048e-05	0.0	0.0	0.0	0.0	0.0	0.0	0.0	0.0	0.0
_scratch_st-cdeboer-1_asfar_VLPs_results_crispresso_aggregated_spacer_SPACE_rep2_.staging_CRISPRessoPooled_on_SPACE_D5_rep2_CRISPResso_on_PDCD1	A	9.245419665007627e-05	0.9998150916067	0.0001694993605251	0.0001849083933001	0.0	0.9993220025578996	6.163613110005085e-05	0.0001694993605251	0.0	0.9995993651478496	0.9997226374100496	6.163613110005085e-05	0.9997688645083748	0.9998459096722498	1.5409032775012712e-05	4.622709832503814e-05	0.9998305006394748	0.0	7.704516387506356e-05	0.000107863229425
_scratch_st-cdeboer-1_asfar_VLPs_results_crispresso_aggregated_spacer_SPACE_rep2_.staging_CRISPRessoPooled_on_SPACE_D5_rep2_CRISPResso_on_PDCD1	T	0.0	0.0	0.0005239071143504	0.0003544077538252	0.9997380464428248	0.0	4.622709832503814e-05	1.5409032775012712e-05	0.9997534554755998	0.0	1.5409032775012712e-05	0.0001849083933001	0.0	0.0	7.704516387506356e-05	6.163613110005085e-05	1.5409032775012712e-05	0.9995839561150748	0.000107863229425	6.163613110005085e-05
_scratch_st-cdeboer-1_asfar_VLPs_results_crispresso_aggregated_spacer_SPACE_rep2_.staging_CRISPRessoPooled_on_SPACE_D5_rep2_CRISPResso_on_PDCD1	C	0.9996764103117248	4.622709832503814e-05	0.9991370941645992	0.9990138219023992	0.0001232722622001	1.5409032775012712e-05	0.9997534554755998	0.9996455922461748	7.704516387506356e-05	1.5409032775012712e-05	6.163613110005085e-05	3.0818065550025425e-05	7.704516387506356e-05	4.622709832503814e-05	0.9998613187050248	0.9998921367705748	4.622709832503814e-05	0.0003852258193753	0.9997842735411498	0.9998305006394748
_scratch_st-cdeboer-1_asfar_VLPs_results_crispresso_aggregated_spacer_SPACE_rep2_.staging_CRISPRessoPooled_on_SPACE_D5_rep2_CRISPResso_on_PDCD1	G	0.0	7.704516387506356e-05	6.163613110005085e-05	0.0002773625899502	3.0818065550025425e-05	0.0005547251799004	0.0	3.0818065550025425e-05	9.245419665007627e-05	0.0003081806555002	7.704516387506356e-05	0.9997226374100496	0.0001540903277501	0.000107863229425	4.622709832503814e-05	0.0	0.000107863229425	3.0818065550025425e-05	3.0818065550025425e-05	0.0
_scratch_st-cdeboer-1_asfar_VLPs_results_crispresso_aggregated_spacer_SPACE_rep2_.staging_CRISPRessoPooled_on_SPACE_D5_rep2_CRISPResso_on_PDCD1	N	0.0	0.0	0.0	0.0	0.0	0.0	1.5409032775012712e-05	0.0	0.0	0.0	0.0	0.0	0.0	0.0	0.0	0.0	0.0	0.0	0.0	0.0
_scratch_st-cdeboer-1_asfar_VLPs_results_crispresso_aggregated_spacer_SPACE_rep2_.staging_CRISPRessoPooled_on_SPACE_D5_rep2_CRISPResso_on_PDCD1	-	0.0002311354916251	6.163613110005085e-05	0.000107863229425	0.0001694993605251	0.000107863229425	0.000107863229425	0.0001232722622001	0.0001386812949751	7.704516387506356e-05	7.704516387506356e-05	0.0001232722622001	0.0	0.0	0.0	0.0	0.0	0.0	0.0	0.0	0.0
