Folder	Nucleotide	G	G	C	C	C	A	G	A	C	T	G	A	G	C	A	C	G	T	G	A
_scratch_st-cdeboer-1_asfar_VLPs_results_crispresso_aggregated_spacer_SPACE_rep3_.staging_CRISPRessoPooled_on_SPACE_D0_rep3_CRISPResso_on_HEK3	A	2.107303915370675e-05	4.21460783074135e-05	3.160955873056012e-05	2.107303915370675e-05	2.107303915370675e-05	0.999852488725924	6.321911746112024e-05	0.9998630252455007	1.0536519576853374e-05	0.0	5.268259788426687e-05	0.9996839044126944	3.160955873056012e-05	0.0	0.9998946348042316	2.107303915370675e-05	1.0536519576853374e-05	3.160955873056012e-05	3.160955873056012e-05	0.9997892696084628
_scratch_st-cdeboer-1_asfar_VLPs_results_crispresso_aggregated_spacer_SPACE_rep3_.staging_CRISPRessoPooled_on_SPACE_D0_rep3_CRISPResso_on_HEK3	T	0.000136974754499	2.107303915370675e-05	5.268259788426687e-05	9.482867619168036e-05	5.268259788426687e-05	0.0	9.482867619168036e-05	0.0	3.160955873056012e-05	0.9998630252455007	0.0001264382349222	0.0	5.268259788426687e-05	3.160955873056012e-05	0.0	0.0001053651957685	5.268259788426687e-05	0.9998208791671936	7.375563703797362e-05	0.0
_scratch_st-cdeboer-1_asfar_VLPs_results_crispresso_aggregated_spacer_SPACE_rep3_.staging_CRISPRessoPooled_on_SPACE_D0_rep3_CRISPResso_on_HEK3	C	4.21460783074135e-05	7.375563703797362e-05	0.9999157078433852	0.999852488725924	0.9999051713238084	5.268259788426687e-05	4.21460783074135e-05	3.160955873056012e-05	0.9999367808825388	0.0001159017153453	4.21460783074135e-05	0.000136974754499	2.107303915370675e-05	0.9999578539216926	3.160955873056012e-05	0.9998735617650778	0.0002001938719602	8.4292156614827e-05	8.4292156614827e-05	0.0001053651957685
_scratch_st-cdeboer-1_asfar_VLPs_results_crispresso_aggregated_spacer_SPACE_rep3_.staging_CRISPRessoPooled_on_SPACE_D0_rep3_CRISPResso_on_HEK3	G	0.9997892696084628	0.9997681965693092	0.0	3.160955873056012e-05	1.0536519576853374e-05	8.4292156614827e-05	0.9997998061280398	0.0001053651957685	2.107303915370675e-05	2.107303915370675e-05	0.999778733088886	0.0001791208328065	0.9998946348042316	1.0536519576853374e-05	7.375563703797362e-05	0.0	0.9997365870105788	6.321911746112024e-05	0.9998103426476166	9.482867619168036e-05
_scratch_st-cdeboer-1_asfar_VLPs_results_crispresso_aggregated_spacer_SPACE_rep3_.staging_CRISPRessoPooled_on_SPACE_D0_rep3_CRISPResso_on_HEK3	N	0.0	0.0	0.0	0.0	0.0	1.0536519576853374e-05	0.0	0.0	0.0	0.0	0.0	0.0	0.0	0.0	0.0	0.0	0.0	0.0	0.0	1.0536519576853374e-05
_scratch_st-cdeboer-1_asfar_VLPs_results_crispresso_aggregated_spacer_SPACE_rep3_.staging_CRISPRessoPooled_on_SPACE_D0_rep3_CRISPResso_on_HEK3	-	1.0536519576853374e-05	9.482867619168036e-05	0.0	0.0	1.0536519576853374e-05	0.0	0.0	0.0	0.0	0.0	0.0	0.0	0.0	0.0	0.0	0.0	0.0	0.0	0.0	0.0
_scratch_st-cdeboer-1_asfar_VLPs_results_crispresso_aggregated_spacer_SPACE_rep3_.staging_CRISPRessoPooled_on_SPACE_D1_rep3_CRISPResso_on_HEK3	A	0.0	7.056665020111496e-05	0.0004233999012066	3.528332510055748e-05	0.0001411333004022	0.9997177333991956	3.528332510055748e-05	0.9998235833744972	0.0	0.0	3.528332510055748e-05	0.9996471667489945	0.0	0.0001058499753016	0.9999647166748994	3.528332510055748e-05	7.056665020111496e-05	3.528332510055748e-05	7.056665020111496e-05	0.9998235833744972
_scratch_st-cdeboer-1_asfar_VLPs_results_crispresso_aggregated_spacer_SPACE_rep3_.staging_CRISPRessoPooled_on_SPACE_D1_rep3_CRISPResso_on_HEK3	T	0.0001411333004022	3.528332510055748e-05	0.0001764166255027	0.0004586832263072	0.0	0.0	0.0001411333004022	0.0	0.0	0.999753016724296	7.056665020111496e-05	0.0	0.0	0.0001058499753016	0.0	7.056665020111496e-05	0.0001058499753016	0.9998235833744972	7.056665020111496e-05	3.528332510055748e-05
_scratch_st-cdeboer-1_asfar_VLPs_results_crispresso_aggregated_spacer_SPACE_rep3_.staging_CRISPRessoPooled_on_SPACE_D1_rep3_CRISPResso_on_HEK3	C	0.0	0.0001411333004022	0.9993296168230894	0.9994707501234916	0.9996471667489945	3.528332510055748e-05	0.0	3.528332510055748e-05	0.9999294333497988	0.0001411333004022	7.056665020111496e-05	0.0002822666008044	7.056665020111496e-05	0.9997177333991956	0.0	0.9998588666995978	3.528332510055748e-05	7.056665020111496e-05	0.0001058499753016	0.0
_scratch_st-cdeboer-1_asfar_VLPs_results_crispresso_aggregated_spacer_SPACE_rep3_.staging_CRISPRessoPooled_on_SPACE_D1_rep3_CRISPResso_on_HEK3	G	0.9998588666995978	0.9996471667489945	3.528332510055748e-05	0.0	3.528332510055748e-05	0.0001764166255027	0.9997883000493968	0.0001058499753016	0.0	7.056665020111496e-05	0.9997883000493968	3.528332510055748e-05	0.9998941500246984	3.528332510055748e-05	0.0	0.0	0.999753016724296	3.528332510055748e-05	0.9997177333991956	0.0001058499753016
_scratch_st-cdeboer-1_asfar_VLPs_results_crispresso_aggregated_spacer_SPACE_rep3_.staging_CRISPRessoPooled_on_SPACE_D1_rep3_CRISPResso_on_HEK3	N	0.0	0.0	0.0	0.0	0.0	3.528332510055748e-05	0.0	0.0	3.528332510055748e-05	0.0	0.0	0.0	0.0	0.0	0.0	0.0	0.0	0.0	0.0	0.0
_scratch_st-cdeboer-1_asfar_VLPs_results_crispresso_aggregated_spacer_SPACE_rep3_.staging_CRISPRessoPooled_on_SPACE_D1_rep3_CRISPResso_on_HEK3	-	0.0	0.0001058499753016	3.528332510055748e-05	3.528332510055748e-05	0.0001764166255027	3.528332510055748e-05	3.528332510055748e-05	3.528332510055748e-05	3.528332510055748e-05	3.528332510055748e-05	3.528332510055748e-05	3.528332510055748e-05	3.528332510055748e-05	3.528332510055748e-05	3.528332510055748e-05	3.528332510055748e-05	3.528332510055748e-05	3.528332510055748e-05	3.528332510055748e-05	3.528332510055748e-05
_scratch_st-cdeboer-1_asfar_VLPs_results_crispresso_aggregated_spacer_SPACE_rep3_.staging_CRISPRessoPooled_on_SPACE_D2_rep3_CRISPResso_on_HEK3	A	3.6517007796381165e-05	0.0001369387792364	8.216326754185762e-05	0.0002647483065237	5.477551169457175e-05	0.9987310339790756	4.564625974547645e-05	0.9992787890960216	2.7387755847285877e-05	0.0	3.6517007796381165e-05	0.9996804761817816	2.7387755847285877e-05	7.303401559276233e-05	0.9998356734649164	2.7387755847285877e-05	2.7387755847285877e-05	0.0	2.7387755847285877e-05	0.9997900272051709
_scratch_st-cdeboer-1_asfar_VLPs_results_crispresso_aggregated_spacer_SPACE_rep3_.staging_CRISPRessoPooled_on_SPACE_D2_rep3_CRISPResso_on_HEK3	T	0.0001186802753382	6.390476364366704e-05	0.0012233197611787	0.0006573061403348	0.0003742993299129	0.0	5.477551169457175e-05	9.129251949095291e-06	4.564625974547645e-05	0.9997717687012726	6.390476364366704e-05	0.0	6.390476364366704e-05	2.7387755847285877e-05	0.0	6.390476364366704e-05	6.390476364366704e-05	0.999707863937629	4.564625974547645e-05	0.0
_scratch_st-cdeboer-1_asfar_VLPs_results_crispresso_aggregated_spacer_SPACE_rep3_.staging_CRISPRessoPooled_on_SPACE_D2_rep3_CRISPResso_on_HEK3	C	7.303401559276233e-05	0.0001278095272873	0.9984936734283992	0.9987949387427194	0.9987127754751776	4.564625974547645e-05	5.477551169457175e-05	3.6517007796381165e-05	0.9997900272051709	4.564625974547645e-05	4.564625974547645e-05	8.216326754185762e-05	7.303401559276233e-05	0.9997535101973744	2.7387755847285877e-05	0.9998356734649164	0.0001369387792364	0.0001825850389819	7.303401559276233e-05	7.303401559276233e-05
_scratch_st-cdeboer-1_asfar_VLPs_results_crispresso_aggregated_spacer_SPACE_rep3_.staging_CRISPRessoPooled_on_SPACE_D2_rep3_CRISPResso_on_HEK3	G	0.999616571418138	0.9994431156311052	4.564625974547645e-05	0.0001278095272873	0.0001734557870328	0.0010407347221968	0.9996804761817816	0.0005112381091493	1.8258503898190583e-05	7.303401559276233e-05	0.9997261224415273	0.0001278095272873	0.9997261224415273	3.6517007796381165e-05	6.390476364366704e-05	0.0	0.9996987346856798	6.390476364366704e-05	0.999808285709069	0.0001186802753382
_scratch_st-cdeboer-1_asfar_VLPs_results_crispresso_aggregated_spacer_SPACE_rep3_.staging_CRISPRessoPooled_on_SPACE_D2_rep3_CRISPResso_on_HEK3	N	0.0	0.0	0.0	0.0	0.0	0.0	0.0	0.0	0.0	0.0	0.0	0.0	0.0	0.0	0.0	0.0	0.0	0.0	0.0	0.0
_scratch_st-cdeboer-1_asfar_VLPs_results_crispresso_aggregated_spacer_SPACE_rep3_.staging_CRISPRessoPooled_on_SPACE_D2_rep3_CRISPResso_on_HEK3	-	0.0001551972831346	0.0002282312987273	0.0001551972831346	0.0001551972831346	0.0006846938961821	0.0001825850389819	0.0001643265350837	0.0001643265350837	0.0001186802753382	0.0001095510233891	0.0001278095272873	0.0001095510233891	0.0001095510233891	0.0001095510233891	7.303401559276233e-05	7.303401559276233e-05	7.303401559276233e-05	4.564625974547645e-05	4.564625974547645e-05	1.8258503898190583e-05
_scratch_st-cdeboer-1_asfar_VLPs_results_crispresso_aggregated_spacer_SPACE_rep3_.staging_CRISPRessoPooled_on_SPACE_D3_rep3_CRISPResso_on_HEK3	A	0.0	0.0	0.0	0.0002872737719046	2.611579744587501e-05	0.9981718941787888	2.611579744587501e-05	0.999190410279178	5.223159489175002e-05	0.0	0.0	0.9997388420255412	0.0	2.611579744587501e-05	0.999791073620433	0.0	2.611579744587501e-05	0.0	2.611579744587501e-05	0.9998171894178788
_scratch_st-cdeboer-1_asfar_VLPs_results_crispresso_aggregated_spacer_SPACE_rep3_.staging_CRISPRessoPooled_on_SPACE_D3_rep3_CRISPResso_on_HEK3	T	0.0001566947846752	5.223159489175002e-05	0.0009924003029432	0.0003917369616881	0.0003917369616881	5.223159489175002e-05	0.0001305789872293	0.0	5.223159489175002e-05	0.999582147240866	7.834739233762504e-05	0.0	0.0	7.834739233762504e-05	2.611579744587501e-05	2.611579744587501e-05	0.0001044631897835	0.9997127262280954	2.611579744587501e-05	0.0
_scratch_st-cdeboer-1_asfar_VLPs_results_crispresso_aggregated_spacer_SPACE_rep3_.staging_CRISPRessoPooled_on_SPACE_D3_rep3_CRISPResso_on_HEK3	C	5.223159489175002e-05	7.834739233762504e-05	0.9988770207098274	0.999164294481732	0.9990075996970568	0.0001044631897835	7.834739233762504e-05	2.611579744587501e-05	0.9997127262280954	0.0001566947846752	5.223159489175002e-05	0.0001305789872293	0.0	0.9997649578229872	2.611579744587501e-05	0.9998694210127708	5.223159489175002e-05	0.0001305789872293	7.834739233762504e-05	7.834739233762504e-05
_scratch_st-cdeboer-1_asfar_VLPs_results_crispresso_aggregated_spacer_SPACE_rep3_.staging_CRISPRessoPooled_on_SPACE_D3_rep3_CRISPResso_on_HEK3	G	0.9997127262280954	0.9997127262280954	2.611579744587501e-05	2.611579744587501e-05	0.0001828105821211	0.0015930636441983	0.9996343788357578	0.0005745475438092	0.0	0.0001566947846752	0.9997388420255412	2.611579744587501e-05	0.9998955368102164	2.611579744587501e-05	7.834739233762504e-05	2.611579744587501e-05	0.9997388420255412	7.834739233762504e-05	0.999791073620433	2.611579744587501e-05
_scratch_st-cdeboer-1_asfar_VLPs_results_crispresso_aggregated_spacer_SPACE_rep3_.staging_CRISPRessoPooled_on_SPACE_D3_rep3_CRISPResso_on_HEK3	N	0.0	0.0	2.611579744587501e-05	0.0	0.0	0.0	0.0	0.0	0.0	0.0	0.0	0.0	0.0	0.0	0.0	0.0	0.0	0.0	0.0	0.0
_scratch_st-cdeboer-1_asfar_VLPs_results_crispresso_aggregated_spacer_SPACE_rep3_.staging_CRISPRessoPooled_on_SPACE_D3_rep3_CRISPResso_on_HEK3	-	7.834739233762504e-05	0.0001566947846752	7.834739233762504e-05	0.0001305789872293	0.0003917369616881	7.834739233762504e-05	0.0001305789872293	0.000208926379567	0.0001828105821211	0.0001044631897835	0.0001305789872293	0.0001044631897835	0.0001044631897835	0.0001044631897835	7.834739233762504e-05	7.834739233762504e-05	7.834739233762504e-05	7.834739233762504e-05	7.834739233762504e-05	7.834739233762504e-05
_scratch_st-cdeboer-1_asfar_VLPs_results_crispresso_aggregated_spacer_SPACE_rep3_.staging_CRISPRessoPooled_on_SPACE_D4_rep3_CRISPResso_on_HEK3	A	3.372746282751776e-05	0.0002071829859404	0.0006263671667967	0.0016767367234251	0.0002794561205708	0.9931629614639648	1.927283590143872e-05	0.9963333429697512	4.336388077823711e-05	9.636417950719358e-06	3.372746282751776e-05	0.9993495417883264	3.372746282751776e-05	6.745492565503551e-05	0.9995470883563162	3.372746282751776e-05	9.636417950719358e-06	4.818208975359679e-06	3.854567180287743e-05	0.999624179699922
_scratch_st-cdeboer-1_asfar_VLPs_results_crispresso_aggregated_spacer_SPACE_rep3_.staging_CRISPRessoPooled_on_SPACE_D4_rep3_CRISPResso_on_HEK3	T	0.0001686373141375	0.0003661838821273	0.00622994420514	0.0032378364314417	0.0018742832914149	9.636417950719358e-06	4.81820897535968e-05	2.40910448767984e-05	4.81820897535968e-05	0.9995567247742668	0.0001108188064332	0.0	3.372746282751776e-05	9.15459705318339e-05	1.927283590143872e-05	5.300029872895647e-05	0.0001156370154086	0.9997109074614784	5.781850770431615e-05	9.636417950719358e-06
_scratch_st-cdeboer-1_asfar_VLPs_results_crispresso_aggregated_spacer_SPACE_rep3_.staging_CRISPRessoPooled_on_SPACE_D4_rep3_CRISPResso_on_HEK3	C	1.927283590143872e-05	0.0001300916423347	0.9925751399689708	0.9939290566910468	0.9940350572885048	4.81820897535968e-05	4.336388077823711e-05	4.336388077823711e-05	0.9994169967139814	8.672776155647423e-05	2.8909253852158075e-05	9.63641795071936e-05	4.336388077823711e-05	0.9993929056691048	0.0	0.9996145432819712	0.0001156370154086	9.15459705318339e-05	3.372746282751776e-05	5.300029872895647e-05
_scratch_st-cdeboer-1_asfar_VLPs_results_crispresso_aggregated_spacer_SPACE_rep3_.staging_CRISPRessoPooled_on_SPACE_D4_rep3_CRISPResso_on_HEK3	G	0.9996000886550452	0.9987328110394804	0.0002650014936447	0.0007660952270821	0.0012093704528152	0.0063841268923515	0.999489269848612	0.0030836537442301	9.636417950719358e-06	2.8909253852158075e-05	0.9994073602960308	0.0001445462692607	0.9994651788037352	1.927283590143872e-05	9.15459705318339e-05	9.636417950719358e-06	0.9995615429832424	6.263671667967583e-05	0.9997639077602074	0.0002071829859404
_scratch_st-cdeboer-1_asfar_VLPs_results_crispresso_aggregated_spacer_SPACE_rep3_.staging_CRISPRessoPooled_on_SPACE_D4_rep3_CRISPResso_on_HEK3	N	0.0	0.0	0.0	0.0	0.0	4.818208975359679e-06	0.0	0.0	0.0	0.0	0.0	0.0	0.0	4.818208975359679e-06	0.0	0.0	0.0	9.636417950719358e-06	0.0	0.0
_scratch_st-cdeboer-1_asfar_VLPs_results_crispresso_aggregated_spacer_SPACE_rep3_.staging_CRISPRessoPooled_on_SPACE_D4_rep3_CRISPResso_on_HEK3	-	0.0001782737320883	0.000563730450117	0.0003035471654476	0.0003902749270041	0.0026018328466942	0.0003902749270041	0.0003999113449548	0.0005155483603634	0.0004818208975359	0.0003180017923737	0.0004191841808562	0.0004095477629055	0.0004240023898316	0.0004240023898316	0.0003420928372505	0.0002890925385215	0.0001975465679897	0.0001204552243839	0.0001060005974579	0.0001060005974579
_scratch_st-cdeboer-1_asfar_VLPs_results_crispresso_aggregated_spacer_SPACE_rep3_.staging_CRISPRessoPooled_on_SPACE_D5_rep3_CRISPResso_on_HEK3	A	0.0	0.0003563707205815	0.0007364994892019	0.0012829345940937	0.0001900643843101	0.9908056354089948	0.0	0.995390938680478	0.0	0.0	4.7516096077546266e-05	0.9993347746549144	7.12741441163194e-05	2.3758048038773133e-05	0.999477322943147	4.7516096077546266e-05	0.0	0.0	4.7516096077546266e-05	0.999691145375496
_scratch_st-cdeboer-1_asfar_VLPs_results_crispresso_aggregated_spacer_SPACE_rep3_.staging_CRISPRessoPooled_on_SPACE_D5_rep3_CRISPResso_on_HEK3	T	0.0002375804803877	0.0007127414411631	0.0057256895773443	0.003136062341118	0.0026846594283813	2.3758048038773133e-05	0.0001187902401938	2.3758048038773133e-05	9.503219215509252e-05	0.9992159844147204	2.3758048038773133e-05	0.0	7.12741441163194e-05	0.0003801287686203	0.0	9.503219215509252e-05	0.0001425482882326	0.9995961131833409	4.7516096077546266e-05	0.0
_scratch_st-cdeboer-1_asfar_VLPs_results_crispresso_aggregated_spacer_SPACE_rep3_.staging_CRISPRessoPooled_on_SPACE_D5_rep3_CRISPResso_on_HEK3	C	4.7516096077546266e-05	2.3758048038773133e-05	0.992872585588368	0.9941080040863842	0.9928013114442518	2.3758048038773133e-05	4.7516096077546266e-05	0.0	0.999049678078449	4.7516096077546266e-05	0.0	2.3758048038773133e-05	2.3758048038773133e-05	0.9989784039343328	7.12741441163194e-05	0.999572355135302	0.0002138224323489	0.0001900643843101	9.503219215509252e-05	9.503219215509252e-05
_scratch_st-cdeboer-1_asfar_VLPs_results_crispresso_aggregated_spacer_SPACE_rep3_.staging_CRISPRessoPooled_on_SPACE_D5_rep3_CRISPResso_on_HEK3	G	0.999477322943147	0.9985032429735572	0.0001663063362714	0.0006177092490081	0.0011879024019386	0.0083628329096481	0.999049678078449	0.0037300135420873	2.3758048038773133e-05	7.12741441163194e-05	0.9993347746549144	9.503219215509252e-05	0.9992872585588368	4.7516096077546266e-05	4.7516096077546266e-05	2.3758048038773133e-05	0.9994060487990308	4.7516096077546266e-05	0.9996436292794184	4.7516096077546266e-05
_scratch_st-cdeboer-1_asfar_VLPs_results_crispresso_aggregated_spacer_SPACE_rep3_.staging_CRISPRessoPooled_on_SPACE_D5_rep3_CRISPResso_on_HEK3	N	0.0	0.0	0.0	0.0	0.0	0.0	0.0	0.0	0.0	0.0	0.0	0.0	0.0	0.0	0.0	0.0	0.0	0.0	0.0	0.0
_scratch_st-cdeboer-1_asfar_VLPs_results_crispresso_aggregated_spacer_SPACE_rep3_.staging_CRISPRessoPooled_on_SPACE_D5_rep3_CRISPResso_on_HEK3	-	0.0002375804803877	0.0004038868166591	0.0004989190088142	0.0008552897293958	0.003136062341118	0.0007840155852795	0.0007840155852795	0.0008552897293958	0.000831531681357	0.0006652253450856	0.0005939512009693	0.0005464351048917	0.0005464351048917	0.0005701931529305	0.0004038868166591	0.0002613385284265	0.0002375804803877	0.0001663063362714	0.0001663063362714	0.0001663063362714
