Folder	Nucleotide	G	G	A	G	G	C	T	A	T	C	C	A	G	C	G	T	G	A	G	T
_scratch_st-cdeboer-1_asfar_VLPs_results_crispresso_aggregated_spacer_SPACE_rep1_.staging_CRISPRessoPooled_on_SPACE_D0_rep1_CRISPResso_on_B2M	A	0.0001292302721912	8.0768920119538e-06	0.9997657701316534	8.0768920119538e-06	3.23075680478152e-05	3.23075680478152e-05	0.0	0.9998950004038446	8.0768920119538e-06	7.26920281075842e-05	9.69227041434456e-05	0.999636539859462	0.0001534609482271	8.0768920119538e-06	0.0001857685162749	0.0	0.0001373071642032	0.9996850012115338	2.42306760358614e-05	8.0768920119538e-06
_scratch_st-cdeboer-1_asfar_VLPs_results_crispresso_aggregated_spacer_SPACE_rep1_.staging_CRISPRessoPooled_on_SPACE_D0_rep1_CRISPResso_on_B2M	T	0.0001373071642032	0.0003715370325498	0.0	0.0001373071642032	5.65382440836766e-05	8.0768920119538e-05	0.9996850012115338	8.0768920119538e-06	0.99962846296745	9.69227041434456e-05	6.46151360956304e-05	0.0	0.0002342298683466	0.0001049995961553	0.0001292302721912	0.9997415394556176	0.0001292302721912	8.0768920119538e-06	0.0002180760843227	0.9996123091834264
_scratch_st-cdeboer-1_asfar_VLPs_results_crispresso_aggregated_spacer_SPACE_rep1_.staging_CRISPRessoPooled_on_SPACE_D0_rep1_CRISPResso_on_B2M	C	3.23075680478152e-05	0.0001049995961553	2.42306760358614e-05	4.84613520717228e-05	3.23075680478152e-05	0.9998788466198208	0.0001373071642032	2.42306760358614e-05	0.0001130764881673	0.999822308375737	0.9997738470236652	0.0001049995961553	8.0768920119538e-05	0.9998546159437848	1.61537840239076e-05	0.0001211533801793	0.0001534609482271	8.0768920119538e-06	4.0384460059769e-05	0.0001776916242629
_scratch_st-cdeboer-1_asfar_VLPs_results_crispresso_aggregated_spacer_SPACE_rep1_.staging_CRISPRessoPooled_on_SPACE_D0_rep1_CRISPResso_on_B2M	G	0.9997011549955576	0.999475002019223	0.0002019223002988	0.9998061545917132	0.9998788466198208	8.0768920119538e-06	0.0001776916242629	7.26920281075842e-05	0.0002503836523705	8.0768920119538e-06	4.0384460059769e-05	0.0002584605443825	0.9995315402633068	2.42306760358614e-05	0.99966884742751	0.0001373071642032	0.9995800016153784	0.0002988450044422	0.9997173087795816	0.0002019223002988
_scratch_st-cdeboer-1_asfar_VLPs_results_crispresso_aggregated_spacer_SPACE_rep1_.staging_CRISPRessoPooled_on_SPACE_D0_rep1_CRISPResso_on_B2M	N	0.0	0.0	0.0	0.0	0.0	0.0	0.0	0.0	0.0	0.0	0.0	0.0	0.0	8.0768920119538e-06	0.0	0.0	0.0	0.0	0.0	0.0
_scratch_st-cdeboer-1_asfar_VLPs_results_crispresso_aggregated_spacer_SPACE_rep1_.staging_CRISPRessoPooled_on_SPACE_D0_rep1_CRISPResso_on_B2M	-	0.0	4.0384460059769e-05	8.0768920119538e-06	0.0	0.0	0.0	0.0	0.0	0.0	0.0	2.42306760358614e-05	0.0	0.0	0.0	0.0	0.0	0.0	0.0	0.0	0.0
_scratch_st-cdeboer-1_asfar_VLPs_results_crispresso_aggregated_spacer_SPACE_rep1_.staging_CRISPRessoPooled_on_SPACE_D1_rep1_CRISPResso_on_B2M	A	0.0001121812849564	0.0	0.9998237151236398	1.6025897850927097e-05	3.2051795701854194e-05	0.0001282071828074	1.6025897850927097e-05	0.9998397410214908	0.0	6.410359140370839e-05	3.2051795701854194e-05	0.9997115338386832	0.0003525697527203	4.8077693552781294e-05	0.000657061811888	0.0	0.0003365438548694	0.999775637430087	0.0	1.6025897850927097e-05
_scratch_st-cdeboer-1_asfar_VLPs_results_crispresso_aggregated_spacer_SPACE_rep1_.staging_CRISPRessoPooled_on_SPACE_D1_rep1_CRISPResso_on_B2M	T	0.0001282071828074	0.0001282071828074	0.0	0.0001762848763601	4.8077693552781294e-05	8.01294892546355e-05	0.9996634561451304	0.0	0.9996794820429814	0.0001442330806583	0.0001121812849564	0.0	1.6025897850927097e-05	0.0001121812849564	1.6025897850927097e-05	0.9997435856343851	0.0003205179570185	1.6025897850927097e-05	0.0001602589785092	0.9996634561451304
_scratch_st-cdeboer-1_asfar_VLPs_results_crispresso_aggregated_spacer_SPACE_rep1_.staging_CRISPRessoPooled_on_SPACE_D1_rep1_CRISPResso_on_B2M	C	4.8077693552781294e-05	0.0001442330806583	0.0	0.0001121812849564	6.410359140370839e-05	0.999775637430087	0.0001602589785092	1.6025897850927097e-05	0.0001121812849564	0.999775637430087	0.9998237151236398	6.410359140370839e-05	0.000432699241975	0.999791663327938	0.0002403884677639	0.0001762848763601	0.0001282071828074	1.6025897850927097e-05	6.410359140370839e-05	0.0001762848763601
_scratch_st-cdeboer-1_asfar_VLPs_results_crispresso_aggregated_spacer_SPACE_rep1_.staging_CRISPRessoPooled_on_SPACE_D1_rep1_CRISPResso_on_B2M	G	0.9997115338386832	0.9997275597365344	0.0001762848763601	0.9996955079408324	0.9998557669193416	1.6025897850927097e-05	0.0001602589785092	0.0001442330806583	0.000208336672062	1.6025897850927097e-05	1.6025897850927097e-05	0.0002243625699129	0.9991987051074536	3.2051795701854194e-05	0.9990865238224972	8.01294892546355e-05	0.9992147310053046	0.0001923107742111	0.999775637430087	0.0001442330806583
_scratch_st-cdeboer-1_asfar_VLPs_results_crispresso_aggregated_spacer_SPACE_rep1_.staging_CRISPRessoPooled_on_SPACE_D1_rep1_CRISPResso_on_B2M	N	0.0	0.0	0.0	0.0	0.0	0.0	0.0	0.0	0.0	0.0	0.0	0.0	0.0	1.6025897850927097e-05	0.0	0.0	0.0	0.0	0.0	0.0
_scratch_st-cdeboer-1_asfar_VLPs_results_crispresso_aggregated_spacer_SPACE_rep1_.staging_CRISPRessoPooled_on_SPACE_D1_rep1_CRISPResso_on_B2M	-	0.0	0.0	0.0	0.0	0.0	0.0	0.0	0.0	0.0	0.0	1.6025897850927097e-05	0.0	0.0	0.0	0.0	0.0	0.0	0.0	0.0	0.0
_scratch_st-cdeboer-1_asfar_VLPs_results_crispresso_aggregated_spacer_SPACE_rep1_.staging_CRISPRessoPooled_on_SPACE_D2_rep1_CRISPResso_on_B2M	A	0.0001834005802127	0.0	0.9995331621594584	1.6672780019340425e-05	1.6672780019340425e-05	1.6672780019340425e-05	0.0	0.999799926639768	3.334556003868085e-05	5.001834005802128e-05	5.001834005802128e-05	0.9996832171796324	0.000100036680116	5.001834005802128e-05	0.0001834005802127	0.0	0.0003167828203674	0.9997165627396712	3.334556003868085e-05	1.6672780019340425e-05
_scratch_st-cdeboer-1_asfar_VLPs_results_crispresso_aggregated_spacer_SPACE_rep1_.staging_CRISPRessoPooled_on_SPACE_D2_rep1_CRISPResso_on_B2M	T	0.0001333822401547	0.0003668011604254	1.6672780019340425e-05	0.000150055020174	6.66911200773617e-05	3.334556003868085e-05	0.9997332355196904	1.6672780019340425e-05	0.9996832171796324	0.0001167094601353	8.336390009670212e-05	6.66911200773617e-05	0.0001667278001934	8.336390009670212e-05	0.0001834005802127	0.9997665810797292	0.0003334556003868	0.000100036680116	0.0007502751008703	0.9995665077194972
_scratch_st-cdeboer-1_asfar_VLPs_results_crispresso_aggregated_spacer_SPACE_rep1_.staging_CRISPRessoPooled_on_SPACE_D2_rep1_CRISPResso_on_B2M	C	6.66911200773617e-05	0.0001167094601353	8.336390009670212e-05	1.6672780019340425e-05	6.66911200773617e-05	0.9999333088799226	0.0001167094601353	6.66911200773617e-05	6.66911200773617e-05	0.9998165994197872	0.9998165994197872	6.66911200773617e-05	0.0004001467204641	0.999849944979826	8.336390009670212e-05	8.336390009670212e-05	0.0005835473006769	0.0	0.0005668745206575	0.0002667644803094
_scratch_st-cdeboer-1_asfar_VLPs_results_crispresso_aggregated_spacer_SPACE_rep1_.staging_CRISPRessoPooled_on_SPACE_D2_rep1_CRISPResso_on_B2M	G	0.9995498349394778	0.9994164526993232	0.0003001100403481	0.99974990829971	0.9997832538597484	1.6672780019340425e-05	0.000150055020174	0.0001167094601353	0.000200073360232	1.6672780019340425e-05	0.0	0.0001834005802127	0.9993330887992264	1.6672780019340425e-05	0.9994831438194004	0.000150055020174	0.9987662142785688	0.0001834005802127	0.9986495048184334	0.000150055020174
_scratch_st-cdeboer-1_asfar_VLPs_results_crispresso_aggregated_spacer_SPACE_rep1_.staging_CRISPRessoPooled_on_SPACE_D2_rep1_CRISPResso_on_B2M	N	0.0	0.0	0.0	0.0	0.0	0.0	0.0	0.0	0.0	0.0	0.0	0.0	0.0	0.0	0.0	0.0	0.0	0.0	0.0	0.0
_scratch_st-cdeboer-1_asfar_VLPs_results_crispresso_aggregated_spacer_SPACE_rep1_.staging_CRISPRessoPooled_on_SPACE_D2_rep1_CRISPResso_on_B2M	-	6.66911200773617e-05	0.000100036680116	6.66911200773617e-05	6.66911200773617e-05	6.66911200773617e-05	0.0	0.0	0.0	1.6672780019340425e-05	0.0	5.001834005802128e-05	0.0	0.0	0.0	6.66911200773617e-05	0.0	0.0	0.0	0.0	0.0
_scratch_st-cdeboer-1_asfar_VLPs_results_crispresso_aggregated_spacer_SPACE_rep1_.staging_CRISPRessoPooled_on_SPACE_D3_rep1_CRISPResso_on_B2M	A	0.0001389226548119	5.788443950497228e-05	0.9997105778024752	6.946132740596672e-05	0.0001852302064159	3.473066370298336e-05	0.0	0.9997568853540792	2.315377580198891e-05	1.1576887900994455e-05	3.473066370298336e-05	0.9998031929056832	3.473066370298336e-05	2.315377580198891e-05	8.103821530696118e-05	0.0	0.0008335359288716	0.9995832320355642	9.261510320795564e-05	1.1576887900994455e-05
_scratch_st-cdeboer-1_asfar_VLPs_results_crispresso_aggregated_spacer_SPACE_rep1_.staging_CRISPRessoPooled_on_SPACE_D3_rep1_CRISPResso_on_B2M	T	0.0002199608701188	0.0006019981708517	1.1576887900994455e-05	0.0003820373007328	5.788443950497228e-05	9.261510320795564e-05	0.9997800391298812	1.1576887900994455e-05	0.9995948089234652	4.630755160397782e-05	1.1576887900994455e-05	0.0	0.0001389226548119	5.788443950497228e-05	8.103821530696118e-05	0.9990275414163164	0.0001504995427129	4.630755160397782e-05	0.0005672675071487	0.9992938098380394
_scratch_st-cdeboer-1_asfar_VLPs_results_crispresso_aggregated_spacer_SPACE_rep1_.staging_CRISPRessoPooled_on_SPACE_D3_rep1_CRISPResso_on_B2M	C	0.0001041919911089	0.0001736533185149	1.1576887900994455e-05	6.946132740596672e-05	3.473066370298336e-05	0.999861077345188	0.0001389226548119	5.788443950497228e-05	0.0001736533185149	0.9999189617846932	0.99988423112099	3.473066370298336e-05	6.946132740596672e-05	0.999872654233089	5.788443950497228e-05	0.0007872283772676	0.0007061901619606	1.1576887900994455e-05	0.0002546915338218	0.0001389226548119
_scratch_st-cdeboer-1_asfar_VLPs_results_crispresso_aggregated_spacer_SPACE_rep1_.staging_CRISPRessoPooled_on_SPACE_D3_rep1_CRISPResso_on_B2M	G	0.9995369244839604	0.9991317334074254	0.0002662684217228	0.9994790400444552	0.9997105778024752	0.0	6.946132740596672e-05	0.0001504995427129	0.0001852302064159	0.0	2.315377580198891e-05	0.0001389226548119	0.9997453084661782	3.473066370298336e-05	0.999675847138772	8.103821530696118e-05	0.9982055823753458	0.0002662684217228	0.9987381192187916	0.0002546915338218
_scratch_st-cdeboer-1_asfar_VLPs_results_crispresso_aggregated_spacer_SPACE_rep1_.staging_CRISPRessoPooled_on_SPACE_D3_rep1_CRISPResso_on_B2M	N	0.0	0.0	0.0	0.0	0.0	0.0	0.0	0.0	0.0	0.0	0.0	0.0	0.0	0.0	0.0	0.0	0.0	0.0	0.0	0.0
_scratch_st-cdeboer-1_asfar_VLPs_results_crispresso_aggregated_spacer_SPACE_rep1_.staging_CRISPRessoPooled_on_SPACE_D3_rep1_CRISPResso_on_B2M	-	0.0	3.473066370298336e-05	0.0	0.0	1.1576887900994455e-05	1.1576887900994455e-05	1.1576887900994455e-05	2.315377580198891e-05	2.315377580198891e-05	2.315377580198891e-05	4.630755160397782e-05	2.315377580198891e-05	1.1576887900994455e-05	1.1576887900994455e-05	0.0001041919911089	0.0001041919911089	0.0001041919911089	9.261510320795564e-05	0.0003473066370298	0.0003009990854258
_scratch_st-cdeboer-1_asfar_VLPs_results_crispresso_aggregated_spacer_SPACE_rep1_.staging_CRISPRessoPooled_on_SPACE_D4_rep1_CRISPResso_on_B2M	A	2.1730627145899432e-05	4.3461254291798863e-05	0.9996088487113738	2.1730627145899432e-05	4.3461254291798863e-05	2.1730627145899432e-05	0.0	0.9997392324742492	2.1730627145899432e-05	2.1730627145899432e-05	2.1730627145899432e-05	0.999804424355687	0.0002824981528966	2.1730627145899432e-05	0.0004346125429179	0.0	0.0024120996131948	0.9996523099656656	0.0021730627145899	0.0
_scratch_st-cdeboer-1_asfar_VLPs_results_crispresso_aggregated_spacer_SPACE_rep1_.staging_CRISPRessoPooled_on_SPACE_D4_rep1_CRISPResso_on_B2M	T	6.51918814376983e-05	0.0001086531357294	0.0	0.0001521143900212	6.51918814376983e-05	0.0001086531357294	0.9997609631013952	0.0	0.9996957712199576	0.0001086531357294	0.0001738450171671	0.0	0.0001303837628753	6.51918814376983e-05	2.1730627145899432e-05	0.998261549828328	0.0004780737972097	0.0	0.0016080664087965	0.999587118084228
_scratch_st-cdeboer-1_asfar_VLPs_results_crispresso_aggregated_spacer_SPACE_rep1_.staging_CRISPRessoPooled_on_SPACE_D4_rep1_CRISPResso_on_B2M	C	6.51918814376983e-05	8.692250858359773e-05	2.1730627145899432e-05	4.3461254291798863e-05	6.51918814376983e-05	0.999804424355687	8.692250858359773e-05	2.1730627145899432e-05	8.692250858359773e-05	0.999804424355687	0.9996957712199576	6.51918814376983e-05	0.00084749445869	0.999804424355687	0.0	0.0014776826459211	0.0024338302403407	2.1730627145899432e-05	0.0018905645616932	0.0001303837628753
_scratch_st-cdeboer-1_asfar_VLPs_results_crispresso_aggregated_spacer_SPACE_rep1_.staging_CRISPRessoPooled_on_SPACE_D4_rep1_CRISPResso_on_B2M	G	0.999782693728541	0.9996740405928116	0.0003042287800425	0.9997175018471032	0.9997609631013952	0.0	8.692250858359773e-05	0.0001738450171671	0.0001303837628753	0.0	4.3461254291798863e-05	6.51918814376983e-05	0.9985875092355164	4.3461254291798863e-05	0.9994784649484983	0.000195575644313	0.9946108044678168	0.0002607675257507	0.9942631144334826	0.0002173062714589
_scratch_st-cdeboer-1_asfar_VLPs_results_crispresso_aggregated_spacer_SPACE_rep1_.staging_CRISPRessoPooled_on_SPACE_D4_rep1_CRISPResso_on_B2M	N	0.0	0.0	0.0	0.0	0.0	0.0	0.0	0.0	0.0	0.0	0.0	0.0	0.0	0.0	0.0	0.0	0.0	0.0	0.0	0.0
_scratch_st-cdeboer-1_asfar_VLPs_results_crispresso_aggregated_spacer_SPACE_rep1_.staging_CRISPRessoPooled_on_SPACE_D4_rep1_CRISPResso_on_B2M	-	6.51918814376983e-05	8.692250858359773e-05	6.51918814376983e-05	6.51918814376983e-05	6.51918814376983e-05	6.51918814376983e-05	6.51918814376983e-05	6.51918814376983e-05	6.51918814376983e-05	6.51918814376983e-05	6.51918814376983e-05	6.51918814376983e-05	0.0001521143900212	6.51918814376983e-05	6.51918814376983e-05	6.51918814376983e-05	6.51918814376983e-05	6.51918814376983e-05	6.51918814376983e-05	6.51918814376983e-05
_scratch_st-cdeboer-1_asfar_VLPs_results_crispresso_aggregated_spacer_SPACE_rep1_.staging_CRISPRessoPooled_on_SPACE_D5_rep1_CRISPResso_on_B2M	A	0.0002066916419067	5.16729104766826e-05	0.999767471902855	1.291822761917065e-05	5.16729104766826e-05	0.0001679369590492	0.0	0.9998062265857124	0.0	6.459113809585325e-05	3.875468285751195e-05	0.9994445162123756	0.0004650561942901	5.16729104766826e-05	0.0001291822761917	0.0	0.001898979460018	0.9995349438057098	0.0016922878181113	0.0
_scratch_st-cdeboer-1_asfar_VLPs_results_crispresso_aggregated_spacer_SPACE_rep1_.staging_CRISPRessoPooled_on_SPACE_D5_rep1_CRISPResso_on_B2M	T	0.0001421005038108	0.0002712827800025	0.0	0.0001421005038108	2.58364552383413e-05	3.875468285751195e-05	0.9997803901304742	1.291822761917065e-05	0.9996124531714248	7.75093657150239e-05	6.459113809585325e-05	1.291822761917065e-05	0.0001033458209533	0.0001033458209533	9.042759333419455e-05	0.9984368944580804	0.0003358739180984	0.0	0.0021573440124014	0.9990569693838004
_scratch_st-cdeboer-1_asfar_VLPs_results_crispresso_aggregated_spacer_SPACE_rep1_.staging_CRISPRessoPooled_on_SPACE_D5_rep1_CRISPResso_on_B2M	C	7.75093657150239e-05	6.459113809585325e-05	3.875468285751195e-05	5.16729104766826e-05	0.0	0.9997933083580932	0.00015501873143	1.291822761917065e-05	0.0001033458209533	0.9997028807647592	0.99937992507428	6.459113809585325e-05	0.0003875468285751	0.9994832708952331	3.875468285751195e-05	0.0012013951685828	0.002273608060974	1.291822761917065e-05	0.0014597597209662	5.16729104766826e-05
_scratch_st-cdeboer-1_asfar_VLPs_results_crispresso_aggregated_spacer_SPACE_rep1_.staging_CRISPRessoPooled_on_SPACE_D5_rep1_CRISPResso_on_B2M	G	0.9995736984885674	0.9995607802609482	0.0001937734142875	0.9997933083580932	0.999922490634285	0.0	6.459113809585325e-05	0.0001679369590492	0.0001291822761917	0.0	2.58364552383413e-05	0.00015501873143	0.998721095465702	3.875468285751195e-05	0.9994832708952331	0.0001033458209533	0.995233174008526	0.0001937734142875	0.9940446970675624	0.0002454463247642
_scratch_st-cdeboer-1_asfar_VLPs_results_crispresso_aggregated_spacer_SPACE_rep1_.staging_CRISPRessoPooled_on_SPACE_D5_rep1_CRISPResso_on_B2M	N	0.0	0.0	0.0	0.0	0.0	0.0	0.0	0.0	0.0	0.0	0.0	0.0	0.0	0.0	0.0	0.0	0.0	0.0	0.0	0.0
_scratch_st-cdeboer-1_asfar_VLPs_results_crispresso_aggregated_spacer_SPACE_rep1_.staging_CRISPRessoPooled_on_SPACE_D5_rep1_CRISPResso_on_B2M	-	0.0	5.16729104766826e-05	0.0	0.0	0.0	0.0	0.0	0.0	0.00015501873143	0.00015501873143	0.0004908926495284	0.0003229556904792	0.0003229556904792	0.0003229556904792	0.0002583645523834	0.0002583645523834	0.0002583645523834	0.0002583645523834	0.0006459113809585	0.0006459113809585
