Folder	Nucleotide	G	G	A	G	G	C	T	A	T	C	C	A	G	C	G	T	G	A	G	T
_scratch_st-cdeboer-1_asfar_VLPs_results_crispresso_aggregated_spacer_SPACE_rep2_.staging_CRISPRessoPooled_on_SPACE_D0_rep2_CRISPResso_on_B2M	A	0.0001340145740849	1.6751821760616466e-05	0.9997319708518302	1.6751821760616466e-05	0.0001005109305636	5.02554652818494e-05	1.6751821760616466e-05	0.9997989781388726	1.6751821760616466e-05	1.6751821760616466e-05	1.6751821760616466e-05	0.9996984672083088	5.02554652818494e-05	1.6751821760616466e-05	3.350364352123293e-05	1.6751821760616466e-05	3.350364352123293e-05	0.9996649635647876	1.6751821760616466e-05	1.6751821760616466e-05
_scratch_st-cdeboer-1_asfar_VLPs_results_crispresso_aggregated_spacer_SPACE_rep2_.staging_CRISPRessoPooled_on_SPACE_D0_rep2_CRISPResso_on_B2M	T	0.0001675182176061	0.0004187955440154	0.0	0.0002512773264092	5.02554652818494e-05	0.0001172627523243	0.9998659854259152	0.0	0.9995309489907028	0.0001172627523243	0.0001005109305636	0.0	5.02554652818494e-05	0.0002010218611273	6.700728704246586e-05	0.9998157299606332	5.02554652818494e-05	0.0	0.0001507663958455	0.9995979562777452
_scratch_st-cdeboer-1_asfar_VLPs_results_crispresso_aggregated_spacer_SPACE_rep2_.staging_CRISPRessoPooled_on_SPACE_D0_rep2_CRISPResso_on_B2M	C	0.0001005109305636	0.0001005109305636	6.700728704246586e-05	6.700728704246586e-05	3.350364352123293e-05	0.9998157299606332	6.700728704246586e-05	1.6751821760616466e-05	0.0001507663958455	0.9998659854259152	0.9998324817823938	0.0001507663958455	5.02554652818494e-05	0.9997319708518302	3.350364352123293e-05	6.700728704246586e-05	0.0001172627523243	6.700728704246586e-05	0.0001005109305636	8.375910880308233e-05
_scratch_st-cdeboer-1_asfar_VLPs_results_crispresso_aggregated_spacer_SPACE_rep2_.staging_CRISPRessoPooled_on_SPACE_D0_rep2_CRISPResso_on_B2M	G	0.9995979562777452	0.9994471898818996	0.0002010218611273	0.9996649635647876	0.9998157299606332	1.6751821760616466e-05	5.02554652818494e-05	0.0001842700393667	0.000301532791691	0.0	0.0	0.0001507663958455	0.9998492336041545	5.02554652818494e-05	0.9998659854259152	0.0001005109305636	0.9997989781388726	0.0002680291481698	0.9997319708518302	0.000301532791691
_scratch_st-cdeboer-1_asfar_VLPs_results_crispresso_aggregated_spacer_SPACE_rep2_.staging_CRISPRessoPooled_on_SPACE_D0_rep2_CRISPResso_on_B2M	N	0.0	0.0	0.0	0.0	0.0	0.0	0.0	0.0	0.0	0.0	0.0	0.0	0.0	0.0	0.0	0.0	0.0	0.0	0.0	0.0
_scratch_st-cdeboer-1_asfar_VLPs_results_crispresso_aggregated_spacer_SPACE_rep2_.staging_CRISPRessoPooled_on_SPACE_D0_rep2_CRISPResso_on_B2M	-	0.0	1.6751821760616466e-05	0.0	0.0	0.0	0.0	0.0	0.0	0.0	0.0	5.02554652818494e-05	0.0	0.0	0.0	0.0	0.0	0.0	0.0	0.0	0.0
_scratch_st-cdeboer-1_asfar_VLPs_results_crispresso_aggregated_spacer_SPACE_rep2_.staging_CRISPRessoPooled_on_SPACE_D1_rep2_CRISPResso_on_B2M	A	6.941552131056504e-05	0.0	0.9998611689573788	3.470776065528252e-05	0.0	0.0	0.0	1.0	3.470776065528252e-05	3.470776065528252e-05	6.941552131056504e-05	0.999757045675413	0.0002776620852422	0.0	0.0002082465639316	0.0	0.0001041232819658	0.9996529223934472	0.0	0.0
_scratch_st-cdeboer-1_asfar_VLPs_results_crispresso_aggregated_spacer_SPACE_rep2_.staging_CRISPRessoPooled_on_SPACE_D1_rep2_CRISPResso_on_B2M	T	3.470776065528252e-05	0.0001041232819658	0.0	0.0002082465639316	0.0	6.941552131056504e-05	0.999618214632792	0.0	0.9997223379147576	3.470776065528252e-05	0.0001388310426211	0.0	3.470776065528252e-05	0.0001388310426211	3.470776065528252e-05	0.9998611689573788	0.0001041232819658	0.0	3.470776065528252e-05	0.9995835068721366
_scratch_st-cdeboer-1_asfar_VLPs_results_crispresso_aggregated_spacer_SPACE_rep2_.staging_CRISPRessoPooled_on_SPACE_D1_rep2_CRISPResso_on_B2M	C	6.941552131056504e-05	0.0	0.0	0.0001041232819658	0.0	0.9999305844786894	0.0001388310426211	0.0	6.941552131056504e-05	0.9999305844786894	0.9997917534360684	0.0001388310426211	0.0001041232819658	0.9998264611967236	3.470776065528252e-05	0.0001041232819658	0.0002082465639316	0.0	3.470776065528252e-05	0.0002429543245869
_scratch_st-cdeboer-1_asfar_VLPs_results_crispresso_aggregated_spacer_SPACE_rep2_.staging_CRISPRessoPooled_on_SPACE_D1_rep2_CRISPResso_on_B2M	G	0.9998264611967236	0.999895876718034	0.0001388310426211	0.9996529223934472	1.0	0.0	0.0002429543245869	0.0	0.0001735388032764	0.0	0.0	0.0001041232819658	0.9995835068721366	3.470776065528252e-05	0.9996529223934472	3.470776065528252e-05	0.9995835068721366	0.0003470776065528	0.9999305844786894	0.0001735388032764
_scratch_st-cdeboer-1_asfar_VLPs_results_crispresso_aggregated_spacer_SPACE_rep2_.staging_CRISPRessoPooled_on_SPACE_D1_rep2_CRISPResso_on_B2M	N	0.0	0.0	0.0	0.0	0.0	0.0	0.0	0.0	0.0	0.0	0.0	0.0	0.0	0.0	0.0	0.0	0.0	0.0	0.0	0.0
_scratch_st-cdeboer-1_asfar_VLPs_results_crispresso_aggregated_spacer_SPACE_rep2_.staging_CRISPRessoPooled_on_SPACE_D1_rep2_CRISPResso_on_B2M	-	0.0	0.0	0.0	0.0	0.0	0.0	0.0	0.0	0.0	0.0	0.0	0.0	0.0	0.0	6.941552131056504e-05	0.0	0.0	0.0	0.0	0.0
_scratch_st-cdeboer-1_asfar_VLPs_results_crispresso_aggregated_spacer_SPACE_rep2_.staging_CRISPRessoPooled_on_SPACE_D2_rep2_CRISPResso_on_B2M	A	0.0001144121124289	1.906868540482819e-05	0.9996376949773084	7.627474161931276e-05	0.0001144121124289	5.720605621448457e-05	0.0	0.9998665192021662	0.0	7.627474161931276e-05	1.906868540482819e-05	0.999771175775142	0.0001144121124289	9.534342702414095e-05	0.0	0.0	0.0004957858205255	0.9997139697189276	3.813737080965638e-05	5.720605621448457e-05
_scratch_st-cdeboer-1_asfar_VLPs_results_crispresso_aggregated_spacer_SPACE_rep2_.staging_CRISPRessoPooled_on_SPACE_D2_rep2_CRISPResso_on_B2M	T	5.720605621448457e-05	0.0003623050226917	1.906868540482819e-05	0.0001906868540482	1.906868540482819e-05	9.534342702414095e-05	0.9997521070897372	0.0	0.999542351550284	7.627474161931276e-05	0.0001144121124289	0.0	0.0	9.534342702414095e-05	0.0001144121124289	0.9995995576064988	5.720605621448457e-05	0.0	0.0005339231913351	0.9995232828648792
_scratch_st-cdeboer-1_asfar_VLPs_results_crispresso_aggregated_spacer_SPACE_rep2_.staging_CRISPRessoPooled_on_SPACE_D2_rep2_CRISPResso_on_B2M	C	9.534342702414095e-05	9.534342702414095e-05	0.0001144121124289	0.0001144121124289	9.534342702414095e-05	0.999771175775142	0.0001525494832386	1.906868540482819e-05	0.0001525494832386	0.9997521070897372	0.999771175775142	3.813737080965638e-05	1.906868540482819e-05	0.9997330384043324	0.0	0.0001906868540482	0.0002288242248579	3.813737080965638e-05	0.0004576484497158	0.0002478929102627
_scratch_st-cdeboer-1_asfar_VLPs_results_crispresso_aggregated_spacer_SPACE_rep2_.staging_CRISPRessoPooled_on_SPACE_D2_rep2_CRISPResso_on_B2M	G	0.9997330384043324	0.9994851454940696	0.0002288242248579	0.9996186262919036	0.999771175775142	1.906868540482819e-05	3.813737080965638e-05	5.720605621448457e-05	0.0002478929102627	3.813737080965638e-05	0.0	0.0001334807978337	0.9998093131459516	1.906868540482819e-05	0.9998283818313566	0.0001525494832386	0.9991609778421876	0.0002478929102627	0.9989702909881392	0.0001716181686434
_scratch_st-cdeboer-1_asfar_VLPs_results_crispresso_aggregated_spacer_SPACE_rep2_.staging_CRISPRessoPooled_on_SPACE_D2_rep2_CRISPResso_on_B2M	N	0.0	0.0	0.0	0.0	0.0	0.0	0.0	0.0	0.0	0.0	0.0	0.0	0.0	0.0	0.0	0.0	0.0	0.0	0.0	0.0
_scratch_st-cdeboer-1_asfar_VLPs_results_crispresso_aggregated_spacer_SPACE_rep2_.staging_CRISPRessoPooled_on_SPACE_D2_rep2_CRISPResso_on_B2M	-	0.0	3.813737080965638e-05	0.0	0.0	0.0	5.720605621448457e-05	5.720605621448457e-05	5.720605621448457e-05	5.720605621448457e-05	5.720605621448457e-05	9.534342702414095e-05	5.720605621448457e-05	5.720605621448457e-05	5.720605621448457e-05	5.720605621448457e-05	5.720605621448457e-05	5.720605621448457e-05	0.0	0.0	0.0
_scratch_st-cdeboer-1_asfar_VLPs_results_crispresso_aggregated_spacer_SPACE_rep2_.staging_CRISPRessoPooled_on_SPACE_D3_rep2_CRISPResso_on_B2M	A	0.0003759555536989	0.0	0.9995822716070012	4.177283929988721e-05	8.354567859977442e-05	4.177283929988721e-05	0.0	0.9998329086428004	0.0	4.177283929988721e-05	4.177283929988721e-05	0.9996658172856008	0.0001253185178996	4.177283929988721e-05	8.354567859977442e-05	0.0	0.0004177283929988	0.999624044446301	0.0004595012322987	0.0
_scratch_st-cdeboer-1_asfar_VLPs_results_crispresso_aggregated_spacer_SPACE_rep2_.staging_CRISPRessoPooled_on_SPACE_D3_rep2_CRISPResso_on_B2M	T	8.354567859977442e-05	0.0003759555536989	4.177283929988721e-05	0.0002924098750992	4.177283929988721e-05	8.354567859977442e-05	0.9998329086428004	4.177283929988721e-05	0.9994987259284014	4.177283929988721e-05	8.354567859977442e-05	0.0	8.354567859977442e-05	8.354567859977442e-05	0.0001253185178996	0.999624044446301	0.0002088641964994	0.0	0.0011278666610969	0.9994569530891014
_scratch_st-cdeboer-1_asfar_VLPs_results_crispresso_aggregated_spacer_SPACE_rep2_.staging_CRISPRessoPooled_on_SPACE_D3_rep2_CRISPResso_on_B2M	C	0.0002088641964994	8.354567859977442e-05	0.0	8.354567859977442e-05	8.354567859977442e-05	0.9997493629642008	8.354567859977442e-05	0.0	0.0001253185178996	0.9998746814821003	0.9997911358035004	0.0001670913571995	0.0	0.9997911358035004	0.0	0.0001253185178996	0.0005012740715986	8.354567859977442e-05	0.0010443209824971	0.0002088641964994
_scratch_st-cdeboer-1_asfar_VLPs_results_crispresso_aggregated_spacer_SPACE_rep2_.staging_CRISPRessoPooled_on_SPACE_D3_rep2_CRISPResso_on_B2M	G	0.9991227703747024	0.999289861731902	0.0002506370357993	0.9994569530891014	0.9996658172856008	0.0	4.177283929988721e-05	8.354567859977442e-05	0.000334182714399	0.0	4.177283929988721e-05	0.0001253185178996	0.9997493629642008	4.177283929988721e-05	0.9997075901249008	0.0001670913571995	0.9987885876603032	0.0002506370357993	0.9973265382848072	0.0002924098750992
_scratch_st-cdeboer-1_asfar_VLPs_results_crispresso_aggregated_spacer_SPACE_rep2_.staging_CRISPRessoPooled_on_SPACE_D3_rep2_CRISPResso_on_B2M	N	0.0	0.0	0.0	0.0	0.0	0.0	0.0	0.0	0.0	0.0	0.0	0.0	0.0	0.0	0.0	0.0	0.0	0.0	0.0	0.0
_scratch_st-cdeboer-1_asfar_VLPs_results_crispresso_aggregated_spacer_SPACE_rep2_.staging_CRISPRessoPooled_on_SPACE_D3_rep2_CRISPResso_on_B2M	-	0.0002088641964994	0.0002506370357993	0.0001253185178996	0.0001253185178996	0.0001253185178996	0.0001253185178996	4.177283929988721e-05	4.177283929988721e-05	4.177283929988721e-05	4.177283929988721e-05	4.177283929988721e-05	4.177283929988721e-05	4.177283929988721e-05	4.177283929988721e-05	8.354567859977442e-05	8.354567859977442e-05	8.354567859977442e-05	4.177283929988721e-05	4.177283929988721e-05	4.177283929988721e-05
_scratch_st-cdeboer-1_asfar_VLPs_results_crispresso_aggregated_spacer_SPACE_rep2_.staging_CRISPRessoPooled_on_SPACE_D4_rep2_CRISPResso_on_B2M	A	0.0	0.0	0.9997978572872448	0.0	0.0001010713563776	5.053567818880129e-05	0.0	0.9996967859308672	0.0	0.0001010713563776	0.0	0.9995451788963008	5.053567818880129e-05	0.0001010713563776	0.000252678390944	0.0	0.001010713563776	0.999494643218112	0.0006569638164544	0.0
_scratch_st-cdeboer-1_asfar_VLPs_results_crispresso_aggregated_spacer_SPACE_rep2_.staging_CRISPRessoPooled_on_SPACE_D4_rep2_CRISPResso_on_B2M	T	0.0001010713563776	0.0003032140691328	0.0	0.0001516070345664	0.0	5.053567818880129e-05	0.9996967859308672	5.053567818880129e-05	0.9996967859308672	0.0001010713563776	0.0001010713563776	0.0	0.0001516070345664	0.000252678390944	0.0	0.9996462502526784	0.0003032140691328	0.0	0.0004548211036992	0.9996462502526784
_scratch_st-cdeboer-1_asfar_VLPs_results_crispresso_aggregated_spacer_SPACE_rep2_.staging_CRISPRessoPooled_on_SPACE_D4_rep2_CRISPResso_on_B2M	C	0.0	0.0	5.053567818880129e-05	5.053567818880129e-05	0.0001010713563776	0.999747321609056	0.0001010713563776	5.053567818880129e-05	5.053567818880129e-05	0.9995957145744896	0.999747321609056	5.053567818880129e-05	5.053567818880129e-05	0.9994441075399232	0.0001010713563776	0.0001010713563776	0.0019708914493632	5.053567818880129e-05	0.0004042854255104	0.0
_scratch_st-cdeboer-1_asfar_VLPs_results_crispresso_aggregated_spacer_SPACE_rep2_.staging_CRISPRessoPooled_on_SPACE_D4_rep2_CRISPResso_on_B2M	G	0.9998483929654336	0.9996462502526784	0.0001010713563776	0.999747321609056	0.9996462502526784	0.0	5.053567818880129e-05	5.053567818880129e-05	0.0001010713563776	5.053567818880129e-05	0.0	0.000252678390944	0.9995957145744896	5.053567818880129e-05	0.999494643218112	0.0001010713563776	0.996462502526784	0.0002021427127552	0.998231251263392	0.0002021427127552
_scratch_st-cdeboer-1_asfar_VLPs_results_crispresso_aggregated_spacer_SPACE_rep2_.staging_CRISPRessoPooled_on_SPACE_D4_rep2_CRISPResso_on_B2M	N	0.0	0.0	0.0	0.0	0.0	0.0	0.0	0.0	0.0	0.0	0.0	0.0	0.0	0.0	0.0	0.0	0.0	0.0	0.0	0.0
_scratch_st-cdeboer-1_asfar_VLPs_results_crispresso_aggregated_spacer_SPACE_rep2_.staging_CRISPRessoPooled_on_SPACE_D4_rep2_CRISPResso_on_B2M	-	5.053567818880129e-05	5.053567818880129e-05	5.053567818880129e-05	5.053567818880129e-05	0.0001516070345664	0.0001516070345664	0.0001516070345664	0.0001516070345664	0.0001516070345664	0.0001516070345664	0.0001516070345664	0.0001516070345664	0.0001516070345664	0.0001516070345664	0.0001516070345664	0.0001516070345664	0.000252678390944	0.000252678390944	0.000252678390944	0.0001516070345664
_scratch_st-cdeboer-1_asfar_VLPs_results_crispresso_aggregated_spacer_SPACE_rep2_.staging_CRISPRessoPooled_on_SPACE_D5_rep2_CRISPResso_on_B2M	A	0.000134286769396	0.0	0.9991942793836236	3.3571692349011314e-05	0.000134286769396	0.000100715077047	0.0	0.9996307113841608	3.3571692349011314e-05	6.714338469802263e-05	0.000100715077047	0.9995299963071138	0.000134286769396	3.3571692349011314e-05	0.000100715077047	0.0	0.0013764393863094	0.9994628529224158	0.0006714338469802	3.3571692349011314e-05
_scratch_st-cdeboer-1_asfar_VLPs_results_crispresso_aggregated_spacer_SPACE_rep2_.staging_CRISPRessoPooled_on_SPACE_D5_rep2_CRISPResso_on_B2M	T	0.000235001846443	0.0004364320005371	0.0	0.0003021452311411	3.3571692349011314e-05	6.714338469802263e-05	0.9994292812300668	0.0	0.9994628529224158	0.000235001846443	0.000134286769396	0.0	0.000100715077047	6.714338469802263e-05	0.000134286769396	0.9983549870748984	0.0015778695404035	6.714338469802263e-05	0.0023164467720817	0.9991942793836236
_scratch_st-cdeboer-1_asfar_VLPs_results_crispresso_aggregated_spacer_SPACE_rep2_.staging_CRISPRessoPooled_on_SPACE_D5_rep2_CRISPResso_on_B2M	C	3.3571692349011314e-05	0.000235001846443	3.3571692349011314e-05	0.000100715077047	6.714338469802263e-05	0.9995299963071138	0.000201430154094	0.0	0.000201430154094	0.999597139691812	0.9995635679994628	0.000100715077047	0.000134286769396	0.9995635679994628	3.3571692349011314e-05	0.0013092960016114	0.0014435827710074	6.714338469802263e-05	0.0011414375398663	0.000134286769396
_scratch_st-cdeboer-1_asfar_VLPs_results_crispresso_aggregated_spacer_SPACE_rep2_.staging_CRISPRessoPooled_on_SPACE_D5_rep2_CRISPResso_on_B2M	G	0.9994292812300668	0.9990935643065768	0.0005035753852351	0.9993285661530198	0.9994964246147648	0.0	0.000167858461745	0.000201430154094	0.000201430154094	0.0	3.3571692349011314e-05	0.000100715077047	0.9993621378453688	3.3571692349011314e-05	0.9994964246147648	0.000100715077047	0.9952999630711384	0.000167858461745	0.9955013932252323	0.0004028603081881
_scratch_st-cdeboer-1_asfar_VLPs_results_crispresso_aggregated_spacer_SPACE_rep2_.staging_CRISPRessoPooled_on_SPACE_D5_rep2_CRISPResso_on_B2M	N	0.0	0.0	0.0	0.0	0.0	0.0	0.0	0.0	0.0	0.0	0.0	0.0	0.0	0.0	0.0	0.0	0.0	0.0	0.0	0.0
_scratch_st-cdeboer-1_asfar_VLPs_results_crispresso_aggregated_spacer_SPACE_rep2_.staging_CRISPRessoPooled_on_SPACE_D5_rep2_CRISPResso_on_B2M	-	0.000167858461745	0.000235001846443	0.000268573538792	0.000235001846443	0.000268573538792	0.0003021452311411	0.000201430154094	0.000167858461745	0.000100715077047	0.000100715077047	0.000167858461745	0.000268573538792	0.000268573538792	0.0003021452311411	0.000235001846443	0.000235001846443	0.0003021452311411	0.000235001846443	0.0003692886158391	0.000235001846443
