Folder	Nucleotide	G	G	A	G	G	C	T	A	T	C	C	A	G	C	G	T	G	A	G	T
_scratch_st-cdeboer-1_asfar_VLPs_results_crispresso_aggregated_spacer_SPACE-NG_rep3_.staging_CRISPRessoPooled_on_SPACE-NG_D0_rep3_CRISPResso_on_B2M	A	0.0001671630903896	0.0	0.9997720503312868	1.5196644580876542e-05	9.117986748525926e-05	3.0393289161753083e-05	0.0	0.999878426843353	1.5196644580876542e-05	1.5196644580876542e-05	7.598322290438272e-05	0.9997112637529634	0.0	1.5196644580876542e-05	1.5196644580876542e-05	0.0	4.558993374262963e-05	0.9997720503312868	1.5196644580876542e-05	0.0
_scratch_st-cdeboer-1_asfar_VLPs_results_crispresso_aggregated_spacer_SPACE-NG_rep3_.staging_CRISPRessoPooled_on_SPACE-NG_D0_rep3_CRISPResso_on_B2M	T	0.0001671630903896	0.000364719469941	6.078657832350617e-05	0.0004103094036836	1.5196644580876542e-05	4.558993374262963e-05	0.9996808704638016	1.5196644580876542e-05	0.9996656738192208	0.0001063765120661	1.5196644580876542e-05	0.0	4.558993374262963e-05	0.0001367698012278	4.558993374262963e-05	0.9997720503312868	0.000121573156647	0.0	9.117986748525926e-05	0.9995896905963164
_scratch_st-cdeboer-1_asfar_VLPs_results_crispresso_aggregated_spacer_SPACE-NG_rep3_.staging_CRISPRessoPooled_on_SPACE-NG_D0_rep3_CRISPResso_on_B2M	C	0.0001063765120661	0.000121573156647	1.5196644580876542e-05	3.0393289161753083e-05	9.117986748525926e-05	0.9999088201325148	0.0002127530241322	0.0	3.0393289161753083e-05	0.9998176402650296	0.999878426843353	9.117986748525926e-05	6.078657832350617e-05	0.9998176402650296	3.0393289161753083e-05	6.078657832350617e-05	6.078657832350617e-05	1.5196644580876542e-05	4.558993374262963e-05	0.000243146313294
_scratch_st-cdeboer-1_asfar_VLPs_results_crispresso_aggregated_spacer_SPACE-NG_rep3_.staging_CRISPRessoPooled_on_SPACE-NG_D0_rep3_CRISPResso_on_B2M	G	0.9995441006625736	0.9994681174396692	0.0001367698012278	0.9995289040179928	0.9997872469758676	0.0	9.117986748525926e-05	9.117986748525926e-05	0.000243146313294	4.558993374262963e-05	1.5196644580876542e-05	0.0001823597349705	0.999878426843353	1.5196644580876542e-05	0.999893623487934	0.0001519664458087	0.999756853686706	0.0001975563795513	0.9998328369096104	0.0001519664458087
_scratch_st-cdeboer-1_asfar_VLPs_results_crispresso_aggregated_spacer_SPACE-NG_rep3_.staging_CRISPRessoPooled_on_SPACE-NG_D0_rep3_CRISPResso_on_B2M	N	0.0	0.0	0.0	0.0	0.0	0.0	0.0	0.0	0.0	0.0	0.0	0.0	0.0	0.0	0.0	0.0	0.0	0.0	0.0	0.0
_scratch_st-cdeboer-1_asfar_VLPs_results_crispresso_aggregated_spacer_SPACE-NG_rep3_.staging_CRISPRessoPooled_on_SPACE-NG_D0_rep3_CRISPResso_on_B2M	-	1.5196644580876542e-05	4.558993374262963e-05	1.5196644580876542e-05	1.5196644580876542e-05	1.5196644580876542e-05	1.5196644580876542e-05	1.5196644580876542e-05	1.5196644580876542e-05	4.558993374262963e-05	1.5196644580876542e-05	1.5196644580876542e-05	1.5196644580876542e-05	1.5196644580876542e-05	1.5196644580876542e-05	1.5196644580876542e-05	1.5196644580876542e-05	1.5196644580876542e-05	1.5196644580876542e-05	1.5196644580876542e-05	1.5196644580876542e-05
_scratch_st-cdeboer-1_asfar_VLPs_results_crispresso_aggregated_spacer_SPACE-NG_rep3_.staging_CRISPRessoPooled_on_SPACE-NG_D1_rep3_CRISPResso_on_B2M	A	0.0001208716982473	4.266059938142131e-05	0.9998009172028868	2.133029969071065e-05	0.0001350918980411	2.8440399587614206e-05	7.110099896903552e-06	0.999857798002062	7.110099896903552e-06	4.266059938142131e-05	6.399089907213196e-05	0.9996729354047424	1.4220199793807103e-05	2.133029969071065e-05	9.954139855664972e-05	1.4220199793807103e-05	3.5550499484517755e-05	0.9997298162039177	1.4220199793807103e-05	1.4220199793807103e-05
_scratch_st-cdeboer-1_asfar_VLPs_results_crispresso_aggregated_spacer_SPACE-NG_rep3_.staging_CRISPRessoPooled_on_SPACE-NG_D1_rep3_CRISPResso_on_B2M	T	0.0002133029969071	0.0003697251946389	0.0	0.0004692665931956	2.8440399587614206e-05	4.977069927832486e-05	0.9996942657044332	3.5550499484517755e-05	0.9997227061040208	6.399089907213196e-05	6.399089907213196e-05	0.0	3.5550499484517755e-05	0.0001564221977318	4.977069927832486e-05	0.9998009172028868	9.954139855664972e-05	2.8440399587614206e-05	0.0001066514984535	0.9995662839062888
_scratch_st-cdeboer-1_asfar_VLPs_results_crispresso_aggregated_spacer_SPACE-NG_rep3_.staging_CRISPRessoPooled_on_SPACE-NG_D1_rep3_CRISPResso_on_B2M	C	9.954139855664972e-05	7.110099896903551e-05	2.8440399587614206e-05	3.5550499484517755e-05	4.266059938142131e-05	0.9999146788012372	0.0001635322976287	2.133029969071065e-05	9.954139855664972e-05	0.9998791283017526	0.999843577802268	7.110099896903551e-05	6.399089907213196e-05	0.9998222475025774	2.133029969071065e-05	0.0001208716982473	0.0001350918980411	7.110099896903552e-06	0.0001279817981442	0.0002275231967009
_scratch_st-cdeboer-1_asfar_VLPs_results_crispresso_aggregated_spacer_SPACE-NG_rep3_.staging_CRISPRessoPooled_on_SPACE-NG_D1_rep3_CRISPResso_on_B2M	G	0.999559173806392	0.9994596324078352	0.0001635322976287	0.9994738526076292	0.9997938071029898	7.110099896903552e-06	0.0001350918980411	8.532119876284262e-05	0.0001635322976287	1.4220199793807103e-05	1.4220199793807103e-05	0.0002559635962885	0.9998862384016496	0.0	0.9998293576024744	6.399089907213196e-05	0.9997298162039177	0.0002346332965978	0.9997511465036084	0.0001919726972163
_scratch_st-cdeboer-1_asfar_VLPs_results_crispresso_aggregated_spacer_SPACE-NG_rep3_.staging_CRISPRessoPooled_on_SPACE-NG_D1_rep3_CRISPResso_on_B2M	N	0.0	0.0	0.0	0.0	0.0	0.0	0.0	0.0	0.0	0.0	0.0	0.0	0.0	0.0	0.0	0.0	0.0	0.0	0.0	0.0
_scratch_st-cdeboer-1_asfar_VLPs_results_crispresso_aggregated_spacer_SPACE-NG_rep3_.staging_CRISPRessoPooled_on_SPACE-NG_D1_rep3_CRISPResso_on_B2M	-	7.110099896903552e-06	5.688079917522841e-05	7.110099896903552e-06	0.0	0.0	0.0	0.0	0.0	7.110099896903552e-06	0.0	1.4220199793807103e-05	0.0	0.0	0.0	0.0	0.0	0.0	0.0	0.0	0.0
_scratch_st-cdeboer-1_asfar_VLPs_results_crispresso_aggregated_spacer_SPACE-NG_rep3_.staging_CRISPRessoPooled_on_SPACE-NG_D2_rep3_CRISPResso_on_B2M	A	0.0001146788990825	0.0	0.999827981651376	0.0	0.0002293577981651	0.0001146788990825	5.733944954128441e-05	0.9997706422018348	0.0	0.0	5.733944954128441e-05	0.9997133027522936	0.0	0.0	0.0	5.733944954128441e-05	0.0	0.999598623853211	0.0	0.0
_scratch_st-cdeboer-1_asfar_VLPs_results_crispresso_aggregated_spacer_SPACE-NG_rep3_.staging_CRISPRessoPooled_on_SPACE-NG_D2_rep3_CRISPResso_on_B2M	T	5.733944954128441e-05	0.0004013761467889	0.0	0.0001720183486238	0.0001720183486238	5.733944954128441e-05	0.999827981651376	5.733944954128441e-05	0.999827981651376	5.733944954128441e-05	5.733944954128441e-05	0.0	0.0001146788990825	0.0001720183486238	0.0	0.9998853211009174	0.0	0.0	0.0001720183486238	0.9996559633027524
_scratch_st-cdeboer-1_asfar_VLPs_results_crispresso_aggregated_spacer_SPACE-NG_rep3_.staging_CRISPRessoPooled_on_SPACE-NG_D2_rep3_CRISPResso_on_B2M	C	0.0	5.733944954128441e-05	0.0	0.0001146788990825	5.733944954128441e-05	0.999827981651376	0.0	5.733944954128441e-05	0.0001146788990825	0.9999426605504588	0.9998853211009174	0.0001146788990825	0.0	0.999827981651376	0.0	5.733944954128441e-05	0.0	5.733944954128441e-05	0.0001146788990825	0.0001720183486238
_scratch_st-cdeboer-1_asfar_VLPs_results_crispresso_aggregated_spacer_SPACE-NG_rep3_.staging_CRISPRessoPooled_on_SPACE-NG_D2_rep3_CRISPResso_on_B2M	G	0.999827981651376	0.9994839449541284	0.0001720183486238	0.9997133027522936	0.9995412844036696	0.0	0.0001146788990825	0.0001146788990825	5.733944954128441e-05	0.0	0.0	0.0001720183486238	0.9998853211009174	0.0	1.0	0.0	1.0	0.0003440366972477	0.9997133027522936	0.0001720183486238
_scratch_st-cdeboer-1_asfar_VLPs_results_crispresso_aggregated_spacer_SPACE-NG_rep3_.staging_CRISPRessoPooled_on_SPACE-NG_D2_rep3_CRISPResso_on_B2M	N	0.0	0.0	0.0	0.0	0.0	0.0	0.0	0.0	0.0	0.0	0.0	0.0	0.0	0.0	0.0	0.0	0.0	0.0	0.0	0.0
_scratch_st-cdeboer-1_asfar_VLPs_results_crispresso_aggregated_spacer_SPACE-NG_rep3_.staging_CRISPRessoPooled_on_SPACE-NG_D2_rep3_CRISPResso_on_B2M	-	0.0	5.733944954128441e-05	0.0	0.0	0.0	0.0	0.0	0.0	0.0	0.0	0.0	0.0	0.0	0.0	0.0	0.0	0.0	0.0	0.0	0.0
_scratch_st-cdeboer-1_asfar_VLPs_results_crispresso_aggregated_spacer_SPACE-NG_rep3_.staging_CRISPRessoPooled_on_SPACE-NG_D3_rep3_CRISPResso_on_B2M	A	0.0001854484762316	4.9452926995116526e-05	0.999777461828522	7.417939049267479e-05	0.0003585337207145	4.9452926995116526e-05	1.2363231748779131e-05	0.999839277987266	2.4726463497558263e-05	6.181615874389565e-05	3.708969524633739e-05	0.9997403721332756	1.2363231748779131e-05	6.181615874389565e-05	2.4726463497558263e-05	0.0	1.2363231748779131e-05	0.999715645669778	0.0	0.0
_scratch_st-cdeboer-1_asfar_VLPs_results_crispresso_aggregated_spacer_SPACE-NG_rep3_.staging_CRISPRessoPooled_on_SPACE-NG_D3_rep3_CRISPResso_on_B2M	T	0.0001607220127341	0.0005192557334487	1.2363231748779131e-05	0.0005192557334487	1.2363231748779131e-05	4.9452926995116526e-05	0.9997032824380292	1.2363231748779131e-05	0.9997032824380292	7.417939049267479e-05	9.890585399023304e-05	0.0	7.417939049267479e-05	0.000111269085739	7.417939049267479e-05	0.9997527353650244	0.0001483587809853	1.2363231748779131e-05	0.0001607220127341	0.9996414662792854
_scratch_st-cdeboer-1_asfar_VLPs_results_crispresso_aggregated_spacer_SPACE-NG_rep3_.staging_CRISPRessoPooled_on_SPACE-NG_D3_rep3_CRISPResso_on_B2M	C	8.654262224145392e-05	0.000111269085739	2.4726463497558263e-05	3.708969524633739e-05	7.417939049267479e-05	0.9999010941460098	0.0001359955492365	0.0	0.0001359955492365	0.999839277987266	0.9998269147555172	4.9452926995116526e-05	3.708969524633739e-05	0.9997898250602708	3.708969524633739e-05	7.417939049267479e-05	0.0001483587809853	3.708969524633739e-05	6.181615874389565e-05	0.0001483587809853
_scratch_st-cdeboer-1_asfar_VLPs_results_crispresso_aggregated_spacer_SPACE-NG_rep3_.staging_CRISPRessoPooled_on_SPACE-NG_D3_rep3_CRISPResso_on_B2M	G	0.9995672868887928	0.9992829325585708	0.0001730852444829	0.9993694751808124	0.999554923657044	0.0	0.0001483587809853	0.0001359955492365	0.0001359955492365	2.4726463497558263e-05	2.4726463497558263e-05	0.0002101749397292	0.9998763676825122	3.708969524633739e-05	0.9998640044507634	0.0001730852444829	0.9996909192062804	0.0002349014032268	0.999777461828522	0.0002101749397292
_scratch_st-cdeboer-1_asfar_VLPs_results_crispresso_aggregated_spacer_SPACE-NG_rep3_.staging_CRISPRessoPooled_on_SPACE-NG_D3_rep3_CRISPResso_on_B2M	N	0.0	0.0	0.0	0.0	0.0	0.0	0.0	1.2363231748779131e-05	0.0	0.0	0.0	0.0	0.0	0.0	0.0	0.0	0.0	0.0	0.0	0.0
_scratch_st-cdeboer-1_asfar_VLPs_results_crispresso_aggregated_spacer_SPACE-NG_rep3_.staging_CRISPRessoPooled_on_SPACE-NG_D3_rep3_CRISPResso_on_B2M	-	0.0	3.708969524633739e-05	1.2363231748779131e-05	0.0	0.0	0.0	0.0	0.0	0.0	0.0	1.2363231748779131e-05	0.0	0.0	0.0	0.0	0.0	0.0	0.0	0.0	0.0
_scratch_st-cdeboer-1_asfar_VLPs_results_crispresso_aggregated_spacer_SPACE-NG_rep3_.staging_CRISPRessoPooled_on_SPACE-NG_D4_rep3_CRISPResso_on_B2M	A	9.180347935186745e-05	3.060115978395581e-05	0.9997092889820524	4.590173967593372e-05	6.120231956791162e-05	9.180347935186745e-05	0.0	0.9997704913016204	0.0	6.120231956791162e-05	9.180347935186745e-05	0.9997245895619444	3.060115978395581e-05	4.590173967593372e-05	1.5300579891977904e-05	0.0	3.060115978395581e-05	0.9997092889820524	0.0001377052190278	0.0
_scratch_st-cdeboer-1_asfar_VLPs_results_crispresso_aggregated_spacer_SPACE-NG_rep3_.staging_CRISPRessoPooled_on_SPACE-NG_D4_rep3_CRISPResso_on_B2M	T	0.0001377052190278	0.0004437168168673	0.0	0.0002295086983796	3.060115978395581e-05	4.590173967593372e-05	0.9998010924614044	4.590173967593372e-05	0.9997398901418364	7.650289945988952e-05	0.0001071040592438	0.0	6.120231956791162e-05	0.0001224046391358	6.120231956791162e-05	0.9998163930412962	0.0001071040592438	0.0	0.0001683063788117	0.9995868843429166
_scratch_st-cdeboer-1_asfar_VLPs_results_crispresso_aggregated_spacer_SPACE-NG_rep3_.staging_CRISPRessoPooled_on_SPACE-NG_D4_rep3_CRISPResso_on_B2M	C	3.060115978395581e-05	9.180347935186745e-05	7.650289945988952e-05	4.590173967593372e-05	1.5300579891977904e-05	0.9998469942010804	0.0001377052190278	1.5300579891977904e-05	0.0001071040592438	0.9998469942010804	0.9997704913016204	0.0001224046391358	0.0	0.9998010924614044	7.650289945988952e-05	4.590173967593372e-05	0.0001071040592438	3.060115978395581e-05	0.0002601098581636	0.0001836069587037
_scratch_st-cdeboer-1_asfar_VLPs_results_crispresso_aggregated_spacer_SPACE-NG_rep3_.staging_CRISPRessoPooled_on_SPACE-NG_D4_rep3_CRISPResso_on_B2M	G	0.9997398901418364	0.9993879768043208	0.0002142081184876	0.9996786878222684	0.999892895940756	1.5300579891977904e-05	6.120231956791162e-05	0.0001683063788117	0.0001377052190278	1.5300579891977904e-05	0.0	0.0001530057989197	0.999908196520648	3.060115978395581e-05	0.9998469942010804	0.0001377052190278	0.9997551907217284	0.0002601098581636	0.9994338785439968	0.0002295086983796
_scratch_st-cdeboer-1_asfar_VLPs_results_crispresso_aggregated_spacer_SPACE-NG_rep3_.staging_CRISPRessoPooled_on_SPACE-NG_D4_rep3_CRISPResso_on_B2M	N	0.0	0.0	0.0	0.0	0.0	0.0	0.0	0.0	0.0	0.0	0.0	0.0	0.0	0.0	0.0	0.0	0.0	0.0	0.0	0.0
_scratch_st-cdeboer-1_asfar_VLPs_results_crispresso_aggregated_spacer_SPACE-NG_rep3_.staging_CRISPRessoPooled_on_SPACE-NG_D4_rep3_CRISPResso_on_B2M	-	0.0	4.590173967593372e-05	0.0	0.0	0.0	0.0	0.0	0.0	1.5300579891977904e-05	0.0	3.060115978395581e-05	0.0	0.0	0.0	0.0	0.0	0.0	0.0	0.0	0.0
_scratch_st-cdeboer-1_asfar_VLPs_results_crispresso_aggregated_spacer_SPACE-NG_rep3_.staging_CRISPRessoPooled_on_SPACE-NG_D5_rep3_CRISPResso_on_B2M	A	7.381381204050902e-05	1.4762762408101804e-05	0.9997342702766542	1.4762762408101804e-05	0.0002066786737134	2.9525524816203607e-05	0.0	0.9998376096135108	0.0	2.9525524816203607e-05	1.4762762408101804e-05	0.9997342702766542	2.9525524816203607e-05	5.9051049632407214e-05	2.9525524816203607e-05	2.9525524816203607e-05	0.000147627624081	0.999719507514246	1.4762762408101804e-05	1.4762762408101804e-05
_scratch_st-cdeboer-1_asfar_VLPs_results_crispresso_aggregated_spacer_SPACE-NG_rep3_.staging_CRISPRessoPooled_on_SPACE-NG_D5_rep3_CRISPResso_on_B2M	T	0.0002509669609377	0.0003543062977944	1.4762762408101804e-05	0.0001919159113053	7.381381204050902e-05	4.428828722430541e-05	0.9996899819894298	0.0	0.9996456937022056	4.428828722430541e-05	4.428828722430541e-05	0.0	2.9525524816203607e-05	0.0001328648616729	2.9525524816203607e-05	0.9997637958014703	0.0001181020992648	2.9525524816203607e-05	0.0001328648616729	0.9995866426525732
_scratch_st-cdeboer-1_asfar_VLPs_results_crispresso_aggregated_spacer_SPACE-NG_rep3_.staging_CRISPRessoPooled_on_SPACE-NG_D5_rep3_CRISPResso_on_B2M	C	5.9051049632407214e-05	0.0001181020992648	2.9525524816203607e-05	5.9051049632407214e-05	4.428828722430541e-05	0.9998966606631432	0.0001919159113053	4.428828722430541e-05	0.0001181020992648	0.999852372375919	0.999852372375919	0.0001328648616729	7.381381204050902e-05	0.9997490330390624	1.4762762408101804e-05	7.381381204050902e-05	0.000147627624081	1.4762762408101804e-05	5.9051049632407214e-05	0.0002657297233458
_scratch_st-cdeboer-1_asfar_VLPs_results_crispresso_aggregated_spacer_SPACE-NG_rep3_.staging_CRISPRessoPooled_on_SPACE-NG_D5_rep3_CRISPResso_on_B2M	G	0.9996161681773894	0.9994685405533084	0.0002214414361215	0.999719507514246	0.9996604564646135	1.4762762408101804e-05	0.0001033393368567	0.0001033393368567	0.0002214414361215	5.9051049632407214e-05	2.9525524816203607e-05	0.0001181020992648	0.999852372375919	4.428828722430541e-05	0.9999114234255514	0.0001181020992648	0.999571879890165	0.0002214414361215	0.9997785585638784	0.0001181020992648
_scratch_st-cdeboer-1_asfar_VLPs_results_crispresso_aggregated_spacer_SPACE-NG_rep3_.staging_CRISPRessoPooled_on_SPACE-NG_D5_rep3_CRISPResso_on_B2M	N	0.0	0.0	0.0	0.0	0.0	0.0	0.0	0.0	0.0	0.0	0.0	0.0	0.0	0.0	0.0	0.0	0.0	0.0	0.0	0.0
_scratch_st-cdeboer-1_asfar_VLPs_results_crispresso_aggregated_spacer_SPACE-NG_rep3_.staging_CRISPRessoPooled_on_SPACE-NG_D5_rep3_CRISPResso_on_B2M	-	0.0	4.428828722430541e-05	0.0	1.4762762408101804e-05	1.4762762408101804e-05	1.4762762408101804e-05	1.4762762408101804e-05	1.4762762408101804e-05	1.4762762408101804e-05	1.4762762408101804e-05	5.9051049632407214e-05	1.4762762408101804e-05	1.4762762408101804e-05	1.4762762408101804e-05	1.4762762408101804e-05	1.4762762408101804e-05	1.4762762408101804e-05	1.4762762408101804e-05	1.4762762408101804e-05	1.4762762408101804e-05
