Folder	Nucleotide	G	G	A	G	G	C	T	A	T	C	C	A	G	C	G	T	G	A	G	T
_scratch_st-cdeboer-1_asfar_VLPs_results_crispresso_aggregated_spacer_SPACE-NG_rep2_.staging_CRISPRessoPooled_on_SPACE-NG_D0_rep2_CRISPResso_on_B2M	A	2.287910679967054e-05	0.0	0.9997712089320032	2.287910679967054e-05	6.863732039901162e-05	0.0	0.0	0.9998856044660016	4.575821359934108e-05	2.287910679967054e-05	6.863732039901162e-05	0.9997483298252036	0.0	4.575821359934108e-05	2.287910679967054e-05	2.287910679967054e-05	0.0	0.9996568133980048	0.0	4.575821359934108e-05
_scratch_st-cdeboer-1_asfar_VLPs_results_crispresso_aggregated_spacer_SPACE-NG_rep2_.staging_CRISPRessoPooled_on_SPACE-NG_D0_rep2_CRISPResso_on_B2M	T	0.000137274640798	0.000480461242793	4.575821359934108e-05	0.0002974283883957	2.287910679967054e-05	2.287910679967054e-05	0.9997712089320032	2.287910679967054e-05	0.9997483298252036	4.575821359934108e-05	4.575821359934108e-05	4.575821359934108e-05	4.575821359934108e-05	0.000137274640798	2.287910679967054e-05	0.999725450718404	4.575821359934108e-05	2.287910679967054e-05	0.0001830328543973	0.9996568133980048
_scratch_st-cdeboer-1_asfar_VLPs_results_crispresso_aggregated_spacer_SPACE-NG_rep2_.staging_CRISPRessoPooled_on_SPACE-NG_D0_rep2_CRISPResso_on_B2M	C	6.863732039901162e-05	6.863732039901162e-05	6.863732039901162e-05	6.863732039901162e-05	2.287910679967054e-05	0.9999542417864008	0.000137274640798	2.287910679967054e-05	4.575821359934108e-05	0.999931362679601	0.9998398462524024	0.000137274640798	0.000137274640798	0.9997712089320032	4.575821359934108e-05	0.000137274640798	0.0001830328543973	6.863732039901162e-05	0.0001601537475976	0.0001830328543973
_scratch_st-cdeboer-1_asfar_VLPs_results_crispresso_aggregated_spacer_SPACE-NG_rep2_.staging_CRISPRessoPooled_on_SPACE-NG_D0_rep2_CRISPResso_on_B2M	G	0.9997712089320032	0.9994280223300084	9.151642719868216e-05	0.9996110551844056	0.9998856044660016	2.287910679967054e-05	9.151642719868216e-05	6.863732039901162e-05	0.0001601537475976	0.0	2.287910679967054e-05	6.863732039901162e-05	0.9998169671456026	4.575821359934108e-05	0.9999084835728012	0.0001143955339983	0.9997483298252036	0.0002516701747963	0.9996568133980048	0.0001143955339983
_scratch_st-cdeboer-1_asfar_VLPs_results_crispresso_aggregated_spacer_SPACE-NG_rep2_.staging_CRISPRessoPooled_on_SPACE-NG_D0_rep2_CRISPResso_on_B2M	N	0.0	0.0	0.0	0.0	0.0	0.0	0.0	0.0	0.0	0.0	0.0	0.0	0.0	0.0	0.0	0.0	0.0	0.0	0.0	0.0
_scratch_st-cdeboer-1_asfar_VLPs_results_crispresso_aggregated_spacer_SPACE-NG_rep2_.staging_CRISPRessoPooled_on_SPACE-NG_D0_rep2_CRISPResso_on_B2M	-	0.0	2.287910679967054e-05	2.287910679967054e-05	0.0	0.0	0.0	0.0	0.0	0.0	0.0	2.287910679967054e-05	0.0	0.0	0.0	0.0	0.0	2.287910679967054e-05	0.0	0.0	0.0
_scratch_st-cdeboer-1_asfar_VLPs_results_crispresso_aggregated_spacer_SPACE-NG_rep2_.staging_CRISPRessoPooled_on_SPACE-NG_D1_rep2_CRISPResso_on_B2M	A	6.462035541195476e-05	0.0	0.999741518578352	6.462035541195476e-05	0.0002584814216478	6.462035541195476e-05	0.0	0.999806138933764	6.462035541195476e-05	0.0	6.462035541195476e-05	0.9996122778675284	0.0001292407108239	6.462035541195476e-05	0.0	0.0	0.0	0.999806138933764	6.462035541195476e-05	0.0
_scratch_st-cdeboer-1_asfar_VLPs_results_crispresso_aggregated_spacer_SPACE-NG_rep2_.staging_CRISPRessoPooled_on_SPACE-NG_D1_rep2_CRISPResso_on_B2M	T	0.0001938610662358	0.0004523424878836	0.0	0.0001292407108239	0.0	0.0	0.9996768982229404	0.0	0.999806138933764	0.0001292407108239	6.462035541195476e-05	6.462035541195476e-05	0.0001292407108239	0.0	0.0001292407108239	0.999870759289176	6.462035541195476e-05	0.0	6.462035541195476e-05	0.9996768982229404
_scratch_st-cdeboer-1_asfar_VLPs_results_crispresso_aggregated_spacer_SPACE-NG_rep2_.staging_CRISPRessoPooled_on_SPACE-NG_D1_rep2_CRISPResso_on_B2M	C	6.462035541195476e-05	6.462035541195476e-05	6.462035541195476e-05	0.0001292407108239	0.0	0.999935379644588	0.0002584814216478	0.0	6.462035541195476e-05	0.999870759289176	0.999870759289176	0.0001292407108239	6.462035541195476e-05	0.999935379644588	6.462035541195476e-05	6.462035541195476e-05	0.0001938610662358	6.462035541195476e-05	6.462035541195476e-05	6.462035541195476e-05
_scratch_st-cdeboer-1_asfar_VLPs_results_crispresso_aggregated_spacer_SPACE-NG_rep2_.staging_CRISPRessoPooled_on_SPACE-NG_D1_rep2_CRISPResso_on_B2M	G	0.9996768982229404	0.9994184168012924	0.0001938610662358	0.9996768982229404	0.999741518578352	0.0	6.462035541195476e-05	0.0001938610662358	6.462035541195476e-05	0.0	0.0	0.0001938610662358	0.9996768982229404	0.0	0.999806138933764	6.462035541195476e-05	0.999741518578352	0.0001292407108239	0.999806138933764	0.0002584814216478
_scratch_st-cdeboer-1_asfar_VLPs_results_crispresso_aggregated_spacer_SPACE-NG_rep2_.staging_CRISPRessoPooled_on_SPACE-NG_D1_rep2_CRISPResso_on_B2M	N	0.0	0.0	0.0	0.0	0.0	0.0	0.0	0.0	0.0	0.0	0.0	0.0	0.0	0.0	0.0	0.0	0.0	0.0	0.0	0.0
_scratch_st-cdeboer-1_asfar_VLPs_results_crispresso_aggregated_spacer_SPACE-NG_rep2_.staging_CRISPRessoPooled_on_SPACE-NG_D1_rep2_CRISPResso_on_B2M	-	0.0	6.462035541195476e-05	0.0	0.0	0.0	0.0	0.0	0.0	0.0	0.0	0.0	0.0	0.0	0.0	0.0	0.0	0.0	0.0	0.0	0.0
_scratch_st-cdeboer-1_asfar_VLPs_results_crispresso_aggregated_spacer_SPACE-NG_rep2_.staging_CRISPRessoPooled_on_SPACE-NG_D2_rep2_CRISPResso_on_B2M	A	0.0001807410382568	4.0164675168189576e-05	0.999598353248318	2.0082337584094788e-05	8.032935033637915e-05	2.0082337584094788e-05	0.0	0.9996786825986544	0.0	0.0	0.0	0.9998393412993272	8.032935033637915e-05	6.024701275228437e-05	0.0	0.0	4.0164675168189576e-05	0.999779094286575	0.0	0.0
_scratch_st-cdeboer-1_asfar_VLPs_results_crispresso_aggregated_spacer_SPACE-NG_rep2_.staging_CRISPRessoPooled_on_SPACE-NG_D2_rep2_CRISPResso_on_B2M	T	0.0001405763630886	0.0004819761020182	2.0082337584094788e-05	0.0002409880510091	6.024701275228437e-05	0.0	0.9997590119489908	8.032935033637915e-05	0.9997590119489908	6.024701275228437e-05	8.032935033637915e-05	0.0	0.0001204940255045	0.0001606587006727	6.024701275228437e-05	0.9997389296114068	0.0001204940255045	2.0082337584094788e-05	0.0001004116879204	0.9996184355859022
_scratch_st-cdeboer-1_asfar_VLPs_results_crispresso_aggregated_spacer_SPACE-NG_rep2_.staging_CRISPRessoPooled_on_SPACE-NG_D2_rep2_CRISPResso_on_B2M	C	2.0082337584094788e-05	0.0001606587006727	4.0164675168189576e-05	8.032935033637915e-05	4.0164675168189576e-05	0.9999598353248318	0.0001004116879204	6.024701275228437e-05	6.024701275228437e-05	0.9998795059744956	0.9998995883120796	2.0082337584094788e-05	4.0164675168189576e-05	0.9997590119489908	4.0164675168189576e-05	0.0001004116879204	0.0001004116879204	2.0082337584094788e-05	6.024701275228437e-05	0.0001606587006727
_scratch_st-cdeboer-1_asfar_VLPs_results_crispresso_aggregated_spacer_SPACE-NG_rep2_.staging_CRISPRessoPooled_on_SPACE-NG_D2_rep2_CRISPResso_on_B2M	G	0.9996586002610705	0.9992770358469726	0.0003413997389296	0.9996586002610705	0.9998192589617432	2.0082337584094788e-05	0.0001405763630886	0.0001807410382568	0.0001807410382568	6.024701275228437e-05	2.0082337584094788e-05	0.0001405763630886	0.9997590119489908	2.0082337584094788e-05	0.9998995883120796	0.0001606587006727	0.9997389296114068	0.0001807410382568	0.9998393412993272	0.000220905713425
_scratch_st-cdeboer-1_asfar_VLPs_results_crispresso_aggregated_spacer_SPACE-NG_rep2_.staging_CRISPRessoPooled_on_SPACE-NG_D2_rep2_CRISPResso_on_B2M	N	0.0	0.0	0.0	0.0	0.0	0.0	0.0	0.0	0.0	0.0	0.0	0.0	0.0	0.0	0.0	0.0	0.0	0.0	0.0	0.0
_scratch_st-cdeboer-1_asfar_VLPs_results_crispresso_aggregated_spacer_SPACE-NG_rep2_.staging_CRISPRessoPooled_on_SPACE-NG_D2_rep2_CRISPResso_on_B2M	-	0.0	4.0164675168189576e-05	0.0	0.0	0.0	0.0	0.0	0.0	0.0	0.0	0.0	0.0	0.0	0.0	0.0	0.0	0.0	0.0	0.0	0.0
_scratch_st-cdeboer-1_asfar_VLPs_results_crispresso_aggregated_spacer_SPACE-NG_rep2_.staging_CRISPRessoPooled_on_SPACE-NG_D3_rep2_CRISPResso_on_B2M	A	0.0001266143327424	6.330716637123322e-05	0.9993669283362876	6.330716637123322e-05	0.0001899214991136	0.0001266143327424	0.0	0.9998100785008864	6.330716637123322e-05	0.0	6.330716637123322e-05	0.9998733856672576	0.0	0.0	0.0	0.0	0.0	0.9995568498354014	0.0	0.0
_scratch_st-cdeboer-1_asfar_VLPs_results_crispresso_aggregated_spacer_SPACE-NG_rep2_.staging_CRISPRessoPooled_on_SPACE-NG_D3_rep2_CRISPResso_on_B2M	T	6.330716637123322e-05	0.0006330716637123	0.0	0.0001266143327424	6.330716637123322e-05	0.0001266143327424	0.9998100785008864	0.0	0.99949354266903	6.330716637123322e-05	6.330716637123322e-05	0.0	0.0	0.0001899214991136	0.0001266143327424	0.9997467713345152	0.0002532286654849	6.330716637123322e-05	0.0001266143327424	0.9993669283362876
_scratch_st-cdeboer-1_asfar_VLPs_results_crispresso_aggregated_spacer_SPACE-NG_rep2_.staging_CRISPRessoPooled_on_SPACE-NG_D3_rep2_CRISPResso_on_B2M	C	0.0001266143327424	6.330716637123322e-05	0.0	0.0001266143327424	0.0	0.9996834641681438	0.0001266143327424	6.330716637123322e-05	0.0001899214991136	0.9999366928336288	0.9997467713345152	6.330716637123322e-05	0.0	0.9998100785008864	0.0	0.0001266143327424	0.0001266143327424	0.0001899214991136	0.0	0.0001266143327424
_scratch_st-cdeboer-1_asfar_VLPs_results_crispresso_aggregated_spacer_SPACE-NG_rep2_.staging_CRISPRessoPooled_on_SPACE-NG_D3_rep2_CRISPResso_on_B2M	G	0.9996834641681438	0.9992403140035452	0.0006330716637123	0.9996834641681438	0.9997467713345152	6.330716637123322e-05	6.330716637123322e-05	0.0001266143327424	0.0002532286654849	0.0	6.330716637123322e-05	6.330716637123322e-05	1.0	0.0	0.9998733856672576	0.0001266143327424	0.9996201570017726	0.0001899214991136	0.9998733856672576	0.0005064573309698
_scratch_st-cdeboer-1_asfar_VLPs_results_crispresso_aggregated_spacer_SPACE-NG_rep2_.staging_CRISPRessoPooled_on_SPACE-NG_D3_rep2_CRISPResso_on_B2M	N	0.0	0.0	0.0	0.0	0.0	0.0	0.0	0.0	0.0	0.0	0.0	0.0	0.0	0.0	0.0	0.0	0.0	0.0	0.0	0.0
_scratch_st-cdeboer-1_asfar_VLPs_results_crispresso_aggregated_spacer_SPACE-NG_rep2_.staging_CRISPRessoPooled_on_SPACE-NG_D3_rep2_CRISPResso_on_B2M	-	0.0	0.0	0.0	0.0	0.0	0.0	0.0	0.0	0.0	0.0	6.330716637123322e-05	0.0	0.0	0.0	0.0	0.0	0.0	0.0	0.0	0.0
_scratch_st-cdeboer-1_asfar_VLPs_results_crispresso_aggregated_spacer_SPACE-NG_rep2_.staging_CRISPRessoPooled_on_SPACE-NG_D4_rep2_CRISPResso_on_B2M	A	3.7457392216353895e-05	7.491478443270779e-05	0.9997377982544856	0.0001498295688654	0.0	0.0	0.0	0.9999625426077836	0.0	3.7457392216353895e-05	7.491478443270779e-05	0.999775255646702	0.0001498295688654	0.000112372176649	3.7457392216353895e-05	0.0	3.7457392216353895e-05	0.9997003408622692	0.0	3.7457392216353895e-05
_scratch_st-cdeboer-1_asfar_VLPs_results_crispresso_aggregated_spacer_SPACE-NG_rep2_.staging_CRISPRessoPooled_on_SPACE-NG_D4_rep2_CRISPResso_on_B2M	T	0.0001498295688654	0.0002996591377308	0.0	0.0001498295688654	3.7457392216353895e-05	3.7457392216353895e-05	0.999775255646702	0.0	0.9998501704311346	7.491478443270779e-05	7.491478443270779e-05	0.0	0.000112372176649	7.491478443270779e-05	7.491478443270779e-05	0.9998127130389184	3.7457392216353895e-05	3.7457392216353895e-05	0.0001498295688654	0.9994006817245384
_scratch_st-cdeboer-1_asfar_VLPs_results_crispresso_aggregated_spacer_SPACE-NG_rep2_.staging_CRISPRessoPooled_on_SPACE-NG_D4_rep2_CRISPResso_on_B2M	C	0.0	3.7457392216353895e-05	3.7457392216353895e-05	3.7457392216353895e-05	7.491478443270779e-05	0.9999250852155672	0.0001498295688654	0.0	3.7457392216353895e-05	0.9998876278233508	0.9998127130389184	3.7457392216353895e-05	0.0	0.9998127130389184	3.7457392216353895e-05	0.0001498295688654	0.000112372176649	3.7457392216353895e-05	3.7457392216353895e-05	0.0002247443532981
_scratch_st-cdeboer-1_asfar_VLPs_results_crispresso_aggregated_spacer_SPACE-NG_rep2_.staging_CRISPRessoPooled_on_SPACE-NG_D4_rep2_CRISPResso_on_B2M	G	0.9998127130389184	0.9995505112934038	0.0001498295688654	0.9996628834700528	0.9998876278233508	3.7457392216353895e-05	7.491478443270779e-05	3.7457392216353895e-05	0.000112372176649	0.0	3.7457392216353895e-05	0.0001872869610817	0.9997377982544856	0.0	0.9998501704311346	3.7457392216353895e-05	0.9998127130389184	0.0002247443532981	0.9998127130389184	0.0003371165299471
_scratch_st-cdeboer-1_asfar_VLPs_results_crispresso_aggregated_spacer_SPACE-NG_rep2_.staging_CRISPRessoPooled_on_SPACE-NG_D4_rep2_CRISPResso_on_B2M	N	0.0	0.0	7.491478443270779e-05	0.0	0.0	0.0	0.0	0.0	0.0	0.0	0.0	0.0	0.0	0.0	0.0	0.0	0.0	0.0	0.0	0.0
_scratch_st-cdeboer-1_asfar_VLPs_results_crispresso_aggregated_spacer_SPACE-NG_rep2_.staging_CRISPRessoPooled_on_SPACE-NG_D4_rep2_CRISPResso_on_B2M	-	0.0	3.7457392216353895e-05	0.0	0.0	0.0	0.0	0.0	0.0	0.0	0.0	0.0	0.0	0.0	0.0	0.0	0.0	0.0	0.0	0.0	0.0
_scratch_st-cdeboer-1_asfar_VLPs_results_crispresso_aggregated_spacer_SPACE-NG_rep2_.staging_CRISPRessoPooled_on_SPACE-NG_D5_rep2_CRISPResso_on_B2M	A	0.0001365726338791	3.0349474195359564e-05	0.9996661557838512	0.0	0.0001062231596837	4.552421129303935e-05	0.0	0.9998937768403162	1.5174737097679782e-05	6.069894839071913e-05	0.0001062231596837	0.999575107361265	0.0	3.0349474195359564e-05	3.0349474195359564e-05	1.5174737097679782e-05	0.0002276210564651	0.999817903154828	4.552421129303935e-05	1.5174737097679782e-05
_scratch_st-cdeboer-1_asfar_VLPs_results_crispresso_aggregated_spacer_SPACE-NG_rep2_.staging_CRISPRessoPooled_on_SPACE-NG_D5_rep2_CRISPResso_on_B2M	T	0.0001062231596837	0.0002883200048559	0.0	0.0002124463193675	4.552421129303935e-05	4.552421129303935e-05	0.9997268547322418	1.5174737097679782e-05	0.9996509810467532	7.587368548839891e-05	9.104842258607868e-05	3.0349474195359564e-05	0.0001213978967814	0.0001365726338791	1.5174737097679782e-05	0.9997268547322418	4.552421129303935e-05	0.0	0.0004552421129303	0.9995902820983626
_scratch_st-cdeboer-1_asfar_VLPs_results_crispresso_aggregated_spacer_SPACE-NG_rep2_.staging_CRISPRessoPooled_on_SPACE-NG_D5_rep2_CRISPResso_on_B2M	C	4.552421129303935e-05	4.552421129303935e-05	7.587368548839891e-05	6.069894839071913e-05	4.552421129303935e-05	0.999908951577414	9.104842258607868e-05	0.0	0.0001213978967814	0.9998330778919255	0.9997723789435348	0.0001213978967814	7.587368548839891e-05	0.9997572042064372	3.0349474195359564e-05	4.552421129303935e-05	0.0002276210564651	3.0349474195359564e-05	0.0003034947419535	0.0001517473709767
_scratch_st-cdeboer-1_asfar_VLPs_results_crispresso_aggregated_spacer_SPACE-NG_rep2_.staging_CRISPRessoPooled_on_SPACE-NG_D5_rep2_CRISPResso_on_B2M	G	0.9996965052580464	0.9995902820983626	0.0002579705306605	0.9997268547322418	0.9998027284177302	0.0	0.0001820968451721	9.104842258607868e-05	0.0002124463193675	3.0349474195359564e-05	1.5174737097679782e-05	0.0002731452677582	0.9998027284177302	7.587368548839891e-05	0.9999241263145116	0.0002124463193675	0.9994992336757764	0.0001517473709767	0.999195738933823	0.0002427957935628
_scratch_st-cdeboer-1_asfar_VLPs_results_crispresso_aggregated_spacer_SPACE-NG_rep2_.staging_CRISPRessoPooled_on_SPACE-NG_D5_rep2_CRISPResso_on_B2M	N	0.0	0.0	0.0	0.0	0.0	0.0	0.0	0.0	0.0	0.0	0.0	0.0	0.0	0.0	0.0	0.0	0.0	0.0	0.0	0.0
_scratch_st-cdeboer-1_asfar_VLPs_results_crispresso_aggregated_spacer_SPACE-NG_rep2_.staging_CRISPRessoPooled_on_SPACE-NG_D5_rep2_CRISPResso_on_B2M	-	1.5174737097679782e-05	4.552421129303935e-05	0.0	0.0	0.0	0.0	0.0	0.0	0.0	0.0	1.5174737097679782e-05	0.0	0.0	0.0	0.0	0.0	0.0	0.0	0.0	0.0
