Folder	Nucleotide	G	G	C	C	C	A	G	A	C	T	G	A	G	C	A	C	G	T	G	A
_scratch_st-cdeboer-1_asfar_VLPs_results_crispresso_aggregated_spacer_SPACE_rep1_.staging_CRISPRessoPooled_on_SPACE_D0_rep1_CRISPResso_on_HEK3	A	4.675300388049932e-05	4.675300388049932e-05	2.337650194024966e-05	2.337650194024966e-05	7.012950582074898e-05	0.9998831174902988	0.0	0.9998363644864182	2.337650194024966e-05	0.0	0.0	0.9997896114825378	2.337650194024966e-05	0.0	0.9999298704941793	2.337650194024966e-05	2.337650194024966e-05	2.337650194024966e-05	0.0	0.999719481976717
_scratch_st-cdeboer-1_asfar_VLPs_results_crispresso_aggregated_spacer_SPACE_rep1_.staging_CRISPRessoPooled_on_SPACE_D0_rep1_CRISPResso_on_HEK3	T	0.0001168825097012	9.350600776099864e-05	2.337650194024966e-05	7.012950582074898e-05	0.0001168825097012	0.0	0.0001402590116414	0.0	7.012950582074898e-05	0.9998597409883584	0.0001870120155219	0.0	0.0	0.0001636355135817	0.0	2.337650194024966e-05	7.012950582074898e-05	0.9997896114825378	4.675300388049932e-05	0.0
_scratch_st-cdeboer-1_asfar_VLPs_results_crispresso_aggregated_spacer_SPACE_rep1_.staging_CRISPRessoPooled_on_SPACE_D0_rep1_CRISPResso_on_HEK3	C	9.350600776099864e-05	0.0001402590116414	0.9999532469961196	0.999906493992239	0.9997896114825378	0.0	4.675300388049932e-05	0.0	0.999906493992239	9.350600776099864e-05	7.012950582074898e-05	0.0001402590116414	4.675300388049932e-05	0.9997896114825378	0.0	0.9999298704941793	2.337650194024966e-05	7.012950582074898e-05	0.0001168825097012	9.350600776099864e-05
_scratch_st-cdeboer-1_asfar_VLPs_results_crispresso_aggregated_spacer_SPACE_rep1_.staging_CRISPRessoPooled_on_SPACE_D0_rep1_CRISPResso_on_HEK3	G	0.9997428584786572	0.999625975968956	0.0	0.0	0.0	0.0001168825097012	0.999812987984478	0.0001636355135817	0.0	4.675300388049932e-05	0.9997428584786572	7.012950582074898e-05	0.9999298704941793	4.675300388049932e-05	7.012950582074898e-05	0.0	0.9998831174902988	0.0001168825097012	0.9998363644864182	0.0001870120155219
_scratch_st-cdeboer-1_asfar_VLPs_results_crispresso_aggregated_spacer_SPACE_rep1_.staging_CRISPRessoPooled_on_SPACE_D0_rep1_CRISPResso_on_HEK3	N	0.0	0.0	0.0	0.0	0.0	0.0	0.0	0.0	0.0	0.0	0.0	0.0	0.0	0.0	0.0	2.337650194024966e-05	0.0	0.0	0.0	0.0
_scratch_st-cdeboer-1_asfar_VLPs_results_crispresso_aggregated_spacer_SPACE_rep1_.staging_CRISPRessoPooled_on_SPACE_D0_rep1_CRISPResso_on_HEK3	-	0.0	9.350600776099864e-05	0.0	0.0	2.337650194024966e-05	0.0	0.0	0.0	0.0	0.0	0.0	0.0	0.0	0.0	0.0	0.0	0.0	0.0	0.0	0.0
_scratch_st-cdeboer-1_asfar_VLPs_results_crispresso_aggregated_spacer_SPACE_rep1_.staging_CRISPRessoPooled_on_SPACE_D1_rep1_CRISPResso_on_HEK3	A	0.0	4.305890458146745e-05	0.0	0.0	4.305890458146745e-05	0.9995263520496038	8.61178091629349e-05	0.9996555287633484	8.61178091629349e-05	0.0	4.305890458146745e-05	0.9999138821908372	0.0	4.305890458146745e-05	0.9999569410954184	0.0001722356183258	0.0	0.0	4.305890458146745e-05	0.999827764381674
_scratch_st-cdeboer-1_asfar_VLPs_results_crispresso_aggregated_spacer_SPACE_rep1_.staging_CRISPRessoPooled_on_SPACE_D1_rep1_CRISPResso_on_HEK3	T	8.61178091629349e-05	0.0	0.0001722356183258	0.0001291767137444	8.61178091629349e-05	0.0	8.61178091629349e-05	0.0	0.0	0.9996985876679296	0.0001291767137444	0.0	0.0	4.305890458146745e-05	0.0	8.61178091629349e-05	4.305890458146745e-05	0.9997416465725112	4.305890458146745e-05	0.0
_scratch_st-cdeboer-1_asfar_VLPs_results_crispresso_aggregated_spacer_SPACE_rep1_.staging_CRISPRessoPooled_on_SPACE_D1_rep1_CRISPResso_on_HEK3	C	0.0	8.61178091629349e-05	0.9995694109541852	0.9996555287633484	0.9995694109541852	0.0	4.305890458146745e-05	4.305890458146745e-05	0.9997416465725112	4.305890458146745e-05	4.305890458146745e-05	8.61178091629349e-05	4.305890458146745e-05	0.9999138821908372	0.0	0.9996985876679296	8.61178091629349e-05	0.0002152945229073	0.0001291767137444	8.61178091629349e-05
_scratch_st-cdeboer-1_asfar_VLPs_results_crispresso_aggregated_spacer_SPACE_rep1_.staging_CRISPRessoPooled_on_SPACE_D1_rep1_CRISPResso_on_HEK3	G	0.9997416465725112	0.9996124698587668	8.61178091629349e-05	4.305890458146745e-05	0.0	0.0003014123320702	0.9996124698587668	0.0001291767137444	0.0	8.61178091629349e-05	0.9996124698587668	0.0	0.9999569410954184	0.0	4.305890458146745e-05	4.305890458146745e-05	0.9998708232862556	4.305890458146745e-05	0.9997847054770926	8.61178091629349e-05
_scratch_st-cdeboer-1_asfar_VLPs_results_crispresso_aggregated_spacer_SPACE_rep1_.staging_CRISPRessoPooled_on_SPACE_D1_rep1_CRISPResso_on_HEK3	N	0.0	0.0	0.0	0.0	0.0	0.0	0.0	0.0	0.0	0.0	0.0	0.0	0.0	0.0	0.0	0.0	0.0	0.0	0.0	0.0
_scratch_st-cdeboer-1_asfar_VLPs_results_crispresso_aggregated_spacer_SPACE_rep1_.staging_CRISPRessoPooled_on_SPACE_D1_rep1_CRISPResso_on_HEK3	-	0.0001722356183258	0.0002583534274888	0.0001722356183258	0.0001722356183258	0.0003014123320702	0.0001722356183258	0.0001722356183258	0.0001722356183258	0.0001722356183258	0.0001722356183258	0.0001722356183258	0.0	0.0	0.0	0.0	0.0	0.0	0.0	0.0	0.0
_scratch_st-cdeboer-1_asfar_VLPs_results_crispresso_aggregated_spacer_SPACE_rep1_.staging_CRISPRessoPooled_on_SPACE_D2_rep1_CRISPResso_on_HEK3	A	0.0	9.72762645914397e-05	0.0	0.0003242542153047	3.2425421530479896e-05	0.9987354085603112	6.485084306095979e-05	0.9988651102464332	0.0	3.2425421530479896e-05	3.2425421530479896e-05	0.9996108949416342	3.2425421530479896e-05	6.485084306095979e-05	0.9998054474708172	0.0001297016861219	0.0	0.0	3.2425421530479896e-05	0.9998378728923476
_scratch_st-cdeboer-1_asfar_VLPs_results_crispresso_aggregated_spacer_SPACE_rep1_.staging_CRISPRessoPooled_on_SPACE_D2_rep1_CRISPResso_on_HEK3	T	0.0001621271076523	3.2425421530479896e-05	0.0003242542153047	0.0006160830090791	0.0003891050583657	0.0	0.0001297016861219	0.0	6.485084306095979e-05	0.9997081712062256	6.485084306095979e-05	0.0	3.2425421530479896e-05	0.0002594033722438	0.0	0.0001945525291828	9.72762645914397e-05	0.9998054474708172	0.0	3.2425421530479896e-05
_scratch_st-cdeboer-1_asfar_VLPs_results_crispresso_aggregated_spacer_SPACE_rep1_.staging_CRISPRessoPooled_on_SPACE_D2_rep1_CRISPResso_on_HEK3	C	6.485084306095979e-05	0.0001297016861219	0.9995460440985732	0.9984760051880676	0.9990920881971466	6.485084306095979e-05	0.0	6.485084306095979e-05	0.9998378728923476	9.72762645914397e-05	3.2425421530479896e-05	0.0001945525291828	9.72762645914397e-05	0.9995460440985732	6.485084306095979e-05	0.9996433203631648	0.0001297016861219	3.2425421530479896e-05	3.2425421530479896e-05	3.2425421530479896e-05
_scratch_st-cdeboer-1_asfar_VLPs_results_crispresso_aggregated_spacer_SPACE_rep1_.staging_CRISPRessoPooled_on_SPACE_D2_rep1_CRISPResso_on_HEK3	G	0.9997081712062256	0.9995784695201038	6.485084306095979e-05	0.0004863813229571	6.485084306095979e-05	0.0011024643320363	0.9997081712062256	0.0009727626459143	0.0	6.485084306095979e-05	0.9997730220492866	9.72762645914397e-05	0.9997405966277562	3.2425421530479896e-05	9.72762645914397e-05	0.0	0.9997405966277562	0.0001297016861219	0.9999027237354086	6.485084306095979e-05
_scratch_st-cdeboer-1_asfar_VLPs_results_crispresso_aggregated_spacer_SPACE_rep1_.staging_CRISPRessoPooled_on_SPACE_D2_rep1_CRISPResso_on_HEK3	N	0.0	0.0	0.0	0.0	0.0	0.0	0.0	0.0	0.0	0.0	0.0	0.0	0.0	0.0	0.0	0.0	0.0	0.0	0.0	0.0
_scratch_st-cdeboer-1_asfar_VLPs_results_crispresso_aggregated_spacer_SPACE_rep1_.staging_CRISPRessoPooled_on_SPACE_D2_rep1_CRISPResso_on_HEK3	-	6.485084306095979e-05	0.0001621271076523	6.485084306095979e-05	9.72762645914397e-05	0.0004215304798962	9.72762645914397e-05	9.72762645914397e-05	9.72762645914397e-05	9.72762645914397e-05	9.72762645914397e-05	9.72762645914397e-05	9.72762645914397e-05	9.72762645914397e-05	9.72762645914397e-05	3.2425421530479896e-05	3.2425421530479896e-05	3.2425421530479896e-05	3.2425421530479896e-05	3.2425421530479896e-05	3.2425421530479896e-05
_scratch_st-cdeboer-1_asfar_VLPs_results_crispresso_aggregated_spacer_SPACE_rep1_.staging_CRISPRessoPooled_on_SPACE_D3_rep1_CRISPResso_on_HEK3	A	0.0	5.047530916126861e-05	1.6825103053756205e-05	0.0002860267519138	1.6825103053756205e-05	0.999310170774796	8.412551526878102e-05	0.9991923950534196	6.730041221502482e-05	0.0	0.0001009506183225	0.9998149238664088	1.6825103053756205e-05	1.6825103053756205e-05	0.9999663497938924	5.047530916126861e-05	3.365020610751241e-05	0.0	1.6825103053756205e-05	0.9997644485572474
_scratch_st-cdeboer-1_asfar_VLPs_results_crispresso_aggregated_spacer_SPACE_rep1_.staging_CRISPRessoPooled_on_SPACE_D3_rep1_CRISPResso_on_HEK3	T	0.0001177757213762	6.730041221502482e-05	8.412551526878102e-05	6.730041221502482e-05	6.730041221502482e-05	0.0	0.0001177757213762	0.0	5.047530916126861e-05	0.9998149238664088	0.0001177757213762	0.0	5.047530916126861e-05	6.730041221502482e-05	0.0	1.6825103053756205e-05	0.0001009506183225	0.9998149238664088	1.6825103053756205e-05	1.6825103053756205e-05
_scratch_st-cdeboer-1_asfar_VLPs_results_crispresso_aggregated_spacer_SPACE_rep1_.staging_CRISPRessoPooled_on_SPACE_D3_rep1_CRISPResso_on_HEK3	C	8.412551526878102e-05	0.0001009506183225	0.9998990493816776	0.9991082695381508	0.999444771599226	5.047530916126861e-05	5.047530916126861e-05	5.047530916126861e-05	0.99986539917557	0.0001009506183225	0.0	5.047530916126861e-05	3.365020610751241e-05	0.9999158744847312	0.0	0.9999158744847312	0.0001682510305375	0.0001009506183225	6.730041221502482e-05	3.365020610751241e-05
_scratch_st-cdeboer-1_asfar_VLPs_results_crispresso_aggregated_spacer_SPACE_rep1_.staging_CRISPRessoPooled_on_SPACE_D3_rep1_CRISPResso_on_HEK3	G	0.9997980987633548	0.9997812736603012	0.0	0.0005384032977201	0.0004038024732901	0.0006393539160427	0.99973079835114	0.0007403045343652	0.0	6.730041221502482e-05	0.9997644485572474	0.0001177757213762	0.9998822242786236	0.0	3.365020610751241e-05	1.6825103053756205e-05	0.9996971481450324	6.730041221502482e-05	0.9998822242786236	0.0001850761335913
_scratch_st-cdeboer-1_asfar_VLPs_results_crispresso_aggregated_spacer_SPACE_rep1_.staging_CRISPRessoPooled_on_SPACE_D3_rep1_CRISPResso_on_HEK3	N	0.0	0.0	0.0	0.0	0.0	0.0	0.0	0.0	0.0	0.0	0.0	0.0	0.0	0.0	0.0	0.0	0.0	0.0	0.0	0.0
_scratch_st-cdeboer-1_asfar_VLPs_results_crispresso_aggregated_spacer_SPACE_rep1_.staging_CRISPRessoPooled_on_SPACE_D3_rep1_CRISPResso_on_HEK3	-	0.0	0.0	0.0	0.0	6.730041221502482e-05	0.0	1.6825103053756205e-05	1.6825103053756205e-05	1.6825103053756205e-05	1.6825103053756205e-05	1.6825103053756205e-05	1.6825103053756205e-05	1.6825103053756205e-05	0.0	0.0	0.0	0.0	1.6825103053756205e-05	1.6825103053756205e-05	0.0
_scratch_st-cdeboer-1_asfar_VLPs_results_crispresso_aggregated_spacer_SPACE_rep1_.staging_CRISPRessoPooled_on_SPACE_D4_rep1_CRISPResso_on_HEK3	A	0.0	4.87757291971515e-05	0.0008291873963515	0.0019022534386889	0.0001951029167886	0.9918544532240756	4.87757291971515e-05	0.9959516144766364	0.0	0.0	4.87757291971515e-05	0.999073261145254	4.87757291971515e-05	0.0	0.9995610184372256	0.0	0.0	0.0	9.7551458394303e-05	0.9997073456248172
_scratch_st-cdeboer-1_asfar_VLPs_results_crispresso_aggregated_spacer_SPACE_rep1_.staging_CRISPRessoPooled_on_SPACE_D4_rep1_CRISPResso_on_HEK3	T	0.0001463271875914	0.0001463271875914	0.0059506389620524	0.0038532826065749	0.0031704223978148	0.0	4.87757291971515e-05	0.0	0.0001951029167886	0.9987806067700712	9.7551458394303e-05	0.0	9.7551458394303e-05	0.0005853087503658	0.0	9.7551458394303e-05	0.0001463271875914	0.9994146912496342	9.7551458394303e-05	0.0
_scratch_st-cdeboer-1_asfar_VLPs_results_crispresso_aggregated_spacer_SPACE_rep1_.staging_CRISPRessoPooled_on_SPACE_D4_rep1_CRISPResso_on_HEK3	C	0.0	0.0001463271875914	0.9923909862452444	0.9924397619744416	0.9911715930153157	4.87757291971515e-05	4.87757291971515e-05	4.87757291971515e-05	0.9987806067700712	0.0002438786459857	0.0	9.7551458394303e-05	0.0	0.9990244854160568	0.0	0.99965856989562	0.0001463271875914	0.0001463271875914	9.7551458394303e-05	4.87757291971515e-05
_scratch_st-cdeboer-1_asfar_VLPs_results_crispresso_aggregated_spacer_SPACE_rep1_.staging_CRISPRessoPooled_on_SPACE_D4_rep1_CRISPResso_on_HEK3	G	0.9995122427080284	0.9986830553116768	0.0001463271875914	0.000975514583943	0.0012193932299287	0.007413910837967	0.9991708126036484	0.0032679738562091	4.87757291971515e-05	4.87757291971515e-05	0.9989269339576626	0.0	0.9994634669788314	0.0	0.0001463271875914	0.0	0.9994634669788314	0.0	0.99931713979124	0.0
_scratch_st-cdeboer-1_asfar_VLPs_results_crispresso_aggregated_spacer_SPACE_rep1_.staging_CRISPRessoPooled_on_SPACE_D4_rep1_CRISPResso_on_HEK3	N	0.0	0.0	4.87757291971515e-05	0.0	0.0	0.0	0.0	0.0	0.0	0.0	0.0	0.0	0.0	0.0	0.0	0.0	0.0	4.87757291971515e-05	0.0	0.0
_scratch_st-cdeboer-1_asfar_VLPs_results_crispresso_aggregated_spacer_SPACE_rep1_.staging_CRISPRessoPooled_on_SPACE_D4_rep1_CRISPResso_on_HEK3	-	0.00034143010438	0.000975514583943	0.0006340844795629	0.0008291873963515	0.0042434884401521	0.0006828602087601	0.0006828602087601	0.0007316359379572	0.000975514583943	0.0009267388547458	0.0009267388547458	0.0008291873963515	0.0003902058335772	0.0003902058335772	0.0002926543751829	0.0002438786459857	0.0002438786459857	0.0003902058335772	0.0003902058335772	0.0002438786459857
_scratch_st-cdeboer-1_asfar_VLPs_results_crispresso_aggregated_spacer_SPACE_rep1_.staging_CRISPRessoPooled_on_SPACE_D5_rep1_CRISPResso_on_HEK3	A	0.0002599371818477	0.0001516300227445	0.0004115672045922	0.0015379616592656	0.0002599371818477	0.9911621358171776	6.498429546193003e-05	0.99562439077223	6.498429546193003e-05	2.1661431820643345e-05	6.498429546193003e-05	0.9989385898407884	4.332286364128669e-05	4.332286364128669e-05	0.9995451099317664	0.0	0.0	0.0	6.498429546193003e-05	0.999523448499946
_scratch_st-cdeboer-1_asfar_VLPs_results_crispresso_aggregated_spacer_SPACE_rep1_.staging_CRISPRessoPooled_on_SPACE_D5_rep1_CRISPResso_on_HEK3	T	0.0001732914545651	0.0003682443409509	0.0051337593414924	0.0032708762049171	0.0014946387956243	0.0	4.332286364128669e-05	2.1661431820643345e-05	4.332286364128669e-05	0.9989602512726092	0.0001516300227445	0.0	4.332286364128669e-05	0.0002815986136683	0.0	6.498429546193003e-05	0.0002166143182064	0.999458464204484	0.0001083071591032	0.0
_scratch_st-cdeboer-1_asfar_VLPs_results_crispresso_aggregated_spacer_SPACE_rep1_.staging_CRISPRessoPooled_on_SPACE_D5_rep1_CRISPResso_on_HEK3	C	2.1661431820643345e-05	0.0001299685909238	0.9939781219538611	0.9939781219538611	0.9931549875446768	4.332286364128669e-05	2.1661431820643345e-05	6.498429546193003e-05	0.9989169284089678	0.0001083071591032	6.498429546193003e-05	0.0001299685909238	0.0	0.999155204158995	0.0	0.9996750785226904	4.332286364128669e-05	0.0001083071591032	6.498429546193003e-05	4.332286364128669e-05
_scratch_st-cdeboer-1_asfar_VLPs_results_crispresso_aggregated_spacer_SPACE_rep1_.staging_CRISPRessoPooled_on_SPACE_D5_rep1_CRISPResso_on_HEK3	G	0.9992418498862776	0.998721975522582	0.0001299685909238	0.0005848586591573	0.0013646702047005	0.0080363912054586	0.9992201884544568	0.0033791833640203	8.664572728257338e-05	2.1661431820643345e-05	0.9989169284089678	0.0001299685909238	0.999155204158995	4.332286364128669e-05	8.664572728257338e-05	0.0	0.9994801256363044	4.332286364128669e-05	0.9994368027726632	0.0001516300227445
_scratch_st-cdeboer-1_asfar_VLPs_results_crispresso_aggregated_spacer_SPACE_rep1_.staging_CRISPRessoPooled_on_SPACE_D5_rep1_CRISPResso_on_HEK3	N	0.0	0.0	0.0	0.0	0.0	0.0	0.0	0.0	0.0	0.0	0.0	0.0	0.0	0.0	0.0	0.0	0.0	2.1661431820643345e-05	2.1661431820643345e-05	0.0
_scratch_st-cdeboer-1_asfar_VLPs_results_crispresso_aggregated_spacer_SPACE_rep1_.staging_CRISPRessoPooled_on_SPACE_D5_rep1_CRISPResso_on_HEK3	-	0.000303260045489	0.0006281815227986	0.0003465829091302	0.0006281815227986	0.0037257662731506	0.0007581501137225	0.0006498429546193	0.000909780136467	0.0008881187046463	0.0008881187046463	0.0008014729773638	0.0008014729773638	0.0007581501137225	0.0004765515000541	0.0003682443409509	0.0002599371818477	0.0002599371818477	0.0003682443409509	0.000303260045489	0.0002815986136683
