Folder	Nucleotide	C	A	C	C	T	A	C	C	T	A	A	G	A	A	C	C	A	T	C	C
_scratch_st-cdeboer-1_asfar_VLPs_results_crispresso_aggregated_spacer_SPACE-NG_rep2_.staging_CRISPRessoPooled_on_SPACE-NG_D0_rep2_CRISPResso_on_PDCD1	A	0.000125134911076	0.999874865088924	4.692559165350143e-05	3.128372776900095e-05	0.0	0.9998279394972704	3.128372776900095e-05	6.25674555380019e-05	3.128372776900095e-05	0.9998905069528085	0.999843581361155	4.692559165350143e-05	0.999718446450079	0.999906148816693	3.128372776900095e-05	3.128372776900095e-05	0.9998279394972704	0.0	3.128372776900095e-05	9.385118330700286e-05
_scratch_st-cdeboer-1_asfar_VLPs_results_crispresso_aggregated_spacer_SPACE-NG_rep2_.staging_CRISPRessoPooled_on_SPACE-NG_D0_rep2_CRISPResso_on_PDCD1	T	1.5641863884500476e-05	3.128372776900095e-05	7.820931942250239e-05	4.692559165350143e-05	0.9998279394972704	3.128372776900095e-05	6.25674555380019e-05	0.0	0.999749730177848	0.0	1.5641863884500476e-05	6.25674555380019e-05	0.0	0.0	3.128372776900095e-05	7.820931942250239e-05	0.0	0.999655878994541	0.0	3.128372776900095e-05
_scratch_st-cdeboer-1_asfar_VLPs_results_crispresso_aggregated_spacer_SPACE-NG_rep2_.staging_CRISPRessoPooled_on_SPACE-NG_D0_rep2_CRISPResso_on_PDCD1	C	0.999843581361155	6.25674555380019e-05	0.9998279394972704	0.9999217906805776	0.0001094930471915	4.692559165350143e-05	0.999906148816693	0.999937432544462	7.820931942250239e-05	0.0	3.128372776900095e-05	3.128372776900095e-05	0.0001407767749605	3.128372776900095e-05	0.999906148816693	0.999874865088924	7.820931942250239e-05	0.000281553549921	0.999937432544462	0.9998279394972704
_scratch_st-cdeboer-1_asfar_VLPs_results_crispresso_aggregated_spacer_SPACE-NG_rep2_.staging_CRISPRessoPooled_on_SPACE-NG_D0_rep2_CRISPResso_on_PDCD1	G	1.5641863884500476e-05	3.128372776900095e-05	4.692559165350143e-05	0.0	6.25674555380019e-05	9.385118330700286e-05	0.0	0.0	0.000125134911076	0.0001094930471915	6.25674555380019e-05	0.999843581361155	0.0001407767749605	6.25674555380019e-05	3.128372776900095e-05	1.5641863884500476e-05	9.385118330700286e-05	6.25674555380019e-05	3.128372776900095e-05	4.692559165350143e-05
_scratch_st-cdeboer-1_asfar_VLPs_results_crispresso_aggregated_spacer_SPACE-NG_rep2_.staging_CRISPRessoPooled_on_SPACE-NG_D0_rep2_CRISPResso_on_PDCD1	N	0.0	0.0	0.0	0.0	0.0	0.0	0.0	0.0	0.0	0.0	0.0	1.5641863884500476e-05	0.0	0.0	0.0	0.0	0.0	0.0	0.0	0.0
_scratch_st-cdeboer-1_asfar_VLPs_results_crispresso_aggregated_spacer_SPACE-NG_rep2_.staging_CRISPRessoPooled_on_SPACE-NG_D0_rep2_CRISPResso_on_PDCD1	-	0.0	0.0	0.0	0.0	0.0	0.0	0.0	0.0	1.5641863884500476e-05	0.0	4.692559165350143e-05	0.0	0.0	0.0	0.0	0.0	0.0	0.0	0.0	0.0
_scratch_st-cdeboer-1_asfar_VLPs_results_crispresso_aggregated_spacer_SPACE-NG_rep2_.staging_CRISPRessoPooled_on_SPACE-NG_D1_rep2_CRISPResso_on_PDCD1	A	2.1392204680614384e-05	0.999786077953194	6.417661404184315e-05	0.0	0.0	0.999893038976597	2.1392204680614384e-05	4.278440936122877e-05	2.1392204680614384e-05	0.9998074701578744	0.9998716467719164	0.0001283532280836	0.9998074701578744	0.999786077953194	0.0	4.278440936122877e-05	0.9998502545672358	2.1392204680614384e-05	4.278440936122877e-05	4.278440936122877e-05
_scratch_st-cdeboer-1_asfar_VLPs_results_crispresso_aggregated_spacer_SPACE-NG_rep2_.staging_CRISPRessoPooled_on_SPACE-NG_D1_rep2_CRISPResso_on_PDCD1	T	6.417661404184315e-05	2.1392204680614384e-05	8.556881872245754e-05	0.0	0.9998716467719164	0.0	0.000106961023403	4.278440936122877e-05	0.9998502545672358	2.1392204680614384e-05	0.0	0.000106961023403	2.1392204680614384e-05	2.1392204680614384e-05	2.1392204680614384e-05	4.278440936122877e-05	0.0	0.9996149403157488	2.1392204680614384e-05	0.0
_scratch_st-cdeboer-1_asfar_VLPs_results_crispresso_aggregated_spacer_SPACE-NG_rep2_.staging_CRISPRessoPooled_on_SPACE-NG_D1_rep2_CRISPResso_on_PDCD1	C	0.9998502545672358	6.417661404184315e-05	0.9998074701578744	1.0	0.000106961023403	2.1392204680614384e-05	0.9998502545672358	0.9999144311812777	6.417661404184315e-05	2.1392204680614384e-05	4.278440936122877e-05	0.0	4.278440936122877e-05	2.1392204680614384e-05	0.9999786077953194	0.999893038976597	6.417661404184315e-05	0.0003208830702092	0.9999358233859582	0.9999358233859582
_scratch_st-cdeboer-1_asfar_VLPs_results_crispresso_aggregated_spacer_SPACE-NG_rep2_.staging_CRISPRessoPooled_on_SPACE-NG_D1_rep2_CRISPResso_on_PDCD1	G	2.1392204680614384e-05	0.000106961023403	4.278440936122877e-05	0.0	2.1392204680614384e-05	8.556881872245754e-05	2.1392204680614384e-05	0.0	6.417661404184315e-05	0.0001497454327643	6.417661404184315e-05	0.9997646857485132	0.0001283532280836	0.0001711376374449	0.0	2.1392204680614384e-05	8.556881872245754e-05	2.1392204680614384e-05	0.0	2.1392204680614384e-05
_scratch_st-cdeboer-1_asfar_VLPs_results_crispresso_aggregated_spacer_SPACE-NG_rep2_.staging_CRISPRessoPooled_on_SPACE-NG_D1_rep2_CRISPResso_on_PDCD1	N	0.0	0.0	0.0	0.0	0.0	0.0	0.0	0.0	0.0	0.0	0.0	0.0	0.0	0.0	0.0	0.0	0.0	0.0	0.0	0.0
_scratch_st-cdeboer-1_asfar_VLPs_results_crispresso_aggregated_spacer_SPACE-NG_rep2_.staging_CRISPRessoPooled_on_SPACE-NG_D1_rep2_CRISPResso_on_PDCD1	-	4.278440936122877e-05	2.1392204680614384e-05	0.0	0.0	0.0	0.0	0.0	0.0	0.0	0.0	2.1392204680614384e-05	0.0	0.0	0.0	0.0	0.0	0.0	2.1392204680614384e-05	0.0	0.0
_scratch_st-cdeboer-1_asfar_VLPs_results_crispresso_aggregated_spacer_SPACE-NG_rep2_.staging_CRISPRessoPooled_on_SPACE-NG_D2_rep2_CRISPResso_on_PDCD1	A	0.0	0.9997249430784982	3.0561880166867864e-05	6.112376033373573e-05	0.0	0.9998166287189988	7.640470041716967e-05	6.112376033373573e-05	0.0	0.9998777524793324	0.9998166287189988	6.112376033373573e-05	0.9996943811983312	0.9998471905991656	0.0	7.640470041716967e-05	0.9998777524793324	4.58428202503018e-05	7.640470041716967e-05	6.112376033373573e-05
_scratch_st-cdeboer-1_asfar_VLPs_results_crispresso_aggregated_spacer_SPACE-NG_rep2_.staging_CRISPRessoPooled_on_SPACE-NG_D2_rep2_CRISPResso_on_PDCD1	T	3.0561880166867864e-05	1.5280940083433932e-05	7.640470041716967e-05	3.0561880166867864e-05	0.999755504958665	1.5280940083433932e-05	3.0561880166867864e-05	3.0561880166867864e-05	0.9998166287189988	0.0	1.5280940083433932e-05	9.16856405006036e-05	0.0	1.5280940083433932e-05	3.0561880166867864e-05	6.112376033373573e-05	0.0	0.9996179764979142	3.0561880166867864e-05	4.58428202503018e-05
_scratch_st-cdeboer-1_asfar_VLPs_results_crispresso_aggregated_spacer_SPACE-NG_rep2_.staging_CRISPRessoPooled_on_SPACE-NG_D2_rep2_CRISPResso_on_PDCD1	C	0.999893033419416	4.58428202503018e-05	0.999893033419416	0.999893033419416	0.0001528094008343	1.5280940083433932e-05	0.9998624715392492	0.999893033419416	9.16856405006036e-05	0.0	1.5280940083433932e-05	3.0561880166867864e-05	7.640470041716967e-05	6.112376033373573e-05	0.9999541571797496	0.9998624715392492	4.58428202503018e-05	0.0003056188016686	0.9998777524793324	0.9998624715392492
_scratch_st-cdeboer-1_asfar_VLPs_results_crispresso_aggregated_spacer_SPACE-NG_rep2_.staging_CRISPRessoPooled_on_SPACE-NG_D2_rep2_CRISPResso_on_PDCD1	G	3.0561880166867864e-05	0.000213933161168	0.0	1.5280940083433932e-05	9.16856405006036e-05	0.0001222475206674	3.0561880166867864e-05	1.5280940083433932e-05	9.16856405006036e-05	0.0001222475206674	7.640470041716967e-05	0.9998166287189988	0.0002292141012515	7.640470041716967e-05	1.5280940083433932e-05	0.0	7.640470041716967e-05	3.0561880166867864e-05	1.5280940083433932e-05	1.5280940083433932e-05
_scratch_st-cdeboer-1_asfar_VLPs_results_crispresso_aggregated_spacer_SPACE-NG_rep2_.staging_CRISPRessoPooled_on_SPACE-NG_D2_rep2_CRISPResso_on_PDCD1	N	0.0	0.0	0.0	0.0	0.0	3.0561880166867864e-05	0.0	0.0	0.0	0.0	0.0	0.0	0.0	0.0	0.0	0.0	0.0	0.0	0.0	0.0
_scratch_st-cdeboer-1_asfar_VLPs_results_crispresso_aggregated_spacer_SPACE-NG_rep2_.staging_CRISPRessoPooled_on_SPACE-NG_D2_rep2_CRISPResso_on_PDCD1	-	4.58428202503018e-05	0.0	0.0	0.0	0.0	0.0	0.0	0.0	0.0	0.0	7.640470041716967e-05	0.0	0.0	0.0	0.0	0.0	0.0	0.0	0.0	1.5280940083433932e-05
_scratch_st-cdeboer-1_asfar_VLPs_results_crispresso_aggregated_spacer_SPACE-NG_rep2_.staging_CRISPRessoPooled_on_SPACE-NG_D3_rep2_CRISPResso_on_PDCD1	A	9.699321047526672e-05	0.9998908826382154	2.424830261881668e-05	0.0001454898157129	0.0	0.999878758486906	2.424830261881668e-05	1.212415130940834e-05	1.212415130940834e-05	0.9998908826382154	0.9998423860329776	7.274490785645004e-05	0.9998302618816682	0.9998545101842872	0.0	4.8496605237633365e-05	0.9998545101842872	0.0	9.699321047526672e-05	7.274490785645004e-05
_scratch_st-cdeboer-1_asfar_VLPs_results_crispresso_aggregated_spacer_SPACE-NG_rep2_.staging_CRISPRessoPooled_on_SPACE-NG_D3_rep2_CRISPResso_on_PDCD1	T	8.486905916585839e-05	0.0	8.486905916585839e-05	1.212415130940834e-05	0.9998302618816682	0.0	2.424830261881668e-05	3.637245392822502e-05	0.9998060135790494	0.0	0.0	8.486905916585839e-05	0.0	0.0	3.637245392822502e-05	6.062075654704171e-05	0.0	0.9995392822502424	4.8496605237633365e-05	3.637245392822502e-05
_scratch_st-cdeboer-1_asfar_VLPs_results_crispresso_aggregated_spacer_SPACE-NG_rep2_.staging_CRISPRessoPooled_on_SPACE-NG_D3_rep2_CRISPResso_on_PDCD1	C	0.9998060135790494	3.637245392822502e-05	0.9998666343355964	0.9998423860329776	0.0001333656644034	2.424830261881668e-05	0.9999515033947624	0.9999151309408342	0.0001454898157129	1.212415130940834e-05	1.212415130940834e-05	1.212415130940834e-05	8.486905916585839e-05	4.8496605237633365e-05	0.9999636275460718	0.9998545101842872	4.8496605237633365e-05	0.0001576139670223	0.9998545101842872	0.9998908826382154
_scratch_st-cdeboer-1_asfar_VLPs_results_crispresso_aggregated_spacer_SPACE-NG_rep2_.staging_CRISPRessoPooled_on_SPACE-NG_D3_rep2_CRISPResso_on_PDCD1	G	0.0	4.8496605237633365e-05	1.212415130940834e-05	0.0	2.424830261881668e-05	9.699321047526672e-05	0.0	3.637245392822502e-05	3.637245392822502e-05	9.699321047526672e-05	0.000121241513094	0.9998302618816682	8.486905916585839e-05	9.699321047526672e-05	0.0	3.637245392822502e-05	9.699321047526672e-05	0.0003031037827352	0.0	0.0
_scratch_st-cdeboer-1_asfar_VLPs_results_crispresso_aggregated_spacer_SPACE-NG_rep2_.staging_CRISPRessoPooled_on_SPACE-NG_D3_rep2_CRISPResso_on_PDCD1	N	0.0	1.212415130940834e-05	1.212415130940834e-05	0.0	0.0	0.0	0.0	0.0	0.0	0.0	0.0	0.0	0.0	0.0	0.0	0.0	0.0	0.0	0.0	0.0
_scratch_st-cdeboer-1_asfar_VLPs_results_crispresso_aggregated_spacer_SPACE-NG_rep2_.staging_CRISPRessoPooled_on_SPACE-NG_D3_rep2_CRISPResso_on_PDCD1	-	1.212415130940834e-05	1.212415130940834e-05	0.0	0.0	1.212415130940834e-05	0.0	0.0	0.0	0.0	0.0	2.424830261881668e-05	0.0	0.0	0.0	0.0	0.0	0.0	0.0	0.0	0.0
_scratch_st-cdeboer-1_asfar_VLPs_results_crispresso_aggregated_spacer_SPACE-NG_rep2_.staging_CRISPRessoPooled_on_SPACE-NG_D4_rep2_CRISPResso_on_PDCD1	A	5.367859405026464e-05	0.9998496999366592	6.441431286031757e-05	8.588575048042342e-05	0.0	0.9998604356554692	4.294287524021171e-05	2.147143762010585e-05	0.0	0.9998389642178492	0.999796021342609	7.515003167037049e-05	0.9998067570614192	0.9997423427485588	2.147143762010585e-05	2.147143762010585e-05	0.9998067570614192	1.0735718810052928e-05	6.441431286031757e-05	4.294287524021171e-05
_scratch_st-cdeboer-1_asfar_VLPs_results_crispresso_aggregated_spacer_SPACE-NG_rep2_.staging_CRISPRessoPooled_on_SPACE-NG_D4_rep2_CRISPResso_on_PDCD1	T	1.0735718810052928e-05	0.0	6.441431286031757e-05	3.220715643015878e-05	0.9997745499049888	1.0735718810052928e-05	1.0735718810052928e-05	2.147143762010585e-05	0.9998174927802292	0.0	0.0	7.515003167037049e-05	0.0	1.0735718810052928e-05	5.367859405026464e-05	2.147143762010585e-05	2.147143762010585e-05	0.9996457212792682	6.441431286031757e-05	1.0735718810052928e-05
_scratch_st-cdeboer-1_asfar_VLPs_results_crispresso_aggregated_spacer_SPACE-NG_rep2_.staging_CRISPRessoPooled_on_SPACE-NG_D4_rep2_CRISPResso_on_PDCD1	C	0.9998604356554692	3.220715643015878e-05	0.9998711713742794	0.9998711713742794	0.0001932429385809	3.220715643015878e-05	0.9999248499683296	0.9999463214059496	8.588575048042342e-05	3.220715643015878e-05	3.220715643015878e-05	2.147143762010585e-05	8.588575048042342e-05	5.367859405026464e-05	0.9999141142495196	0.9999248499683296	2.147143762010585e-05	0.0002683929702513	0.9998282284990392	0.9999033785307097
_scratch_st-cdeboer-1_asfar_VLPs_results_crispresso_aggregated_spacer_SPACE-NG_rep2_.staging_CRISPRessoPooled_on_SPACE-NG_D4_rep2_CRISPResso_on_PDCD1	G	2.147143762010585e-05	0.0001073571881005	0.0	1.0735718810052928e-05	2.147143762010585e-05	9.662146929047636e-05	2.147143762010585e-05	1.0735718810052928e-05	9.662146929047636e-05	0.0001288286257206	0.0001073571881005	0.9998282284990392	0.0001073571881005	0.0001932429385809	1.0735718810052928e-05	3.220715643015878e-05	0.0001503000633407	7.515003167037049e-05	4.294287524021171e-05	4.294287524021171e-05
_scratch_st-cdeboer-1_asfar_VLPs_results_crispresso_aggregated_spacer_SPACE-NG_rep2_.staging_CRISPRessoPooled_on_SPACE-NG_D4_rep2_CRISPResso_on_PDCD1	N	0.0	0.0	0.0	0.0	0.0	0.0	0.0	0.0	0.0	0.0	0.0	0.0	0.0	0.0	0.0	0.0	0.0	0.0	0.0	0.0
_scratch_st-cdeboer-1_asfar_VLPs_results_crispresso_aggregated_spacer_SPACE-NG_rep2_.staging_CRISPRessoPooled_on_SPACE-NG_D4_rep2_CRISPResso_on_PDCD1	-	5.367859405026464e-05	1.0735718810052928e-05	0.0	0.0	1.0735718810052928e-05	0.0	0.0	0.0	0.0	0.0	6.441431286031757e-05	0.0	0.0	0.0	0.0	0.0	0.0	0.0	0.0	0.0
_scratch_st-cdeboer-1_asfar_VLPs_results_crispresso_aggregated_spacer_SPACE-NG_rep2_.staging_CRISPRessoPooled_on_SPACE-NG_D5_rep2_CRISPResso_on_PDCD1	A	4.773554508025538e-05	0.999809057819679	5.9669431350319234e-05	9.547109016051077e-05	0.0	0.999809057819679	4.773554508025538e-05	0.0001193388627006	1.1933886270063846e-05	0.9996658511844382	0.9997135867295184	0.0001312727489707	0.999618115639358	0.9997255206157886	0.0	7.160331762038308e-05	0.9997851900471388	1.1933886270063846e-05	2.386777254012769e-05	2.386777254012769e-05
_scratch_st-cdeboer-1_asfar_VLPs_results_crispresso_aggregated_spacer_SPACE-NG_rep2_.staging_CRISPRessoPooled_on_SPACE-NG_D5_rep2_CRISPResso_on_PDCD1	T	9.547109016051077e-05	3.580165881019154e-05	4.773554508025538e-05	3.580165881019154e-05	0.9997971239334088	1.1933886270063846e-05	4.773554508025538e-05	3.580165881019154e-05	0.9997016528432484	1.1933886270063846e-05	0.0	0.0001074049764305	0.0	2.386777254012769e-05	2.386777254012769e-05	1.1933886270063846e-05	1.1933886270063846e-05	0.9997255206157886	2.386777254012769e-05	1.1933886270063846e-05
_scratch_st-cdeboer-1_asfar_VLPs_results_crispresso_aggregated_spacer_SPACE-NG_rep2_.staging_CRISPRessoPooled_on_SPACE-NG_D5_rep2_CRISPResso_on_PDCD1	C	0.9997374545020586	3.580165881019154e-05	0.9998687272510292	0.9998209917059492	0.0001074049764305	3.580165881019154e-05	0.999809057819679	0.9997255206157886	4.773554508025538e-05	0.0	4.773554508025538e-05	1.1933886270063846e-05	0.0001312727489707	2.386777254012769e-05	0.9998806611372992	0.999809057819679	2.386777254012769e-05	0.000202876066591	0.9999403305686496	0.9999164627961096
_scratch_st-cdeboer-1_asfar_VLPs_results_crispresso_aggregated_spacer_SPACE-NG_rep2_.staging_CRISPRessoPooled_on_SPACE-NG_D5_rep2_CRISPResso_on_PDCD1	G	2.386777254012769e-05	0.0001074049764305	1.1933886270063846e-05	3.580165881019154e-05	7.160331762038308e-05	0.0001312727489707	1.1933886270063846e-05	2.386777254012769e-05	0.0001551405215108	0.0002386777254012	0.0001074049764305	0.9996658511844382	0.0001670744077808	0.0001432066352407	1.1933886270063846e-05	1.1933886270063846e-05	9.547109016051077e-05	4.773554508025538e-05	0.0	3.580165881019154e-05
_scratch_st-cdeboer-1_asfar_VLPs_results_crispresso_aggregated_spacer_SPACE-NG_rep2_.staging_CRISPRessoPooled_on_SPACE-NG_D5_rep2_CRISPResso_on_PDCD1	N	0.0	0.0	0.0	0.0	0.0	0.0	0.0	0.0	0.0	0.0	0.0	0.0	0.0	0.0	0.0	0.0	0.0	0.0	0.0	0.0
_scratch_st-cdeboer-1_asfar_VLPs_results_crispresso_aggregated_spacer_SPACE-NG_rep2_.staging_CRISPRessoPooled_on_SPACE-NG_D5_rep2_CRISPResso_on_PDCD1	-	9.547109016051077e-05	1.1933886270063846e-05	1.1933886270063846e-05	1.1933886270063846e-05	2.386777254012769e-05	1.1933886270063846e-05	8.353720389044692e-05	9.547109016051077e-05	8.353720389044692e-05	8.353720389044692e-05	0.0001312727489707	8.353720389044692e-05	8.353720389044692e-05	8.353720389044692e-05	8.353720389044692e-05	9.547109016051077e-05	8.353720389044692e-05	1.1933886270063846e-05	1.1933886270063846e-05	1.1933886270063846e-05
