Folder	Nucleotide	C	A	C	C	T	A	C	C	T	A	A	G	A	A	C	C	A	T	C	C
_scratch_st-cdeboer-1_asfar_VLPs_results_crispresso_aggregated_spacer_SPACE-NG_rep1_.staging_CRISPRessoPooled_on_SPACE-NG_D0_rep1_CRISPResso_on_PDCD1	A	8.055205004967377e-05	0.9997919072040384	9.39773917246194e-05	8.055205004967377e-05	0.0	0.9998254705582256	7.383937921220096e-05	4.6988695862309694e-05	1.3425341674945628e-05	0.9998321832290632	0.9997851945332008	6.712670837472813e-05	0.9997113551539888	0.999758343849851	2.6850683349891256e-05	6.041403753725532e-05	0.9997919072040384	0.0	5.370136669978251e-05	0.000100690062562
_scratch_st-cdeboer-1_asfar_VLPs_results_crispresso_aggregated_spacer_SPACE-NG_rep1_.staging_CRISPRessoPooled_on_SPACE-NG_D0_rep1_CRISPResso_on_PDCD1	T	5.370136669978251e-05	4.6988695862309694e-05	7.383937921220096e-05	2.6850683349891256e-05	0.9998321832290632	1.3425341674945628e-05	8.726472088714658e-05	4.6988695862309694e-05	0.9997784818623634	6.712670837472814e-06	0.0	7.383937921220096e-05	6.712670837472814e-06	1.3425341674945628e-05	4.6988695862309694e-05	6.041403753725532e-05	1.3425341674945628e-05	0.9995972397497516	3.3563354187364066e-05	8.055205004967377e-05
_scratch_st-cdeboer-1_asfar_VLPs_results_crispresso_aggregated_spacer_SPACE-NG_rep1_.staging_CRISPRessoPooled_on_SPACE-NG_D0_rep1_CRISPResso_on_PDCD1	C	0.9998187578873884	4.6988695862309694e-05	0.999771769191526	0.9998657465832506	9.39773917246194e-05	2.013801251241844e-05	0.9998321832290632	0.999859033912413	9.39773917246194e-05	1.3425341674945628e-05	3.3563354187364066e-05	3.3563354187364066e-05	8.055205004967377e-05	6.712670837472813e-05	0.9999060226082754	0.9998523212415756	6.041403753725532e-05	0.0002819321751738	0.9999060226082754	0.9998053325457132
_scratch_st-cdeboer-1_asfar_VLPs_results_crispresso_aggregated_spacer_SPACE-NG_rep1_.staging_CRISPRessoPooled_on_SPACE-NG_D0_rep1_CRISPResso_on_PDCD1	G	6.712670837472814e-06	0.0001074027333995	5.370136669978251e-05	2.013801251241844e-05	6.041403753725532e-05	0.0001342534167494	0.0	3.3563354187364066e-05	0.000100690062562	0.0001409660875869	0.0001409660875869	0.9998187578873884	0.0001946674542867	0.0001409660875869	1.3425341674945628e-05	2.013801251241844e-05	0.0001275407459119	0.000114115404237	0.0	6.712670837472814e-06
_scratch_st-cdeboer-1_asfar_VLPs_results_crispresso_aggregated_spacer_SPACE-NG_rep1_.staging_CRISPRessoPooled_on_SPACE-NG_D0_rep1_CRISPResso_on_PDCD1	N	0.0	0.0	0.0	0.0	0.0	0.0	0.0	0.0	0.0	0.0	0.0	0.0	0.0	0.0	0.0	0.0	0.0	0.0	0.0	0.0
_scratch_st-cdeboer-1_asfar_VLPs_results_crispresso_aggregated_spacer_SPACE-NG_rep1_.staging_CRISPRessoPooled_on_SPACE-NG_D0_rep1_CRISPResso_on_PDCD1	-	4.027602502483688e-05	6.712670837472814e-06	6.712670837472814e-06	6.712670837472814e-06	1.3425341674945628e-05	6.712670837472814e-06	6.712670837472814e-06	1.3425341674945628e-05	1.3425341674945628e-05	6.712670837472814e-06	4.027602502483688e-05	6.712670837472814e-06	6.712670837472814e-06	2.013801251241844e-05	6.712670837472814e-06	6.712670837472814e-06	6.712670837472814e-06	6.712670837472814e-06	6.712670837472814e-06	6.712670837472814e-06
_scratch_st-cdeboer-1_asfar_VLPs_results_crispresso_aggregated_spacer_SPACE-NG_rep1_.staging_CRISPRessoPooled_on_SPACE-NG_D1_rep1_CRISPResso_on_PDCD1	A	0.0001241129573927	0.999759074847414	6.570685979616272e-05	6.570685979616272e-05	0.0	0.999795578658412	5.110533539701545e-05	9.490990859445726e-05	1.4601524399147273e-05	0.999795578658412	0.9998028794206116	0.000102210670794	0.999744473323015	0.9997517740852144	2.9203048798294545e-05	5.110533539701545e-05	0.9998174809450108	0.0	5.110533539701545e-05	5.840609759658909e-05
_scratch_st-cdeboer-1_asfar_VLPs_results_crispresso_aggregated_spacer_SPACE-NG_rep1_.staging_CRISPRessoPooled_on_SPACE-NG_D1_rep1_CRISPResso_on_PDCD1	T	7.300762199573636e-05	0.0	0.0001095114329936	5.840609759658909e-05	0.9997371725608154	1.4601524399147273e-05	5.840609759658909e-05	2.9203048798294545e-05	0.9997225710364162	0.0	0.0	0.0001606167683906	7.3007621995736355e-06	0.0	5.110533539701545e-05	8.760914639488362e-05	0.0	0.99965686417662	8.760914639488362e-05	5.840609759658909e-05
_scratch_st-cdeboer-1_asfar_VLPs_results_crispresso_aggregated_spacer_SPACE-NG_rep1_.staging_CRISPRessoPooled_on_SPACE-NG_D1_rep1_CRISPResso_on_PDCD1	C	0.9997736763718132	3.650381099786818e-05	0.9998101801828112	0.9998466839938088	0.0001387144817918	3.650381099786818e-05	0.9998831878048068	0.9998466839938088	9.490990859445726e-05	7.3007621995736355e-06	5.110533539701545e-05	7.300762199573636e-05	6.570685979616272e-05	6.570685979616272e-05	0.9998904885670064	0.9998393832316094	8.760914639488362e-05	0.0002482259147855	0.9998393832316094	0.9998539847560084
_scratch_st-cdeboer-1_asfar_VLPs_results_crispresso_aggregated_spacer_SPACE-NG_rep1_.staging_CRISPRessoPooled_on_SPACE-NG_D1_rep1_CRISPResso_on_PDCD1	G	7.3007621995736355e-06	0.0001971205793884	7.3007621995736355e-06	2.1902286598720902e-05	0.0001168121951931	0.0001460152439914	0.0	2.1902286598720902e-05	0.0001460152439914	0.0001898198171889	9.490990859445726e-05	0.99965686417662	0.0001752182927897	0.0001606167683906	1.4601524399147273e-05	1.4601524399147273e-05	8.760914639488362e-05	8.760914639488362e-05	1.4601524399147273e-05	1.4601524399147273e-05
_scratch_st-cdeboer-1_asfar_VLPs_results_crispresso_aggregated_spacer_SPACE-NG_rep1_.staging_CRISPRessoPooled_on_SPACE-NG_D1_rep1_CRISPResso_on_PDCD1	N	0.0	0.0	0.0	0.0	0.0	0.0	0.0	0.0	0.0	0.0	0.0	0.0	0.0	0.0	7.3007621995736355e-06	0.0	0.0	0.0	0.0	0.0
_scratch_st-cdeboer-1_asfar_VLPs_results_crispresso_aggregated_spacer_SPACE-NG_rep1_.staging_CRISPRessoPooled_on_SPACE-NG_D1_rep1_CRISPResso_on_PDCD1	-	2.1902286598720902e-05	7.3007621995736355e-06	7.3007621995736355e-06	7.3007621995736355e-06	7.3007621995736355e-06	7.3007621995736355e-06	7.3007621995736355e-06	7.3007621995736355e-06	2.1902286598720902e-05	7.3007621995736355e-06	5.110533539701545e-05	7.3007621995736355e-06	7.3007621995736355e-06	2.1902286598720902e-05	7.3007621995736355e-06	7.3007621995736355e-06	7.3007621995736355e-06	7.3007621995736355e-06	7.3007621995736355e-06	1.4601524399147273e-05
_scratch_st-cdeboer-1_asfar_VLPs_results_crispresso_aggregated_spacer_SPACE-NG_rep1_.staging_CRISPRessoPooled_on_SPACE-NG_D2_rep1_CRISPResso_on_PDCD1	A	8.912411561454506e-05	0.9998011846651677	7.541271321230736e-05	5.48456096089508e-05	6.8557012011188505e-06	0.9998148960675698	5.48456096089508e-05	7.541271321230736e-05	6.8557012011188505e-06	0.9998011846651677	0.9997874732627652	0.000116546920419	0.9997257719519552	0.9997531947567596	1.37114024022377e-05	1.37114024022377e-05	0.999828607469972	1.37114024022377e-05	4.798990840783195e-05	0.000116546920419
_scratch_st-cdeboer-1_asfar_VLPs_results_crispresso_aggregated_spacer_SPACE-NG_rep1_.staging_CRISPRessoPooled_on_SPACE-NG_D2_rep1_CRISPResso_on_PDCD1	T	6.170131081006965e-05	1.37114024022377e-05	0.0001096912192179	4.11342072067131e-05	0.999595513629134	6.8557012011188505e-06	8.912411561454506e-05	6.170131081006965e-05	0.9996983491471508	6.8557012011188505e-06	6.8557012011188505e-06	0.000116546920419	2.74228048044754e-05	6.8557012011188505e-06	7.541271321230736e-05	4.798990840783195e-05	6.8557012011188505e-06	0.9996983491471508	6.170131081006965e-05	6.170131081006965e-05
_scratch_st-cdeboer-1_asfar_VLPs_results_crispresso_aggregated_spacer_SPACE-NG_rep1_.staging_CRISPRessoPooled_on_SPACE-NG_D2_rep1_CRISPResso_on_PDCD1	C	0.999773761860363	4.798990840783195e-05	0.9997806175615642	0.99987659737838	0.0002125267372346	3.427850600559425e-05	0.9998354631711732	0.9998423188723744	0.0001713925300279	6.8557012011188505e-06	3.427850600559425e-05	3.427850600559425e-05	4.798990840783195e-05	4.798990840783195e-05	0.9999040201831844	0.999890308780782	3.427850600559425e-05	0.0001645368288268	0.9998834530795808	0.9998011846651677
_scratch_st-cdeboer-1_asfar_VLPs_results_crispresso_aggregated_spacer_SPACE-NG_rep1_.staging_CRISPRessoPooled_on_SPACE-NG_D2_rep1_CRISPResso_on_PDCD1	G	3.427850600559425e-05	0.0001302583228212	2.056710360335655e-05	1.37114024022377e-05	0.000178248231229	0.0001371140240223	1.37114024022377e-05	1.37114024022377e-05	0.000116546920419	0.000178248231229	0.0001096912192179	0.9997257719519552	0.0001919596336313	0.0001713925300279	0.0	2.74228048044754e-05	0.0001234026216201	0.0001096912192179	0.0	1.37114024022377e-05
_scratch_st-cdeboer-1_asfar_VLPs_results_crispresso_aggregated_spacer_SPACE-NG_rep1_.staging_CRISPRessoPooled_on_SPACE-NG_D2_rep1_CRISPResso_on_PDCD1	N	0.0	0.0	6.8557012011188505e-06	0.0	0.0	0.0	0.0	0.0	0.0	0.0	0.0	0.0	0.0	0.0	0.0	0.0	0.0	0.0	0.0	0.0
_scratch_st-cdeboer-1_asfar_VLPs_results_crispresso_aggregated_spacer_SPACE-NG_rep1_.staging_CRISPRessoPooled_on_SPACE-NG_D2_rep1_CRISPResso_on_PDCD1	-	4.11342072067131e-05	6.8557012011188505e-06	6.8557012011188505e-06	1.37114024022377e-05	6.8557012011188505e-06	6.8557012011188505e-06	6.8557012011188505e-06	6.8557012011188505e-06	6.8557012011188505e-06	6.8557012011188505e-06	6.170131081006965e-05	6.8557012011188505e-06	6.8557012011188505e-06	2.056710360335655e-05	6.8557012011188505e-06	2.056710360335655e-05	6.8557012011188505e-06	1.37114024022377e-05	6.8557012011188505e-06	6.8557012011188505e-06
_scratch_st-cdeboer-1_asfar_VLPs_results_crispresso_aggregated_spacer_SPACE-NG_rep1_.staging_CRISPRessoPooled_on_SPACE-NG_D3_rep1_CRISPResso_on_PDCD1	A	6.116675586818565e-05	0.999808853887912	2.293753345056961e-05	6.881260035170885e-05	0.0	0.9998012080434284	3.058337793409282e-05	5.352091138466244e-05	7.645844483523206e-06	0.9998929581772308	0.9997859163544612	6.881260035170885e-05	0.9997553329765272	0.9997553329765272	3.058337793409282e-05	7.645844483523205e-05	0.9998164997323954	7.645844483523206e-06	4.587506690113923e-05	8.410428931875525e-05
_scratch_st-cdeboer-1_asfar_VLPs_results_crispresso_aggregated_spacer_SPACE-NG_rep1_.staging_CRISPRessoPooled_on_SPACE-NG_D3_rep1_CRISPResso_on_PDCD1	T	6.116675586818565e-05	2.293753345056961e-05	9.175013380227846e-05	1.529168896704641e-05	0.9997935621989448	0.0	4.587506690113923e-05	3.8229222417616025e-05	0.9997859163544612	0.0	0.0	0.0001682085786375	7.645844483523206e-06	7.645844483523206e-06	3.058337793409282e-05	4.587506690113923e-05	7.645844483523206e-06	0.9997247495985933	1.529168896704641e-05	6.116675586818565e-05
_scratch_st-cdeboer-1_asfar_VLPs_results_crispresso_aggregated_spacer_SPACE-NG_rep1_.staging_CRISPRessoPooled_on_SPACE-NG_D3_rep1_CRISPResso_on_PDCD1	C	0.999839437265846	6.881260035170885e-05	0.99987002064378	0.9999158957106812	0.0001223335117363	3.8229222417616025e-05	0.9999158957106812	0.9998853123327472	9.939597828580168e-05	1.529168896704641e-05	3.058337793409282e-05	1.529168896704641e-05	9.175013380227846e-05	7.645844483523205e-05	0.9999311873996484	0.9998547289548132	9.175013380227846e-05	0.0001682085786375	0.9999082498661978	0.9998012080434284
_scratch_st-cdeboer-1_asfar_VLPs_results_crispresso_aggregated_spacer_SPACE-NG_rep1_.staging_CRISPRessoPooled_on_SPACE-NG_D3_rep1_CRISPResso_on_PDCD1	G	7.645844483523206e-06	9.939597828580168e-05	1.529168896704641e-05	0.0	6.116675586818565e-05	0.0001605627341539	7.645844483523206e-06	2.293753345056961e-05	0.0001070418227693	9.175013380227846e-05	0.0001299793562198	0.9997476871320438	0.0001376252007034	0.0001605627341539	7.645844483523206e-06	2.293753345056961e-05	7.645844483523205e-05	9.939597828580168e-05	3.058337793409282e-05	5.352091138466244e-05
_scratch_st-cdeboer-1_asfar_VLPs_results_crispresso_aggregated_spacer_SPACE-NG_rep1_.staging_CRISPRessoPooled_on_SPACE-NG_D3_rep1_CRISPResso_on_PDCD1	N	0.0	0.0	0.0	0.0	1.529168896704641e-05	0.0	0.0	0.0	0.0	0.0	0.0	0.0	7.645844483523206e-06	0.0	0.0	0.0	0.0	0.0	0.0	0.0
_scratch_st-cdeboer-1_asfar_VLPs_results_crispresso_aggregated_spacer_SPACE-NG_rep1_.staging_CRISPRessoPooled_on_SPACE-NG_D3_rep1_CRISPResso_on_PDCD1	-	3.058337793409282e-05	0.0	0.0	0.0	7.645844483523206e-06	0.0	0.0	0.0	0.0	0.0	5.352091138466244e-05	0.0	0.0	0.0	0.0	0.0	7.645844483523206e-06	0.0	0.0	0.0
_scratch_st-cdeboer-1_asfar_VLPs_results_crispresso_aggregated_spacer_SPACE-NG_rep1_.staging_CRISPRessoPooled_on_SPACE-NG_D4_rep1_CRISPResso_on_PDCD1	A	7.96925095171247e-05	0.999779313050568	6.743212343756705e-05	0.0001042132816762	6.130193039778822e-06	0.9998222244018464	5.5171737358009405e-05	0.0001042132816762	0.0	0.999834484787926	0.9997302715062496	9.195289559668234e-05	0.9997057507340906	0.999748662085369	4.291135127845176e-05	7.96925095171247e-05	0.999748662085369	0.0	8.582270255690352e-05	9.808308863646116e-05
_scratch_st-cdeboer-1_asfar_VLPs_results_crispresso_aggregated_spacer_SPACE-NG_rep1_.staging_CRISPRessoPooled_on_SPACE-NG_D4_rep1_CRISPResso_on_PDCD1	T	2.452077215911529e-05	1.839057911933647e-05	9.808308863646116e-05	4.904154431823058e-05	0.9997977036296872	6.130193039778822e-06	6.130193039778823e-05	1.2260386079557645e-05	0.9998038338227272	1.2260386079557645e-05	1.839057911933647e-05	0.000165515212074	6.130193039778822e-06	6.130193039778822e-06	3.678115823867294e-05	7.96925095171247e-05	1.839057911933647e-05	0.9996812299619316	7.96925095171247e-05	4.291135127845176e-05
_scratch_st-cdeboer-1_asfar_VLPs_results_crispresso_aggregated_spacer_SPACE-NG_rep1_.staging_CRISPRessoPooled_on_SPACE-NG_D4_rep1_CRISPResso_on_PDCD1	C	0.9998283545948862	6.130193039778823e-05	0.9998038338227272	0.9998160942088068	9.195289559668234e-05	3.065096519889412e-05	0.9998590055600852	0.9998590055600852	8.582270255690352e-05	0.0	6.130193039778823e-05	3.065096519889412e-05	6.130193039778823e-05	6.743212343756705e-05	0.9999019169113637	0.9998222244018464	4.904154431823058e-05	0.0002452077215911	0.9998099640157668	0.9998467451740056
_scratch_st-cdeboer-1_asfar_VLPs_results_crispresso_aggregated_spacer_SPACE-NG_rep1_.staging_CRISPRessoPooled_on_SPACE-NG_D4_rep1_CRISPResso_on_PDCD1	G	3.065096519889412e-05	0.0001348642468751	2.452077215911529e-05	2.452077215911529e-05	0.0001042132816762	0.0001409944399149	2.452077215911529e-05	2.452077215911529e-05	0.000110343474716	0.0001532548259944	0.0001532548259944	0.9997057507340906	0.0002268171424718	0.0001777755981535	1.839057911933647e-05	6.130193039778822e-06	0.0001839057911933	7.356231647734587e-05	2.452077215911529e-05	1.2260386079557645e-05
_scratch_st-cdeboer-1_asfar_VLPs_results_crispresso_aggregated_spacer_SPACE-NG_rep1_.staging_CRISPRessoPooled_on_SPACE-NG_D4_rep1_CRISPResso_on_PDCD1	N	0.0	6.130193039778822e-06	6.130193039778822e-06	0.0	0.0	0.0	0.0	0.0	0.0	0.0	0.0	0.0	0.0	0.0	0.0	0.0	0.0	0.0	0.0	0.0
_scratch_st-cdeboer-1_asfar_VLPs_results_crispresso_aggregated_spacer_SPACE-NG_rep1_.staging_CRISPRessoPooled_on_SPACE-NG_D4_rep1_CRISPResso_on_PDCD1	-	3.678115823867294e-05	0.0	0.0	6.130193039778822e-06	0.0	0.0	0.0	0.0	0.0	0.0	3.678115823867294e-05	6.130193039778822e-06	0.0	0.0	0.0	1.2260386079557645e-05	0.0	0.0	0.0	0.0
_scratch_st-cdeboer-1_asfar_VLPs_results_crispresso_aggregated_spacer_SPACE-NG_rep1_.staging_CRISPRessoPooled_on_SPACE-NG_D5_rep1_CRISPResso_on_PDCD1	A	7.670159539318417e-05	0.9997934957047108	5.310110450297366e-05	1.7700368167657886e-05	1.180024544510526e-05	0.9998524969319362	6.490134994807892e-05	0.0002124044180118	1.180024544510526e-05	0.999763995091098	0.9997816954592657	5.900122722552629e-05	0.9997403946002076	0.9998583970546588	2.9500613612763145e-05	4.720098178042104e-05	0.9997462947229302	1.7700368167657886e-05	2.9500613612763145e-05	9.440196356084208e-05
_scratch_st-cdeboer-1_asfar_VLPs_results_crispresso_aggregated_spacer_SPACE-NG_rep1_.staging_CRISPRessoPooled_on_SPACE-NG_D5_rep1_CRISPResso_on_PDCD1	T	5.310110450297366e-05	1.7700368167657886e-05	7.080147267063155e-05	8.850184083828944e-05	0.9996990937411498	1.7700368167657886e-05	7.080147267063155e-05	4.13008590578684e-05	0.9997285943547626	5.900122722552629e-06	0.0	0.0001062022090059	5.900122722552629e-06	0.0	5.900122722552629e-05	7.670159539318417e-05	0.0	0.9996459926366468	7.080147267063155e-05	7.080147267063155e-05
_scratch_st-cdeboer-1_asfar_VLPs_results_crispresso_aggregated_spacer_SPACE-NG_rep1_.staging_CRISPRessoPooled_on_SPACE-NG_D5_rep1_CRISPResso_on_PDCD1	C	0.9998465968092136	3.540073633531577e-05	0.9998583970546588	0.9998701973001038	0.0001416029453412	2.360049089021052e-05	0.999828896441046	0.99972269423204	9.440196356084208e-05	2.360049089021052e-05	4.720098178042104e-05	1.180024544510526e-05	0.0001357028226187	4.13008590578684e-05	0.9999055980364392	0.9998524969319362	7.670159539318417e-05	0.0002478051543472	0.9998583970546588	0.9998052959501558
_scratch_st-cdeboer-1_asfar_VLPs_results_crispresso_aggregated_spacer_SPACE-NG_rep1_.staging_CRISPRessoPooled_on_SPACE-NG_D5_rep1_CRISPResso_on_PDCD1	G	5.900122722552629e-06	0.0001416029453412	1.180024544510526e-05	1.7700368167657886e-05	0.0001357028226187	0.0001003020862833	2.9500613612763145e-05	1.7700368167657886e-05	0.0001534031907863	0.0002006041725667	0.0001298026998961	0.9998170961956008	0.0001121023317284	9.440196356084208e-05	0.0	1.180024544510526e-05	0.000171103558954	8.26017181157368e-05	3.540073633531577e-05	1.7700368167657886e-05
_scratch_st-cdeboer-1_asfar_VLPs_results_crispresso_aggregated_spacer_SPACE-NG_rep1_.staging_CRISPRessoPooled_on_SPACE-NG_D5_rep1_CRISPResso_on_PDCD1	N	0.0	0.0	0.0	0.0	0.0	0.0	0.0	0.0	0.0	0.0	0.0	0.0	0.0	0.0	0.0	0.0	0.0	0.0	0.0	0.0
_scratch_st-cdeboer-1_asfar_VLPs_results_crispresso_aggregated_spacer_SPACE-NG_rep1_.staging_CRISPRessoPooled_on_SPACE-NG_D5_rep1_CRISPResso_on_PDCD1	-	1.7700368167657886e-05	1.180024544510526e-05	5.900122722552629e-06	5.900122722552629e-06	1.180024544510526e-05	5.900122722552629e-06	5.900122722552629e-06	5.900122722552629e-06	1.180024544510526e-05	5.900122722552629e-06	4.13008590578684e-05	5.900122722552629e-06	5.900122722552629e-06	5.900122722552629e-06	5.900122722552629e-06	1.180024544510526e-05	5.900122722552629e-06	5.900122722552629e-06	5.900122722552629e-06	1.180024544510526e-05
