Folder	Nucleotide	G	G	A	G	G	C	T	A	T	C	C	A	G	C	G	T	G	A	G	T
_scratch_st-cdeboer-1_asfar_VLPs_results_crispresso_aggregated_spacer_SPACE_rep3_.staging_CRISPRessoPooled_on_SPACE_D0_rep3_CRISPResso_on_B2M	A	0.0001598763622798	2.664606037997282e-05	0.99992006181886	7.993818113991846e-05	0.0002131684830397	2.664606037997282e-05	0.0	0.9997335393962002	0.0	0.0001065842415198	2.664606037997282e-05	0.9996802472754404	5.329212075994564e-05	2.664606037997282e-05	0.0001065842415198	0.0	0.0001065842415198	0.9996802472754404	0.0	2.664606037997282e-05
_scratch_st-cdeboer-1_asfar_VLPs_results_crispresso_aggregated_spacer_SPACE_rep3_.staging_CRISPRessoPooled_on_SPACE_D0_rep3_CRISPResso_on_B2M	T	0.0001332303018998	0.0004796290868395	0.0	0.0003197527245596	5.329212075994564e-05	2.664606037997282e-05	0.9997335393962002	0.0	0.9996269551546804	7.993818113991846e-05	2.664606037997282e-05	0.0	0.0001598763622798	0.0001332303018998	5.329212075994564e-05	0.9997868315169602	5.329212075994564e-05	2.664606037997282e-05	7.993818113991846e-05	0.9994670787924006
_scratch_st-cdeboer-1_asfar_VLPs_results_crispresso_aggregated_spacer_SPACE_rep3_.staging_CRISPRessoPooled_on_SPACE_D0_rep3_CRISPResso_on_B2M	C	5.329212075994564e-05	7.993818113991846e-05	0.0	0.0001065842415198	5.329212075994564e-05	0.99994670787924	0.0001332303018998	0.0001065842415198	0.0001065842415198	0.9997068933358204	0.99984012363772	7.993818113991846e-05	0.0001065842415198	0.9996802472754404	5.329212075994564e-05	5.329212075994564e-05	0.0001065842415198	0.0001065842415198	5.329212075994564e-05	0.0002131684830397
_scratch_st-cdeboer-1_asfar_VLPs_results_crispresso_aggregated_spacer_SPACE_rep3_.staging_CRISPRessoPooled_on_SPACE_D0_rep3_CRISPResso_on_B2M	G	0.9996536012150604	0.9993871406112608	7.993818113991846e-05	0.9994937248527804	0.9996802472754404	0.0	2.664606037997282e-05	5.329212075994564e-05	0.0001598763622798	0.0	0.0	0.0001332303018998	0.9995736630339204	5.329212075994564e-05	0.9997868315169602	0.0001598763622798	0.9997335393962002	0.0001865224226598	0.9998667696981002	0.0002931066641797
_scratch_st-cdeboer-1_asfar_VLPs_results_crispresso_aggregated_spacer_SPACE_rep3_.staging_CRISPRessoPooled_on_SPACE_D0_rep3_CRISPResso_on_B2M	N	0.0	0.0	0.0	0.0	0.0	0.0	0.0	0.0	0.0	0.0	0.0	0.0	0.0	0.0	0.0	0.0	0.0	0.0	0.0	0.0
_scratch_st-cdeboer-1_asfar_VLPs_results_crispresso_aggregated_spacer_SPACE_rep3_.staging_CRISPRessoPooled_on_SPACE_D0_rep3_CRISPResso_on_B2M	-	0.0	2.664606037997282e-05	0.0	0.0	0.0	0.0	0.0001065842415198	0.0001065842415198	0.0001065842415198	0.0001065842415198	0.0001065842415198	0.0001065842415198	0.0001065842415198	0.0001065842415198	0.0	0.0	0.0	0.0	0.0	0.0
_scratch_st-cdeboer-1_asfar_VLPs_results_crispresso_aggregated_spacer_SPACE_rep3_.staging_CRISPRessoPooled_on_SPACE_D1_rep3_CRISPResso_on_B2M	A	0.0002937679233405	1.3988948730502903e-05	0.999664265230468	0.0	0.000111911589844	4.196684619150871e-05	0.0	0.999804154717773	2.7977897461005807e-05	5.595579492201161e-05	0.000111911589844	0.9997342099741204	4.196684619150871e-05	4.196684619150871e-05	5.595579492201161e-05	0.0	5.595579492201161e-05	0.9997901657690424	0.0	1.3988948730502903e-05
_scratch_st-cdeboer-1_asfar_VLPs_results_crispresso_aggregated_spacer_SPACE_rep3_.staging_CRISPRessoPooled_on_SPACE_D1_rep3_CRISPResso_on_B2M	T	0.000111911589844	0.0001538784360355	2.7977897461005807e-05	0.00027977897461	1.3988948730502903e-05	8.393369238301741e-05	0.999776176820312	2.7977897461005807e-05	0.999860110512695	6.994474365251452e-05	8.393369238301741e-05	0.0	0.000111911589844	6.994474365251452e-05	5.595579492201161e-05	0.9995803315380848	6.994474365251452e-05	1.3988948730502903e-05	0.0001818563334965	0.9995943204868154
_scratch_st-cdeboer-1_asfar_VLPs_results_crispresso_aggregated_spacer_SPACE_rep3_.staging_CRISPRessoPooled_on_SPACE_D1_rep3_CRISPResso_on_B2M	C	9.792264111352032e-05	8.393369238301741e-05	2.7977897461005807e-05	0.000111911589844	4.196684619150871e-05	0.9998740994614256	8.393369238301741e-05	2.7977897461005807e-05	2.7977897461005807e-05	0.999860110512695	0.9997621878715814	9.792264111352032e-05	1.3988948730502903e-05	0.9998461215639644	8.393369238301741e-05	0.000335734769532	0.0002098342309575	6.994474365251452e-05	0.0001259005385745	0.000251801077149
_scratch_st-cdeboer-1_asfar_VLPs_results_crispresso_aggregated_spacer_SPACE_rep3_.staging_CRISPRessoPooled_on_SPACE_D1_rep3_CRISPResso_on_B2M	G	0.999496397845702	0.99972022102539	0.0002657900258795	0.999608309435546	0.9998181436665036	0.0	0.000139889487305	0.000139889487305	8.393369238301741e-05	0.0	1.3988948730502903e-05	0.000167867384766	0.999776176820312	4.196684619150871e-05	0.999804154717773	8.393369238301741e-05	0.999664265230468	0.0001259005385745	0.9996922431279288	0.000139889487305
_scratch_st-cdeboer-1_asfar_VLPs_results_crispresso_aggregated_spacer_SPACE_rep3_.staging_CRISPRessoPooled_on_SPACE_D1_rep3_CRISPResso_on_B2M	N	0.0	0.0	0.0	0.0	1.3988948730502903e-05	0.0	0.0	0.0	0.0	1.3988948730502903e-05	0.0	0.0	0.0	0.0	0.0	0.0	0.0	0.0	0.0	0.0
_scratch_st-cdeboer-1_asfar_VLPs_results_crispresso_aggregated_spacer_SPACE_rep3_.staging_CRISPRessoPooled_on_SPACE_D1_rep3_CRISPResso_on_B2M	-	0.0	2.7977897461005807e-05	1.3988948730502903e-05	0.0	0.0	0.0	0.0	0.0	0.0	0.0	2.7977897461005807e-05	0.0	5.595579492201161e-05	0.0	0.0	0.0	0.0	0.0	0.0	0.0
_scratch_st-cdeboer-1_asfar_VLPs_results_crispresso_aggregated_spacer_SPACE_rep3_.staging_CRISPRessoPooled_on_SPACE_D2_rep3_CRISPResso_on_B2M	A	0.0001562194883811	3.905487209529389e-05	0.999726615895333	0.0	7.810974419058778e-05	5.858230814294083e-05	1.9527436047646946e-05	0.9998633079476664	1.9527436047646946e-05	1.9527436047646946e-05	1.9527436047646946e-05	0.999726615895333	1.9527436047646946e-05	3.905487209529389e-05	0.0	1.9527436047646946e-05	0.0005858230814294	0.9998047256395236	0.0002343292325717	0.0
_scratch_st-cdeboer-1_asfar_VLPs_results_crispresso_aggregated_spacer_SPACE_rep3_.staging_CRISPRessoPooled_on_SPACE_D2_rep3_CRISPResso_on_B2M	T	0.0001562194883811	0.0004296035930482	0.0	0.000273384104667	1.9527436047646946e-05	7.810974419058778e-05	0.9999218902558096	0.0	0.9996094512790472	0.0001171646162858	9.763718023823472e-05	0.0	0.0001562194883811	0.0001171646162858	1.9527436047646946e-05	0.9995899238429994	0.0001171646162858	0.0	0.0004881859011911	0.99966803358719
_scratch_st-cdeboer-1_asfar_VLPs_results_crispresso_aggregated_spacer_SPACE_rep3_.staging_CRISPRessoPooled_on_SPACE_D2_rep3_CRISPResso_on_B2M	C	1.9527436047646946e-05	3.905487209529389e-05	1.9527436047646946e-05	9.763718023823472e-05	5.858230814294083e-05	0.9998242530755712	1.9527436047646946e-05	3.905487209529389e-05	0.0001171646162858	0.9998437805116188	0.9998633079476664	0.0001171646162858	1.9527436047646946e-05	0.999785198203476	3.905487209529389e-05	0.0003514938488576	0.0001562194883811	0.0	0.0002538566686194	0.0002148017965241
_scratch_st-cdeboer-1_asfar_VLPs_results_crispresso_aggregated_spacer_SPACE_rep3_.staging_CRISPRessoPooled_on_SPACE_D2_rep3_CRISPResso_on_B2M	G	0.99966803358719	0.999453231790666	0.0002538566686194	0.9996289787150948	0.9998437805116188	3.905487209529389e-05	3.905487209529389e-05	9.763718023823472e-05	0.0002538566686194	1.9527436047646946e-05	1.9527436047646946e-05	0.0001562194883811	0.9998047256395236	5.858230814294083e-05	0.9999414176918572	3.905487209529389e-05	0.9991407928139036	0.0001952743604764	0.9990236281976176	0.0001171646162858
_scratch_st-cdeboer-1_asfar_VLPs_results_crispresso_aggregated_spacer_SPACE_rep3_.staging_CRISPRessoPooled_on_SPACE_D2_rep3_CRISPResso_on_B2M	N	0.0	0.0	0.0	0.0	0.0	0.0	0.0	0.0	0.0	0.0	0.0	0.0	0.0	0.0	0.0	0.0	0.0	0.0	0.0	0.0
_scratch_st-cdeboer-1_asfar_VLPs_results_crispresso_aggregated_spacer_SPACE_rep3_.staging_CRISPRessoPooled_on_SPACE_D2_rep3_CRISPResso_on_B2M	-	0.0	3.905487209529389e-05	0.0	0.0	0.0	0.0	0.0	0.0	0.0	0.0	0.0	0.0	0.0	0.0	0.0	0.0	0.0	0.0	0.0	0.0
_scratch_st-cdeboer-1_asfar_VLPs_results_crispresso_aggregated_spacer_SPACE_rep3_.staging_CRISPRessoPooled_on_SPACE_D3_rep3_CRISPResso_on_B2M	A	0.0001513475755282	3.4926363583444904e-05	0.9996041678793876	1.1642121194481637e-05	0.0001280633331392	4.656848477792654e-05	1.1642121194481637e-05	0.9996041678793876	0.0	5.821060597240817e-05	4.656848477792654e-05	0.9994644624250538	1.1642121194481637e-05	6.985272716688981e-05	3.4926363583444904e-05	1.1642121194481637e-05	0.0011292857558647	0.9996274521217766	0.0003725478782234	2.328424238896327e-05
_scratch_st-cdeboer-1_asfar_VLPs_results_crispresso_aggregated_spacer_SPACE_rep3_.staging_CRISPRessoPooled_on_SPACE_D3_rep3_CRISPResso_on_B2M	T	8.149484836137144e-05	0.0004656848477792	1.1642121194481637e-05	0.0003841899994178	4.656848477792654e-05	6.985272716688981e-05	0.999732231212527	2.328424238896327e-05	0.9995343151522208	5.821060597240817e-05	6.985272716688981e-05	0.0	4.656848477792654e-05	0.0001513475755282	0.0002328424238896	0.9996274521217766	0.0001397054543337	0.0	0.0007683799988357	0.99966237848536
_scratch_st-cdeboer-1_asfar_VLPs_results_crispresso_aggregated_spacer_SPACE_rep3_.staging_CRISPRessoPooled_on_SPACE_D3_rep3_CRISPResso_on_B2M	C	8.149484836137144e-05	0.0001746318179172	4.656848477792654e-05	4.656848477792654e-05	5.821060597240817e-05	0.9998253681820828	0.0001397054543337	4.656848477792654e-05	0.0001513475755282	0.99966237848536	0.999615810000582	0.0001397054543337	8.149484836137144e-05	0.999732231212527	2.328424238896327e-05	0.0002561266662785	0.0007567378776413	5.821060597240817e-05	0.0004889690901682	0.0001513475755282
_scratch_st-cdeboer-1_asfar_VLPs_results_crispresso_aggregated_spacer_SPACE_rep3_.staging_CRISPRessoPooled_on_SPACE_D3_rep3_CRISPResso_on_B2M	G	0.9996740206065544	0.9993131148495256	0.0003376215146399	0.9995575993946098	0.999732231212527	2.328424238896327e-05	8.149484836137144e-05	0.0001280633331392	0.0001164212119448	2.328424238896327e-05	1.1642121194481637e-05	0.0001979160603061	0.9998253681820828	1.1642121194481637e-05	0.99966237848536	6.985272716688981e-05	0.9979393445485768	0.000314337272251	0.9983701030327724	0.0001629896967227
_scratch_st-cdeboer-1_asfar_VLPs_results_crispresso_aggregated_spacer_SPACE_rep3_.staging_CRISPRessoPooled_on_SPACE_D3_rep3_CRISPResso_on_B2M	N	0.0	1.1642121194481637e-05	0.0	0.0	0.0	0.0	0.0	0.0	0.0	0.0	1.1642121194481637e-05	0.0	0.0	0.0	0.0	0.0	0.0	0.0	0.0	0.0
_scratch_st-cdeboer-1_asfar_VLPs_results_crispresso_aggregated_spacer_SPACE_rep3_.staging_CRISPRessoPooled_on_SPACE_D3_rep3_CRISPResso_on_B2M	-	1.1642121194481637e-05	0.0	0.0	0.0	3.4926363583444904e-05	3.4926363583444904e-05	3.4926363583444904e-05	0.0001979160603061	0.0001979160603061	0.0001979160603061	0.0002444845450841	0.0001979160603061	3.4926363583444904e-05	3.4926363583444904e-05	4.656848477792654e-05	3.4926363583444904e-05	3.4926363583444904e-05	0.0	0.0	0.0
_scratch_st-cdeboer-1_asfar_VLPs_results_crispresso_aggregated_spacer_SPACE_rep3_.staging_CRISPRessoPooled_on_SPACE_D4_rep3_CRISPResso_on_B2M	A	0.0	1.5719315895372235e-05	0.9996698943661972	3.143863179074447e-05	1.5719315895372235e-05	0.0001100352112676	0.0	0.999874245472837	0.0	4.71579476861167e-05	3.143863179074447e-05	0.9993712273641852	1.5719315895372235e-05	7.859657947686117e-05	3.143863179074447e-05	0.0	0.0010531941649899	0.99979564889336	0.0002829476861167	0.0
_scratch_st-cdeboer-1_asfar_VLPs_results_crispresso_aggregated_spacer_SPACE_rep3_.staging_CRISPRessoPooled_on_SPACE_D4_rep3_CRISPResso_on_B2M	T	0.0001100352112676	0.000172912474849	3.143863179074447e-05	9.43158953722334e-05	3.143863179074447e-05	7.859657947686117e-05	0.9997799295774648	0.0	0.9996856136820924	4.71579476861167e-05	7.859657947686117e-05	0.0	7.859657947686117e-05	0.000172912474849	1.5719315895372235e-05	0.9994026659959758	0.0002672283702213	0.0	0.0011632293762575	0.9996070171026156
_scratch_st-cdeboer-1_asfar_VLPs_results_crispresso_aggregated_spacer_SPACE_rep3_.staging_CRISPRessoPooled_on_SPACE_D4_rep3_CRISPResso_on_B2M	C	1.5719315895372235e-05	0.0001571931589537	1.5719315895372235e-05	6.287726358148894e-05	7.859657947686117e-05	0.9997799295774648	7.859657947686117e-05	0.0	9.43158953722334e-05	0.9995441398390342	0.9995441398390342	0.0001257545271629	9.43158953722334e-05	0.9993869466800804	1.5719315895372235e-05	0.0002515090543259	0.0007702464788732	1.5719315895372235e-05	0.0009274396378269	0.0001414738430583
_scratch_st-cdeboer-1_asfar_VLPs_results_crispresso_aggregated_spacer_SPACE_rep3_.staging_CRISPRessoPooled_on_SPACE_D4_rep3_CRISPResso_on_B2M	G	0.9998428068410464	0.9995755784708248	0.0002357897384305	0.9997799295774648	0.9998428068410464	0.0	7.859657947686117e-05	6.287726358148894e-05	0.0001100352112676	3.143863179074447e-05	1.5719315895372235e-05	0.000172912474849	0.9994812625754528	3.143863179074447e-05	0.9996384557344064	4.71579476861167e-05	0.9978778923541248	0.0001571931589537	0.997594944668008	0.0002200704225352
_scratch_st-cdeboer-1_asfar_VLPs_results_crispresso_aggregated_spacer_SPACE_rep3_.staging_CRISPRessoPooled_on_SPACE_D4_rep3_CRISPResso_on_B2M	N	0.0	0.0	0.0	0.0	0.0	0.0	0.0	0.0	0.0	0.0	0.0	0.0	0.0	0.0	0.0	0.0	0.0	0.0	0.0	0.0
_scratch_st-cdeboer-1_asfar_VLPs_results_crispresso_aggregated_spacer_SPACE_rep3_.staging_CRISPRessoPooled_on_SPACE_D4_rep3_CRISPResso_on_B2M	-	3.143863179074447e-05	7.859657947686117e-05	4.71579476861167e-05	3.143863179074447e-05	3.143863179074447e-05	3.143863179074447e-05	6.287726358148894e-05	6.287726358148894e-05	0.0001100352112676	0.0003301056338028	0.0003301056338028	0.0003301056338028	0.0003301056338028	0.0003301056338028	0.000298667002012	0.000298667002012	3.143863179074447e-05	3.143863179074447e-05	3.143863179074447e-05	3.143863179074447e-05
_scratch_st-cdeboer-1_asfar_VLPs_results_crispresso_aggregated_spacer_SPACE_rep3_.staging_CRISPRessoPooled_on_SPACE_D5_rep3_CRISPResso_on_B2M	A	0.0001955671447196	0.0	0.9997609734897872	0.0001955671447196	0.0003042155584528	0.0001086484137331	2.17296827466319e-05	0.9996523250760538	0.0001086484137331	4.34593654932638e-05	6.51890482398957e-05	0.9995654063450674	0.000173837461973	0.0	4.34593654932638e-05	2.17296827466319e-05	0.0016949152542372	0.9998696219035202	0.0012603215993046	0.0
_scratch_st-cdeboer-1_asfar_VLPs_results_crispresso_aggregated_spacer_SPACE_rep3_.staging_CRISPRessoPooled_on_SPACE_D5_rep3_CRISPResso_on_B2M	T	6.51890482398957e-05	0.0002824858757062	0.0	0.0002607561929595	8.69187309865276e-05	2.17296827466319e-05	0.9992611907866144	4.34593654932638e-05	0.999348109517601	6.51890482398957e-05	6.51890482398957e-05	0.0	8.69187309865276e-05	0.0001521077792264	4.34593654932638e-05	0.998348544111256	0.0005432420686657	0.0	0.0019556714471968	0.9998478922207736
_scratch_st-cdeboer-1_asfar_VLPs_results_crispresso_aggregated_spacer_SPACE_rep3_.staging_CRISPRessoPooled_on_SPACE_D5_rep3_CRISPResso_on_B2M	C	4.34593654932638e-05	0.0002172968274663	0.0	8.69187309865276e-05	6.51890482398957e-05	0.9994784876140808	0.0001521077792264	0.0	8.69187309865276e-05	0.9996305953933072	0.999587136027814	4.34593654932638e-05	0.0002390265102129	0.9997175141242938	0.0	0.0014776184267709	0.0017383746197305	4.34593654932638e-05	0.0010647544545849	8.69187309865276e-05
_scratch_st-cdeboer-1_asfar_VLPs_results_crispresso_aggregated_spacer_SPACE_rep3_.staging_CRISPRessoPooled_on_SPACE_D5_rep3_CRISPResso_on_B2M	G	0.9996305953933072	0.9993915688830944	0.0001521077792264	0.9993915688830944	0.9992829204693612	2.17296827466319e-05	0.0001955671447196	4.34593654932638e-05	0.000173837461973	0.0	0.0	0.0001955671447196	0.9993046501521078	0.0001303780964797	0.9999130812690136	0.0001521077792264	0.9960234680573664	8.69187309865276e-05	0.9957192524989136	6.51890482398957e-05
_scratch_st-cdeboer-1_asfar_VLPs_results_crispresso_aggregated_spacer_SPACE_rep3_.staging_CRISPRessoPooled_on_SPACE_D5_rep3_CRISPResso_on_B2M	N	0.0	0.0	0.0	0.0	0.0	0.0	0.0	0.0	0.0	0.0	0.0	0.0	0.0	0.0	0.0	0.0	0.0	0.0	0.0	0.0
_scratch_st-cdeboer-1_asfar_VLPs_results_crispresso_aggregated_spacer_SPACE_rep3_.staging_CRISPRessoPooled_on_SPACE_D5_rep3_CRISPResso_on_B2M	-	6.51890482398957e-05	0.0001086484137331	8.69187309865276e-05	6.51890482398957e-05	0.0002607561929595	0.0003694046066927	0.0003694046066927	0.0002607561929595	0.0002824858757062	0.0002607561929595	0.0002824858757062	0.0001955671447196	0.0001955671447196	0.0	0.0	0.0	0.0	0.0	0.0	0.0
