Folder	Nucleotide	G	G	C	C	C	A	G	A	C	T	G	A	G	C	A	C	G	T	G	A
_scratch_st-cdeboer-1_asfar_VLPs_results_crispresso_aggregated_spacer_SPACE-NG_rep3_.staging_CRISPRessoPooled_on_SPACE-NG_D0_rep3_CRISPResso_on_HEK3	A	0.0	6.918883015525974e-05	1.3837766031051949e-05	4.151329809315584e-05	6.918883015525974e-05	0.9997924335095342	4.151329809315584e-05	0.9998477845736584	1.3837766031051949e-05	1.3837766031051949e-05	2.767553206210389e-05	0.999709406913348	5.535106412420779e-05	2.767553206210389e-05	0.9998754601057204	1.3837766031051949e-05	1.3837766031051949e-05	1.3837766031051949e-05	0.0	0.9998339468076274
_scratch_st-cdeboer-1_asfar_VLPs_results_crispresso_aggregated_spacer_SPACE-NG_rep3_.staging_CRISPRessoPooled_on_SPACE-NG_D0_rep3_CRISPResso_on_HEK3	T	0.0001522154263415	5.535106412420779e-05	4.151329809315584e-05	1.3837766031051949e-05	0.0	1.3837766031051949e-05	0.0001383776603105	0.0	4.151329809315584e-05	0.9998062712755652	6.918883015525974e-05	0.0	9.686436221736365e-05	8.302659618631168e-05	0.0	5.535106412420779e-05	1.3837766031051949e-05	0.9998754601057204	6.918883015525974e-05	1.3837766031051949e-05
_scratch_st-cdeboer-1_asfar_VLPs_results_crispresso_aggregated_spacer_SPACE-NG_rep3_.staging_CRISPRessoPooled_on_SPACE-NG_D0_rep3_CRISPResso_on_HEK3	C	4.151329809315584e-05	4.151329809315584e-05	0.9999446489358758	0.9999308111698448	0.9998892978717516	0.0001107021282484	2.767553206210389e-05	1.3837766031051949e-05	0.9999308111698448	0.0001245398942794	4.151329809315584e-05	0.0001107021282484	5.535106412420779e-05	0.9998754601057204	2.767553206210389e-05	0.9999169734038136	0.0001245398942794	8.302659618631168e-05	0.0001245398942794	1.3837766031051949e-05
_scratch_st-cdeboer-1_asfar_VLPs_results_crispresso_aggregated_spacer_SPACE-NG_rep3_.staging_CRISPRessoPooled_on_SPACE-NG_D0_rep3_CRISPResso_on_HEK3	G	0.9998062712755652	0.9998201090415963	0.0	1.3837766031051949e-05	1.3837766031051949e-05	6.918883015525974e-05	0.9997924335095342	0.0001383776603105	1.3837766031051949e-05	5.535106412420779e-05	0.9998616223396894	0.0001798909584036	0.9997924335095342	1.3837766031051949e-05	9.686436221736365e-05	1.3837766031051949e-05	0.9998477845736584	2.767553206210389e-05	0.9997924335095342	0.0001383776603105
_scratch_st-cdeboer-1_asfar_VLPs_results_crispresso_aggregated_spacer_SPACE-NG_rep3_.staging_CRISPRessoPooled_on_SPACE-NG_D0_rep3_CRISPResso_on_HEK3	N	0.0	0.0	0.0	0.0	0.0	1.3837766031051949e-05	0.0	0.0	0.0	0.0	0.0	0.0	0.0	0.0	0.0	0.0	0.0	0.0	0.0	0.0
_scratch_st-cdeboer-1_asfar_VLPs_results_crispresso_aggregated_spacer_SPACE-NG_rep3_.staging_CRISPRessoPooled_on_SPACE-NG_D0_rep3_CRISPResso_on_HEK3	-	0.0	1.3837766031051949e-05	0.0	0.0	2.767553206210389e-05	0.0	0.0	0.0	0.0	0.0	0.0	0.0	0.0	0.0	0.0	0.0	0.0	0.0	1.3837766031051949e-05	0.0
_scratch_st-cdeboer-1_asfar_VLPs_results_crispresso_aggregated_spacer_SPACE-NG_rep3_.staging_CRISPRessoPooled_on_SPACE-NG_D1_rep3_CRISPResso_on_HEK3	A	2.889282687418137e-05	5.778565374836274e-05	0.0	4.815471145696895e-05	4.815471145696895e-05	0.9997977502118808	5.778565374836274e-05	0.9998266430387548	9.63094229139379e-06	0.0	2.889282687418137e-05	0.9996725479620926	2.889282687418137e-05	7.704753833115032e-05	0.9999325834039604	1.926188458278758e-05	9.63094229139379e-06	0.0	2.889282687418137e-05	0.9998555358656293
_scratch_st-cdeboer-1_asfar_VLPs_results_crispresso_aggregated_spacer_SPACE-NG_rep3_.staging_CRISPRessoPooled_on_SPACE-NG_D1_rep3_CRISPResso_on_HEK3	T	0.0001348331920795	6.741659603975652e-05	0.0	0.0001059403652053	2.889282687418137e-05	9.63094229139379e-06	0.0001059403652053	9.63094229139379e-06	0.0001059403652053	0.9998266430387548	8.667848062254411e-05	0.0	4.815471145696895e-05	4.815471145696895e-05	0.0	9.63094229139379e-05	3.852376916557516e-05	0.999807381154172	7.704753833115032e-05	0.0
_scratch_st-cdeboer-1_asfar_VLPs_results_crispresso_aggregated_spacer_SPACE-NG_rep3_.staging_CRISPRessoPooled_on_SPACE-NG_D1_rep3_CRISPResso_on_HEK3	C	3.852376916557516e-05	7.704753833115032e-05	0.9999903690577088	0.9998459049233376	0.999778488327298	5.778565374836274e-05	4.815471145696895e-05	1.926188458278758e-05	0.999874797750212	0.0001059403652053	5.778565374836274e-05	0.0001348331920795	7.704753833115032e-05	0.9998459049233376	1.926188458278758e-05	0.9998555358656293	0.0001059403652053	0.0001252022497881	0.0001348331920795	2.889282687418137e-05
_scratch_st-cdeboer-1_asfar_VLPs_results_crispresso_aggregated_spacer_SPACE-NG_rep3_.staging_CRISPRessoPooled_on_SPACE-NG_D1_rep3_CRISPResso_on_HEK3	G	0.9997977502118808	0.9997014407889668	9.63094229139379e-06	0.0	3.852376916557516e-05	0.0001252022497881	0.9997881192695892	0.0001444641343709	9.63094229139379e-06	6.741659603975652e-05	0.9998266430387548	0.0001926188458278	0.9998459049233376	2.889282687418137e-05	4.815471145696895e-05	2.889282687418137e-05	0.9998459049233376	6.741659603975652e-05	0.9997592264427152	0.0001155713074967
_scratch_st-cdeboer-1_asfar_VLPs_results_crispresso_aggregated_spacer_SPACE-NG_rep3_.staging_CRISPRessoPooled_on_SPACE-NG_D1_rep3_CRISPResso_on_HEK3	N	0.0	0.0	0.0	0.0	0.0	9.63094229139379e-06	0.0	0.0	0.0	0.0	0.0	0.0	0.0	0.0	0.0	0.0	0.0	0.0	0.0	0.0
_scratch_st-cdeboer-1_asfar_VLPs_results_crispresso_aggregated_spacer_SPACE-NG_rep3_.staging_CRISPRessoPooled_on_SPACE-NG_D1_rep3_CRISPResso_on_HEK3	-	0.0	9.63094229139379e-05	0.0	0.0	0.0001059403652053	0.0	0.0	0.0	0.0	0.0	0.0	0.0	0.0	0.0	0.0	0.0	0.0	0.0	0.0	0.0
_scratch_st-cdeboer-1_asfar_VLPs_results_crispresso_aggregated_spacer_SPACE-NG_rep3_.staging_CRISPRessoPooled_on_SPACE-NG_D2_rep3_CRISPResso_on_HEK3	A	5.5503135927179885e-05	0.0001665094077815	0.0	5.5503135927179885e-05	0.0	0.998168396514403	0.0	0.9987234278736749	5.5503135927179885e-05	0.0	0.0001110062718543	0.999722484320364	0.0	5.5503135927179885e-05	0.9999444968640728	5.5503135927179885e-05	0.0001110062718543	0.0	5.5503135927179885e-05	0.999722484320364
_scratch_st-cdeboer-1_asfar_VLPs_results_crispresso_aggregated_spacer_SPACE-NG_rep3_.staging_CRISPRessoPooled_on_SPACE-NG_D2_rep3_CRISPResso_on_HEK3	T	5.5503135927179885e-05	0.0	0.0	5.5503135927179885e-05	0.0	0.0	5.5503135927179885e-05	5.5503135927179885e-05	0.0001110062718543	0.9998334905922184	0.0	0.0	0.0	0.0001110062718543	0.0	5.5503135927179885e-05	5.5503135927179885e-05	0.9998889937281455	0.0	0.0
_scratch_st-cdeboer-1_asfar_VLPs_results_crispresso_aggregated_spacer_SPACE-NG_rep3_.staging_CRISPRessoPooled_on_SPACE-NG_D2_rep3_CRISPResso_on_HEK3	C	0.0	0.0001110062718543	1.0	0.9998889937281455	0.9999444968640728	0.0	0.0001110062718543	0.0	0.9998334905922184	0.0001665094077815	0.0001110062718543	0.0	0.0001110062718543	0.9998334905922184	0.0	0.9998334905922184	0.0001665094077815	5.5503135927179885e-05	0.0	5.5503135927179885e-05
_scratch_st-cdeboer-1_asfar_VLPs_results_crispresso_aggregated_spacer_SPACE-NG_rep3_.staging_CRISPRessoPooled_on_SPACE-NG_D2_rep3_CRISPResso_on_HEK3	G	0.9998889937281455	0.999722484320364	0.0	0.0	0.0	0.0018316034855969	0.9998334905922184	0.0012210689903979	0.0	0.0	0.9997779874562912	0.0002775156796358	0.9998889937281455	0.0	5.5503135927179885e-05	5.5503135927179885e-05	0.999666981184437	5.5503135927179885e-05	0.9999444968640728	0.0002220125437087
_scratch_st-cdeboer-1_asfar_VLPs_results_crispresso_aggregated_spacer_SPACE-NG_rep3_.staging_CRISPRessoPooled_on_SPACE-NG_D2_rep3_CRISPResso_on_HEK3	N	0.0	0.0	0.0	0.0	0.0	0.0	0.0	0.0	0.0	0.0	0.0	0.0	0.0	0.0	0.0	0.0	0.0	0.0	0.0	0.0
_scratch_st-cdeboer-1_asfar_VLPs_results_crispresso_aggregated_spacer_SPACE-NG_rep3_.staging_CRISPRessoPooled_on_SPACE-NG_D2_rep3_CRISPResso_on_HEK3	-	0.0	0.0	0.0	0.0	5.5503135927179885e-05	0.0	0.0	0.0	0.0	0.0	0.0	0.0	0.0	0.0	0.0	0.0	0.0	0.0	0.0	0.0
_scratch_st-cdeboer-1_asfar_VLPs_results_crispresso_aggregated_spacer_SPACE-NG_rep3_.staging_CRISPRessoPooled_on_SPACE-NG_D3_rep3_CRISPResso_on_HEK3	A	8.655011251514626e-05	2.885003750504876e-05	2.885003750504876e-05	8.655011251514626e-05	5.770007501009751e-05	0.9998845998499798	0.0	0.9997691996999596	2.885003750504876e-05	0.0	2.885003750504876e-05	0.9998268997749696	0.0	2.885003750504876e-05	0.9998845998499798	2.885003750504876e-05	2.885003750504876e-05	0.0	2.885003750504876e-05	0.9999711499624948
_scratch_st-cdeboer-1_asfar_VLPs_results_crispresso_aggregated_spacer_SPACE-NG_rep3_.staging_CRISPRessoPooled_on_SPACE-NG_D3_rep3_CRISPResso_on_HEK3	T	0.0001154001500201	8.655011251514626e-05	0.0	5.770007501009751e-05	8.655011251514626e-05	0.0	8.655011251514626e-05	2.885003750504876e-05	5.770007501009751e-05	0.9998557498124748	0.0	0.0	5.770007501009751e-05	0.0	0.0	5.770007501009751e-05	5.770007501009751e-05	0.9997691996999596	2.885003750504876e-05	0.0
_scratch_st-cdeboer-1_asfar_VLPs_results_crispresso_aggregated_spacer_SPACE-NG_rep3_.staging_CRISPRessoPooled_on_SPACE-NG_D3_rep3_CRISPResso_on_HEK3	C	0.0	0.0001154001500201	0.9999711499624948	0.9998557498124748	0.9998557498124748	5.770007501009751e-05	5.770007501009751e-05	2.885003750504876e-05	0.9999134498874848	8.655011251514626e-05	5.770007501009751e-05	5.770007501009751e-05	8.655011251514626e-05	0.9999711499624948	0.0	0.9999134498874848	0.0001442501875252	0.0001731002250302	0.0001154001500201	0.0
_scratch_st-cdeboer-1_asfar_VLPs_results_crispresso_aggregated_spacer_SPACE-NG_rep3_.staging_CRISPRessoPooled_on_SPACE-NG_D3_rep3_CRISPResso_on_HEK3	G	0.9997980497374648	0.9997691996999596	0.0	0.0	0.0	5.770007501009751e-05	0.9998557498124748	0.0001731002250302	0.0	5.770007501009751e-05	0.9999134498874848	0.0001154001500201	0.9998557498124748	0.0	0.0001154001500201	0.0	0.9997691996999596	5.770007501009751e-05	0.9998268997749696	2.885003750504876e-05
_scratch_st-cdeboer-1_asfar_VLPs_results_crispresso_aggregated_spacer_SPACE-NG_rep3_.staging_CRISPRessoPooled_on_SPACE-NG_D3_rep3_CRISPResso_on_HEK3	N	0.0	0.0	0.0	0.0	0.0	0.0	0.0	0.0	0.0	0.0	0.0	0.0	0.0	0.0	0.0	0.0	0.0	0.0	0.0	0.0
_scratch_st-cdeboer-1_asfar_VLPs_results_crispresso_aggregated_spacer_SPACE-NG_rep3_.staging_CRISPRessoPooled_on_SPACE-NG_D3_rep3_CRISPResso_on_HEK3	-	0.0	0.0	0.0	0.0	0.0	0.0	0.0	0.0	0.0	0.0	0.0	0.0	0.0	0.0	0.0	0.0	0.0	0.0	0.0	0.0
_scratch_st-cdeboer-1_asfar_VLPs_results_crispresso_aggregated_spacer_SPACE-NG_rep3_.staging_CRISPRessoPooled_on_SPACE-NG_D4_rep3_CRISPResso_on_HEK3	A	0.0	9.296848368403112e-05	0.0	0.0001239579782453	3.0989494561343705e-05	0.9999690105054386	0.0	0.999814063032632	3.0989494561343705e-05	0.0	0.0001239579782453	0.9998450525271932	9.296848368403112e-05	3.0989494561343705e-05	0.9999380210108774	6.197898912268741e-05	3.0989494561343705e-05	0.0	0.0	0.9998760420217546
_scratch_st-cdeboer-1_asfar_VLPs_results_crispresso_aggregated_spacer_SPACE-NG_rep3_.staging_CRISPRessoPooled_on_SPACE-NG_D4_rep3_CRISPResso_on_HEK3	T	6.197898912268741e-05	6.197898912268741e-05	0.0001239579782453	0.0	6.197898912268741e-05	0.0	0.0	0.0	3.0989494561343705e-05	0.999814063032632	0.0001239579782453	0.0	0.0001239579782453	6.197898912268741e-05	3.0989494561343705e-05	9.296848368403112e-05	6.197898912268741e-05	0.9997520840435092	6.197898912268741e-05	0.0
_scratch_st-cdeboer-1_asfar_VLPs_results_crispresso_aggregated_spacer_SPACE-NG_rep3_.staging_CRISPRessoPooled_on_SPACE-NG_D4_rep3_CRISPResso_on_HEK3	C	9.296848368403112e-05	6.197898912268741e-05	0.9998760420217546	0.9998450525271932	0.999907031516316	0.0	3.0989494561343705e-05	0.0	0.9999380210108774	9.296848368403112e-05	3.0989494561343705e-05	3.0989494561343705e-05	6.197898912268741e-05	0.9998760420217546	0.0	0.9998450525271932	0.0001549474728067	0.0001239579782453	6.197898912268741e-05	3.0989494561343705e-05
_scratch_st-cdeboer-1_asfar_VLPs_results_crispresso_aggregated_spacer_SPACE-NG_rep3_.staging_CRISPRessoPooled_on_SPACE-NG_D4_rep3_CRISPResso_on_HEK3	G	0.9998450525271932	0.9997520840435092	0.0	3.0989494561343705e-05	0.0	3.0989494561343705e-05	0.9999690105054386	0.000185936967368	0.0	9.296848368403112e-05	0.999721094548948	0.0001239579782453	0.999721094548948	3.0989494561343705e-05	3.0989494561343705e-05	0.0	0.9997520840435092	0.0001239579782453	0.9998760420217546	9.296848368403112e-05
_scratch_st-cdeboer-1_asfar_VLPs_results_crispresso_aggregated_spacer_SPACE-NG_rep3_.staging_CRISPRessoPooled_on_SPACE-NG_D4_rep3_CRISPResso_on_HEK3	N	0.0	0.0	0.0	0.0	0.0	0.0	0.0	0.0	0.0	0.0	0.0	0.0	0.0	0.0	0.0	0.0	0.0	0.0	0.0	0.0
_scratch_st-cdeboer-1_asfar_VLPs_results_crispresso_aggregated_spacer_SPACE-NG_rep3_.staging_CRISPRessoPooled_on_SPACE-NG_D4_rep3_CRISPResso_on_HEK3	-	0.0	3.0989494561343705e-05	0.0	0.0	0.0	0.0	0.0	0.0	0.0	0.0	0.0	0.0	0.0	0.0	0.0	0.0	0.0	0.0	0.0	0.0
_scratch_st-cdeboer-1_asfar_VLPs_results_crispresso_aggregated_spacer_SPACE-NG_rep3_.staging_CRISPRessoPooled_on_SPACE-NG_D5_rep3_CRISPResso_on_HEK3	A	2.135292107960369e-05	2.135292107960369e-05	2.135292107960369e-05	4.270584215920738e-05	2.135292107960369e-05	0.9998078237102836	6.405876323881108e-05	0.9997651178681244	0.0	0.0	2.135292107960369e-05	0.9997437649470448	2.135292107960369e-05	0.0	0.9999145883156816	2.135292107960369e-05	0.0	2.135292107960369e-05	2.135292107960369e-05	0.9997437649470448
_scratch_st-cdeboer-1_asfar_VLPs_results_crispresso_aggregated_spacer_SPACE-NG_rep3_.staging_CRISPRessoPooled_on_SPACE-NG_D5_rep3_CRISPResso_on_HEK3	T	6.405876323881108e-05	0.0	0.0001281175264776	4.270584215920738e-05	0.000106764605398	0.0	0.0001281175264776	0.0	0.0	0.9998078237102836	6.405876323881108e-05	0.0	2.135292107960369e-05	2.135292107960369e-05	0.0	2.135292107960369e-05	6.405876323881108e-05	0.999679706183806	4.270584215920738e-05	0.0
_scratch_st-cdeboer-1_asfar_VLPs_results_crispresso_aggregated_spacer_SPACE-NG_rep3_.staging_CRISPRessoPooled_on_SPACE-NG_D5_rep3_CRISPResso_on_HEK3	C	2.135292107960369e-05	0.000106764605398	0.9998291766313632	0.9998718824735224	0.9996583532627265	2.135292107960369e-05	6.405876323881108e-05	0.0001281175264776	0.9999786470789204	0.0001281175264776	6.405876323881108e-05	8.541168431841476e-05	2.135292107960369e-05	0.9999145883156816	2.135292107960369e-05	0.999893235394602	0.000106764605398	0.0001281175264776	4.270584215920738e-05	8.541168431841476e-05
_scratch_st-cdeboer-1_asfar_VLPs_results_crispresso_aggregated_spacer_SPACE-NG_rep3_.staging_CRISPRessoPooled_on_SPACE-NG_D5_rep3_CRISPResso_on_HEK3	G	0.9998718824735224	0.9997437649470448	0.0	2.135292107960369e-05	0.000106764605398	0.0001281175264776	0.9997224120259652	8.541168431841476e-05	0.0	4.270584215920738e-05	0.9998078237102836	0.0001494704475572	0.9999145883156816	4.270584215920738e-05	4.270584215920738e-05	4.270584215920738e-05	0.9998078237102836	0.0001494704475572	0.9998718824735224	0.0001494704475572
_scratch_st-cdeboer-1_asfar_VLPs_results_crispresso_aggregated_spacer_SPACE-NG_rep3_.staging_CRISPRessoPooled_on_SPACE-NG_D5_rep3_CRISPResso_on_HEK3	N	0.0	0.0	0.0	0.0	0.0	2.135292107960369e-05	0.0	0.0	0.0	0.0	0.0	0.0	0.0	0.0	0.0	0.0	0.0	0.0	0.0	0.0
_scratch_st-cdeboer-1_asfar_VLPs_results_crispresso_aggregated_spacer_SPACE-NG_rep3_.staging_CRISPRessoPooled_on_SPACE-NG_D5_rep3_CRISPResso_on_HEK3	-	2.135292107960369e-05	0.0001281175264776	2.135292107960369e-05	2.135292107960369e-05	0.000106764605398	2.135292107960369e-05	2.135292107960369e-05	2.135292107960369e-05	2.135292107960369e-05	2.135292107960369e-05	4.270584215920738e-05	2.135292107960369e-05	2.135292107960369e-05	2.135292107960369e-05	2.135292107960369e-05	2.135292107960369e-05	2.135292107960369e-05	2.135292107960369e-05	2.135292107960369e-05	2.135292107960369e-05
