Folder	Nucleotide	G	G	C	C	C	A	G	A	C	T	G	A	G	C	A	C	G	T	G	A
_scratch_st-cdeboer-1_asfar_VLPs_results_crispresso_aggregated_spacer_SPACE-DeltaUGI_rep1_.staging_CRISPRessoPooled_on_SPACE-DeltaUGI_D1_rep1_CRISPResso_on_HEK3	A	0.0	0.0002102938857052	5.257347142631828e-05	0.0002102938857052	0.0002102938857052	0.9854371484149098	0.0001051469428526	0.994690079385942	0.0	0.0	5.257347142631828e-05	0.9997371326428685	0.0	0.0001577204142789	0.999684559171442	0.0002102938857052	0.0001051469428526	0.0	5.257347142631828e-05	0.9997897061142949
_scratch_st-cdeboer-1_asfar_VLPs_results_crispresso_aggregated_spacer_SPACE-DeltaUGI_rep1_.staging_CRISPRessoPooled_on_SPACE-DeltaUGI_D1_rep1_CRISPResso_on_HEK3	T	0.0003680142999842	0.0001051469428526	0.0001051469428526	5.257347142631828e-05	5.257347142631828e-05	0.0	0.0001051469428526	0.0	0.0001051469428526	0.999842279585721	5.257347142631828e-05	0.0	0.0001577204142789	0.0001577204142789	5.257347142631828e-05	0.0	5.257347142631828e-05	0.999684559171442	0.0001051469428526	0.0
_scratch_st-cdeboer-1_asfar_VLPs_results_crispresso_aggregated_spacer_SPACE-DeltaUGI_rep1_.staging_CRISPRessoPooled_on_SPACE-DeltaUGI_D1_rep1_CRISPResso_on_HEK3	C	5.257347142631828e-05	5.257347142631828e-05	0.999684559171442	0.9996319857000158	0.9996319857000158	0.0	0.0001051469428526	0.0	0.9997897061142949	5.257347142631828e-05	0.0	0.0	0.0	0.9995794122285896	0.0	0.999684559171442	0.0002102938857052	0.0001051469428526	5.257347142631828e-05	5.257347142631828e-05
_scratch_st-cdeboer-1_asfar_VLPs_results_crispresso_aggregated_spacer_SPACE-DeltaUGI_rep1_.staging_CRISPRessoPooled_on_SPACE-DeltaUGI_D1_rep1_CRISPResso_on_HEK3	G	0.9994742652857368	0.9995268387571632	5.257347142631828e-05	0.0	0.0	0.0144577046422375	0.9995794122285896	0.0052047736712055	0.0	0.0	0.9997897061142949	0.0001577204142789	0.9997371326428685	0.0	0.0001577204142789	0.0	0.9995268387571632	0.0	0.9995794122285896	5.257347142631828e-05
_scratch_st-cdeboer-1_asfar_VLPs_results_crispresso_aggregated_spacer_SPACE-DeltaUGI_rep1_.staging_CRISPRessoPooled_on_SPACE-DeltaUGI_D1_rep1_CRISPResso_on_HEK3	N	0.0	0.0	0.0	0.0	0.0	0.0	0.0	0.0	0.0	0.0	0.0	0.0	0.0	0.0	0.0	0.0	0.0	0.0	0.0	0.0
_scratch_st-cdeboer-1_asfar_VLPs_results_crispresso_aggregated_spacer_SPACE-DeltaUGI_rep1_.staging_CRISPRessoPooled_on_SPACE-DeltaUGI_D1_rep1_CRISPResso_on_HEK3	-	0.0001051469428526	0.0001051469428526	0.0001051469428526	0.0001051469428526	0.0001051469428526	0.0001051469428526	0.0001051469428526	0.0001051469428526	0.0001051469428526	0.0001051469428526	0.0001051469428526	0.0001051469428526	0.0001051469428526	0.0001051469428526	0.0001051469428526	0.0001051469428526	0.0001051469428526	0.0002102938857052	0.0002102938857052	0.0001051469428526
_scratch_st-cdeboer-1_asfar_VLPs_results_crispresso_aggregated_spacer_SPACE-DeltaUGI_rep1_.staging_CRISPRessoPooled_on_SPACE-DeltaUGI_D2_rep1_CRISPResso_on_HEK3	A	3.641527985142566e-05	3.641527985142566e-05	7.283055970285132e-05	7.283055970285132e-05	0.0001456611194057	0.986235024216161	0.0	0.9915516550744692	3.641527985142566e-05	0.0	0.0	0.9997086777611884	0.0	0.0	0.9999635847201486	3.641527985142566e-05	0.0	0.0	0.0	0.99974509304104
_scratch_st-cdeboer-1_asfar_VLPs_results_crispresso_aggregated_spacer_SPACE-DeltaUGI_rep1_.staging_CRISPRessoPooled_on_SPACE-DeltaUGI_D2_rep1_CRISPResso_on_HEK3	T	0.0001820763992571	3.641527985142566e-05	7.283055970285132e-05	0.0	0.0	0.0	7.283055970285132e-05	0.0	3.641527985142566e-05	0.9997815083208914	0.0001456611194057	0.0	3.641527985142566e-05	0.0002184916791085	0.0	3.641527985142566e-05	7.283055970285132e-05	0.9996722624813372	0.0001092458395542	0.0
_scratch_st-cdeboer-1_asfar_VLPs_results_crispresso_aggregated_spacer_SPACE-DeltaUGI_rep1_.staging_CRISPRessoPooled_on_SPACE-DeltaUGI_D2_rep1_CRISPResso_on_HEK3	C	7.283055970285132e-05	0.0001820763992571	0.9998179236007428	0.9999271694402972	0.9997086777611884	0.0	3.641527985142566e-05	3.641527985142566e-05	0.9998907541604456	0.0001092458395542	0.0	0.0002184916791085	0.0001092458395542	0.99974509304104	0.0	0.9999271694402972	7.283055970285132e-05	0.0001092458395542	0.0001820763992571	7.283055970285132e-05
_scratch_st-cdeboer-1_asfar_VLPs_results_crispresso_aggregated_spacer_SPACE-DeltaUGI_rep1_.staging_CRISPRessoPooled_on_SPACE-DeltaUGI_D2_rep1_CRISPResso_on_HEK3	G	0.9997086777611884	0.9996722624813372	3.641527985142566e-05	0.0	7.283055970285132e-05	0.0137649757838388	0.9998907541604456	0.0084119296456793	3.641527985142566e-05	0.0001092458395542	0.9998179236007428	7.283055970285132e-05	0.9998543388805944	3.641527985142566e-05	3.641527985142566e-05	0.0	0.9998543388805944	0.0001456611194057	0.9997086777611884	0.0001820763992571
_scratch_st-cdeboer-1_asfar_VLPs_results_crispresso_aggregated_spacer_SPACE-DeltaUGI_rep1_.staging_CRISPRessoPooled_on_SPACE-DeltaUGI_D2_rep1_CRISPResso_on_HEK3	N	0.0	0.0	0.0	0.0	0.0	0.0	0.0	0.0	0.0	0.0	0.0	0.0	0.0	0.0	0.0	0.0	0.0	7.283055970285132e-05	0.0	0.0
_scratch_st-cdeboer-1_asfar_VLPs_results_crispresso_aggregated_spacer_SPACE-DeltaUGI_rep1_.staging_CRISPRessoPooled_on_SPACE-DeltaUGI_D2_rep1_CRISPResso_on_HEK3	-	0.0	7.283055970285132e-05	0.0	0.0	7.283055970285132e-05	0.0	0.0	0.0	0.0	0.0	3.641527985142566e-05	0.0	0.0	0.0	0.0	0.0	0.0	0.0	0.0	0.0
_scratch_st-cdeboer-1_asfar_VLPs_results_crispresso_aggregated_spacer_SPACE-DeltaUGI_rep1_.staging_CRISPRessoPooled_on_SPACE-DeltaUGI_D3_rep1_CRISPResso_on_HEK3	A	2.690727752166036e-05	4.48454625361006e-05	4.48454625361006e-05	7.175274005776095e-05	4.48454625361006e-05	0.9996143290221896	4.48454625361006e-05	0.9997129890397688	4.48454625361006e-05	8.969092507220119e-06	7.175274005776095e-05	0.9997847417798268	0.0	2.690727752166036e-05	0.999874432704899	1.7938185014440237e-05	1.7938185014440237e-05	0.0	8.969092507220119e-06	0.9998026799648412
_scratch_st-cdeboer-1_asfar_VLPs_results_crispresso_aggregated_spacer_SPACE-DeltaUGI_rep1_.staging_CRISPRessoPooled_on_SPACE-DeltaUGI_D3_rep1_CRISPResso_on_HEK3	T	0.0001883509426516	7.175274005776095e-05	7.175274005776095e-05	8.969092507220119e-05	4.48454625361006e-05	0.0	0.0001345363876083	0.0	4.48454625361006e-05	0.9998564945198845	6.278364755054084e-05	0.0	1.7938185014440237e-05	5.381455504332072e-05	0.0	7.175274005776095e-05	8.969092507220119e-05	0.9998116490573484	8.072183256498107e-05	8.969092507220119e-06
_scratch_st-cdeboer-1_asfar_VLPs_results_crispresso_aggregated_spacer_SPACE-DeltaUGI_rep1_.staging_CRISPRessoPooled_on_SPACE-DeltaUGI_D3_rep1_CRISPResso_on_HEK3	C	5.381455504332072e-05	0.0001165982025938	0.9998654636123916	0.9998206181498556	0.9998923708899132	2.690727752166036e-05	6.278364755054084e-05	4.48454625361006e-05	0.9999103090749278	8.072183256498107e-05	1.7938185014440237e-05	5.381455504332072e-05	5.381455504332072e-05	0.9999103090749278	1.7938185014440237e-05	0.9998654636123916	0.0001076291100866	7.175274005776095e-05	8.072183256498107e-05	7.175274005776095e-05
_scratch_st-cdeboer-1_asfar_VLPs_results_crispresso_aggregated_spacer_SPACE-DeltaUGI_rep1_.staging_CRISPRessoPooled_on_SPACE-DeltaUGI_D3_rep1_CRISPResso_on_HEK3	G	0.9997309272247834	0.9997129890397688	1.7938185014440237e-05	1.7938185014440237e-05	0.0	0.0003587637002888	0.999757834502305	0.0002421654976949	0.0	5.381455504332072e-05	0.9998475254273772	0.0001614436651299	0.9999282472599422	8.969092507220119e-06	0.0001076291100866	4.48454625361006e-05	0.9997757726873197	9.866001757942132e-05	0.9998206181498556	0.0001076291100866
_scratch_st-cdeboer-1_asfar_VLPs_results_crispresso_aggregated_spacer_SPACE-DeltaUGI_rep1_.staging_CRISPRessoPooled_on_SPACE-DeltaUGI_D3_rep1_CRISPResso_on_HEK3	N	0.0	0.0	0.0	0.0	0.0	0.0	0.0	0.0	0.0	0.0	0.0	0.0	0.0	0.0	0.0	0.0	8.969092507220119e-06	1.7938185014440237e-05	0.0	8.969092507220119e-06
_scratch_st-cdeboer-1_asfar_VLPs_results_crispresso_aggregated_spacer_SPACE-DeltaUGI_rep1_.staging_CRISPRessoPooled_on_SPACE-DeltaUGI_D3_rep1_CRISPResso_on_HEK3	-	0.0	5.381455504332072e-05	0.0	0.0	1.7938185014440237e-05	0.0	0.0	0.0	0.0	0.0	0.0	0.0	0.0	0.0	0.0	0.0	0.0	0.0	8.969092507220119e-06	0.0
_scratch_st-cdeboer-1_asfar_VLPs_results_crispresso_aggregated_spacer_SPACE-DeltaUGI_rep1_.staging_CRISPRessoPooled_on_SPACE-DeltaUGI_D4_rep1_CRISPResso_on_HEK3	A	0.0	0.000268817204301	0.0	0.0	0.0	0.9594086021505376	0.0	0.9814516129032258	0.0	0.0	0.0	0.999731182795699	0.0	0.0	0.999731182795699	0.0	0.0	0.0	0.0	1.0
_scratch_st-cdeboer-1_asfar_VLPs_results_crispresso_aggregated_spacer_SPACE-DeltaUGI_rep1_.staging_CRISPRessoPooled_on_SPACE-DeltaUGI_D4_rep1_CRISPResso_on_HEK3	T	0.0005376344086021	0.0005376344086021	0.0005376344086021	0.000268817204301	0.0	0.0	0.0	0.000268817204301	0.0	0.999731182795699	0.0	0.0	0.0	0.0	0.0	0.0	0.0	0.999731182795699	0.0	0.0
_scratch_st-cdeboer-1_asfar_VLPs_results_crispresso_aggregated_spacer_SPACE-DeltaUGI_rep1_.staging_CRISPRessoPooled_on_SPACE-DeltaUGI_D4_rep1_CRISPResso_on_HEK3	C	0.0	0.0	0.999462365591398	0.999731182795699	0.999731182795699	0.0	0.0	0.0	1.0	0.000268817204301	0.0	0.0	0.000268817204301	0.999731182795699	0.0	0.999731182795699	0.0	0.0	0.0	0.0
_scratch_st-cdeboer-1_asfar_VLPs_results_crispresso_aggregated_spacer_SPACE-DeltaUGI_rep1_.staging_CRISPRessoPooled_on_SPACE-DeltaUGI_D4_rep1_CRISPResso_on_HEK3	G	0.999462365591398	0.9991935483870968	0.0	0.0	0.0	0.0405913978494623	1.0	0.0182795698924731	0.0	0.0	0.999731182795699	0.0	0.999462365591398	0.0	0.0	0.0	0.999731182795699	0.0	1.0	0.0
_scratch_st-cdeboer-1_asfar_VLPs_results_crispresso_aggregated_spacer_SPACE-DeltaUGI_rep1_.staging_CRISPRessoPooled_on_SPACE-DeltaUGI_D4_rep1_CRISPResso_on_HEK3	N	0.0	0.0	0.0	0.0	0.0	0.0	0.0	0.0	0.0	0.0	0.0	0.0	0.0	0.0	0.0	0.0	0.0	0.0	0.0	0.0
_scratch_st-cdeboer-1_asfar_VLPs_results_crispresso_aggregated_spacer_SPACE-DeltaUGI_rep1_.staging_CRISPRessoPooled_on_SPACE-DeltaUGI_D4_rep1_CRISPResso_on_HEK3	-	0.0	0.0	0.0	0.0	0.000268817204301	0.0	0.0	0.0	0.0	0.0	0.000268817204301	0.000268817204301	0.000268817204301	0.000268817204301	0.000268817204301	0.000268817204301	0.000268817204301	0.000268817204301	0.0	0.0
_scratch_st-cdeboer-1_asfar_VLPs_results_crispresso_aggregated_spacer_SPACE-DeltaUGI_rep1_.staging_CRISPRessoPooled_on_SPACE-DeltaUGI_D5_rep1_CRISPResso_on_HEK3	A	0.0	3.091763541924314e-05	6.183527083848628e-05	9.27529062577294e-05	9.27529062577294e-05	0.9372681177343556	6.183527083848628e-05	0.975327726935444	0.0	0.0	0.0002473410833539	0.999752658916646	0.0	0.0	0.9998144941874846	6.183527083848628e-05	0.0	0.0	0.0	0.9997835765520652
_scratch_st-cdeboer-1_asfar_VLPs_results_crispresso_aggregated_spacer_SPACE-DeltaUGI_rep1_.staging_CRISPRessoPooled_on_SPACE-DeltaUGI_D5_rep1_CRISPResso_on_HEK3	T	0.0001545881770962	0.0	0.0001236705416769	3.091763541924314e-05	6.183527083848628e-05	0.0004328468958694	0.0001545881770962	0.0	0.0	0.9998454118229038	0.0001545881770962	0.0	6.183527083848628e-05	9.27529062577294e-05	0.0	0.0001236705416769	0.0004328468958694	0.9996908236458076	6.183527083848628e-05	6.183527083848628e-05
_scratch_st-cdeboer-1_asfar_VLPs_results_crispresso_aggregated_spacer_SPACE-DeltaUGI_rep1_.staging_CRISPRessoPooled_on_SPACE-DeltaUGI_D5_rep1_CRISPResso_on_HEK3	C	3.091763541924314e-05	0.0001236705416769	0.9997835765520652	0.9998454118229038	0.9998144941874846	0.0001236705416769	0.0	3.091763541924314e-05	0.9994125649270345	9.27529062577294e-05	0.0004637645312886	9.27529062577294e-05	6.183527083848628e-05	0.999876329458323	6.183527083848628e-05	0.9997835765520652	6.183527083848628e-05	0.0002164234479347	3.091763541924314e-05	0.0001236705416769
_scratch_st-cdeboer-1_asfar_VLPs_results_crispresso_aggregated_spacer_SPACE-DeltaUGI_rep1_.staging_CRISPRessoPooled_on_SPACE-DeltaUGI_D5_rep1_CRISPResso_on_HEK3	G	0.9997835765520652	0.999752658916646	0.0	0.0	0.0	0.0621444471926787	0.999752658916646	0.0246104377937175	0.0005565174375463	3.091763541924314e-05	0.999103388572842	0.0001236705416769	0.9998454118229038	3.091763541924314e-05	0.0001236705416769	3.091763541924314e-05	0.999505317833292	6.183527083848628e-05	0.9999072470937422	3.091763541924314e-05
_scratch_st-cdeboer-1_asfar_VLPs_results_crispresso_aggregated_spacer_SPACE-DeltaUGI_rep1_.staging_CRISPRessoPooled_on_SPACE-DeltaUGI_D5_rep1_CRISPResso_on_HEK3	N	0.0	0.0	0.0	0.0	0.0	0.0	0.0	0.0	0.0	0.0	0.0	0.0	0.0	0.0	0.0	0.0	0.0	3.091763541924314e-05	0.0	0.0
_scratch_st-cdeboer-1_asfar_VLPs_results_crispresso_aggregated_spacer_SPACE-DeltaUGI_rep1_.staging_CRISPRessoPooled_on_SPACE-DeltaUGI_D5_rep1_CRISPResso_on_HEK3	-	3.091763541924314e-05	9.27529062577294e-05	3.091763541924314e-05	3.091763541924314e-05	3.091763541924314e-05	3.091763541924314e-05	3.091763541924314e-05	3.091763541924314e-05	3.091763541924314e-05	3.091763541924314e-05	3.091763541924314e-05	3.091763541924314e-05	3.091763541924314e-05	0.0	0.0	0.0	0.0	0.0	0.0	0.0
