Folder	Nucleotide	C	A	C	C	T	A	C	C	T	A	A	G	A	A	C	C	A	T	C	C
_scratch_st-cdeboer-1_asfar_VLPs_results_crispresso_aggregated_spacer_SPACE_rep1_.staging_CRISPRessoPooled_on_SPACE_D0_rep1_CRISPResso_on_PDCD1	A	3.8012696240544345e-05	0.9997434143003764	2.8509522180408252e-05	5.701904436081651e-05	0.0	0.9998764587372182	3.8012696240544345e-05	8.552856654122477e-05	1.9006348120272173e-05	0.9998289428669176	0.9997719238225568	3.8012696240544345e-05	0.9997624206484966	0.9998004333447372	3.8012696240544345e-05	1.9006348120272173e-05	0.9998194396928574	1.9006348120272173e-05	7.602539248108869e-05	7.602539248108869e-05
_scratch_st-cdeboer-1_asfar_VLPs_results_crispresso_aggregated_spacer_SPACE_rep1_.staging_CRISPRessoPooled_on_SPACE_D0_rep1_CRISPResso_on_PDCD1	T	6.65222184209526e-05	9.503174060136086e-06	9.503174060136086e-05	1.9006348120272173e-05	0.9996388793857148	0.0	6.65222184209526e-05	4.751587030068043e-05	0.9997624206484966	9.503174060136086e-06	9.503174060136086e-06	0.0001045349146614	0.0	0.0	0.0001330444368419	5.701904436081651e-05	0.0	0.9996388793857148	6.65222184209526e-05	4.751587030068043e-05
_scratch_st-cdeboer-1_asfar_VLPs_results_crispresso_aggregated_spacer_SPACE_rep1_.staging_CRISPRessoPooled_on_SPACE_D0_rep1_CRISPResso_on_PDCD1	C	0.9998384460409776	4.751587030068043e-05	0.9998764587372182	0.9999049682593988	0.0001900634812027	1.9006348120272173e-05	0.9998764587372182	0.999857452389098	9.503174060136086e-05	1.9006348120272173e-05	4.751587030068043e-05	2.8509522180408252e-05	5.701904436081651e-05	4.751587030068043e-05	0.9998289428669176	0.9999144714334588	7.602539248108869e-05	0.0002660888736838	0.9998479492150378	0.999866955563158
_scratch_st-cdeboer-1_asfar_VLPs_results_crispresso_aggregated_spacer_SPACE_rep1_.staging_CRISPRessoPooled_on_SPACE_D0_rep1_CRISPResso_on_PDCD1	G	9.503174060136086e-06	0.0001995666552628	0.0	9.503174060136086e-06	0.000142547610902	0.0001045349146614	1.9006348120272173e-05	9.503174060136086e-06	0.0001235412627817	0.000142547610902	0.000142547610902	0.9998289428669176	0.0001805603071425	0.0001235412627817	0.0	0.0	0.0001045349146614	7.602539248108869e-05	9.503174060136086e-06	9.503174060136086e-06
_scratch_st-cdeboer-1_asfar_VLPs_results_crispresso_aggregated_spacer_SPACE_rep1_.staging_CRISPRessoPooled_on_SPACE_D0_rep1_CRISPResso_on_PDCD1	N	9.503174060136086e-06	0.0	0.0	0.0	0.0	0.0	0.0	0.0	0.0	0.0	0.0	0.0	0.0	9.503174060136086e-06	0.0	0.0	0.0	0.0	0.0	0.0
_scratch_st-cdeboer-1_asfar_VLPs_results_crispresso_aggregated_spacer_SPACE_rep1_.staging_CRISPRessoPooled_on_SPACE_D0_rep1_CRISPResso_on_PDCD1	-	3.8012696240544345e-05	0.0	0.0	9.503174060136086e-06	2.8509522180408252e-05	0.0	0.0	0.0	0.0	0.0	2.8509522180408252e-05	0.0	0.0	1.9006348120272173e-05	0.0	9.503174060136086e-06	0.0	0.0	0.0	0.0
_scratch_st-cdeboer-1_asfar_VLPs_results_crispresso_aggregated_spacer_SPACE_rep1_.staging_CRISPRessoPooled_on_SPACE_D1_rep1_CRISPResso_on_PDCD1	A	9.304056568663938e-05	0.9997906587272052	4.652028284331969e-05	2.3260141421659845e-05	0.0	0.9998836992928916	0.0001163007071082	0.0001395608485299	2.3260141421659845e-05	0.9999069594343134	0.9997906587272052	4.652028284331969e-05	0.9996510978786752	0.9998371790100484	6.978042426497953e-05	2.3260141421659845e-05	0.9998836992928916	0.0	2.3260141421659845e-05	2.3260141421659845e-05
_scratch_st-cdeboer-1_asfar_VLPs_results_crispresso_aggregated_spacer_SPACE_rep1_.staging_CRISPRessoPooled_on_SPACE_D1_rep1_CRISPResso_on_PDCD1	T	2.3260141421659845e-05	4.652028284331969e-05	0.0003023818384815	0.0001860811313732	0.9998371790100484	0.0	6.978042426497953e-05	2.3260141421659845e-05	0.9998139188686268	0.0	0.0	9.304056568663938e-05	0.0	0.0	4.652028284331969e-05	6.978042426497953e-05	0.0	0.9995347971715668	9.304056568663938e-05	2.3260141421659845e-05
_scratch_st-cdeboer-1_asfar_VLPs_results_crispresso_aggregated_spacer_SPACE_rep1_.staging_CRISPRessoPooled_on_SPACE_D1_rep1_CRISPResso_on_PDCD1	C	0.9998836992928916	6.978042426497953e-05	0.9996278377372534	0.9997441384443616	9.304056568663938e-05	2.3260141421659845e-05	0.9998139188686268	0.9997906587272052	0.0001163007071082	2.3260141421659845e-05	0.0	2.3260141421659845e-05	9.304056568663938e-05	2.3260141421659845e-05	0.99986043915147	0.9999069594343134	2.3260141421659845e-05	0.0001860811313732	0.9998139188686268	0.9999069594343134
_scratch_st-cdeboer-1_asfar_VLPs_results_crispresso_aggregated_spacer_SPACE_rep1_.staging_CRISPRessoPooled_on_SPACE_D1_rep1_CRISPResso_on_PDCD1	G	0.0	9.304056568663938e-05	2.3260141421659845e-05	4.652028284331969e-05	4.652028284331969e-05	9.304056568663938e-05	0.0	4.652028284331969e-05	4.652028284331969e-05	6.978042426497953e-05	0.0001860811313732	0.9998371790100484	0.0002558615556382	0.0001395608485299	2.3260141421659845e-05	0.0	9.304056568663938e-05	0.0002791216970599	4.652028284331969e-05	2.3260141421659845e-05
_scratch_st-cdeboer-1_asfar_VLPs_results_crispresso_aggregated_spacer_SPACE_rep1_.staging_CRISPRessoPooled_on_SPACE_D1_rep1_CRISPResso_on_PDCD1	N	0.0	0.0	0.0	0.0	0.0	0.0	0.0	0.0	0.0	0.0	0.0	0.0	0.0	0.0	0.0	0.0	0.0	0.0	2.3260141421659845e-05	0.0
_scratch_st-cdeboer-1_asfar_VLPs_results_crispresso_aggregated_spacer_SPACE_rep1_.staging_CRISPRessoPooled_on_SPACE_D1_rep1_CRISPResso_on_PDCD1	-	0.0	0.0	0.0	0.0	2.3260141421659845e-05	0.0	0.0	0.0	0.0	0.0	2.3260141421659845e-05	0.0	0.0	0.0	0.0	0.0	0.0	0.0	0.0	2.3260141421659845e-05
_scratch_st-cdeboer-1_asfar_VLPs_results_crispresso_aggregated_spacer_SPACE_rep1_.staging_CRISPRessoPooled_on_SPACE_D2_rep1_CRISPResso_on_PDCD1	A	6.205527056097964e-05	0.999813834188317	5.171272546748304e-05	3.102763528048982e-05	1.0342545093496607e-05	0.9998448618235976	7.239781565447626e-05	0.0001137679960284	2.068509018699321e-05	0.9998034916432236	0.9998448618235976	0.0001241105411219	0.9997414363726626	0.999855204368691	2.068509018699321e-05	3.102763528048982e-05	0.9997621214628496	1.0342545093496607e-05	4.137018037398643e-05	0.0001137679960284
_scratch_st-cdeboer-1_asfar_VLPs_results_crispresso_aggregated_spacer_SPACE_rep1_.staging_CRISPRessoPooled_on_SPACE_D2_rep1_CRISPResso_on_PDCD1	T	0.0001137679960284	1.0342545093496607e-05	9.308290584146948e-05	3.102763528048982e-05	0.9997724640079432	0.0	9.308290584146948e-05	1.0342545093496607e-05	0.9996897236471952	0.0	0.0	0.0001447956313089	1.0342545093496607e-05	0.0	2.068509018699321e-05	5.171272546748304e-05	0.0	0.9996173258315406	2.068509018699321e-05	9.308290584146948e-05
_scratch_st-cdeboer-1_asfar_VLPs_results_crispresso_aggregated_spacer_SPACE_rep1_.staging_CRISPRessoPooled_on_SPACE_D2_rep1_CRISPResso_on_PDCD1	C	0.99979314909813	8.274036074797286e-05	0.9998448618235976	0.999855204368691	0.0001551381764024	1.0342545093496607e-05	0.999813834188317	0.9998448618235976	0.0001034254509349	3.102763528048982e-05	4.137018037398643e-05	1.0342545093496607e-05	7.239781565447626e-05	2.068509018699321e-05	0.999958629819626	0.9999069170941586	0.0001034254509349	0.0002895912626179	0.9999069170941586	0.9997724640079432
_scratch_st-cdeboer-1_asfar_VLPs_results_crispresso_aggregated_spacer_SPACE_rep1_.staging_CRISPRessoPooled_on_SPACE_D2_rep1_CRISPResso_on_PDCD1	G	1.0342545093496607e-05	9.308290584146948e-05	1.0342545093496607e-05	8.274036074797286e-05	6.205527056097964e-05	0.0001447956313089	2.068509018699321e-05	3.102763528048982e-05	0.0001861658116829	0.0001654807214959	6.205527056097964e-05	0.9997207512824756	0.0001758232665894	0.0001137679960284	0.0	1.0342545093496607e-05	0.0001344530862154	8.274036074797286e-05	3.102763528048982e-05	2.068509018699321e-05
_scratch_st-cdeboer-1_asfar_VLPs_results_crispresso_aggregated_spacer_SPACE_rep1_.staging_CRISPRessoPooled_on_SPACE_D2_rep1_CRISPResso_on_PDCD1	N	0.0	0.0	0.0	0.0	0.0	0.0	0.0	0.0	0.0	0.0	0.0	0.0	0.0	1.0342545093496607e-05	0.0	0.0	0.0	0.0	0.0	0.0
_scratch_st-cdeboer-1_asfar_VLPs_results_crispresso_aggregated_spacer_SPACE_rep1_.staging_CRISPRessoPooled_on_SPACE_D2_rep1_CRISPResso_on_PDCD1	-	2.068509018699321e-05	0.0	0.0	0.0	0.0	0.0	0.0	0.0	0.0	0.0	5.171272546748304e-05	0.0	0.0	0.0	0.0	0.0	0.0	0.0	0.0	0.0
_scratch_st-cdeboer-1_asfar_VLPs_results_crispresso_aggregated_spacer_SPACE_rep1_.staging_CRISPRessoPooled_on_SPACE_D3_rep1_CRISPResso_on_PDCD1	A	5.172569862021699e-05	0.9998189600548292	3.879427396516274e-05	7.758854793032548e-05	0.0	0.9995991258356932	6.465712327527123e-05	0.0002069027944808	0.0	0.9997284400822438	0.9996896458082788	6.465712327527123e-05	0.9996767143836236	0.9996896458082788	6.465712327527123e-05	5.172569862021699e-05	0.999754302931554	0.0	6.465712327527123e-05	7.758854793032548e-05
_scratch_st-cdeboer-1_asfar_VLPs_results_crispresso_aggregated_spacer_SPACE_rep1_.staging_CRISPRessoPooled_on_SPACE_D3_rep1_CRISPResso_on_PDCD1	T	6.465712327527123e-05	1.2931424655054248e-05	6.465712327527123e-05	7.758854793032548e-05	0.9997155086575888	1.2931424655054248e-05	2.5862849310108496e-05	2.5862849310108496e-05	0.9997284400822438	0.0	0.0	0.0001810399451707	0.0	0.0	6.465712327527123e-05	6.465712327527123e-05	1.2931424655054248e-05	0.9995732629863832	5.172569862021699e-05	5.172569862021699e-05
_scratch_st-cdeboer-1_asfar_VLPs_results_crispresso_aggregated_spacer_SPACE_rep1_.staging_CRISPRessoPooled_on_SPACE_D3_rep1_CRISPResso_on_PDCD1	C	0.9997413715068988	1.2931424655054248e-05	0.9998060286301742	0.9997672343562092	0.0001681085205157	1.2931424655054248e-05	0.9998448229041392	0.9996896458082788	7.758854793032548e-05	1.2931424655054248e-05	1.2931424655054248e-05	2.5862849310108496e-05	6.465712327527123e-05	1.2931424655054248e-05	0.9998060286301742	0.9998189600548292	5.172569862021699e-05	0.0002715599177561	0.9998318914794844	0.999754302931554
_scratch_st-cdeboer-1_asfar_VLPs_results_crispresso_aggregated_spacer_SPACE_rep1_.staging_CRISPRessoPooled_on_SPACE_D3_rep1_CRISPResso_on_PDCD1	G	3.879427396516274e-05	0.0001034513972404	3.879427396516274e-05	2.5862849310108496e-05	6.465712327527123e-05	0.0003232856163763	1.2931424655054248e-05	1.2931424655054248e-05	0.0001293142465505	0.0001939713698258	0.0001681085205157	0.9996637829589686	0.0001939713698258	0.0002198342191359	0.0	0.0	0.0001163828218954	0.0001034513972404	0.0	5.172569862021699e-05
_scratch_st-cdeboer-1_asfar_VLPs_results_crispresso_aggregated_spacer_SPACE_rep1_.staging_CRISPRessoPooled_on_SPACE_D3_rep1_CRISPResso_on_PDCD1	N	1.2931424655054248e-05	0.0	0.0	0.0	0.0	0.0	0.0	0.0	0.0	0.0	0.0	0.0	0.0	0.0	0.0	0.0	0.0	0.0	0.0	0.0
_scratch_st-cdeboer-1_asfar_VLPs_results_crispresso_aggregated_spacer_SPACE_rep1_.staging_CRISPRessoPooled_on_SPACE_D3_rep1_CRISPResso_on_PDCD1	-	9.051997258537974e-05	5.172569862021699e-05	5.172569862021699e-05	5.172569862021699e-05	5.172569862021699e-05	5.172569862021699e-05	5.172569862021699e-05	6.465712327527123e-05	6.465712327527123e-05	6.465712327527123e-05	0.0001293142465505	6.465712327527123e-05	6.465712327527123e-05	7.758854793032548e-05	6.465712327527123e-05	6.465712327527123e-05	6.465712327527123e-05	5.172569862021699e-05	5.172569862021699e-05	6.465712327527123e-05
_scratch_st-cdeboer-1_asfar_VLPs_results_crispresso_aggregated_spacer_SPACE_rep1_.staging_CRISPRessoPooled_on_SPACE_D4_rep1_CRISPResso_on_PDCD1	A	0.000146427176884	0.9997559547051932	0.0	0.0004880905896134	4.880905896134323e-05	0.999853572823116	0.0	9.761811792268644e-05	0.0	0.999707145646232	0.9997559547051932	4.880905896134323e-05	0.9998047637641546	0.9997559547051932	9.761811792268644e-05	0.0	0.999853572823116	0.0	4.880905896134323e-05	0.0
_scratch_st-cdeboer-1_asfar_VLPs_results_crispresso_aggregated_spacer_SPACE_rep1_.staging_CRISPRessoPooled_on_SPACE_D4_rep1_CRISPResso_on_PDCD1	T	0.0	4.880905896134323e-05	0.0002440452948067	0.0002440452948067	0.9997559547051932	0.0	0.0	0.0	0.9999023818820774	0.0	0.0	0.000146427176884	0.0	0.0	9.761811792268644e-05	0.0	0.0	0.9996095275283092	0.0	4.880905896134323e-05
_scratch_st-cdeboer-1_asfar_VLPs_results_crispresso_aggregated_spacer_SPACE_rep1_.staging_CRISPRessoPooled_on_SPACE_D4_rep1_CRISPResso_on_PDCD1	C	0.999707145646232	4.880905896134323e-05	0.9996095275283092	0.9992190550566185	0.0001952362358453	4.880905896134323e-05	1.0	0.9999023818820774	0.0	0.0	4.880905896134323e-05	0.000146427176884	0.0	4.880905896134323e-05	0.9998047637641546	1.0	4.880905896134323e-05	0.0003416634127294	0.999853572823116	0.9999023818820774
_scratch_st-cdeboer-1_asfar_VLPs_results_crispresso_aggregated_spacer_SPACE_rep1_.staging_CRISPRessoPooled_on_SPACE_D4_rep1_CRISPResso_on_PDCD1	G	4.880905896134323e-05	9.761811792268644e-05	0.000146427176884	4.880905896134323e-05	0.0	9.761811792268644e-05	0.0	0.0	9.761811792268644e-05	0.000292854353768	0.000146427176884	0.9996583365872704	0.000146427176884	0.0001952362358453	0.0	0.0	9.761811792268644e-05	4.880905896134323e-05	4.880905896134323e-05	4.880905896134323e-05
_scratch_st-cdeboer-1_asfar_VLPs_results_crispresso_aggregated_spacer_SPACE_rep1_.staging_CRISPRessoPooled_on_SPACE_D4_rep1_CRISPResso_on_PDCD1	N	4.880905896134323e-05	4.880905896134323e-05	0.0	0.0	0.0	0.0	0.0	0.0	0.0	0.0	0.0	0.0	4.880905896134323e-05	0.0	0.0	0.0	0.0	0.0	4.880905896134323e-05	0.0
_scratch_st-cdeboer-1_asfar_VLPs_results_crispresso_aggregated_spacer_SPACE_rep1_.staging_CRISPRessoPooled_on_SPACE_D4_rep1_CRISPResso_on_PDCD1	-	4.880905896134323e-05	0.0	0.0	0.0	0.0	0.0	0.0	0.0	0.0	0.0	4.880905896134323e-05	0.0	0.0	0.0	0.0	0.0	0.0	0.0	0.0	0.0
_scratch_st-cdeboer-1_asfar_VLPs_results_crispresso_aggregated_spacer_SPACE_rep1_.staging_CRISPRessoPooled_on_SPACE_D5_rep1_CRISPResso_on_PDCD1	A	4.565435738230959e-05	0.9997391179578152	5.86984594915409e-05	7.174256160077221e-05	0.000117396918983	0.999015170290753	3.261025527307828e-05	7.826461265538787e-05	1.304410210923131e-05	0.9997717282130884	0.999810860519416	3.9132306327693935e-05	0.9996738974472692	0.9997717282130884	1.9566153163846967e-05	3.9132306327693935e-05	0.9997847723151976	0.0	3.9132306327693935e-05	6.522051054615656e-05
_scratch_st-cdeboer-1_asfar_VLPs_results_crispresso_aggregated_spacer_SPACE_rep1_.staging_CRISPRessoPooled_on_SPACE_D5_rep1_CRISPResso_on_PDCD1	T	1.9566153163846967e-05	6.522051054615655e-06	0.0002804481953484	0.0002739261442938	0.9995891107835592	0.0	5.86984594915409e-05	0.0001434851232015	0.9996934636004332	0.0	0.0	0.0001108748679284	3.261025527307828e-05	1.304410210923131e-05	5.217640843692524e-05	5.86984594915409e-05	0.0	0.9996999856514877	4.565435738230959e-05	4.565435738230959e-05
_scratch_st-cdeboer-1_asfar_VLPs_results_crispresso_aggregated_spacer_SPACE_rep1_.staging_CRISPRessoPooled_on_SPACE_D5_rep1_CRISPResso_on_PDCD1	C	0.9997847723151976	5.217640843692524e-05	0.9994195374561392	0.99932170669032	0.0001304410210923	3.261025527307828e-05	0.999810860519416	0.9996934636004332	0.000117396918983	1.304410210923131e-05	6.522051054615655e-06	1.9566153163846967e-05	9.130871476461918e-05	6.522051054615656e-05	0.9998891251320716	0.9998434707746892	3.9132306327693935e-05	0.0002282717869115	0.999863036927853	0.9998565148767984
_scratch_st-cdeboer-1_asfar_VLPs_results_crispresso_aggregated_spacer_SPACE_rep1_.staging_CRISPRessoPooled_on_SPACE_D5_rep1_CRISPResso_on_PDCD1	G	3.261025527307828e-05	0.0001434851232015	0.0001760953784746	0.0002478379400753	8.478666371000353e-05	0.0008739548413184	1.9566153163846967e-05	6.522051054615655e-06	0.0001500071742561	0.0001891394805838	9.783076581923484e-05	0.9998043384683616	0.0001760953784746	0.0001239189700376	1.304410210923131e-05	1.304410210923131e-05	0.0001500071742561	4.565435738230959e-05	2.608820421846262e-05	6.522051054615655e-06
_scratch_st-cdeboer-1_asfar_VLPs_results_crispresso_aggregated_spacer_SPACE_rep1_.staging_CRISPRessoPooled_on_SPACE_D5_rep1_CRISPResso_on_PDCD1	N	0.0	0.0	6.522051054615655e-06	0.0	0.0	0.0	0.0	0.0	0.0	0.0	0.0	0.0	0.0	0.0	0.0	0.0	0.0	0.0	0.0	0.0
_scratch_st-cdeboer-1_asfar_VLPs_results_crispresso_aggregated_spacer_SPACE_rep1_.staging_CRISPRessoPooled_on_SPACE_D5_rep1_CRISPResso_on_PDCD1	-	0.000117396918983	5.86984594915409e-05	5.86984594915409e-05	8.478666371000353e-05	7.826461265538787e-05	7.826461265538787e-05	7.826461265538787e-05	7.826461265538787e-05	2.608820421846262e-05	2.608820421846262e-05	8.478666371000353e-05	2.608820421846262e-05	2.608820421846262e-05	2.608820421846262e-05	2.608820421846262e-05	4.565435738230959e-05	2.608820421846262e-05	2.608820421846262e-05	2.608820421846262e-05	2.608820421846262e-05
