Folder	Nucleotide	G	G	C	C	C	A	G	A	C	T	G	A	G	C	A	C	G	T	G	A
_scratch_st-cdeboer-1_asfar_VLPs_results_crispresso_aggregated_spacer_SPACE-DeltaUGI_rep3_.staging_CRISPRessoPooled_on_SPACE-DeltaUGI_D1_rep3_CRISPResso_on_HEK3	A	1.932516523016272e-05	7.730066092065087e-05	1.932516523016272e-05	1.932516523016272e-05	5.797549569048816e-05	0.9906659451938314	0.0	0.9946855795617052	5.797549569048816e-05	0.0	3.865033046032544e-05	0.999768098017238	3.865033046032544e-05	0.0	0.9998647238433888	1.932516523016272e-05	3.865033046032544e-05	1.932516523016272e-05	3.865033046032544e-05	0.9997101225215476
_scratch_st-cdeboer-1_asfar_VLPs_results_crispresso_aggregated_spacer_SPACE-DeltaUGI_rep3_.staging_CRISPRessoPooled_on_SPACE-DeltaUGI_D1_rep3_CRISPResso_on_HEK3	T	5.797549569048816e-05	0.0002125768175317	7.730066092065087e-05	5.797549569048816e-05	7.730066092065087e-05	1.932516523016272e-05	3.865033046032544e-05	0.0	1.932516523016272e-05	0.9999226993390794	5.797549569048816e-05	0.0	9.66258261508136e-05	1.932516523016272e-05	0.0	3.865033046032544e-05	9.66258261508136e-05	0.999768098017238	3.865033046032544e-05	3.865033046032544e-05
_scratch_st-cdeboer-1_asfar_VLPs_results_crispresso_aggregated_spacer_SPACE-DeltaUGI_rep3_.staging_CRISPRessoPooled_on_SPACE-DeltaUGI_D1_rep3_CRISPResso_on_HEK3	C	1.932516523016272e-05	5.797549569048816e-05	0.9998647238433888	0.9998647238433888	0.9998067483476984	7.730066092065087e-05	5.797549569048816e-05	1.932516523016272e-05	0.999884049008619	1.932516523016272e-05	0.0	9.66258261508136e-05	3.865033046032544e-05	0.9999420245043096	3.865033046032544e-05	0.9999033741738492	0.0001159509913809	0.0001159509913809	1.932516523016272e-05	0.0001352761566111
_scratch_st-cdeboer-1_asfar_VLPs_results_crispresso_aggregated_spacer_SPACE-DeltaUGI_rep3_.staging_CRISPRessoPooled_on_SPACE-DeltaUGI_D1_rep3_CRISPResso_on_HEK3	G	0.999884049008619	0.9995941715301666	1.932516523016272e-05	0.0	0.0	0.0091987786495574	0.9998647238433888	0.0052564449426042	0.0	1.932516523016272e-05	0.9998647238433888	9.66258261508136e-05	0.9997874231824682	0.0	5.797549569048816e-05	0.0	0.9997101225215476	5.797549569048816e-05	0.9998453986781588	7.730066092065087e-05
_scratch_st-cdeboer-1_asfar_VLPs_results_crispresso_aggregated_spacer_SPACE-DeltaUGI_rep3_.staging_CRISPRessoPooled_on_SPACE-DeltaUGI_D1_rep3_CRISPResso_on_HEK3	N	0.0	0.0	0.0	0.0	0.0	0.0	0.0	0.0	0.0	0.0	0.0	0.0	0.0	0.0	0.0	0.0	0.0	0.0	0.0	0.0
_scratch_st-cdeboer-1_asfar_VLPs_results_crispresso_aggregated_spacer_SPACE-DeltaUGI_rep3_.staging_CRISPRessoPooled_on_SPACE-DeltaUGI_D1_rep3_CRISPResso_on_HEK3	-	1.932516523016272e-05	5.797549569048816e-05	1.932516523016272e-05	5.797549569048816e-05	5.797549569048816e-05	3.865033046032544e-05	3.865033046032544e-05	3.865033046032544e-05	3.865033046032544e-05	3.865033046032544e-05	3.865033046032544e-05	3.865033046032544e-05	3.865033046032544e-05	3.865033046032544e-05	3.865033046032544e-05	3.865033046032544e-05	3.865033046032544e-05	3.865033046032544e-05	5.797549569048816e-05	3.865033046032544e-05
_scratch_st-cdeboer-1_asfar_VLPs_results_crispresso_aggregated_spacer_SPACE-DeltaUGI_rep3_.staging_CRISPRessoPooled_on_SPACE-DeltaUGI_D2_rep3_CRISPResso_on_HEK3	A	2.5509770242002685e-05	0.00012754885121	2.5509770242002685e-05	3.4013026989336914e-05	8.503256747334229e-05	0.9807316202105406	8.503256747334228e-06	0.9930953555211646	3.4013026989336914e-05	0.0	3.4013026989336914e-05	0.999795921838064	3.4013026989336914e-05	3.4013026989336914e-05	0.9998639478920428	4.2516283736671146e-05	6.802605397867383e-05	0.0	8.503256747334228e-06	0.9996853795003486
_scratch_st-cdeboer-1_asfar_VLPs_results_crispresso_aggregated_spacer_SPACE-DeltaUGI_rep3_.staging_CRISPRessoPooled_on_SPACE-DeltaUGI_D2_rep3_CRISPResso_on_HEK3	T	9.353582422067652e-05	2.5509770242002685e-05	5.95227972313396e-05	5.101954048400537e-05	0.0001190455944626	8.503256747334228e-06	0.0001360521079573	0.0	5.95227972313396e-05	0.9998809544055374	5.95227972313396e-05	0.0	2.5509770242002685e-05	0.000102039080968	0.0	7.652931072600806e-05	0.0001445553647046	0.999770412067822	2.5509770242002685e-05	3.4013026989336914e-05
_scratch_st-cdeboer-1_asfar_VLPs_results_crispresso_aggregated_spacer_SPACE-DeltaUGI_rep3_.staging_CRISPRessoPooled_on_SPACE-DeltaUGI_D2_rep3_CRISPResso_on_HEK3	C	3.4013026989336914e-05	0.00012754885121	0.9999064641757792	0.9999064641757792	0.99974490229758	8.503256747334229e-05	3.4013026989336914e-05	8.503256747334228e-06	0.9998299348650532	0.0001190455944626	2.5509770242002685e-05	9.353582422067652e-05	4.2516283736671146e-05	0.999846941378548	2.5509770242002685e-05	0.9998384381218006	0.0001190455944626	0.0001105423377153	9.353582422067652e-05	6.802605397867383e-05
_scratch_st-cdeboer-1_asfar_VLPs_results_crispresso_aggregated_spacer_SPACE-DeltaUGI_rep3_.staging_CRISPRessoPooled_on_SPACE-DeltaUGI_D2_rep3_CRISPResso_on_HEK3	G	0.9998384381218006	0.9996598697301068	8.503256747334228e-06	8.503256747334228e-06	8.503256747334228e-06	0.019157837451744	0.999821431608306	0.006896141222088	7.652931072600806e-05	0.0	0.9998809544055374	0.0001105423377153	0.999897960919032	1.7006513494668457e-05	0.0001105423377153	2.5509770242002685e-05	0.999642863216612	8.503256747334229e-05	0.999846941378548	0.0001870716484413
_scratch_st-cdeboer-1_asfar_VLPs_results_crispresso_aggregated_spacer_SPACE-DeltaUGI_rep3_.staging_CRISPRessoPooled_on_SPACE-DeltaUGI_D2_rep3_CRISPResso_on_HEK3	N	0.0	0.0	0.0	0.0	0.0	0.0	0.0	0.0	0.0	0.0	0.0	0.0	0.0	0.0	0.0	0.0	0.0	8.503256747334228e-06	0.0	0.0
_scratch_st-cdeboer-1_asfar_VLPs_results_crispresso_aggregated_spacer_SPACE-DeltaUGI_rep3_.staging_CRISPRessoPooled_on_SPACE-DeltaUGI_D2_rep3_CRISPResso_on_HEK3	-	8.503256747334228e-06	5.95227972313396e-05	0.0	0.0	4.2516283736671146e-05	1.7006513494668457e-05	0.0	0.0	0.0	0.0	0.0	0.0	0.0	0.0	0.0	1.7006513494668457e-05	2.5509770242002685e-05	2.5509770242002685e-05	2.5509770242002685e-05	2.5509770242002685e-05
_scratch_st-cdeboer-1_asfar_VLPs_results_crispresso_aggregated_spacer_SPACE-DeltaUGI_rep3_.staging_CRISPRessoPooled_on_SPACE-DeltaUGI_D3_rep3_CRISPResso_on_HEK3	A	0.0	0.0	0.0	5.504486156217317e-05	0.0	0.9766059338360764	5.504486156217317e-05	0.9890460725491276	0.0	0.0	5.504486156217317e-05	0.9997247756921892	5.504486156217317e-05	0.0	0.9998899102768756	0.0	0.0	0.0	0.0001100897231243	1.0
_scratch_st-cdeboer-1_asfar_VLPs_results_crispresso_aggregated_spacer_SPACE-DeltaUGI_rep3_.staging_CRISPRessoPooled_on_SPACE-DeltaUGI_D3_rep3_CRISPResso_on_HEK3	T	5.504486156217317e-05	5.504486156217317e-05	0.0001100897231243	5.504486156217317e-05	0.0001100897231243	0.0	0.0001100897231243	0.0	5.504486156217317e-05	0.9998899102768756	0.0001100897231243	0.0	5.504486156217317e-05	0.0003853140309352	0.0	0.0001100897231243	0.0	0.9998899102768756	0.0001100897231243	0.0
_scratch_st-cdeboer-1_asfar_VLPs_results_crispresso_aggregated_spacer_SPACE-DeltaUGI_rep3_.staging_CRISPRessoPooled_on_SPACE-DeltaUGI_D3_rep3_CRISPResso_on_HEK3	C	5.504486156217317e-05	0.0001651345846865	0.9998899102768756	0.9998899102768756	0.9996697308306268	5.504486156217317e-05	0.0	5.504486156217317e-05	0.9999449551384378	5.504486156217317e-05	5.504486156217317e-05	0.0001651345846865	0.0	0.9995596411075026	0.0	0.9998899102768756	0.0002201794462486	0.0001100897231243	5.504486156217317e-05	0.0
_scratch_st-cdeboer-1_asfar_VLPs_results_crispresso_aggregated_spacer_SPACE-DeltaUGI_rep3_.staging_CRISPRessoPooled_on_SPACE-DeltaUGI_D3_rep3_CRISPResso_on_HEK3	G	0.9998899102768756	0.9996146859690648	0.0	0.0	0.0	0.0233390213023614	0.9998348654153136	0.0108988825893102	0.0	5.504486156217317e-05	0.9997247756921892	0.0001100897231243	0.9997798205537513	5.504486156217317e-05	0.0001100897231243	0.0	0.9997798205537513	0.0	0.9996697308306268	0.0
_scratch_st-cdeboer-1_asfar_VLPs_results_crispresso_aggregated_spacer_SPACE-DeltaUGI_rep3_.staging_CRISPRessoPooled_on_SPACE-DeltaUGI_D3_rep3_CRISPResso_on_HEK3	N	0.0	0.0	0.0	0.0	0.0	0.0	0.0	0.0	0.0	0.0	0.0	0.0	0.0	0.0	0.0	0.0	0.0	0.0	0.0	0.0
_scratch_st-cdeboer-1_asfar_VLPs_results_crispresso_aggregated_spacer_SPACE-DeltaUGI_rep3_.staging_CRISPRessoPooled_on_SPACE-DeltaUGI_D3_rep3_CRISPResso_on_HEK3	-	0.0	0.0001651345846865	0.0	0.0	0.0002201794462486	0.0	0.0	0.0	0.0	0.0	5.504486156217317e-05	0.0	0.0001100897231243	0.0	0.0	0.0	0.0	0.0	5.504486156217317e-05	0.0
_scratch_st-cdeboer-1_asfar_VLPs_results_crispresso_aggregated_spacer_SPACE-DeltaUGI_rep3_.staging_CRISPRessoPooled_on_SPACE-DeltaUGI_D4_rep3_CRISPResso_on_HEK3	A	0.0	3.613630614678568e-05	1.4454522458714273e-05	4.336356737614281e-05	7.949987352292849e-05	0.9536443464749034	2.8909044917428545e-05	0.9791999421819102	1.4454522458714273e-05	1.4454522458714273e-05	2.168178368807141e-05	0.9994651826690276	5.059082860549994e-05	2.168178368807141e-05	0.9996603187222202	2.168178368807141e-05	3.613630614678568e-05	7.227261229357135e-06	2.8909044917428545e-05	0.9996820005059084
_scratch_st-cdeboer-1_asfar_VLPs_results_crispresso_aggregated_spacer_SPACE-DeltaUGI_rep3_.staging_CRISPRessoPooled_on_SPACE-DeltaUGI_D4_rep3_CRISPResso_on_HEK3	T	0.000122863440899	3.613630614678568e-05	6.504535106421421e-05	3.613630614678568e-05	9.395439598164275e-05	2.8909044917428545e-05	0.0001589997470458	4.336356737614281e-05	2.8909044917428545e-05	0.999573591587468	6.504535106421421e-05	0.0	3.613630614678568e-05	2.8909044917428545e-05	0.0	7.227261229357136e-05	0.0001011816572109	0.9997036822895964	7.949987352292849e-05	7.227261229357135e-06
_scratch_st-cdeboer-1_asfar_VLPs_results_crispresso_aggregated_spacer_SPACE-DeltaUGI_rep3_.staging_CRISPRessoPooled_on_SPACE-DeltaUGI_D4_rep3_CRISPResso_on_HEK3	C	4.336356737614281e-05	0.0001011816572109	0.9997470458569724	0.9997181368120552	0.9995663643262386	4.336356737614281e-05	6.504535106421421e-05	5.059082860549994e-05	0.9996530914609908	0.0001011816572109	3.613630614678568e-05	0.0001084089184403	6.504535106421421e-05	0.9996892277671376	1.4454522458714273e-05	0.999696455028367	0.0001373179633577	3.613630614678568e-05	5.781808983485709e-05	8.672713475228562e-05
_scratch_st-cdeboer-1_asfar_VLPs_results_crispresso_aggregated_spacer_SPACE-DeltaUGI_rep3_.staging_CRISPRessoPooled_on_SPACE-DeltaUGI_D4_rep3_CRISPResso_on_HEK3	G	0.999696455028367	0.9996097278936148	1.4454522458714273e-05	3.613630614678568e-05	3.613630614678568e-05	0.0461026993820691	0.9995663643262386	0.0205037401076861	3.613630614678568e-05	4.336356737614281e-05	0.999595273371156	0.0001445452245871	0.9995663643262386	2.168178368807141e-05	0.0001084089184403	7.227261229357135e-06	0.9995374552813212	6.504535106421421e-05	0.9996603187222202	0.0001373179633577
_scratch_st-cdeboer-1_asfar_VLPs_results_crispresso_aggregated_spacer_SPACE-DeltaUGI_rep3_.staging_CRISPRessoPooled_on_SPACE-DeltaUGI_D4_rep3_CRISPResso_on_HEK3	N	0.0	0.0	0.0	0.0	0.0	0.0	0.0	0.0	0.0	0.0	0.0	0.0	0.0	0.0	0.0	0.0	0.0	0.0	0.0	0.0
_scratch_st-cdeboer-1_asfar_VLPs_results_crispresso_aggregated_spacer_SPACE-DeltaUGI_rep3_.staging_CRISPRessoPooled_on_SPACE-DeltaUGI_D4_rep3_CRISPResso_on_HEK3	-	0.0001373179633577	0.0002168178368807	0.0001589997470458	0.0001662270082752	0.00022404509811	0.0001806815307339	0.0001806815307339	0.0002023633144219	0.0002674086654862	0.0002674086654862	0.0002818631879449	0.0002818631879449	0.0002818631879449	0.0002384996205687	0.0002168178368807	0.0002023633144219	0.0001879087919632	0.0001879087919632	0.0001734542695045	8.672713475228562e-05
_scratch_st-cdeboer-1_asfar_VLPs_results_crispresso_aggregated_spacer_SPACE-DeltaUGI_rep3_.staging_CRISPRessoPooled_on_SPACE-DeltaUGI_D5_rep3_CRISPResso_on_HEK3	A	5.5921218187817e-06	6.15133400065987e-05	0.0001342109236507	3.9144852731471904e-05	5.5921218187817005e-05	0.9480324119380616	2.7960609093908502e-05	0.9754002561191794	5.5921218187817e-06	1.11842436375634e-05	6.15133400065987e-05	0.9992450635544644	2.7960609093908502e-05	4.47369745502536e-05	0.9996029593508664	2.7960609093908502e-05	1.11842436375634e-05	1.67763654563451e-05	5.03290963690353e-05	0.9994240114526656
_scratch_st-cdeboer-1_asfar_VLPs_results_crispresso_aggregated_spacer_SPACE-DeltaUGI_rep3_.staging_CRISPRessoPooled_on_SPACE-DeltaUGI_D5_rep3_CRISPResso_on_HEK3	T	0.0001453951672883	2.7960609093908502e-05	7.828970546294381e-05	0.0001118424363756	3.9144852731471904e-05	8.388182728172551e-05	5.5921218187817005e-05	0.0	7.26975836441621e-05	0.9994967090363096	0.0001118424363756	5.5921218187817e-06	8.94739491005072e-05	0.0001957242636573	5.5921218187817e-06	8.388182728172551e-05	0.0001286188018319	0.9995190775235848	3.35527309126902e-05	1.67763654563451e-05
_scratch_st-cdeboer-1_asfar_VLPs_results_crispresso_aggregated_spacer_SPACE-DeltaUGI_rep3_.staging_CRISPRessoPooled_on_SPACE-DeltaUGI_D5_rep3_CRISPResso_on_HEK3	C	0.0001118424363756	0.0001733557763822	0.9994911169144908	0.999563814498135	0.9995246696454037	5.03290963690353e-05	4.47369745502536e-05	5.5921218187817e-06	0.999563814498135	9.50660709192889e-05	8.94739491005072e-05	0.0001118424363756	5.03290963690353e-05	0.9994016429653904	4.47369745502536e-05	0.9995526302544976	8.388182728172551e-05	0.0001398030454695	8.388182728172551e-05	5.5921218187817005e-05
_scratch_st-cdeboer-1_asfar_VLPs_results_crispresso_aggregated_spacer_SPACE-DeltaUGI_rep3_.staging_CRISPRessoPooled_on_SPACE-DeltaUGI_D5_rep3_CRISPResso_on_HEK3	G	0.999463156305397	0.9993904587217528	2.7960609093908502e-05	1.67763654563451e-05	0.000100658192738	0.0515593631691672	0.9996029593508664	0.0242474402062374	1.11842436375634e-05	5.03290963690353e-05	0.9993177611381088	0.0002572376036639	0.9994519720617594	1.11842436375634e-05	7.26975836441621e-05	5.5921218187817e-06	0.9994463799399406	5.5921218187817005e-05	0.9995805908635914	0.0002460533600263
_scratch_st-cdeboer-1_asfar_VLPs_results_crispresso_aggregated_spacer_SPACE-DeltaUGI_rep3_.staging_CRISPRessoPooled_on_SPACE-DeltaUGI_D5_rep3_CRISPResso_on_HEK3	N	0.0	0.0	0.0	0.0	0.0	0.0	0.0	0.0	0.0	0.0	0.0	0.0	0.0	0.0	0.0	0.0	0.0	1.67763654563451e-05	0.0	5.5921218187817e-06
_scratch_st-cdeboer-1_asfar_VLPs_results_crispresso_aggregated_spacer_SPACE-DeltaUGI_rep3_.staging_CRISPRessoPooled_on_SPACE-DeltaUGI_D5_rep3_CRISPResso_on_HEK3	-	0.0002740139691203	0.0003467115527644	0.0002684218473015	0.0002684218473015	0.000279606090939	0.0002740139691203	0.0002684218473015	0.0003467115527644	0.0003467115527644	0.0003467115527644	0.0004194091364086	0.0003802642836771	0.0003802642836771	0.0003467115527644	0.0002740139691203	0.0003299351873081	0.0003299351873081	0.0002516454818451	0.0002516454818451	0.0002516454818451
