Folder	Nucleotide	C	A	C	C	T	A	C	C	T	A	A	G	A	A	C	C	A	T	C	C
_scratch_st-cdeboer-1_asfar_VLPs_results_crispresso_aggregated_spacer_SPACE_rep3_.staging_CRISPRessoPooled_on_SPACE_D0_rep3_CRISPResso_on_PDCD1	A	6.174236967214802e-05	0.9998353536808744	4.116157978143201e-05	6.174236967214802e-05	0.0	0.9997941921010928	4.116157978143201e-05	2.058078989071601e-05	2.058078989071601e-05	0.999855934470765	0.9998147728909836	0.0001234847393442	0.9997530305213114	0.9997324497314208	2.058078989071601e-05	2.058078989071601e-05	0.999855934470765	0.0	4.116157978143201e-05	6.174236967214802e-05
_scratch_st-cdeboer-1_asfar_VLPs_results_crispresso_aggregated_spacer_SPACE_rep3_.staging_CRISPRessoPooled_on_SPACE_D0_rep3_CRISPResso_on_PDCD1	T	6.174236967214802e-05	2.058078989071601e-05	0.0001029039494535	6.174236967214802e-05	0.9997941921010928	0.0	6.174236967214802e-05	2.058078989071601e-05	0.9997530305213114	2.058078989071601e-05	0.0	0.000144065529235	0.0	0.0	2.058078989071601e-05	8.232315956286402e-05	0.0	0.9996707073617486	0.0001029039494535	8.232315956286402e-05
_scratch_st-cdeboer-1_asfar_VLPs_results_crispresso_aggregated_spacer_SPACE_rep3_.staging_CRISPRessoPooled_on_SPACE_D0_rep3_CRISPResso_on_PDCD1	C	0.999855934470765	0.0	0.999773611311202	0.9998353536808744	0.000144065529235	2.058078989071601e-05	0.9998765152606556	0.999855934470765	6.174236967214802e-05	0.0	0.0	0.0	0.0001029039494535	2.058078989071601e-05	0.9998970960505464	0.9998765152606556	8.232315956286402e-05	0.0002469694786885	0.9998147728909836	0.9997941921010928
_scratch_st-cdeboer-1_asfar_VLPs_results_crispresso_aggregated_spacer_SPACE_rep3_.staging_CRISPRessoPooled_on_SPACE_D0_rep3_CRISPResso_on_PDCD1	G	0.0	0.0001234847393442	6.174236967214802e-05	2.058078989071601e-05	4.116157978143201e-05	0.0001646463191257	0.0	6.174236967214802e-05	0.000144065529235	0.0001029039494535	0.0001234847393442	0.99971186894153	0.0001234847393442	0.0002263886887978	4.116157978143201e-05	0.0	4.116157978143201e-05	6.174236967214802e-05	2.058078989071601e-05	4.116157978143201e-05
_scratch_st-cdeboer-1_asfar_VLPs_results_crispresso_aggregated_spacer_SPACE_rep3_.staging_CRISPRessoPooled_on_SPACE_D0_rep3_CRISPResso_on_PDCD1	N	0.0	0.0	0.0	0.0	0.0	0.0	0.0	0.0	0.0	0.0	0.0	0.0	0.0	0.0	0.0	0.0	0.0	0.0	0.0	0.0
_scratch_st-cdeboer-1_asfar_VLPs_results_crispresso_aggregated_spacer_SPACE_rep3_.staging_CRISPRessoPooled_on_SPACE_D0_rep3_CRISPResso_on_PDCD1	-	2.058078989071601e-05	2.058078989071601e-05	2.058078989071601e-05	2.058078989071601e-05	2.058078989071601e-05	2.058078989071601e-05	2.058078989071601e-05	4.116157978143201e-05	2.058078989071601e-05	2.058078989071601e-05	6.174236967214802e-05	2.058078989071601e-05	2.058078989071601e-05	2.058078989071601e-05	2.058078989071601e-05	2.058078989071601e-05	2.058078989071601e-05	2.058078989071601e-05	2.058078989071601e-05	2.058078989071601e-05
_scratch_st-cdeboer-1_asfar_VLPs_results_crispresso_aggregated_spacer_SPACE_rep3_.staging_CRISPRessoPooled_on_SPACE_D1_rep3_CRISPResso_on_PDCD1	A	2.714440825190011e-05	0.9997828447339848	8.143322475570033e-05	2.714440825190011e-05	0.0	0.9998099891422368	2.714440825190011e-05	2.714440825190011e-05	0.0	0.9998371335504886	0.9998914223669924	0.0001085776330076	0.9997557003257328	0.9997828447339848	2.714440825190011e-05	0.0	0.9997014115092292	0.0	2.714440825190011e-05	0.0001357220412595
_scratch_st-cdeboer-1_asfar_VLPs_results_crispresso_aggregated_spacer_SPACE_rep3_.staging_CRISPRessoPooled_on_SPACE_D1_rep3_CRISPResso_on_PDCD1	T	5.428881650380022e-05	2.714440825190011e-05	0.0	0.0	0.9998371335504886	5.428881650380022e-05	5.428881650380022e-05	5.428881650380022e-05	0.9997014115092292	0.0	0.0	2.714440825190011e-05	0.0	0.0	0.0001085776330076	8.143322475570033e-05	0.0	0.9995385450597176	2.714440825190011e-05	2.714440825190011e-05
_scratch_st-cdeboer-1_asfar_VLPs_results_crispresso_aggregated_spacer_SPACE_rep3_.staging_CRISPRessoPooled_on_SPACE_D1_rep3_CRISPResso_on_PDCD1	C	0.9998371335504886	5.428881650380022e-05	0.9998642779587406	0.9998914223669924	5.428881650380022e-05	0.0	0.9998642779587406	0.9998642779587406	0.0001628664495114	2.714440825190011e-05	2.714440825190011e-05	2.714440825190011e-05	0.0001085776330076	8.143322475570033e-05	0.9998099891422368	0.9998371335504886	8.143322475570033e-05	0.0003257328990228	0.9999185667752444	0.9997557003257328
_scratch_st-cdeboer-1_asfar_VLPs_results_crispresso_aggregated_spacer_SPACE_rep3_.staging_CRISPRessoPooled_on_SPACE_D1_rep3_CRISPResso_on_PDCD1	G	2.714440825190011e-05	0.0001085776330076	2.714440825190011e-05	5.428881650380022e-05	8.143322475570033e-05	0.0001085776330076	2.714440825190011e-05	2.714440825190011e-05	0.0001085776330076	0.0001085776330076	5.428881650380022e-05	0.9998099891422368	0.0001085776330076	0.0001085776330076	2.714440825190011e-05	5.428881650380022e-05	0.0001900108577633	0.0001085776330076	0.0	5.428881650380022e-05
_scratch_st-cdeboer-1_asfar_VLPs_results_crispresso_aggregated_spacer_SPACE_rep3_.staging_CRISPRessoPooled_on_SPACE_D1_rep3_CRISPResso_on_PDCD1	N	0.0	0.0	0.0	0.0	0.0	0.0	0.0	0.0	0.0	0.0	0.0	0.0	0.0	0.0	0.0	0.0	0.0	0.0	0.0	0.0
_scratch_st-cdeboer-1_asfar_VLPs_results_crispresso_aggregated_spacer_SPACE_rep3_.staging_CRISPRessoPooled_on_SPACE_D1_rep3_CRISPResso_on_PDCD1	-	5.428881650380022e-05	2.714440825190011e-05	2.714440825190011e-05	2.714440825190011e-05	2.714440825190011e-05	2.714440825190011e-05	2.714440825190011e-05	2.714440825190011e-05	2.714440825190011e-05	2.714440825190011e-05	2.714440825190011e-05	2.714440825190011e-05	2.714440825190011e-05	2.714440825190011e-05	2.714440825190011e-05	2.714440825190011e-05	2.714440825190011e-05	2.714440825190011e-05	2.714440825190011e-05	2.714440825190011e-05
_scratch_st-cdeboer-1_asfar_VLPs_results_crispresso_aggregated_spacer_SPACE_rep3_.staging_CRISPRessoPooled_on_SPACE_D2_rep3_CRISPResso_on_PDCD1	A	7.66921576790762e-05	0.9998027915945396	0.0001424282928325	4.382409010232925e-05	1.0956022525582312e-05	0.999737055459386	7.66921576790762e-05	7.66921576790762e-05	2.1912045051164625e-05	0.9998794837522186	0.9998247036395906	7.66921576790762e-05	0.9997260994368604	0.9998466156846418	1.0956022525582312e-05	3.286806757674694e-05	0.9998137476170652	0.0	3.286806757674694e-05	8.76481802046585e-05
_scratch_st-cdeboer-1_asfar_VLPs_results_crispresso_aggregated_spacer_SPACE_rep3_.staging_CRISPRessoPooled_on_SPACE_D2_rep3_CRISPResso_on_PDCD1	T	1.0956022525582312e-05	3.286806757674694e-05	7.66921576790762e-05	6.573613515349387e-05	0.999791835572014	0.0	4.382409010232925e-05	4.382409010232925e-05	0.9997260994368604	2.1912045051164625e-05	0.0	9.860420273024082e-05	1.0956022525582312e-05	0.0	4.382409010232925e-05	7.66921576790762e-05	0.0	0.9997151434143348	4.382409010232925e-05	4.382409010232925e-05
_scratch_st-cdeboer-1_asfar_VLPs_results_crispresso_aggregated_spacer_SPACE_rep3_.staging_CRISPRessoPooled_on_SPACE_D2_rep3_CRISPResso_on_PDCD1	C	0.999868527729693	1.0956022525582312e-05	0.9997699235269628	0.9998247036395906	0.0001095602252558	1.0956022525582312e-05	0.9998575717071674	0.9998575717071674	0.0001533843153581	0.0	0.0	1.0956022525582312e-05	9.860420273024082e-05	7.66921576790762e-05	0.999923307842321	0.999868527729693	7.66921576790762e-05	0.0002519885180883	0.9998794837522186	0.9998466156846418
_scratch_st-cdeboer-1_asfar_VLPs_results_crispresso_aggregated_spacer_SPACE_rep3_.staging_CRISPRessoPooled_on_SPACE_D2_rep3_CRISPResso_on_PDCD1	G	0.0	0.0001424282928325	0.0	2.1912045051164625e-05	6.573613515349387e-05	0.0002410324955628	1.0956022525582312e-05	1.0956022525582312e-05	8.76481802046585e-05	8.76481802046585e-05	0.0001424282928325	0.9998027915945396	0.0001533843153581	6.573613515349387e-05	1.0956022525582312e-05	1.0956022525582312e-05	9.860420273024082e-05	2.1912045051164625e-05	3.286806757674694e-05	1.0956022525582312e-05
_scratch_st-cdeboer-1_asfar_VLPs_results_crispresso_aggregated_spacer_SPACE_rep3_.staging_CRISPRessoPooled_on_SPACE_D2_rep3_CRISPResso_on_PDCD1	N	0.0	0.0	0.0	0.0	0.0	0.0	0.0	0.0	0.0	0.0	0.0	0.0	0.0	0.0	0.0	0.0	0.0	0.0	0.0	0.0
_scratch_st-cdeboer-1_asfar_VLPs_results_crispresso_aggregated_spacer_SPACE_rep3_.staging_CRISPRessoPooled_on_SPACE_D2_rep3_CRISPResso_on_PDCD1	-	4.382409010232925e-05	1.0956022525582312e-05	1.0956022525582312e-05	4.382409010232925e-05	2.1912045051164625e-05	1.0956022525582312e-05	1.0956022525582312e-05	1.0956022525582312e-05	1.0956022525582312e-05	1.0956022525582312e-05	3.286806757674694e-05	1.0956022525582312e-05	1.0956022525582312e-05	1.0956022525582312e-05	1.0956022525582312e-05	1.0956022525582312e-05	1.0956022525582312e-05	1.0956022525582312e-05	1.0956022525582312e-05	1.0956022525582312e-05
_scratch_st-cdeboer-1_asfar_VLPs_results_crispresso_aggregated_spacer_SPACE_rep3_.staging_CRISPRessoPooled_on_SPACE_D3_rep3_CRISPResso_on_PDCD1	A	7.104101730736785e-05	0.999831277583895	8.88012716342098e-06	4.44006358171049e-05	8.88012716342098e-06	0.9997069558036072	2.6640381490262946e-05	4.44006358171049e-05	8.88012716342098e-06	0.9998401577110584	0.9997158359307704	7.104101730736785e-05	0.9997779968209144	0.9996980756764436	1.776025432684196e-05	5.328076298052589e-05	0.999813517329568	0.0	3.552050865368392e-05	5.328076298052589e-05
_scratch_st-cdeboer-1_asfar_VLPs_results_crispresso_aggregated_spacer_SPACE_rep3_.staging_CRISPRessoPooled_on_SPACE_D3_rep3_CRISPResso_on_PDCD1	T	7.104101730736785e-05	1.776025432684196e-05	0.000106561525961	0.0001243217802878	0.9996181545319728	0.0	4.44006358171049e-05	1.776025432684196e-05	0.999849037838222	8.88012716342098e-06	0.0	7.992114447078882e-05	0.0	0.0	1.776025432684196e-05	3.552050865368392e-05	0.0	0.9997602365665876	1.776025432684196e-05	4.44006358171049e-05
_scratch_st-cdeboer-1_asfar_VLPs_results_crispresso_aggregated_spacer_SPACE_rep3_.staging_CRISPRessoPooled_on_SPACE_D3_rep3_CRISPResso_on_PDCD1	C	0.9997779968209144	2.6640381490262946e-05	0.9998401577110584	0.999769116693751	0.0001953627975952	8.88012716342098e-06	0.999875678219712	0.999875678219712	4.44006358171049e-05	0.0	2.6640381490262946e-05	8.88012716342098e-06	8.88012716342098e-05	8.88012716342098e-05	0.999937839109856	0.999875678219712	7.992114447078882e-05	0.0001953627975952	0.9999289589826926	0.999893438474039
_scratch_st-cdeboer-1_asfar_VLPs_results_crispresso_aggregated_spacer_SPACE_rep3_.staging_CRISPRessoPooled_on_SPACE_D3_rep3_CRISPResso_on_PDCD1	G	8.88012716342098e-06	8.88012716342098e-05	8.88012716342098e-06	2.6640381490262946e-05	0.0001243217802878	0.0002486435605757	1.776025432684196e-05	8.88012716342098e-06	7.992114447078882e-05	0.0001332019074513	0.0001509621617781	0.999813517329568	0.0001154416531244	0.0001953627975952	8.88012716342098e-06	1.776025432684196e-05	8.88012716342098e-05	4.44006358171049e-05	1.776025432684196e-05	8.88012716342098e-06
_scratch_st-cdeboer-1_asfar_VLPs_results_crispresso_aggregated_spacer_SPACE_rep3_.staging_CRISPRessoPooled_on_SPACE_D3_rep3_CRISPResso_on_PDCD1	N	0.0	0.0	0.0	0.0	0.0	0.0	0.0	0.0	0.0	0.0	0.0	0.0	0.0	0.0	0.0	0.0	0.0	0.0	0.0	0.0
_scratch_st-cdeboer-1_asfar_VLPs_results_crispresso_aggregated_spacer_SPACE_rep3_.staging_CRISPRessoPooled_on_SPACE_D3_rep3_CRISPResso_on_PDCD1	-	7.104101730736785e-05	3.552050865368392e-05	3.552050865368392e-05	3.552050865368392e-05	5.328076298052589e-05	3.552050865368392e-05	3.552050865368392e-05	5.328076298052589e-05	1.776025432684196e-05	1.776025432684196e-05	0.000106561525961	2.6640381490262946e-05	1.776025432684196e-05	1.776025432684196e-05	1.776025432684196e-05	1.776025432684196e-05	1.776025432684196e-05	0.0	0.0	0.0
_scratch_st-cdeboer-1_asfar_VLPs_results_crispresso_aggregated_spacer_SPACE_rep3_.staging_CRISPRessoPooled_on_SPACE_D4_rep3_CRISPResso_on_PDCD1	A	5.46239143497023e-05	0.9997268804282516	0.0001310973944392	9.832304582946414e-05	1.092478286994046e-05	0.9996941060796416	4.369913147976184e-05	9.832304582946414e-05	2.184956573988092e-05	0.9997487299939912	0.9997487299939912	5.46239143497023e-05	0.999650406948162	0.999650406948162	3.277434860982138e-05	5.46239143497023e-05	0.9996941060796416	0.0	3.277434860982138e-05	3.277434860982138e-05
_scratch_st-cdeboer-1_asfar_VLPs_results_crispresso_aggregated_spacer_SPACE_rep3_.staging_CRISPRessoPooled_on_SPACE_D4_rep3_CRISPResso_on_PDCD1	T	2.184956573988092e-05	1.092478286994046e-05	0.0004042169661877	0.0005243895777571	0.999650406948162	0.0	6.554869721964275e-05	1.092478286994046e-05	0.9995848582509422	0.0	1.092478286994046e-05	6.554869721964275e-05	0.0	0.0	3.277434860982138e-05	2.184956573988092e-05	1.092478286994046e-05	0.9995848582509422	3.277434860982138e-05	6.554869721964275e-05
_scratch_st-cdeboer-1_asfar_VLPs_results_crispresso_aggregated_spacer_SPACE_rep3_.staging_CRISPRessoPooled_on_SPACE_D4_rep3_CRISPResso_on_PDCD1	C	0.9997705795597313	4.369913147976184e-05	0.999246189981974	0.9990713934560552	0.0001529469601791	3.277434860982138e-05	0.9997596547768614	0.9997487299939912	0.0001638717430491	1.092478286994046e-05	5.46239143497023e-05	2.184956573988092e-05	8.739826295952368e-05	8.739826295952368e-05	0.9997924291254712	0.9997924291254712	5.46239143497023e-05	0.0002512700060086	0.9997924291254712	0.9997159556453816
_scratch_st-cdeboer-1_asfar_VLPs_results_crispresso_aggregated_spacer_SPACE_rep3_.staging_CRISPRessoPooled_on_SPACE_D4_rep3_CRISPResso_on_PDCD1	G	1.092478286994046e-05	7.647348008958323e-05	3.277434860982138e-05	0.0001201726115693	5.46239143497023e-05	0.0001420221773092	0.0	1.092478286994046e-05	8.739826295952368e-05	0.0001201726115693	6.554869721964275e-05	0.9997378052111214	0.0001420221773092	0.0001420221773092	2.184956573988092e-05	0.0	0.0001201726115693	4.369913147976184e-05	2.184956573988092e-05	4.369913147976184e-05
_scratch_st-cdeboer-1_asfar_VLPs_results_crispresso_aggregated_spacer_SPACE_rep3_.staging_CRISPRessoPooled_on_SPACE_D4_rep3_CRISPResso_on_PDCD1	N	0.0	0.0	0.0	0.0	0.0	0.0	0.0	0.0	0.0	0.0	0.0	0.0	0.0	0.0	0.0	0.0	0.0	0.0	0.0	0.0
_scratch_st-cdeboer-1_asfar_VLPs_results_crispresso_aggregated_spacer_SPACE_rep3_.staging_CRISPRessoPooled_on_SPACE_D4_rep3_CRISPResso_on_PDCD1	-	0.0001420221773092	0.0001420221773092	0.0001857213087889	0.0001857213087889	0.0001310973944392	0.0001310973944392	0.0001310973944392	0.0001310973944392	0.0001420221773092	0.0001201726115693	0.0001201726115693	0.0001201726115693	0.0001201726115693	0.0001201726115693	0.0001201726115693	0.0001310973944392	0.0001201726115693	0.0001201726115693	0.0001201726115693	0.0001420221773092
_scratch_st-cdeboer-1_asfar_VLPs_results_crispresso_aggregated_spacer_SPACE_rep3_.staging_CRISPRessoPooled_on_SPACE_D5_rep3_CRISPResso_on_PDCD1	A	1.873080092904773e-05	0.9998314227916386	7.49232037161909e-05	0.0002435004120776	0.0	0.9992882295646962	3.746160185809545e-05	7.49232037161909e-05	0.0	0.9997752303888514	0.9997003071851353	1.873080092904773e-05	0.9997564995879225	0.9997377687869934	0.0	3.746160185809545e-05	0.9999250767962838	1.873080092904773e-05	3.746160185809545e-05	9.365400464523864e-05
_scratch_st-cdeboer-1_asfar_VLPs_results_crispresso_aggregated_spacer_SPACE_rep3_.staging_CRISPRessoPooled_on_SPACE_D5_rep3_CRISPResso_on_PDCD1	T	3.746160185809545e-05	1.873080092904773e-05	0.0003746160185809	0.0002060388102195	0.9997003071851353	0.0	1.873080092904773e-05	3.746160185809545e-05	0.9997003071851353	0.0	0.0	7.49232037161909e-05	0.0	0.0	1.873080092904773e-05	9.365400464523864e-05	0.0	0.9997003071851353	5.619240278714318e-05	7.49232037161909e-05
_scratch_st-cdeboer-1_asfar_VLPs_results_crispresso_aggregated_spacer_SPACE_rep3_.staging_CRISPRessoPooled_on_SPACE_D5_rep3_CRISPResso_on_PDCD1	C	0.9997752303888514	3.746160185809545e-05	0.9994568067730576	0.9993256911665542	0.0001685772083614	1.873080092904773e-05	0.9997939611897804	0.9997377687869934	5.619240278714318e-05	0.0	5.619240278714318e-05	0.0	7.49232037161909e-05	1.873080092904773e-05	0.9999250767962838	0.9998126919907095	1.873080092904773e-05	0.0001685772083614	0.9998314227916386	0.9997564995879225
_scratch_st-cdeboer-1_asfar_VLPs_results_crispresso_aggregated_spacer_SPACE_rep3_.staging_CRISPRessoPooled_on_SPACE_D5_rep3_CRISPResso_on_PDCD1	G	0.0	7.49232037161909e-05	5.619240278714318e-05	0.0001311156065033	0.0	0.0005806548288004	0.0	0.0	5.619240278714318e-05	7.49232037161909e-05	7.49232037161909e-05	0.9998688843934966	0.0001311156065033	0.0002060388102195	1.873080092904773e-05	1.873080092904773e-05	1.873080092904773e-05	7.49232037161909e-05	3.746160185809545e-05	3.746160185809545e-05
_scratch_st-cdeboer-1_asfar_VLPs_results_crispresso_aggregated_spacer_SPACE_rep3_.staging_CRISPRessoPooled_on_SPACE_D5_rep3_CRISPResso_on_PDCD1	N	1.873080092904773e-05	0.0	0.0	0.0	0.0	0.0	0.0	0.0	0.0	0.0	0.0	0.0	0.0	0.0	0.0	0.0	0.0	0.0	0.0	0.0
_scratch_st-cdeboer-1_asfar_VLPs_results_crispresso_aggregated_spacer_SPACE_rep3_.staging_CRISPRessoPooled_on_SPACE_D5_rep3_CRISPResso_on_PDCD1	-	0.0001498464074323	3.746160185809545e-05	3.746160185809545e-05	9.365400464523864e-05	0.0001311156065033	0.0001123848055742	0.0001498464074323	0.0001498464074323	0.0001873080092904	0.0001498464074323	0.0001685772083614	3.746160185809545e-05	3.746160185809545e-05	3.746160185809545e-05	3.746160185809545e-05	3.746160185809545e-05	3.746160185809545e-05	3.746160185809545e-05	3.746160185809545e-05	3.746160185809545e-05
