Folder	Nucleotide	C	A	C	C	T	A	C	C	T	A	A	G	A	A	C	C	A	T	C	C
_scratch_st-cdeboer-1_asfar_VLPs_results_crispresso_aggregated_spacer_SPACE-DeltaUGI_rep1_.staging_CRISPRessoPooled_on_SPACE-DeltaUGI_D1_rep1_CRISPResso_on_PDCD1	A	5.138482092389908e-05	0.9998458455372284	8.564136820649847e-05	8.564136820649847e-05	0.0	0.9998458455372284	0.0001370261891303	5.138482092389908e-05	0.0	0.9997430758953804	0.9998629738108696	6.851309456519877e-05	0.9998115889899456	0.9997602041690218	1.7128273641299693e-05	3.4256547282599385e-05	0.9998115889899456	1.7128273641299693e-05	5.138482092389908e-05	6.851309456519877e-05
_scratch_st-cdeboer-1_asfar_VLPs_results_crispresso_aggregated_spacer_SPACE-DeltaUGI_rep1_.staging_CRISPRessoPooled_on_SPACE-DeltaUGI_D1_rep1_CRISPResso_on_PDCD1	T	0.0001712827364129	1.7128273641299693e-05	8.564136820649847e-05	6.851309456519877e-05	0.9997602041690218	0.0	6.851309456519877e-05	1.7128273641299693e-05	0.9997259476217392	0.0	0.0	0.000119897915489	0.0	0.0	3.4256547282599385e-05	3.4256547282599385e-05	0.0	0.99960604970625	0.0001370261891303	3.4256547282599385e-05
_scratch_st-cdeboer-1_asfar_VLPs_results_crispresso_aggregated_spacer_SPACE-DeltaUGI_rep1_.staging_CRISPRessoPooled_on_SPACE-DeltaUGI_D1_rep1_CRISPResso_on_PDCD1	C	0.9997430758953804	1.7128273641299693e-05	0.9998115889899456	0.9998115889899456	8.564136820649847e-05	1.7128273641299693e-05	0.9997430758953804	0.9998972303581524	0.0001370261891303	6.851309456519877e-05	3.4256547282599385e-05	1.7128273641299693e-05	3.4256547282599385e-05	3.4256547282599385e-05	0.9999314869054348	0.9999314869054348	0.0001027696418477	0.0002569241046194	0.9997773324426632	0.999880102084511
_scratch_st-cdeboer-1_asfar_VLPs_results_crispresso_aggregated_spacer_SPACE-DeltaUGI_rep1_.staging_CRISPRessoPooled_on_SPACE-DeltaUGI_D1_rep1_CRISPResso_on_PDCD1	G	1.7128273641299693e-05	0.000119897915489	1.7128273641299693e-05	3.4256547282599385e-05	0.0001541544627716	0.0001370261891303	3.4256547282599385e-05	1.7128273641299693e-05	0.000119897915489	0.0001712827364129	6.851309456519877e-05	0.9997944607163044	0.0001541544627716	0.0002055392836955	1.7128273641299693e-05	0.0	8.564136820649847e-05	0.000119897915489	3.4256547282599385e-05	1.7128273641299693e-05
_scratch_st-cdeboer-1_asfar_VLPs_results_crispresso_aggregated_spacer_SPACE-DeltaUGI_rep1_.staging_CRISPRessoPooled_on_SPACE-DeltaUGI_D1_rep1_CRISPResso_on_PDCD1	N	0.0	0.0	0.0	0.0	0.0	0.0	0.0	0.0	0.0	0.0	0.0	0.0	0.0	0.0	0.0	0.0	0.0	0.0	0.0	0.0
_scratch_st-cdeboer-1_asfar_VLPs_results_crispresso_aggregated_spacer_SPACE-DeltaUGI_rep1_.staging_CRISPRessoPooled_on_SPACE-DeltaUGI_D1_rep1_CRISPResso_on_PDCD1	-	1.7128273641299693e-05	0.0	0.0	0.0	0.0	0.0	1.7128273641299693e-05	1.7128273641299693e-05	1.7128273641299693e-05	1.7128273641299693e-05	3.4256547282599385e-05	0.0	0.0	0.0	0.0	0.0	0.0	0.0	0.0	0.0
_scratch_st-cdeboer-1_asfar_VLPs_results_crispresso_aggregated_spacer_SPACE-DeltaUGI_rep1_.staging_CRISPRessoPooled_on_SPACE-DeltaUGI_D2_rep1_CRISPResso_on_PDCD1	A	3.970893351731806e-05	0.9997220374653788	5.956340027597709e-05	2.9781700137988545e-05	9.927233379329517e-06	0.998491060526342	2.9781700137988545e-05	0.0001091995671726	9.927233379329517e-06	0.9998411642659308	0.9997418919321376	6.94906336553066e-05	0.9998113825657928	0.9998312370325514	2.9781700137988545e-05	4.9636166896647575e-05	0.9998411642659308	0.0	8.934510041396563e-05	3.970893351731806e-05
_scratch_st-cdeboer-1_asfar_VLPs_results_crispresso_aggregated_spacer_SPACE-DeltaUGI_rep1_.staging_CRISPRessoPooled_on_SPACE-DeltaUGI_D2_rep1_CRISPResso_on_PDCD1	T	8.934510041396563e-05	2.9781700137988545e-05	3.970893351731806e-05	3.970893351731806e-05	0.9997716736322754	9.927233379329517e-06	6.94906336553066e-05	1.985446675865903e-05	0.9998014553324134	9.927233379329517e-06	0.0	0.0001091995671726	2.9781700137988545e-05	0.0	8.934510041396563e-05	0.0	0.0	0.9996525468317234	4.9636166896647575e-05	3.970893351731806e-05
_scratch_st-cdeboer-1_asfar_VLPs_results_crispresso_aggregated_spacer_SPACE-DeltaUGI_rep1_.staging_CRISPRessoPooled_on_SPACE-DeltaUGI_D2_rep1_CRISPResso_on_PDCD1	C	0.9998014553324134	5.956340027597709e-05	0.9999007276662067	0.9999007276662067	0.0001489085006899	1.985446675865903e-05	0.9998709459660688	0.9998312370325514	7.941786703463612e-05	1.985446675865903e-05	4.9636166896647575e-05	3.970893351731806e-05	2.9781700137988545e-05	4.9636166896647575e-05	0.999880873199448	0.999940436599724	6.94906336553066e-05	0.0002878897680005	0.99985109149931	0.9998908004328274
_scratch_st-cdeboer-1_asfar_VLPs_results_crispresso_aggregated_spacer_SPACE-DeltaUGI_rep1_.staging_CRISPRessoPooled_on_SPACE-DeltaUGI_D2_rep1_CRISPResso_on_PDCD1	G	9.927233379329517e-06	0.0001786902008279	0.0	2.9781700137988545e-05	6.94906336553066e-05	0.00147915777352	2.9781700137988545e-05	3.970893351731806e-05	0.0001091995671726	0.0001290540339312	0.0001389812673106	0.9997816008656548	0.0001290540339312	0.0001091995671726	0.0	9.927233379329517e-06	8.934510041396563e-05	5.956340027597709e-05	9.927233379329517e-06	2.9781700137988545e-05
_scratch_st-cdeboer-1_asfar_VLPs_results_crispresso_aggregated_spacer_SPACE-DeltaUGI_rep1_.staging_CRISPRessoPooled_on_SPACE-DeltaUGI_D2_rep1_CRISPResso_on_PDCD1	N	0.0	0.0	0.0	0.0	0.0	0.0	0.0	0.0	0.0	0.0	0.0	0.0	0.0	0.0	0.0	0.0	0.0	0.0	0.0	0.0
_scratch_st-cdeboer-1_asfar_VLPs_results_crispresso_aggregated_spacer_SPACE-DeltaUGI_rep1_.staging_CRISPRessoPooled_on_SPACE-DeltaUGI_D2_rep1_CRISPResso_on_PDCD1	-	5.956340027597709e-05	9.927233379329517e-06	0.0	0.0	0.0	0.0	0.0	0.0	0.0	0.0	6.94906336553066e-05	0.0	0.0	9.927233379329517e-06	0.0	0.0	0.0	0.0	0.0	0.0
_scratch_st-cdeboer-1_asfar_VLPs_results_crispresso_aggregated_spacer_SPACE-DeltaUGI_rep1_.staging_CRISPRessoPooled_on_SPACE-DeltaUGI_D3_rep1_CRISPResso_on_PDCD1	A	0.0001290832667747	0.9996853595372364	5.647392921396358e-05	5.647392921396358e-05	0.0	0.9968697307807116	9.681245008108045e-05	8.067704173423369e-05	8.067704173423369e-06	0.9998789844373986	0.9995724116788086	9.681245008108045e-05	0.9997014949455834	0.9997660365789708	3.2270816693693475e-05	4.0338520867116845e-05	0.9997821719873176	2.4203112520270108e-05	4.8406225040540216e-05	4.8406225040540216e-05
_scratch_st-cdeboer-1_asfar_VLPs_results_crispresso_aggregated_spacer_SPACE-DeltaUGI_rep1_.staging_CRISPRessoPooled_on_SPACE-DeltaUGI_D3_rep1_CRISPResso_on_PDCD1	T	0.0001048801542545	8.067704173423369e-06	5.647392921396358e-05	6.454163338738695e-05	0.9998225105081848	3.2270816693693475e-05	7.260933756081031e-05	4.0338520867116845e-05	0.9996772918330632	0.0	1.6135408346846737e-05	0.000153286379295	8.067704173423369e-06	8.067704173423369e-06	6.454163338738695e-05	6.454163338738695e-05	0.0	0.9996046824955024	3.2270816693693475e-05	4.8406225040540216e-05
_scratch_st-cdeboer-1_asfar_VLPs_results_crispresso_aggregated_spacer_SPACE-DeltaUGI_rep1_.staging_CRISPRessoPooled_on_SPACE-DeltaUGI_D3_rep1_CRISPResso_on_PDCD1	C	0.999733765762277	7.260933756081031e-05	0.999887052141572	0.9998547813248784	8.874474590765705e-05	3.2270816693693475e-05	0.9998144428040112	0.9998628490290518	0.0001694217876418	8.067704173423369e-06	7.260933756081031e-05	4.0338520867116845e-05	0.0001129478584279	5.647392921396358e-05	0.999887052141572	0.999887052141572	5.647392921396358e-05	0.0002904373502432	0.9999112552540924	0.9998709167332251
_scratch_st-cdeboer-1_asfar_VLPs_results_crispresso_aggregated_spacer_SPACE-DeltaUGI_rep1_.staging_CRISPRessoPooled_on_SPACE-DeltaUGI_D3_rep1_CRISPResso_on_PDCD1	G	8.067704173423369e-06	0.0002258957168558	0.0	1.6135408346846737e-05	8.874474590765705e-05	0.0030657275859008	1.6135408346846737e-05	1.6135408346846737e-05	0.0001452186751216	0.0001129478584279	0.0002662342377229	0.9997014949455834	0.0001774894918153	0.0001694217876418	1.6135408346846737e-05	8.067704173423369e-06	0.0001613540834684	8.067704173423369e-05	8.067704173423369e-06	2.4203112520270108e-05
_scratch_st-cdeboer-1_asfar_VLPs_results_crispresso_aggregated_spacer_SPACE-DeltaUGI_rep1_.staging_CRISPRessoPooled_on_SPACE-DeltaUGI_D3_rep1_CRISPResso_on_PDCD1	N	0.0	8.067704173423369e-06	0.0	8.067704173423369e-06	0.0	0.0	0.0	0.0	0.0	0.0	8.067704173423369e-06	8.067704173423369e-06	0.0	0.0	0.0	0.0	0.0	0.0	0.0	8.067704173423369e-06
_scratch_st-cdeboer-1_asfar_VLPs_results_crispresso_aggregated_spacer_SPACE-DeltaUGI_rep1_.staging_CRISPRessoPooled_on_SPACE-DeltaUGI_D3_rep1_CRISPResso_on_PDCD1	-	2.4203112520270108e-05	0.0	0.0	0.0	0.0	0.0	0.0	0.0	0.0	0.0	6.454163338738695e-05	0.0	0.0	0.0	0.0	0.0	0.0	0.0	0.0	0.0
_scratch_st-cdeboer-1_asfar_VLPs_results_crispresso_aggregated_spacer_SPACE-DeltaUGI_rep1_.staging_CRISPRessoPooled_on_SPACE-DeltaUGI_D4_rep1_CRISPResso_on_PDCD1	A	7.11165897224675e-05	0.9996503434338644	8.889573715308439e-05	5.926382476872292e-05	5.926382476872292e-06	0.9878568423048888	5.926382476872292e-05	4.1484677338106045e-05	1.1852764953744585e-05	0.9995436685492808	0.9997273864060638	5.926382476872292e-05	0.9997570183184482	0.9997866502308326	3.555829486123375e-05	5.926382476872292e-06	0.9997570183184482	5.926382476872292e-06	4.741105981497834e-05	5.926382476872292e-05
_scratch_st-cdeboer-1_asfar_VLPs_results_crispresso_aggregated_spacer_SPACE-DeltaUGI_rep1_.staging_CRISPRessoPooled_on_SPACE-DeltaUGI_D4_rep1_CRISPResso_on_PDCD1	T	5.333744229185063e-05	2.370552990748917e-05	7.70429721993398e-05	3.555829486123375e-05	0.9997925766133094	1.1852764953744585e-05	0.0001481595619218	2.963191238436146e-05	0.9997273864060638	0.0	0.0	0.0001422331794449	5.926382476872292e-06	0.0	4.1484677338106045e-05	4.1484677338106045e-05	1.1852764953744585e-05	0.999626637903957	6.519020724559521e-05	6.519020724559521e-05
_scratch_st-cdeboer-1_asfar_VLPs_results_crispresso_aggregated_spacer_SPACE-DeltaUGI_rep1_.staging_CRISPRessoPooled_on_SPACE-DeltaUGI_D4_rep1_CRISPResso_on_PDCD1	C	0.99981035576074	4.741105981497834e-05	0.9997985029957864	0.9998696195855088	0.0001126012670605	3.555829486123375e-05	0.9997451655534944	0.9998873987329394	8.296935467621209e-05	2.963191238436146e-05	3.555829486123375e-05	4.1484677338106045e-05	0.0001066748845837	5.926382476872292e-05	0.9998992514978932	0.99990517788037	0.0001066748845837	0.0002607608289823	0.999857766820555	0.9998340612906476
_scratch_st-cdeboer-1_asfar_VLPs_results_crispresso_aggregated_spacer_SPACE-DeltaUGI_rep1_.staging_CRISPRessoPooled_on_SPACE-DeltaUGI_D4_rep1_CRISPResso_on_PDCD1	G	1.7779147430616876e-05	0.0002429816815517	5.926382476872292e-06	1.1852764953744585e-05	6.519020724559521e-05	0.0120720411053888	2.370552990748917e-05	1.1852764953744585e-05	0.000136306796968	0.0003970676259504	0.0001777914743061	0.9997333127885408	0.0001066748845837	0.0001244540320143	0.0	2.370552990748917e-05	0.0001007485021068	8.296935467621209e-05	5.926382476872292e-06	1.7779147430616876e-05
_scratch_st-cdeboer-1_asfar_VLPs_results_crispresso_aggregated_spacer_SPACE-DeltaUGI_rep1_.staging_CRISPRessoPooled_on_SPACE-DeltaUGI_D4_rep1_CRISPResso_on_PDCD1	N	0.0	0.0	0.0	0.0	0.0	0.0	0.0	0.0	0.0	5.926382476872292e-06	0.0	0.0	0.0	0.0	0.0	0.0	0.0	0.0	0.0	0.0
_scratch_st-cdeboer-1_asfar_VLPs_results_crispresso_aggregated_spacer_SPACE-DeltaUGI_rep1_.staging_CRISPRessoPooled_on_SPACE-DeltaUGI_D4_rep1_CRISPResso_on_PDCD1	-	4.741105981497834e-05	3.555829486123375e-05	2.963191238436146e-05	2.370552990748917e-05	2.370552990748917e-05	2.370552990748917e-05	2.370552990748917e-05	2.963191238436146e-05	4.1484677338106045e-05	2.370552990748917e-05	5.926382476872292e-05	2.370552990748917e-05	2.370552990748917e-05	2.963191238436146e-05	2.370552990748917e-05	2.370552990748917e-05	2.370552990748917e-05	2.370552990748917e-05	2.370552990748917e-05	2.370552990748917e-05
_scratch_st-cdeboer-1_asfar_VLPs_results_crispresso_aggregated_spacer_SPACE-DeltaUGI_rep1_.staging_CRISPRessoPooled_on_SPACE-DeltaUGI_D5_rep1_CRISPResso_on_PDCD1	A	0.0001230079545143	0.9996036410354536	0.0001093404040127	4.100265150479731e-05	1.3667550501599104e-05	0.9832025804335348	6.833775250799551e-05	5.4670202006396416e-05	1.3667550501599104e-05	0.999248284722412	0.99965831123746	9.567285351119372e-05	0.9995763059344503	0.9996719787879615	1.3667550501599104e-05	9.567285351119372e-05	0.9996993138889648	0.0	5.4670202006396416e-05	9.567285351119372e-05
_scratch_st-cdeboer-1_asfar_VLPs_results_crispresso_aggregated_spacer_SPACE-DeltaUGI_rep1_.staging_CRISPRessoPooled_on_SPACE-DeltaUGI_D5_rep1_CRISPResso_on_PDCD1	T	6.833775250799551e-05	0.0	8.200530300959461e-05	1.3667550501599104e-05	0.9995626383839488	0.0	5.4670202006396416e-05	1.3667550501599104e-05	0.9996036410354536	0.0	0.0	0.0001366755050159	1.3667550501599104e-05	0.0	4.100265150479731e-05	5.4670202006396416e-05	1.3667550501599104e-05	0.9995353032829456	2.7335101003198208e-05	6.833775250799551e-05
_scratch_st-cdeboer-1_asfar_VLPs_results_crispresso_aggregated_spacer_SPACE-DeltaUGI_rep1_.staging_CRISPRessoPooled_on_SPACE-DeltaUGI_D5_rep1_CRISPResso_on_PDCD1	C	0.9995489708334472	4.100265150479731e-05	0.9995763059344503	0.9997539840909712	0.0001366755050159	2.7335101003198208e-05	0.9996719787879615	0.9996993138889648	8.200530300959461e-05	2.7335101003198208e-05	5.4670202006396416e-05	4.100265150479731e-05	9.567285351119372e-05	6.833775250799551e-05	0.9997539840909712	0.9996446436869584	5.4670202006396416e-05	0.0002460159090287	0.9997129814394664	0.9996173085859552
_scratch_st-cdeboer-1_asfar_VLPs_results_crispresso_aggregated_spacer_SPACE-DeltaUGI_rep1_.staging_CRISPRessoPooled_on_SPACE-DeltaUGI_D5_rep1_CRISPResso_on_PDCD1	G	1.3667550501599104e-05	0.0001366755050159	4.100265150479731e-05	0.0	9.567285351119372e-05	0.0165787387584397	1.3667550501599104e-05	4.100265150479731e-05	0.0001093404040127	0.0005330344695623	2.7335101003198208e-05	0.9995353032829456	0.0001230079545143	6.833775250799551e-05	0.0	1.3667550501599104e-05	4.100265150479731e-05	2.7335101003198208e-05	1.3667550501599104e-05	2.7335101003198208e-05
_scratch_st-cdeboer-1_asfar_VLPs_results_crispresso_aggregated_spacer_SPACE-DeltaUGI_rep1_.staging_CRISPRessoPooled_on_SPACE-DeltaUGI_D5_rep1_CRISPResso_on_PDCD1	N	0.0	1.3667550501599104e-05	0.0	0.0	0.0	0.0	0.0	0.0	0.0	0.0	0.0	0.0	0.0	0.0	0.0	0.0	0.0	0.0	0.0	0.0
_scratch_st-cdeboer-1_asfar_VLPs_results_crispresso_aggregated_spacer_SPACE-DeltaUGI_rep1_.staging_CRISPRessoPooled_on_SPACE-DeltaUGI_D5_rep1_CRISPResso_on_PDCD1	-	0.0002460159090287	0.0002050132575239	0.0001913457070223	0.0001913457070223	0.0001913457070223	0.0001913457070223	0.0001913457070223	0.0001913457070223	0.0001913457070223	0.0001913457070223	0.0002596834595303	0.0001913457070223	0.0001913457070223	0.0001913457070223	0.0001913457070223	0.0001913457070223	0.0001913457070223	0.0001913457070223	0.0001913457070223	0.0001913457070223
