Folder	Nucleotide	G	G	C	C	C	A	G	A	C	T	G	A	G	C	A	C	G	T	G	A
_scratch_st-cdeboer-1_asfar_VLPs_results_crispresso_aggregated_spacer_SPACE-DeltaUGI_rep2_.staging_CRISPRessoPooled_on_SPACE-DeltaUGI_D1_rep2_CRISPResso_on_HEK3	A	0.0	7.398091292446548e-05	0.0	0.0	7.398091292446548e-05	0.9900125767551972	7.398091292446548e-05	0.99585706887623	0.0	0.0	0.0	0.9996300954353776	0.0	0.0	0.9997780572612266	0.0	0.0	0.0	0.0	0.999852038174151
_scratch_st-cdeboer-1_asfar_VLPs_results_crispresso_aggregated_spacer_SPACE-DeltaUGI_rep2_.staging_CRISPRessoPooled_on_SPACE-DeltaUGI_D1_rep2_CRISPResso_on_HEK3	T	0.0001479618258489	7.398091292446548e-05	0.0001479618258489	7.398091292446548e-05	0.0	0.0	0.0001479618258489	0.0	0.0	0.9996300954353776	7.398091292446548e-05	0.0	7.398091292446548e-05	7.398091292446548e-05	0.0	0.0	0.0001479618258489	0.9997780572612266	0.0001479618258489	0.0
_scratch_st-cdeboer-1_asfar_VLPs_results_crispresso_aggregated_spacer_SPACE-DeltaUGI_rep2_.staging_CRISPRessoPooled_on_SPACE-DeltaUGI_D1_rep2_CRISPResso_on_HEK3	C	0.0002959236516978	0.0001479618258489	0.999852038174151	0.9997780572612266	0.999852038174151	0.0	0.0	0.0	0.9999260190870756	0.0002219427387733	0.0001479618258489	0.0	0.0	0.999852038174151	0.0	0.9999260190870756	0.0	7.398091292446548e-05	0.0	7.398091292446548e-05
_scratch_st-cdeboer-1_asfar_VLPs_results_crispresso_aggregated_spacer_SPACE-DeltaUGI_rep2_.staging_CRISPRessoPooled_on_SPACE-DeltaUGI_D1_rep2_CRISPResso_on_HEK3	G	0.9995561145224532	0.9997040763483022	0.0	7.398091292446548e-05	0.0	0.0099134423318783	0.9997040763483022	0.0040689502108456	0.0	7.398091292446548e-05	0.9997040763483022	0.0002959236516978	0.999852038174151	0.0	0.0001479618258489	0.0	0.9997780572612266	7.398091292446548e-05	0.9997780572612266	0.0
_scratch_st-cdeboer-1_asfar_VLPs_results_crispresso_aggregated_spacer_SPACE-DeltaUGI_rep2_.staging_CRISPRessoPooled_on_SPACE-DeltaUGI_D1_rep2_CRISPResso_on_HEK3	N	0.0	0.0	0.0	0.0	0.0	0.0	0.0	0.0	0.0	0.0	0.0	0.0	0.0	0.0	0.0	0.0	0.0	0.0	0.0	0.0
_scratch_st-cdeboer-1_asfar_VLPs_results_crispresso_aggregated_spacer_SPACE-DeltaUGI_rep2_.staging_CRISPRessoPooled_on_SPACE-DeltaUGI_D1_rep2_CRISPResso_on_HEK3	-	0.0	0.0	0.0	7.398091292446548e-05	7.398091292446548e-05	7.398091292446548e-05	7.398091292446548e-05	7.398091292446548e-05	7.398091292446548e-05	7.398091292446548e-05	7.398091292446548e-05	7.398091292446548e-05	7.398091292446548e-05	7.398091292446548e-05	7.398091292446548e-05	7.398091292446548e-05	7.398091292446548e-05	7.398091292446548e-05	7.398091292446548e-05	7.398091292446548e-05
_scratch_st-cdeboer-1_asfar_VLPs_results_crispresso_aggregated_spacer_SPACE-DeltaUGI_rep2_.staging_CRISPRessoPooled_on_SPACE-DeltaUGI_D2_rep2_CRISPResso_on_HEK3	A	2.7492920572952463e-05	8.247876171885739e-05	5.498584114590493e-05	0.0	0.0	0.979270337887994	5.498584114590493e-05	0.9917796167486872	0.0	0.0	5.498584114590493e-05	0.9996700849531246	5.498584114590493e-05	0.0	0.9998350424765624	5.498584114590493e-05	0.0	0.0	5.498584114590493e-05	0.999395155747395
_scratch_st-cdeboer-1_asfar_VLPs_results_crispresso_aggregated_spacer_SPACE-DeltaUGI_rep2_.staging_CRISPRessoPooled_on_SPACE-DeltaUGI_D2_rep2_CRISPResso_on_HEK3	T	0.0001374646028647	8.247876171885739e-05	8.247876171885739e-05	2.7492920572952463e-05	2.7492920572952463e-05	2.7492920572952463e-05	8.247876171885739e-05	0.0	5.498584114590493e-05	0.9998900283177082	2.7492920572952463e-05	0.0	5.498584114590493e-05	5.498584114590493e-05	0.0	0.0	5.498584114590493e-05	0.9996975778736976	8.247876171885739e-05	2.7492920572952463e-05
_scratch_st-cdeboer-1_asfar_VLPs_results_crispresso_aggregated_spacer_SPACE-DeltaUGI_rep2_.staging_CRISPRessoPooled_on_SPACE-DeltaUGI_D2_rep2_CRISPResso_on_HEK3	C	2.7492920572952463e-05	5.498584114590493e-05	0.9997525637148434	0.9998625353971352	0.9998625353971352	5.498584114590493e-05	2.7492920572952463e-05	5.498584114590493e-05	0.9998625353971352	2.7492920572952463e-05	2.7492920572952463e-05	0.0001374646028647	0.0	0.9998075495559894	5.498584114590493e-05	0.9998075495559894	0.0001649575234377	0.0001649575234377	0.0001649575234377	2.7492920572952463e-05
_scratch_st-cdeboer-1_asfar_VLPs_results_crispresso_aggregated_spacer_SPACE-DeltaUGI_rep2_.staging_CRISPRessoPooled_on_SPACE-DeltaUGI_D2_rep2_CRISPResso_on_HEK3	G	0.9996975778736976	0.9995876061914056	0.0	0.0	0.0	0.0205647045885684	0.9997525637148434	0.008082918648448	0.0	0.0	0.9998075495559894	0.0001099716822918	0.9998075495559894	5.498584114590493e-05	2.7492920572952463e-05	5.498584114590493e-05	0.9996975778736976	5.498584114590493e-05	0.9996150991119788	0.0004673796497401
_scratch_st-cdeboer-1_asfar_VLPs_results_crispresso_aggregated_spacer_SPACE-DeltaUGI_rep2_.staging_CRISPRessoPooled_on_SPACE-DeltaUGI_D2_rep2_CRISPResso_on_HEK3	N	0.0	0.0	0.0	0.0	0.0	0.0	0.0	0.0	0.0	0.0	0.0	0.0	0.0	0.0	0.0	0.0	0.0	0.0	0.0	0.0
_scratch_st-cdeboer-1_asfar_VLPs_results_crispresso_aggregated_spacer_SPACE-DeltaUGI_rep2_.staging_CRISPRessoPooled_on_SPACE-DeltaUGI_D2_rep2_CRISPResso_on_HEK3	-	0.0001099716822918	0.0001924504440106	0.0001099716822918	0.0001099716822918	0.0001099716822918	8.247876171885739e-05	8.247876171885739e-05	8.247876171885739e-05	8.247876171885739e-05	8.247876171885739e-05	8.247876171885739e-05	8.247876171885739e-05	8.247876171885739e-05	8.247876171885739e-05	8.247876171885739e-05	8.247876171885739e-05	8.247876171885739e-05	8.247876171885739e-05	8.247876171885739e-05	8.247876171885739e-05
_scratch_st-cdeboer-1_asfar_VLPs_results_crispresso_aggregated_spacer_SPACE-DeltaUGI_rep2_.staging_CRISPRessoPooled_on_SPACE-DeltaUGI_D3_rep2_CRISPResso_on_HEK3	A	0.0	0.0	0.0	0.0	0.0	0.971967133881102	6.041565973900435e-05	0.986587723537941	0.0	0.0	0.000181246979217	0.999637506041566	6.041565973900435e-05	6.041565973900435e-05	0.999697921701305	0.0	0.0	0.0	0.0	0.999697921701305
_scratch_st-cdeboer-1_asfar_VLPs_results_crispresso_aggregated_spacer_SPACE-DeltaUGI_rep2_.staging_CRISPRessoPooled_on_SPACE-DeltaUGI_D3_rep2_CRISPResso_on_HEK3	T	6.041565973900435e-05	0.000120831319478	0.0	6.041565973900435e-05	6.041565973900435e-05	0.0	0.000302078298695	0.0	0.000120831319478	0.999758337361044	0.000181246979217	0.0	0.0	0.000181246979217	0.0	0.0	6.041565973900435e-05	0.999577090381827	0.0	0.0
_scratch_st-cdeboer-1_asfar_VLPs_results_crispresso_aggregated_spacer_SPACE-DeltaUGI_rep2_.staging_CRISPRessoPooled_on_SPACE-DeltaUGI_D3_rep2_CRISPResso_on_HEK3	C	0.000120831319478	6.041565973900435e-05	0.999879168680522	0.999758337361044	0.999758337361044	0.0	0.0	0.0	0.999697921701305	6.041565973900435e-05	6.041565973900435e-05	6.041565973900435e-05	6.041565973900435e-05	0.999577090381827	6.041565973900435e-05	0.9998187530207828	0.0	0.000181246979217	6.041565973900435e-05	0.0
_scratch_st-cdeboer-1_asfar_VLPs_results_crispresso_aggregated_spacer_SPACE-DeltaUGI_rep2_.staging_CRISPRessoPooled_on_SPACE-DeltaUGI_D3_rep2_CRISPResso_on_HEK3	G	0.9998187530207828	0.999697921701305	0.0	0.0	0.0	0.027851619139681	0.9994562590623488	0.0132310294828419	0.0	0.0	0.99939584340261	0.000120831319478	0.999697921701305	0.0	6.041565973900435e-05	0.0	0.999758337361044	6.041565973900435e-05	0.999758337361044	0.000241662638956
_scratch_st-cdeboer-1_asfar_VLPs_results_crispresso_aggregated_spacer_SPACE-DeltaUGI_rep2_.staging_CRISPRessoPooled_on_SPACE-DeltaUGI_D3_rep2_CRISPResso_on_HEK3	N	0.0	0.0	0.0	0.0	0.0	0.0	0.0	0.0	0.0	0.0	0.0	0.0	0.0	0.0	0.0	0.0	0.0	0.0	0.0	0.0
_scratch_st-cdeboer-1_asfar_VLPs_results_crispresso_aggregated_spacer_SPACE-DeltaUGI_rep2_.staging_CRISPRessoPooled_on_SPACE-DeltaUGI_D3_rep2_CRISPResso_on_HEK3	-	0.0	0.000120831319478	0.000120831319478	0.000181246979217	0.000181246979217	0.000181246979217	0.000181246979217	0.000181246979217	0.000181246979217	0.000181246979217	0.000181246979217	0.000181246979217	0.000181246979217	0.000181246979217	0.000181246979217	0.000181246979217	0.000181246979217	0.000181246979217	0.000181246979217	6.041565973900435e-05
_scratch_st-cdeboer-1_asfar_VLPs_results_crispresso_aggregated_spacer_SPACE-DeltaUGI_rep2_.staging_CRISPRessoPooled_on_SPACE-DeltaUGI_D4_rep2_CRISPResso_on_HEK3	A	0.0	0.0001119006322385	0.0	5.595031611928608e-05	0.0	0.9533374363565156	5.595031611928608e-05	0.9771722710233312	0.0	0.0	0.0	0.9997761987355228	0.0	0.0	0.9998880993677616	0.0	0.0	0.0	0.0	0.9998880993677616
_scratch_st-cdeboer-1_asfar_VLPs_results_crispresso_aggregated_spacer_SPACE-DeltaUGI_rep2_.staging_CRISPRessoPooled_on_SPACE-DeltaUGI_D4_rep2_CRISPResso_on_HEK3	T	0.0001678509483578	0.0	5.595031611928608e-05	5.595031611928608e-05	0.0001119006322385	5.595031611928608e-05	0.0002238012644771	5.595031611928608e-05	0.0	0.9998321490516422	0.0001119006322385	0.0	0.0	0.0001678509483578	0.0	5.595031611928608e-05	0.0002238012644771	0.9995523974710456	0.0001678509483578	5.595031611928608e-05
_scratch_st-cdeboer-1_asfar_VLPs_results_crispresso_aggregated_spacer_SPACE-DeltaUGI_rep2_.staging_CRISPRessoPooled_on_SPACE-DeltaUGI_D4_rep2_CRISPResso_on_HEK3	C	0.0	0.0	0.9999440496838808	0.9998880993677616	0.9998321490516422	0.0001678509483578	0.0001119006322385	0.0	0.9999440496838808	0.0001119006322385	0.0	0.0001678509483578	0.0	0.9998321490516422	0.0	0.9998880993677616	0.0001119006322385	0.0001678509483578	5.595031611928608e-05	0.0
_scratch_st-cdeboer-1_asfar_VLPs_results_crispresso_aggregated_spacer_SPACE-DeltaUGI_rep2_.staging_CRISPRessoPooled_on_SPACE-DeltaUGI_D4_rep2_CRISPResso_on_HEK3	G	0.9998321490516422	0.9998321490516422	0.0	0.0	5.595031611928608e-05	0.0464387623790074	0.999608347787165	0.0227717786605494	5.595031611928608e-05	5.595031611928608e-05	0.9998880993677616	5.595031611928608e-05	1.0	0.0	0.0001119006322385	5.595031611928608e-05	0.9996642981032844	0.0002238012644771	0.9997761987355228	5.595031611928608e-05
_scratch_st-cdeboer-1_asfar_VLPs_results_crispresso_aggregated_spacer_SPACE-DeltaUGI_rep2_.staging_CRISPRessoPooled_on_SPACE-DeltaUGI_D4_rep2_CRISPResso_on_HEK3	N	0.0	0.0	0.0	0.0	0.0	0.0	0.0	0.0	0.0	0.0	0.0	0.0	0.0	0.0	0.0	0.0	0.0	0.0	0.0	0.0
_scratch_st-cdeboer-1_asfar_VLPs_results_crispresso_aggregated_spacer_SPACE-DeltaUGI_rep2_.staging_CRISPRessoPooled_on_SPACE-DeltaUGI_D4_rep2_CRISPResso_on_HEK3	-	0.0	5.595031611928608e-05	0.0	0.0	0.0	0.0	0.0	0.0	0.0	0.0	0.0	0.0	0.0	0.0	0.0	0.0	0.0	5.595031611928608e-05	0.0	0.0
_scratch_st-cdeboer-1_asfar_VLPs_results_crispresso_aggregated_spacer_SPACE-DeltaUGI_rep2_.staging_CRISPRessoPooled_on_SPACE-DeltaUGI_D5_rep2_CRISPResso_on_HEK3	A	2.8596757127741712e-05	5.719351425548343e-05	0.0	5.719351425548343e-05	0.0	0.9445222911721812	8.579027138322514e-05	0.9725757099144956	8.579027138322514e-05	0.0	0.0	0.999571048643084	0.0001429837856387	0.0001143870285109	0.9996854356715948	5.719351425548343e-05	2.8596757127741712e-05	0.0	2.8596757127741712e-05	0.9996854356715948
_scratch_st-cdeboer-1_asfar_VLPs_results_crispresso_aggregated_spacer_SPACE-DeltaUGI_rep2_.staging_CRISPRessoPooled_on_SPACE-DeltaUGI_D5_rep2_CRISPResso_on_HEK3	T	5.719351425548343e-05	2.8596757127741712e-05	0.0001143870285109	2.8596757127741712e-05	2.8596757127741712e-05	2.8596757127741712e-05	2.8596757127741712e-05	0.0	0.0002287740570219	0.9999714032428724	8.579027138322514e-05	0.0	0.0	8.579027138322514e-05	2.8596757127741712e-05	5.719351425548343e-05	8.579027138322514e-05	0.9996282421573394	8.579027138322514e-05	0.0
_scratch_st-cdeboer-1_asfar_VLPs_results_crispresso_aggregated_spacer_SPACE-DeltaUGI_rep2_.staging_CRISPRessoPooled_on_SPACE-DeltaUGI_D5_rep2_CRISPResso_on_HEK3	C	8.579027138322514e-05	0.0001715805427664	0.999885612971489	0.999885612971489	0.9998284194572336	8.579027138322514e-05	0.0001429837856387	0.0	0.9995996454002116	0.0	5.719351425548343e-05	0.0001143870285109	2.8596757127741712e-05	0.9994566616145728	0.0	0.9996568389144672	0.0001429837856387	0.0001143870285109	0.0001143870285109	0.0001429837856387
_scratch_st-cdeboer-1_asfar_VLPs_results_crispresso_aggregated_spacer_SPACE-DeltaUGI_rep2_.staging_CRISPRessoPooled_on_SPACE-DeltaUGI_D5_rep2_CRISPResso_on_HEK3	G	0.9997426291858504	0.9995996454002116	0.0	2.8596757127741712e-05	2.8596757127741712e-05	0.0553633217993079	0.9997426291858504	0.0274242900855043	8.579027138322514e-05	2.8596757127741712e-05	0.9996282421573394	8.579027138322514e-05	0.9995996454002116	8.579027138322514e-05	5.719351425548343e-05	0.0	0.9995138551288284	0.0001143870285109	0.9997426291858504	0.0001429837856387
_scratch_st-cdeboer-1_asfar_VLPs_results_crispresso_aggregated_spacer_SPACE-DeltaUGI_rep2_.staging_CRISPRessoPooled_on_SPACE-DeltaUGI_D5_rep2_CRISPResso_on_HEK3	N	0.0	0.0	0.0	0.0	0.0	0.0	0.0	0.0	0.0	0.0	0.0	0.0	0.0	0.0	0.0	0.0	0.0	0.0	0.0	0.0
_scratch_st-cdeboer-1_asfar_VLPs_results_crispresso_aggregated_spacer_SPACE-DeltaUGI_rep2_.staging_CRISPRessoPooled_on_SPACE-DeltaUGI_D5_rep2_CRISPResso_on_HEK3	-	8.579027138322514e-05	0.0001429837856387	0.0	0.0	0.0001143870285109	0.0	0.0	0.0	0.0	0.0	0.0002287740570219	0.0002287740570219	0.0002287740570219	0.0002573708141496	0.0002287740570219	0.0002287740570219	0.0002287740570219	0.0001429837856387	2.8596757127741712e-05	2.8596757127741712e-05
