Folder	Nucleotide	G	G	A	G	G	C	T	A	T	C	C	A	G	C	G	T	G	A	G	T
_scratch_st-cdeboer-1_asfar_VLPs_results_crispresso_aggregated_spacer_SPACE-DeltaUGI_rep1_.staging_CRISPRessoPooled_on_SPACE-DeltaUGI_D1_rep1_CRISPResso_on_B2M	A	0.000128773050376	2.575461007520346e-05	0.9996909446790976	3.863191511280519e-05	7.726383022561038e-05	1.287730503760173e-05	0.0	0.9997810858143608	0.0	6.438652518800866e-05	6.438652518800866e-05	0.9997166992891728	3.863191511280519e-05	6.438652518800866e-05	3.863191511280519e-05	1.287730503760173e-05	3.863191511280519e-05	0.9996265581539096	2.575461007520346e-05	1.287730503760173e-05
_scratch_st-cdeboer-1_asfar_VLPs_results_crispresso_aggregated_spacer_SPACE-DeltaUGI_rep1_.staging_CRISPRessoPooled_on_SPACE-DeltaUGI_D1_rep1_CRISPResso_on_B2M	T	0.000193159575564	0.000515092201504	0.0	0.0002189141856392	1.287730503760173e-05	5.150922015040692e-05	0.9996008035438344	0.0	0.9995621716287216	0.0001158957453384	7.726383022561038e-05	0.0	0.000128773050376	0.000128773050376	0.0001158957453384	0.9993690120531576	0.0001158957453384	0.0	0.0003476872360152	0.9997038219841352
_scratch_st-cdeboer-1_asfar_VLPs_results_crispresso_aggregated_spacer_SPACE-DeltaUGI_rep1_.staging_CRISPRessoPooled_on_SPACE-DeltaUGI_D1_rep1_CRISPResso_on_B2M	C	6.438652518800866e-05	0.0001545276604512	5.150922015040692e-05	3.863191511280519e-05	3.863191511280519e-05	0.9999227361697745	0.0002060368806016	9.014113526321212e-05	0.0001545276604512	0.9997682085093232	0.999806840424436	0.0001158957453384	7.726383022561038e-05	0.9997682085093232	7.726383022561038e-05	0.0004378283712784	0.0001674049654888	1.287730503760173e-05	9.014113526321212e-05	9.014113526321212e-05
_scratch_st-cdeboer-1_asfar_VLPs_results_crispresso_aggregated_spacer_SPACE-DeltaUGI_rep1_.staging_CRISPRessoPooled_on_SPACE-DeltaUGI_D1_rep1_CRISPResso_on_B2M	G	0.9996008035438344	0.9992788709178944	0.0002317914906768	0.9996909446790976	0.9998583496445864	0.0	0.0001802822705264	0.0001158957453384	0.0002704234057896	2.575461007520346e-05	2.575461007520346e-05	0.0001545276604512	0.999742453899248	2.575461007520346e-05	0.9997553312042856	0.0001674049654888	0.9996651900690224	0.0003476872360152	0.9995235397136089	0.0001802822705264
_scratch_st-cdeboer-1_asfar_VLPs_results_crispresso_aggregated_spacer_SPACE-DeltaUGI_rep1_.staging_CRISPRessoPooled_on_SPACE-DeltaUGI_D1_rep1_CRISPResso_on_B2M	N	0.0	0.0	0.0	0.0	0.0	0.0	0.0	0.0	0.0	1.287730503760173e-05	0.0	0.0	0.0	0.0	0.0	0.0	0.0	0.0	0.0	0.0
_scratch_st-cdeboer-1_asfar_VLPs_results_crispresso_aggregated_spacer_SPACE-DeltaUGI_rep1_.staging_CRISPRessoPooled_on_SPACE-DeltaUGI_D1_rep1_CRISPResso_on_B2M	-	1.287730503760173e-05	2.575461007520346e-05	2.575461007520346e-05	1.287730503760173e-05	1.287730503760173e-05	1.287730503760173e-05	1.287730503760173e-05	1.287730503760173e-05	1.287730503760173e-05	1.287730503760173e-05	2.575461007520346e-05	1.287730503760173e-05	1.287730503760173e-05	1.287730503760173e-05	1.287730503760173e-05	1.287730503760173e-05	1.287730503760173e-05	1.287730503760173e-05	1.287730503760173e-05	1.287730503760173e-05
_scratch_st-cdeboer-1_asfar_VLPs_results_crispresso_aggregated_spacer_SPACE-DeltaUGI_rep1_.staging_CRISPRessoPooled_on_SPACE-DeltaUGI_D2_rep1_CRISPResso_on_B2M	A	8.608222574202878e-05	2.5824667722608635e-05	0.9996384546518836	1.7216445148405756e-05	6.886578059362302e-05	5.164933544521727e-05	0.0	0.999827835548516	2.5824667722608635e-05	5.164933544521727e-05	3.443289029681151e-05	0.9997245368776256	3.443289029681151e-05	4.304111287101439e-05	1.7216445148405756e-05	8.608222574202878e-06	8.608222574202878e-06	0.9995609806487156	1.7216445148405756e-05	1.7216445148405756e-05
_scratch_st-cdeboer-1_asfar_VLPs_results_crispresso_aggregated_spacer_SPACE-DeltaUGI_rep1_.staging_CRISPRessoPooled_on_SPACE-DeltaUGI_D2_rep1_CRISPResso_on_B2M	T	0.0001893808966324	0.0003357206803939	1.7216445148405756e-05	8.608222574202878e-05	8.608222574202878e-06	4.304111287101439e-05	0.999655671097032	8.608222574202878e-06	0.9995868053164384	9.469044831623166e-05	0.0001119068934646	0.0	5.164933544521727e-05	0.000172164451484	2.5824667722608635e-05	0.9991391777425798	0.000129123338613	1.7216445148405756e-05	0.0002065973417808	0.9996298464293092
_scratch_st-cdeboer-1_asfar_VLPs_results_crispresso_aggregated_spacer_SPACE-DeltaUGI_rep1_.staging_CRISPRessoPooled_on_SPACE-DeltaUGI_D2_rep1_CRISPResso_on_B2M	C	0.0001119068934646	0.000172164451484	6.025755801942015e-05	7.74740031678259e-05	5.164933544521727e-05	0.9998880931065354	0.000172164451484	1.7216445148405756e-05	8.608222574202878e-05	0.9998364437710902	0.9997934026582193	9.469044831623166e-05	3.443289029681151e-05	0.9997331451001996	1.7216445148405756e-05	0.0007489153639556	7.74740031678259e-05	1.7216445148405756e-05	3.443289029681151e-05	0.0001205151160388
_scratch_st-cdeboer-1_asfar_VLPs_results_crispresso_aggregated_spacer_SPACE-DeltaUGI_rep1_.staging_CRISPRessoPooled_on_SPACE-DeltaUGI_D2_rep1_CRISPResso_on_B2M	G	0.9996040217615868	0.9993974244198058	0.0002668548998002	0.9998192273259418	0.999870876661387	8.608222574202878e-06	0.000172164451484	0.0001463397837614	0.0003012877900971	1.7216445148405756e-05	3.443289029681151e-05	0.0001807726740582	0.9998794848839612	5.164933544521727e-05	0.9999397424419806	0.0001032986708904	0.9997761862130708	0.0004045864609875	0.999741753322774	0.0002324220095034
_scratch_st-cdeboer-1_asfar_VLPs_results_crispresso_aggregated_spacer_SPACE-DeltaUGI_rep1_.staging_CRISPRessoPooled_on_SPACE-DeltaUGI_D2_rep1_CRISPResso_on_B2M	N	0.0	0.0	0.0	0.0	0.0	0.0	0.0	0.0	0.0	0.0	8.608222574202878e-06	0.0	0.0	0.0	0.0	0.0	0.0	0.0	0.0	0.0
_scratch_st-cdeboer-1_asfar_VLPs_results_crispresso_aggregated_spacer_SPACE-DeltaUGI_rep1_.staging_CRISPRessoPooled_on_SPACE-DeltaUGI_D2_rep1_CRISPResso_on_B2M	-	8.608222574202878e-06	6.886578059362302e-05	1.7216445148405756e-05	0.0	0.0	8.608222574202878e-06	0.0	0.0	0.0	0.0	1.7216445148405756e-05	0.0	0.0	0.0	0.0	0.0	8.608222574202878e-06	0.0	0.0	0.0
_scratch_st-cdeboer-1_asfar_VLPs_results_crispresso_aggregated_spacer_SPACE-DeltaUGI_rep1_.staging_CRISPRessoPooled_on_SPACE-DeltaUGI_D3_rep1_CRISPResso_on_B2M	A	0.0001457871354362	3.069202851289449e-05	0.9997467907647686	7.673007128223622e-06	2.3019021384670867e-05	4.603804276934173e-05	7.673007128223622e-06	0.9997698097861532	3.069202851289449e-05	6.90570641540126e-05	6.138405702578898e-05	0.9997160987362558	3.069202851289449e-05	2.3019021384670867e-05	4.603804276934173e-05	0.0	3.836503564111811e-05	0.9996854067077428	1.5346014256447245e-05	0.0
_scratch_st-cdeboer-1_asfar_VLPs_results_crispresso_aggregated_spacer_SPACE-DeltaUGI_rep1_.staging_CRISPRessoPooled_on_SPACE-DeltaUGI_D3_rep1_CRISPResso_on_B2M	T	0.0001457871354362	0.0004757264419498	3.836503564111811e-05	0.0001764791639491	4.603804276934173e-05	4.603804276934173e-05	0.9996930797148712	1.5346014256447245e-05	0.9995242735580502	8.440307841045985e-05	9.207608553868348e-05	0.0	5.371104989756536e-05	0.0001841521710773	3.836503564111811e-05	0.9976904248544048	4.603804276934173e-05	1.5346014256447245e-05	0.0002225172067184	0.9996086766364606
_scratch_st-cdeboer-1_asfar_VLPs_results_crispresso_aggregated_spacer_SPACE-DeltaUGI_rep1_.staging_CRISPRessoPooled_on_SPACE-DeltaUGI_D3_rep1_CRISPResso_on_B2M	C	9.974909266690708e-05	6.90570641540126e-05	3.069202851289449e-05	8.440307841045985e-05	8.440307841045985e-05	0.9998465398574355	8.440307841045985e-05	1.5346014256447245e-05	0.0001841521710773	0.9997698097861532	0.9997544637718968	3.836503564111811e-05	5.371104989756536e-05	0.99965471467923	0.0	0.0021561150030308	0.0001227681140515	3.069202851289449e-05	6.138405702578898e-05	0.0002455362281031
_scratch_st-cdeboer-1_asfar_VLPs_results_crispresso_aggregated_spacer_SPACE-DeltaUGI_rep1_.staging_CRISPRessoPooled_on_SPACE-DeltaUGI_D3_rep1_CRISPResso_on_B2M	G	0.999554965586563	0.9993324483798446	0.0001227681140515	0.9996777337006146	0.999792828807538	7.673007128223622e-06	0.0001611331496926	0.0001457871354362	0.000207171192462	2.3019021384670867e-05	1.5346014256447245e-05	0.0001918251782055	0.9998081748217944	8.440307841045985e-05	0.999861885871692	9.974909266690708e-05	0.999792828807538	0.0002685552494878	0.9997007527219992	0.0001457871354362
_scratch_st-cdeboer-1_asfar_VLPs_results_crispresso_aggregated_spacer_SPACE-DeltaUGI_rep1_.staging_CRISPRessoPooled_on_SPACE-DeltaUGI_D3_rep1_CRISPResso_on_B2M	N	0.0	7.673007128223622e-06	0.0	0.0	0.0	0.0	0.0	0.0	0.0	0.0	0.0	0.0	0.0	0.0	0.0	0.0	0.0	0.0	0.0	0.0
_scratch_st-cdeboer-1_asfar_VLPs_results_crispresso_aggregated_spacer_SPACE-DeltaUGI_rep1_.staging_CRISPRessoPooled_on_SPACE-DeltaUGI_D3_rep1_CRISPResso_on_B2M	-	5.371104989756536e-05	8.440307841045985e-05	6.138405702578898e-05	5.371104989756536e-05	5.371104989756536e-05	5.371104989756536e-05	5.371104989756536e-05	5.371104989756536e-05	5.371104989756536e-05	5.371104989756536e-05	7.673007128223622e-05	5.371104989756536e-05	5.371104989756536e-05	5.371104989756536e-05	5.371104989756536e-05	5.371104989756536e-05	0.0	0.0	0.0	0.0
_scratch_st-cdeboer-1_asfar_VLPs_results_crispresso_aggregated_spacer_SPACE-DeltaUGI_rep1_.staging_CRISPRessoPooled_on_SPACE-DeltaUGI_D4_rep1_CRISPResso_on_B2M	A	0.0001092939610118	1.987162927488425e-05	0.9995826957852274	3.97432585497685e-05	3.97432585497685e-05	2.9807443912326373e-05	0.0	0.9996323748584146	9.935814637442124e-06	4.967907318721062e-05	4.967907318721062e-05	0.9996323748584146	9.935814637442124e-06	1.987162927488425e-05	1.987162927488425e-05	0.0	9.935814637442124e-06	0.999662182302327	0.0	0.0
_scratch_st-cdeboer-1_asfar_VLPs_results_crispresso_aggregated_spacer_SPACE-DeltaUGI_rep1_.staging_CRISPRessoPooled_on_SPACE-DeltaUGI_D4_rep1_CRISPResso_on_B2M	T	6.955070246209486e-05	0.0004073684001351	0.0	0.0001987162927488	4.967907318721062e-05	8.942233173697911e-05	0.9994734018242156	9.935814637442124e-06	0.9994535301949408	4.967907318721062e-05	7.9486517099537e-05	9.935814637442124e-06	0.0001192297756493	7.9486517099537e-05	3.97432585497685e-05	0.9939391530711604	5.9614887824652746e-05	0.0	0.0001788446634739	0.9994535301949408
_scratch_st-cdeboer-1_asfar_VLPs_results_crispresso_aggregated_spacer_SPACE-DeltaUGI_rep1_.staging_CRISPRessoPooled_on_SPACE-DeltaUGI_D4_rep1_CRISPResso_on_B2M	C	3.97432585497685e-05	5.9614887824652746e-05	2.9807443912326373e-05	3.97432585497685e-05	2.9807443912326373e-05	0.999731733004789	0.0001490372195616	4.967907318721062e-05	0.0001291655902867	0.9997416688194264	0.9996721181169644	3.97432585497685e-05	4.967907318721062e-05	0.9997118613755142	1.987162927488425e-05	0.0058025157482662	0.0001391014049241	4.967907318721062e-05	3.97432585497685e-05	0.0002980744391232
_scratch_st-cdeboer-1_asfar_VLPs_results_crispresso_aggregated_spacer_SPACE-DeltaUGI_rep1_.staging_CRISPRessoPooled_on_SPACE-DeltaUGI_D4_rep1_CRISPResso_on_B2M	G	0.9996323748584146	0.9993343004192914	0.0002285237366611	0.99957275997059	0.999731733004789	0.0	0.0002285237366611	0.0001490372195616	0.000248395365936	9.935814637442124e-06	2.9807443912326373e-05	0.0001689088488365	0.9996721181169644	3.97432585497685e-05	0.9997714762633388	0.0001092939610118	0.999642310673052	0.0001391014049241	0.9996323748584146	9.935814637442124e-05
_scratch_st-cdeboer-1_asfar_VLPs_results_crispresso_aggregated_spacer_SPACE-DeltaUGI_rep1_.staging_CRISPRessoPooled_on_SPACE-DeltaUGI_D4_rep1_CRISPResso_on_B2M	N	0.0	0.0	0.0	0.0	0.0	0.0	0.0	0.0	0.0	0.0	0.0	0.0	0.0	0.0	0.0	0.0	0.0	0.0	0.0	0.0
_scratch_st-cdeboer-1_asfar_VLPs_results_crispresso_aggregated_spacer_SPACE-DeltaUGI_rep1_.staging_CRISPRessoPooled_on_SPACE-DeltaUGI_D4_rep1_CRISPResso_on_B2M	-	0.0001490372195616	0.0001788446634739	0.000158973034199	0.0001490372195616	0.0001490372195616	0.0001490372195616	0.0001490372195616	0.000158973034199	0.000158973034199	0.0001490372195616	0.0001689088488365	0.0001490372195616	0.0001490372195616	0.0001490372195616	0.0001490372195616	0.0001490372195616	0.0001490372195616	0.0001490372195616	0.0001490372195616	0.0001490372195616
_scratch_st-cdeboer-1_asfar_VLPs_results_crispresso_aggregated_spacer_SPACE-DeltaUGI_rep1_.staging_CRISPRessoPooled_on_SPACE-DeltaUGI_D5_rep1_CRISPResso_on_B2M	A	0.0001457341531457	2.081916473511083e-05	0.9996946522505518	0.0	4.857805104859193e-05	6.245749420533248e-05	0.0	0.9996738330858166	1.3879443156740552e-05	2.7758886313481105e-05	2.7758886313481105e-05	0.999736290580022	2.081916473511083e-05	6.245749420533248e-05	4.163832947022166e-05	1.3879443156740552e-05	2.081916473511083e-05	0.999625255034768	6.939721578370276e-06	1.3879443156740552e-05
_scratch_st-cdeboer-1_asfar_VLPs_results_crispresso_aggregated_spacer_SPACE-DeltaUGI_rep1_.staging_CRISPRessoPooled_on_SPACE-DeltaUGI_D5_rep1_CRISPResso_on_B2M	T	7.633693736207303e-05	0.0003261669141834	0.0	0.0002359505336645	4.163832947022166e-05	7.633693736207303e-05	0.9996530139210816	0.0001040958236755	0.9993407264500548	6.939721578370275e-05	0.0001596135963025	0.0	7.633693736207303e-05	0.0001457341531457	6.245749420533248e-05	0.9923246679343224	0.0001110355452539	2.7758886313481105e-05	0.0003053477494482	0.99936154561479
_scratch_st-cdeboer-1_asfar_VLPs_results_crispresso_aggregated_spacer_SPACE-DeltaUGI_rep1_.staging_CRISPRessoPooled_on_SPACE-DeltaUGI_D5_rep1_CRISPResso_on_B2M	C	9.715610209718386e-05	0.0001040958236755	4.163832947022166e-05	6.245749420533248e-05	3.469860789185138e-05	0.9998473261252758	0.0001179752668322	4.163832947022166e-05	0.0003331066357617	0.999888964454746	0.999777928909492	8.327665894044331e-05	6.245749420533248e-05	0.9997501700231788	2.081916473511083e-05	0.0075851156851587	0.0002984080278699	5.551777262696221e-05	0.0001179752668322	0.0003886244083887
_scratch_st-cdeboer-1_asfar_VLPs_results_crispresso_aggregated_spacer_SPACE-DeltaUGI_rep1_.staging_CRISPRessoPooled_on_SPACE-DeltaUGI_D5_rep1_CRISPResso_on_B2M	G	0.9996738330858166	0.9995072797679356	0.0002498299768213	0.9996946522505518	0.999868145290011	6.939721578370276e-06	0.0002220710905078	0.0001734930394592	0.0003053477494482	6.939721578370276e-06	2.081916473511083e-05	0.0001734930394592	0.9998334466821192	3.469860789185138e-05	0.999868145290011	6.939721578370275e-05	0.9995627975405628	0.0002845285847131	0.9995627975405628	0.0002290108120862
_scratch_st-cdeboer-1_asfar_VLPs_results_crispresso_aggregated_spacer_SPACE-DeltaUGI_rep1_.staging_CRISPRessoPooled_on_SPACE-DeltaUGI_D5_rep1_CRISPResso_on_B2M	N	0.0	6.939721578370276e-06	0.0	0.0	0.0	0.0	0.0	0.0	0.0	0.0	0.0	0.0	0.0	0.0	0.0	0.0	0.0	0.0	0.0	0.0
_scratch_st-cdeboer-1_asfar_VLPs_results_crispresso_aggregated_spacer_SPACE-DeltaUGI_rep1_.staging_CRISPRessoPooled_on_SPACE-DeltaUGI_D5_rep1_CRISPResso_on_B2M	-	6.939721578370276e-06	3.469860789185138e-05	1.3879443156740552e-05	6.939721578370276e-06	6.939721578370276e-06	6.939721578370276e-06	6.939721578370276e-06	6.939721578370276e-06	6.939721578370276e-06	6.939721578370276e-06	1.3879443156740552e-05	6.939721578370276e-06	6.939721578370276e-06	6.939721578370276e-06	6.939721578370276e-06	6.939721578370276e-06	6.939721578370276e-06	6.939721578370276e-06	6.939721578370276e-06	6.939721578370276e-06
