Folder	Nucleotide	C	A	C	C	T	A	C	C	T	A	A	G	A	A	C	C	A	T	C	C
_scratch_st-cdeboer-1_asfar_VLPs_results_crispresso_aggregated_spacer_SPACE-NG_rep3_.staging_CRISPRessoPooled_on_SPACE-NG_D0_rep3_CRISPResso_on_PDCD1	A	1.474948008082715e-05	0.99982300623903	5.89979203233086e-05	8.849688048496291e-05	0.0	0.999911503119515	4.4248440242481454e-05	8.849688048496291e-05	0.0	0.9998377557191108	0.99982300623903	2.94989601616543e-05	0.9997345093585452	0.9998082567589492	2.94989601616543e-05	5.89979203233086e-05	0.99982300623903	0.0	0.0001032463605657	4.4248440242481454e-05
_scratch_st-cdeboer-1_asfar_VLPs_results_crispresso_aggregated_spacer_SPACE-NG_rep3_.staging_CRISPRessoPooled_on_SPACE-NG_D0_rep3_CRISPResso_on_PDCD1	T	5.89979203233086e-05	1.474948008082715e-05	7.374740040413575e-05	0.0	0.9997640083187068	2.94989601616543e-05	1.474948008082715e-05	2.94989601616543e-05	0.99982300623903	0.0	0.0	0.0001474948008082	1.474948008082715e-05	0.0	5.89979203233086e-05	7.374740040413575e-05	0.0	0.9997787577987876	2.94989601616543e-05	7.374740040413575e-05
_scratch_st-cdeboer-1_asfar_VLPs_results_crispresso_aggregated_spacer_SPACE-NG_rep3_.staging_CRISPRessoPooled_on_SPACE-NG_D0_rep3_CRISPResso_on_PDCD1	C	0.9998820041593534	4.4248440242481454e-05	0.9998377557191108	0.999911503119515	0.0001474948008082	1.474948008082715e-05	0.9999410020796768	0.9998820041593534	4.4248440242481454e-05	0.0	1.474948008082715e-05	4.4248440242481454e-05	8.849688048496291e-05	8.849688048496291e-05	0.999911503119515	0.99982300623903	4.4248440242481454e-05	0.0001917432410507	0.9998525051991918	0.9998672546792724
_scratch_st-cdeboer-1_asfar_VLPs_results_crispresso_aggregated_spacer_SPACE-NG_rep3_.staging_CRISPRessoPooled_on_SPACE-NG_D0_rep3_CRISPResso_on_PDCD1	G	2.94989601616543e-05	0.0001179958406466	2.94989601616543e-05	0.0	7.374740040413575e-05	4.4248440242481454e-05	0.0	0.0	0.0001179958406466	0.0001474948008082	0.0001032463605657	0.9997787577987876	0.000162244280889	0.0001032463605657	0.0	4.4248440242481454e-05	0.0001327453207274	2.94989601616543e-05	1.474948008082715e-05	1.474948008082715e-05
_scratch_st-cdeboer-1_asfar_VLPs_results_crispresso_aggregated_spacer_SPACE-NG_rep3_.staging_CRISPRessoPooled_on_SPACE-NG_D0_rep3_CRISPResso_on_PDCD1	N	0.0	0.0	0.0	0.0	1.474948008082715e-05	0.0	0.0	0.0	0.0	1.474948008082715e-05	0.0	0.0	0.0	0.0	0.0	0.0	0.0	0.0	0.0	0.0
_scratch_st-cdeboer-1_asfar_VLPs_results_crispresso_aggregated_spacer_SPACE-NG_rep3_.staging_CRISPRessoPooled_on_SPACE-NG_D0_rep3_CRISPResso_on_PDCD1	-	1.474948008082715e-05	0.0	0.0	0.0	0.0	0.0	0.0	0.0	1.474948008082715e-05	0.0	5.89979203233086e-05	0.0	0.0	0.0	0.0	0.0	0.0	0.0	0.0	0.0
_scratch_st-cdeboer-1_asfar_VLPs_results_crispresso_aggregated_spacer_SPACE-NG_rep3_.staging_CRISPRessoPooled_on_SPACE-NG_D1_rep3_CRISPResso_on_PDCD1	A	3.9397222495814046e-05	0.9998030138875208	1.9698611247907023e-05	3.9397222495814046e-05	0.0	0.9999015069437605	9.849305623953512e-05	0.0	3.9397222495814046e-05	0.9998030138875208	0.9998818083325126	1.9698611247907023e-05	0.9998030138875208	0.9998227124987688	3.9397222495814046e-05	9.849305623953512e-05	0.9999015069437605	0.0	5.9095833743721065e-05	3.9397222495814046e-05
_scratch_st-cdeboer-1_asfar_VLPs_results_crispresso_aggregated_spacer_SPACE-NG_rep3_.staging_CRISPRessoPooled_on_SPACE-NG_D1_rep3_CRISPResso_on_PDCD1	T	1.9698611247907023e-05	3.9397222495814046e-05	0.0001772875012311	1.9698611247907023e-05	0.9998621097212648	1.9698611247907023e-05	3.9397222495814046e-05	1.9698611247907023e-05	0.9997833152762732	0.0	0.0	0.0001181916674874	1.9698611247907023e-05	0.0	1.9698611247907023e-05	5.9095833743721065e-05	0.0	0.9996060277750418	1.9698611247907023e-05	3.9397222495814046e-05
_scratch_st-cdeboer-1_asfar_VLPs_results_crispresso_aggregated_spacer_SPACE-NG_rep3_.staging_CRISPRessoPooled_on_SPACE-NG_D1_rep3_CRISPResso_on_PDCD1	C	0.9998621097212648	3.9397222495814046e-05	0.9998030138875208	0.9999212055550084	7.879444499162809e-05	1.9698611247907023e-05	0.9998621097212648	0.999980301388752	7.879444499162809e-05	0.0	3.9397222495814046e-05	1.9698611247907023e-05	3.9397222495814046e-05	3.9397222495814046e-05	0.9999409041662564	0.9998424111100168	0.0	0.0003151777799665	0.9998621097212648	0.9999212055550084
_scratch_st-cdeboer-1_asfar_VLPs_results_crispresso_aggregated_spacer_SPACE-NG_rep3_.staging_CRISPRessoPooled_on_SPACE-NG_D1_rep3_CRISPResso_on_PDCD1	G	1.9698611247907023e-05	0.0001181916674874	0.0	1.9698611247907023e-05	5.9095833743721065e-05	5.9095833743721065e-05	0.0	0.0	7.879444499162809e-05	0.000196986112479	5.9095833743721065e-05	0.9998424111100168	0.0001378902787353	0.0001378902787353	0.0	0.0	9.849305623953512e-05	7.879444499162809e-05	5.9095833743721065e-05	0.0
_scratch_st-cdeboer-1_asfar_VLPs_results_crispresso_aggregated_spacer_SPACE-NG_rep3_.staging_CRISPRessoPooled_on_SPACE-NG_D1_rep3_CRISPResso_on_PDCD1	N	0.0	0.0	0.0	0.0	0.0	0.0	0.0	0.0	0.0	0.0	0.0	0.0	0.0	0.0	0.0	0.0	0.0	0.0	0.0	0.0
_scratch_st-cdeboer-1_asfar_VLPs_results_crispresso_aggregated_spacer_SPACE-NG_rep3_.staging_CRISPRessoPooled_on_SPACE-NG_D1_rep3_CRISPResso_on_PDCD1	-	5.9095833743721065e-05	0.0	0.0	0.0	0.0	0.0	0.0	0.0	1.9698611247907023e-05	0.0	1.9698611247907023e-05	0.0	0.0	0.0	0.0	0.0	0.0	0.0	0.0	0.0
_scratch_st-cdeboer-1_asfar_VLPs_results_crispresso_aggregated_spacer_SPACE-NG_rep3_.staging_CRISPRessoPooled_on_SPACE-NG_D2_rep3_CRISPResso_on_PDCD1	A	0.0001153174524727	0.9998023129386182	1.6473921781819378e-05	8.23696089090969e-05	0.0	0.9998682086257454	0.0	3.294784356363876e-05	4.942176534545814e-05	0.9997364172514908	0.9998846825475272	1.6473921781819378e-05	0.9998023129386182	0.9998846825475272	1.6473921781819378e-05	8.23696089090969e-05	0.9999011564693092	1.6473921781819378e-05	1.6473921781819378e-05	3.294784356363876e-05
_scratch_st-cdeboer-1_asfar_VLPs_results_crispresso_aggregated_spacer_SPACE-NG_rep3_.staging_CRISPRessoPooled_on_SPACE-NG_D2_rep3_CRISPResso_on_PDCD1	T	4.942176534545814e-05	0.0	6.589568712727751e-05	0.0002306349049454	0.9999011564693092	0.0	0.0003459523574182	0.0	0.9997364172514908	0.0	0.0	9.884353069091628e-05	0.0	0.0	1.6473921781819378e-05	3.294784356363876e-05	1.6473921781819378e-05	0.9996705215643636	6.589568712727751e-05	1.6473921781819378e-05
_scratch_st-cdeboer-1_asfar_VLPs_results_crispresso_aggregated_spacer_SPACE-NG_rep3_.staging_CRISPRessoPooled_on_SPACE-NG_D2_rep3_CRISPResso_on_PDCD1	C	0.9997858390168364	4.942176534545814e-05	0.9999176303910908	0.9996375737208	8.23696089090969e-05	1.6473921781819378e-05	0.9996540476425818	0.9999505782346544	0.0001153174524727	1.6473921781819378e-05	1.6473921781819378e-05	3.294784356363876e-05	8.23696089090969e-05	4.942176534545814e-05	0.9999670521564364	0.9998517347039636	1.6473921781819378e-05	0.0002635827485091	0.9999011564693092	0.9999011564693092
_scratch_st-cdeboer-1_asfar_VLPs_results_crispresso_aggregated_spacer_SPACE-NG_rep3_.staging_CRISPRessoPooled_on_SPACE-NG_D2_rep3_CRISPResso_on_PDCD1	G	1.6473921781819378e-05	0.0001317913742545	0.0	3.294784356363876e-05	1.6473921781819378e-05	0.0001153174524727	0.0	1.6473921781819378e-05	9.884353069091628e-05	0.0002471088267272	4.942176534545814e-05	0.9998517347039636	0.0001153174524727	6.589568712727751e-05	0.0	3.294784356363876e-05	6.589568712727751e-05	4.942176534545814e-05	1.6473921781819378e-05	3.294784356363876e-05
_scratch_st-cdeboer-1_asfar_VLPs_results_crispresso_aggregated_spacer_SPACE-NG_rep3_.staging_CRISPRessoPooled_on_SPACE-NG_D2_rep3_CRISPResso_on_PDCD1	N	0.0	0.0	0.0	1.6473921781819378e-05	0.0	0.0	0.0	0.0	0.0	0.0	0.0	0.0	0.0	0.0	0.0	0.0	0.0	0.0	0.0	0.0
_scratch_st-cdeboer-1_asfar_VLPs_results_crispresso_aggregated_spacer_SPACE-NG_rep3_.staging_CRISPRessoPooled_on_SPACE-NG_D2_rep3_CRISPResso_on_PDCD1	-	3.294784356363876e-05	1.6473921781819378e-05	0.0	0.0	0.0	0.0	0.0	0.0	0.0	0.0	4.942176534545814e-05	0.0	0.0	0.0	0.0	0.0	0.0	0.0	0.0	1.6473921781819378e-05
_scratch_st-cdeboer-1_asfar_VLPs_results_crispresso_aggregated_spacer_SPACE-NG_rep3_.staging_CRISPRessoPooled_on_SPACE-NG_D3_rep3_CRISPResso_on_PDCD1	A	0.0001216816402685	0.9996957958993288	0.0001014013668904	8.112109351234054e-05	0.0	0.9998377578129752	0.0001014013668904	4.056054675617027e-05	0.0	0.9998985986331096	0.9998580380863534	4.056054675617027e-05	0.9996957958993288	0.9998580380863534	2.0280273378085136e-05	0.0001014013668904	0.9998174775395972	0.0	4.056054675617027e-05	4.056054675617027e-05
_scratch_st-cdeboer-1_asfar_VLPs_results_crispresso_aggregated_spacer_SPACE-NG_rep3_.staging_CRISPRessoPooled_on_SPACE-NG_D3_rep3_CRISPResso_on_PDCD1	T	2.0280273378085136e-05	2.0280273378085136e-05	6.084082013425541e-05	2.0280273378085136e-05	0.9996957958993288	0.0	6.084082013425541e-05	2.0280273378085136e-05	0.9998174775395972	0.0	0.0	0.0001419619136465	2.0280273378085136e-05	0.0	2.0280273378085136e-05	4.056054675617027e-05	0.0	0.999553833985682	4.056054675617027e-05	6.084082013425541e-05
_scratch_st-cdeboer-1_asfar_VLPs_results_crispresso_aggregated_spacer_SPACE-NG_rep3_.staging_CRISPRessoPooled_on_SPACE-NG_D3_rep3_CRISPResso_on_PDCD1	C	0.9998174775395972	8.112109351234054e-05	0.9997971972662192	0.9998783183597316	0.0002028027337808	2.0280273378085136e-05	0.9998377578129752	0.9999188789064876	8.112109351234054e-05	0.0	8.112109351234054e-05	4.056054675617027e-05	8.112109351234054e-05	2.0280273378085136e-05	0.9999391591798658	0.9998377578129752	8.112109351234054e-05	0.0003244843740493	0.9998985986331096	0.9998580380863534
_scratch_st-cdeboer-1_asfar_VLPs_results_crispresso_aggregated_spacer_SPACE-NG_rep3_.staging_CRISPRessoPooled_on_SPACE-NG_D3_rep3_CRISPResso_on_PDCD1	G	4.056054675617027e-05	0.0002028027337808	4.056054675617027e-05	2.0280273378085136e-05	0.0001014013668904	0.0001419619136465	0.0	2.0280273378085136e-05	0.0001014013668904	0.0001014013668904	6.084082013425541e-05	0.9997769169928412	0.0002028027337808	0.0001014013668904	0.0	0.0	8.112109351234054e-05	0.0001014013668904	0.0	2.0280273378085136e-05
_scratch_st-cdeboer-1_asfar_VLPs_results_crispresso_aggregated_spacer_SPACE-NG_rep3_.staging_CRISPRessoPooled_on_SPACE-NG_D3_rep3_CRISPResso_on_PDCD1	N	0.0	0.0	0.0	0.0	0.0	0.0	0.0	0.0	0.0	0.0	0.0	0.0	0.0	0.0	0.0	0.0	0.0	0.0	0.0	0.0
_scratch_st-cdeboer-1_asfar_VLPs_results_crispresso_aggregated_spacer_SPACE-NG_rep3_.staging_CRISPRessoPooled_on_SPACE-NG_D3_rep3_CRISPResso_on_PDCD1	-	0.0	0.0	0.0	0.0	0.0	0.0	0.0	0.0	0.0	0.0	0.0	0.0	0.0	2.0280273378085136e-05	2.0280273378085136e-05	2.0280273378085136e-05	2.0280273378085136e-05	2.0280273378085136e-05	2.0280273378085136e-05	2.0280273378085136e-05
_scratch_st-cdeboer-1_asfar_VLPs_results_crispresso_aggregated_spacer_SPACE-NG_rep3_.staging_CRISPRessoPooled_on_SPACE-NG_D4_rep3_CRISPResso_on_PDCD1	A	7.308605883427736e-05	0.9998172848529144	0.0001279006029599	5.481454412570802e-05	0.0	0.99987209939704	0.0	0.0003106157500456	0.0	0.99987209939704	0.9999269139411656	1.827151470856934e-05	0.9997076557646628	0.9998172848529144	0.0	5.481454412570802e-05	0.9998355563676228	1.827151470856934e-05	5.481454412570802e-05	5.481454412570802e-05
_scratch_st-cdeboer-1_asfar_VLPs_results_crispresso_aggregated_spacer_SPACE-NG_rep3_.staging_CRISPRessoPooled_on_SPACE-NG_D4_rep3_CRISPResso_on_PDCD1	T	9.13575735428467e-05	1.827151470856934e-05	5.481454412570802e-05	1.827151470856934e-05	0.9997807418234972	1.827151470856934e-05	0.0	5.481454412570802e-05	0.9998355563676228	0.0	1.827151470856934e-05	3.654302941713868e-05	0.0	0.0	0.0	1.827151470856934e-05	3.654302941713868e-05	0.9995797551617028	5.481454412570802e-05	3.654302941713868e-05
_scratch_st-cdeboer-1_asfar_VLPs_results_crispresso_aggregated_spacer_SPACE-NG_rep3_.staging_CRISPRessoPooled_on_SPACE-NG_D4_rep3_CRISPResso_on_PDCD1	C	0.9997259272793716	3.654302941713868e-05	0.9997990133382058	0.9999269139411656	0.0001279006029599	1.827151470856934e-05	0.9999817284852914	0.9996345697058286	3.654302941713868e-05	0.0	1.827151470856934e-05	3.654302941713868e-05	0.0001461721176685	3.654302941713868e-05	0.9999817284852914	0.9999269139411656	0.0	0.0003106157500456	0.9998538278823316	0.9999086424264572
_scratch_st-cdeboer-1_asfar_VLPs_results_crispresso_aggregated_spacer_SPACE-NG_rep3_.staging_CRISPRessoPooled_on_SPACE-NG_D4_rep3_CRISPResso_on_PDCD1	G	7.308605883427736e-05	0.0001279006029599	1.827151470856934e-05	0.0	9.13575735428467e-05	9.13575735428467e-05	1.827151470856934e-05	0.0	9.13575735428467e-05	0.0001279006029599	3.654302941713868e-05	0.9999086424264572	0.0001461721176685	0.0001461721176685	1.827151470856934e-05	0.0	0.0001279006029599	7.308605883427736e-05	3.654302941713868e-05	0.0
_scratch_st-cdeboer-1_asfar_VLPs_results_crispresso_aggregated_spacer_SPACE-NG_rep3_.staging_CRISPRessoPooled_on_SPACE-NG_D4_rep3_CRISPResso_on_PDCD1	N	0.0	0.0	0.0	0.0	0.0	0.0	0.0	0.0	0.0	0.0	0.0	0.0	0.0	0.0	0.0	0.0	0.0	1.827151470856934e-05	0.0	0.0
_scratch_st-cdeboer-1_asfar_VLPs_results_crispresso_aggregated_spacer_SPACE-NG_rep3_.staging_CRISPRessoPooled_on_SPACE-NG_D4_rep3_CRISPResso_on_PDCD1	-	3.654302941713868e-05	0.0	0.0	0.0	0.0	0.0	0.0	0.0	3.654302941713868e-05	0.0	0.0	0.0	0.0	0.0	0.0	0.0	0.0	0.0	0.0	0.0
_scratch_st-cdeboer-1_asfar_VLPs_results_crispresso_aggregated_spacer_SPACE-NG_rep3_.staging_CRISPRessoPooled_on_SPACE-NG_D5_rep3_CRISPResso_on_PDCD1	A	9.6180049051825e-05	0.9997916098937212	6.412003270121668e-05	6.412003270121668e-05	0.0	0.9998717599345976	6.412003270121668e-05	3.206001635060834e-05	6.412003270121668e-05	0.9998557299264222	0.9997435198691952	8.015004087652085e-05	0.9997916098937212	0.9997755798855458	4.8090024525912505e-05	8.015004087652085e-05	0.9997595498773704	3.206001635060834e-05	3.206001635060834e-05	3.206001635060834e-05
_scratch_st-cdeboer-1_asfar_VLPs_results_crispresso_aggregated_spacer_SPACE-NG_rep3_.staging_CRISPRessoPooled_on_SPACE-NG_D5_rep3_CRISPResso_on_PDCD1	T	0.0	4.8090024525912505e-05	9.6180049051825e-05	6.412003270121668e-05	0.9997435198691952	1.603000817530417e-05	4.8090024525912505e-05	6.412003270121668e-05	0.9998236699100717	0.0	3.206001635060834e-05	4.8090024525912505e-05	0.0	0.0	0.0	3.206001635060834e-05	1.603000817530417e-05	0.9997114598528444	4.8090024525912505e-05	3.206001635060834e-05
_scratch_st-cdeboer-1_asfar_VLPs_results_crispresso_aggregated_spacer_SPACE-NG_rep3_.staging_CRISPRessoPooled_on_SPACE-NG_D5_rep3_CRISPResso_on_PDCD1	C	0.9998717599345976	3.206001635060834e-05	0.9998076399018964	0.999839699918247	0.0001763300899283	1.603000817530417e-05	0.9998717599345976	0.9998877899427728	6.412003270121668e-05	1.603000817530417e-05	3.206001635060834e-05	1.603000817530417e-05	4.8090024525912505e-05	6.412003270121668e-05	0.999903819950948	0.9998717599345976	9.6180049051825e-05	0.0001763300899283	0.9998717599345976	0.9999198499591236
_scratch_st-cdeboer-1_asfar_VLPs_results_crispresso_aggregated_spacer_SPACE-NG_rep3_.staging_CRISPRessoPooled_on_SPACE-NG_D5_rep3_CRISPResso_on_PDCD1	G	0.0	0.0001122100572271	1.603000817530417e-05	1.603000817530417e-05	6.412003270121668e-05	6.412003270121668e-05	0.0	0.0	3.206001635060834e-05	0.0001122100572271	0.0001442700735777	0.999839699918247	0.0001442700735777	0.0001442700735777	1.603000817530417e-05	0.0	0.0001122100572271	6.412003270121668e-05	3.206001635060834e-05	0.0
_scratch_st-cdeboer-1_asfar_VLPs_results_crispresso_aggregated_spacer_SPACE-NG_rep3_.staging_CRISPRessoPooled_on_SPACE-NG_D5_rep3_CRISPResso_on_PDCD1	N	0.0	0.0	0.0	0.0	0.0	1.603000817530417e-05	0.0	0.0	0.0	0.0	0.0	0.0	0.0	0.0	1.603000817530417e-05	0.0	0.0	0.0	0.0	0.0
_scratch_st-cdeboer-1_asfar_VLPs_results_crispresso_aggregated_spacer_SPACE-NG_rep3_.staging_CRISPRessoPooled_on_SPACE-NG_D5_rep3_CRISPResso_on_PDCD1	-	3.206001635060834e-05	1.603000817530417e-05	1.603000817530417e-05	1.603000817530417e-05	1.603000817530417e-05	1.603000817530417e-05	1.603000817530417e-05	1.603000817530417e-05	1.603000817530417e-05	1.603000817530417e-05	4.8090024525912505e-05	1.603000817530417e-05	1.603000817530417e-05	1.603000817530417e-05	1.603000817530417e-05	1.603000817530417e-05	1.603000817530417e-05	1.603000817530417e-05	1.603000817530417e-05	1.603000817530417e-05
