Folder	Nucleotide	C	A	C	C	T	A	C	C	T	A	A	G	A	A	C	C	A	T	C	C
_scratch_st-cdeboer-1_asfar_VLPs_results_crispresso_aggregated_spacer_SPACE-DeltaUGI_rep2_.staging_CRISPRessoPooled_on_SPACE-DeltaUGI_D1_rep2_CRISPResso_on_PDCD1	A	2.4805278563278263e-05	0.9998015577714938	4.961055712655653e-05	4.961055712655653e-05	0.0	0.9992310363645384	0.0	2.4805278563278263e-05	0.0	0.9997023366572406	0.9998759736071836	7.44158356898348e-05	0.9997023366572406	0.9998511683286204	2.4805278563278263e-05	4.961055712655653e-05	0.999826363050057	0.0	7.44158356898348e-05	9.922111425311306e-05
_scratch_st-cdeboer-1_asfar_VLPs_results_crispresso_aggregated_spacer_SPACE-DeltaUGI_rep2_.staging_CRISPRessoPooled_on_SPACE-DeltaUGI_D1_rep2_CRISPResso_on_PDCD1	T	0.0	2.4805278563278263e-05	4.961055712655653e-05	2.4805278563278263e-05	0.999826363050057	0.0	4.961055712655653e-05	0.0	0.9998015577714938	2.4805278563278263e-05	0.0	0.0001736369499429	0.0	0.0	2.4805278563278263e-05	4.961055712655653e-05	2.4805278563278263e-05	0.9997767524929304	4.961055712655653e-05	7.44158356898348e-05
_scratch_st-cdeboer-1_asfar_VLPs_results_crispresso_aggregated_spacer_SPACE-DeltaUGI_rep2_.staging_CRISPRessoPooled_on_SPACE-DeltaUGI_D1_rep2_CRISPResso_on_PDCD1	C	0.9999007788857468	4.961055712655653e-05	0.9999007788857468	0.9998759736071836	0.0001488316713796	4.961055712655653e-05	0.9999255841643102	0.9999751947214368	9.922111425311306e-05	0.0	0.0	0.0	7.44158356898348e-05	4.961055712655653e-05	0.9999503894428734	0.9999007788857468	7.44158356898348e-05	0.0001984422285062	0.9998759736071836	0.9998015577714938
_scratch_st-cdeboer-1_asfar_VLPs_results_crispresso_aggregated_spacer_SPACE-DeltaUGI_rep2_.staging_CRISPRessoPooled_on_SPACE-DeltaUGI_D1_rep2_CRISPResso_on_PDCD1	G	4.961055712655653e-05	0.0001240263928163	0.0	2.4805278563278263e-05	2.4805278563278263e-05	0.000719353078335	2.4805278563278263e-05	0.0	9.922111425311306e-05	0.000272858064196	9.922111425311306e-05	0.9997519472143672	0.0002232475070695	7.44158356898348e-05	0.0	0.0	7.44158356898348e-05	2.4805278563278263e-05	0.0	2.4805278563278263e-05
_scratch_st-cdeboer-1_asfar_VLPs_results_crispresso_aggregated_spacer_SPACE-DeltaUGI_rep2_.staging_CRISPRessoPooled_on_SPACE-DeltaUGI_D1_rep2_CRISPResso_on_PDCD1	N	0.0	0.0	0.0	0.0	0.0	0.0	0.0	0.0	0.0	0.0	0.0	0.0	0.0	2.4805278563278263e-05	0.0	0.0	0.0	0.0	0.0	0.0
_scratch_st-cdeboer-1_asfar_VLPs_results_crispresso_aggregated_spacer_SPACE-DeltaUGI_rep2_.staging_CRISPRessoPooled_on_SPACE-DeltaUGI_D1_rep2_CRISPResso_on_PDCD1	-	2.4805278563278263e-05	0.0	0.0	2.4805278563278263e-05	0.0	0.0	0.0	0.0	0.0	0.0	2.4805278563278263e-05	0.0	0.0	0.0	0.0	0.0	0.0	0.0	0.0	0.0
_scratch_st-cdeboer-1_asfar_VLPs_results_crispresso_aggregated_spacer_SPACE-DeltaUGI_rep2_.staging_CRISPRessoPooled_on_SPACE-DeltaUGI_D2_rep2_CRISPResso_on_PDCD1	A	0.0001067197894062	0.9996620540002136	5.335989470314112e-05	1.7786631567713707e-05	0.0	0.9983992031589056	5.335989470314112e-05	5.335989470314112e-05	1.7786631567713707e-05	0.999875493579026	0.9998221336843228	0.0001067197894062	0.9997332005264844	0.9998043470527552	0.0	3.5573263135427415e-05	0.9998577069474582	0.0	3.5573263135427415e-05	8.893315783856853e-05
_scratch_st-cdeboer-1_asfar_VLPs_results_crispresso_aggregated_spacer_SPACE-DeltaUGI_rep2_.staging_CRISPRessoPooled_on_SPACE-DeltaUGI_D2_rep2_CRISPResso_on_PDCD1	T	5.335989470314112e-05	8.893315783856853e-05	8.893315783856853e-05	5.335989470314112e-05	0.999875493579026	0.0	3.5573263135427415e-05	5.335989470314112e-05	0.9998043470527552	1.7786631567713707e-05	1.7786631567713707e-05	7.114652627085483e-05	1.7786631567713707e-05	0.0	5.335989470314112e-05	8.893315783856853e-05	3.5573263135427415e-05	0.9996442673686458	1.7786631567713707e-05	8.893315783856853e-05
_scratch_st-cdeboer-1_asfar_VLPs_results_crispresso_aggregated_spacer_SPACE-DeltaUGI_rep2_.staging_CRISPRessoPooled_on_SPACE-DeltaUGI_D2_rep2_CRISPResso_on_PDCD1	C	0.9998043470527552	0.0001067197894062	0.9997687737896196	0.9999110668421616	0.0001067197894062	0.0	0.9999110668421616	0.9998399203158904	0.0001422930525417	0.0	1.7786631567713707e-05	8.893315783856853e-05	8.893315783856853e-05	7.114652627085483e-05	0.9999288534737292	0.999875493579026	5.335989470314112e-05	0.0002845861050834	0.9999466401052968	0.9997865604211874
_scratch_st-cdeboer-1_asfar_VLPs_results_crispresso_aggregated_spacer_SPACE-DeltaUGI_rep2_.staging_CRISPRessoPooled_on_SPACE-DeltaUGI_D2_rep2_CRISPResso_on_PDCD1	G	1.7786631567713707e-05	0.0001422930525417	8.893315783856853e-05	1.7786631567713707e-05	1.7786631567713707e-05	0.0016007968410942	0.0	5.335989470314112e-05	3.5573263135427415e-05	0.0001067197894062	0.0001067197894062	0.9997332005264844	0.0001600796841094	0.0001245064209739	1.7786631567713707e-05	0.0	5.335989470314112e-05	5.335989470314112e-05	0.0	3.5573263135427415e-05
_scratch_st-cdeboer-1_asfar_VLPs_results_crispresso_aggregated_spacer_SPACE-DeltaUGI_rep2_.staging_CRISPRessoPooled_on_SPACE-DeltaUGI_D2_rep2_CRISPResso_on_PDCD1	N	0.0	0.0	0.0	0.0	0.0	0.0	0.0	0.0	0.0	0.0	0.0	0.0	0.0	0.0	0.0	0.0	0.0	1.7786631567713707e-05	0.0	0.0
_scratch_st-cdeboer-1_asfar_VLPs_results_crispresso_aggregated_spacer_SPACE-DeltaUGI_rep2_.staging_CRISPRessoPooled_on_SPACE-DeltaUGI_D2_rep2_CRISPResso_on_PDCD1	-	1.7786631567713707e-05	0.0	0.0	0.0	0.0	0.0	0.0	0.0	0.0	0.0	3.5573263135427415e-05	0.0	0.0	0.0	0.0	0.0	0.0	0.0	0.0	0.0
_scratch_st-cdeboer-1_asfar_VLPs_results_crispresso_aggregated_spacer_SPACE-DeltaUGI_rep2_.staging_CRISPRessoPooled_on_SPACE-DeltaUGI_D3_rep2_CRISPResso_on_PDCD1	A	6.311537490532694e-05	0.999810653875284	1.2623074981065388e-05	7.573844988639233e-05	0.0	0.9974122696288816	5.049229992426155e-05	6.311537490532694e-05	0.0	0.9998863923251704	0.9998232769502652	0.0001009845998485	0.999785407725322	0.9999242615501136	1.2623074981065388e-05	1.2623074981065388e-05	0.999835900025246	0.0	2.5246149962130772e-05	2.5246149962130772e-05
_scratch_st-cdeboer-1_asfar_VLPs_results_crispresso_aggregated_spacer_SPACE-DeltaUGI_rep2_.staging_CRISPRessoPooled_on_SPACE-DeltaUGI_D3_rep2_CRISPResso_on_PDCD1	T	3.786922494319616e-05	3.786922494319616e-05	1.2623074981065388e-05	2.5246149962130772e-05	0.9998485231002272	0.0	3.786922494319616e-05	2.5246149962130772e-05	0.999835900025246	0.0	0.0	7.573844988639233e-05	1.2623074981065388e-05	0.0	1.2623074981065388e-05	3.786922494319616e-05	0.0	0.9997222923504164	5.049229992426155e-05	5.049229992426155e-05
_scratch_st-cdeboer-1_asfar_VLPs_results_crispresso_aggregated_spacer_SPACE-DeltaUGI_rep2_.staging_CRISPRessoPooled_on_SPACE-DeltaUGI_D3_rep2_CRISPResso_on_PDCD1	C	0.9998611461752084	5.049229992426155e-05	0.9999621307750568	0.9998863923251704	0.0001136076748295	3.786922494319616e-05	0.9999116384751324	0.9998863923251704	0.0001136076748295	0.0	2.5246149962130772e-05	3.786922494319616e-05	8.836152486745771e-05	1.2623074981065388e-05	0.999974753850038	0.9999116384751324	5.049229992426155e-05	0.0002398384246402	0.9999242615501136	0.9999116384751324
_scratch_st-cdeboer-1_asfar_VLPs_results_crispresso_aggregated_spacer_SPACE-DeltaUGI_rep2_.staging_CRISPRessoPooled_on_SPACE-DeltaUGI_D3_rep2_CRISPResso_on_PDCD1	G	1.2623074981065388e-05	8.836152486745771e-05	1.2623074981065388e-05	1.2623074981065388e-05	3.786922494319616e-05	0.0025498611461752	0.0	2.5246149962130772e-05	5.049229992426155e-05	0.0001136076748295	0.0001009845998485	0.999785407725322	0.0001136076748295	6.311537490532694e-05	0.0	3.786922494319616e-05	0.0001136076748295	3.786922494319616e-05	0.0	1.2623074981065388e-05
_scratch_st-cdeboer-1_asfar_VLPs_results_crispresso_aggregated_spacer_SPACE-DeltaUGI_rep2_.staging_CRISPRessoPooled_on_SPACE-DeltaUGI_D3_rep2_CRISPResso_on_PDCD1	N	0.0	0.0	0.0	0.0	0.0	0.0	0.0	0.0	0.0	0.0	0.0	0.0	0.0	0.0	0.0	0.0	0.0	0.0	0.0	0.0
_scratch_st-cdeboer-1_asfar_VLPs_results_crispresso_aggregated_spacer_SPACE-DeltaUGI_rep2_.staging_CRISPRessoPooled_on_SPACE-DeltaUGI_D3_rep2_CRISPResso_on_PDCD1	-	2.5246149962130772e-05	1.2623074981065388e-05	0.0	0.0	0.0	0.0	0.0	0.0	0.0	0.0	5.049229992426155e-05	0.0	0.0	0.0	0.0	0.0	0.0	0.0	0.0	0.0
_scratch_st-cdeboer-1_asfar_VLPs_results_crispresso_aggregated_spacer_SPACE-DeltaUGI_rep2_.staging_CRISPRessoPooled_on_SPACE-DeltaUGI_D4_rep2_CRISPResso_on_PDCD1	A	8.902737591809482e-05	0.9998812968321092	4.451368795904741e-05	5.935158394539654e-05	0.0	0.9895986349135693	2.967579197269827e-05	4.451368795904741e-05	2.967579197269827e-05	0.99983678314415	0.9998071073521776	8.902737591809482e-05	0.9997180799762594	0.9998071073521776	0.0	5.935158394539654e-05	0.9998516210401364	0.0	4.451368795904741e-05	4.451368795904741e-05
_scratch_st-cdeboer-1_asfar_VLPs_results_crispresso_aggregated_spacer_SPACE-DeltaUGI_rep2_.staging_CRISPRessoPooled_on_SPACE-DeltaUGI_D4_rep2_CRISPResso_on_PDCD1	T	8.902737591809482e-05	1.4837895986349135e-05	5.935158394539654e-05	4.451368795904741e-05	0.9998516210401364	1.4837895986349135e-05	1.4837895986349135e-05	1.4837895986349135e-05	0.9996884041842866	0.0	1.4837895986349135e-05	0.0001038652719044	1.4837895986349135e-05	0.0	2.967579197269827e-05	1.4837895986349135e-05	1.4837895986349135e-05	0.9997032420802732	0.0	2.967579197269827e-05
_scratch_st-cdeboer-1_asfar_VLPs_results_crispresso_aggregated_spacer_SPACE-DeltaUGI_rep2_.staging_CRISPRessoPooled_on_SPACE-DeltaUGI_D4_rep2_CRISPResso_on_PDCD1	C	0.9997774315602048	1.4837895986349135e-05	0.9998812968321092	0.9998812968321092	0.0001187031678907	2.967579197269827e-05	0.9999554863120408	0.9998961347280956	0.0001187031678907	0.0	1.4837895986349135e-05	4.451368795904741e-05	0.0001335410638771	7.418947993174568e-05	0.9999703242080272	0.999910972624082	5.935158394539654e-05	0.0002077305438088	0.999910972624082	0.9998961347280956
_scratch_st-cdeboer-1_asfar_VLPs_results_crispresso_aggregated_spacer_SPACE-DeltaUGI_rep2_.staging_CRISPRessoPooled_on_SPACE-DeltaUGI_D4_rep2_CRISPResso_on_PDCD1	G	4.451368795904741e-05	8.902737591809482e-05	1.4837895986349135e-05	1.4837895986349135e-05	2.967579197269827e-05	0.0103568513984716	0.0	2.967579197269827e-05	0.0001335410638771	0.0001632168558498	0.0001038652719044	0.9997625936642184	0.0001335410638771	0.0001187031678907	0.0	0.0	7.418947993174568e-05	7.418947993174568e-05	4.451368795904741e-05	2.967579197269827e-05
_scratch_st-cdeboer-1_asfar_VLPs_results_crispresso_aggregated_spacer_SPACE-DeltaUGI_rep2_.staging_CRISPRessoPooled_on_SPACE-DeltaUGI_D4_rep2_CRISPResso_on_PDCD1	N	0.0	0.0	0.0	0.0	0.0	0.0	0.0	0.0	0.0	0.0	0.0	0.0	0.0	0.0	0.0	0.0	0.0	1.4837895986349135e-05	0.0	0.0
_scratch_st-cdeboer-1_asfar_VLPs_results_crispresso_aggregated_spacer_SPACE-DeltaUGI_rep2_.staging_CRISPRessoPooled_on_SPACE-DeltaUGI_D4_rep2_CRISPResso_on_PDCD1	-	0.0	0.0	0.0	0.0	0.0	0.0	0.0	1.4837895986349135e-05	2.967579197269827e-05	0.0	5.935158394539654e-05	0.0	0.0	0.0	0.0	1.4837895986349135e-05	0.0	0.0	0.0	0.0
_scratch_st-cdeboer-1_asfar_VLPs_results_crispresso_aggregated_spacer_SPACE-DeltaUGI_rep2_.staging_CRISPRessoPooled_on_SPACE-DeltaUGI_D5_rep2_CRISPResso_on_PDCD1	A	0.0001139698549733	0.9997008291306948	5.698492748667977e-05	7.123115935834971e-05	1.4246231871669945e-05	0.9833461549420178	4.273869561500983e-05	4.273869561500983e-05	1.4246231871669945e-05	0.99948713565262	0.9997720602900532	5.698492748667977e-05	0.9997720602900532	0.99974356782631	2.849246374333989e-05	7.123115935834971e-05	0.99982904521754	0.0	7.123115935834971e-05	5.698492748667977e-05
_scratch_st-cdeboer-1_asfar_VLPs_results_crispresso_aggregated_spacer_SPACE-DeltaUGI_rep2_.staging_CRISPRessoPooled_on_SPACE-DeltaUGI_D5_rep2_CRISPResso_on_PDCD1	T	1.4246231871669945e-05	5.698492748667977e-05	2.849246374333989e-05	1.4246231871669945e-05	0.9998005527537966	4.273869561500983e-05	7.123115935834971e-05	1.4246231871669945e-05	0.9998147989856684	0.0	0.0	4.273869561500983e-05	0.0	1.4246231871669945e-05	1.4246231871669945e-05	4.273869561500983e-05	0.0	0.99974356782631	1.4246231871669945e-05	4.273869561500983e-05
_scratch_st-cdeboer-1_asfar_VLPs_results_crispresso_aggregated_spacer_SPACE-DeltaUGI_rep2_.staging_CRISPRessoPooled_on_SPACE-DeltaUGI_D5_rep2_CRISPResso_on_PDCD1	C	0.99982904521754	2.849246374333989e-05	0.999871783913155	0.999871783913155	0.0001139698549733	2.849246374333989e-05	0.9998575376812832	0.9999002763768984	7.123115935834971e-05	0.0	0.0	4.273869561500983e-05	7.123115935834971e-05	0.000128216086845	0.9999430150725134	0.9998432914494116	7.123115935834971e-05	0.0001852010143317	0.9998860301450266	0.999871783913155
_scratch_st-cdeboer-1_asfar_VLPs_results_crispresso_aggregated_spacer_SPACE-DeltaUGI_rep2_.staging_CRISPRessoPooled_on_SPACE-DeltaUGI_D5_rep2_CRISPResso_on_PDCD1	G	0.0	0.0001994472462033	2.849246374333989e-05	2.849246374333989e-05	5.698492748667977e-05	0.0165541214348804	1.4246231871669945e-05	2.849246374333989e-05	8.547739123001966e-05	0.0004986181155084	0.0001852010143317	0.9998432914494116	0.0001424623187166	8.547739123001966e-05	0.0	2.849246374333989e-05	8.547739123001966e-05	5.698492748667977e-05	1.4246231871669945e-05	1.4246231871669945e-05
_scratch_st-cdeboer-1_asfar_VLPs_results_crispresso_aggregated_spacer_SPACE-DeltaUGI_rep2_.staging_CRISPRessoPooled_on_SPACE-DeltaUGI_D5_rep2_CRISPResso_on_PDCD1	N	0.0	0.0	0.0	0.0	0.0	0.0	0.0	0.0	0.0	0.0	0.0	0.0	0.0	0.0	0.0	0.0	0.0	0.0	0.0	0.0
_scratch_st-cdeboer-1_asfar_VLPs_results_crispresso_aggregated_spacer_SPACE-DeltaUGI_rep2_.staging_CRISPRessoPooled_on_SPACE-DeltaUGI_D5_rep2_CRISPResso_on_PDCD1	-	4.273869561500983e-05	1.4246231871669945e-05	1.4246231871669945e-05	1.4246231871669945e-05	1.4246231871669945e-05	2.849246374333989e-05	1.4246231871669945e-05	1.4246231871669945e-05	1.4246231871669945e-05	1.4246231871669945e-05	4.273869561500983e-05	1.4246231871669945e-05	1.4246231871669945e-05	2.849246374333989e-05	1.4246231871669945e-05	1.4246231871669945e-05	1.4246231871669945e-05	1.4246231871669945e-05	1.4246231871669945e-05	1.4246231871669945e-05
