Folder	Nucleotide	G	G	C	C	C	A	G	A	C	T	G	A	G	C	A	C	G	T	G	A
_scratch_st-cdeboer-1_asfar_VLPs_results_crispresso_aggregated_spacer_SPACE_rep2_.staging_CRISPRessoPooled_on_SPACE_D0_rep2_CRISPResso_on_HEK3	A	5.00801282051282e-05	0.0	0.0	5.00801282051282e-05	5.00801282051282e-05	0.9998497596153846	0.0001001602564102	0.999649439102564	0.0	0.0	5.00801282051282e-05	0.9997996794871796	0.0	0.0	0.9998998397435898	0.0	5.00801282051282e-05	0.0	0.0	0.9998497596153846
_scratch_st-cdeboer-1_asfar_VLPs_results_crispresso_aggregated_spacer_SPACE_rep2_.staging_CRISPRessoPooled_on_SPACE_D0_rep2_CRISPResso_on_HEK3	T	0.0002003205128205	0.0001001602564102	5.00801282051282e-05	0.0001001602564102	0.0	0.0	0.0002003205128205	5.00801282051282e-05	5.00801282051282e-05	0.9997495993589745	0.0001502403846153	0.0	5.00801282051282e-05	0.0001001602564102	0.0	0.0001001602564102	0.0001001602564102	0.9999499198717948	0.0001001602564102	0.0
_scratch_st-cdeboer-1_asfar_VLPs_results_crispresso_aggregated_spacer_SPACE_rep2_.staging_CRISPRessoPooled_on_SPACE_D0_rep2_CRISPResso_on_HEK3	C	0.0	5.00801282051282e-05	0.9999499198717948	0.9998497596153846	0.9999499198717948	5.00801282051282e-05	0.0001001602564102	5.00801282051282e-05	0.9999499198717948	0.0002003205128205	5.00801282051282e-05	0.0001001602564102	0.0	0.9998998397435898	0.0	0.9998998397435898	0.0001502403846153	0.0	5.00801282051282e-05	0.0
_scratch_st-cdeboer-1_asfar_VLPs_results_crispresso_aggregated_spacer_SPACE_rep2_.staging_CRISPRessoPooled_on_SPACE_D0_rep2_CRISPResso_on_HEK3	G	0.9997495993589745	0.9998497596153846	0.0	0.0	0.0	0.0001001602564102	0.9995993589743588	0.0002504006410256	0.0	5.00801282051282e-05	0.9997495993589745	0.0001001602564102	0.9999499198717948	0.0	0.0001001602564102	0.0	0.9996995192307692	5.00801282051282e-05	0.9998497596153846	0.0001502403846153
_scratch_st-cdeboer-1_asfar_VLPs_results_crispresso_aggregated_spacer_SPACE_rep2_.staging_CRISPRessoPooled_on_SPACE_D0_rep2_CRISPResso_on_HEK3	N	0.0	0.0	0.0	0.0	0.0	0.0	0.0	0.0	0.0	0.0	0.0	0.0	0.0	0.0	0.0	0.0	0.0	0.0	0.0	0.0
_scratch_st-cdeboer-1_asfar_VLPs_results_crispresso_aggregated_spacer_SPACE_rep2_.staging_CRISPRessoPooled_on_SPACE_D0_rep2_CRISPResso_on_HEK3	-	0.0	0.0	0.0	0.0	0.0	0.0	0.0	0.0	0.0	0.0	0.0	0.0	0.0	0.0	0.0	0.0	0.0	0.0	0.0	0.0
_scratch_st-cdeboer-1_asfar_VLPs_results_crispresso_aggregated_spacer_SPACE_rep2_.staging_CRISPRessoPooled_on_SPACE_D1_rep2_CRISPResso_on_HEK3	A	4.278623994523361e-05	0.0001711449597809	4.278623994523361e-05	0.0	0.0001283587198357	0.9989731302413144	0.0	0.9996149238404928	0.0	0.0	0.0	0.9996149238404928	4.278623994523361e-05	0.0	0.999828855040219	8.557247989046722e-05	0.0	8.557247989046722e-05	0.0001283587198357	0.9998716412801644
_scratch_st-cdeboer-1_asfar_VLPs_results_crispresso_aggregated_spacer_SPACE_rep2_.staging_CRISPRessoPooled_on_SPACE_D1_rep2_CRISPResso_on_HEK3	T	0.0001283587198357	0.0	0.0006845798391237	0.0003422899195618	0.0001283587198357	0.0	8.557247989046722e-05	0.0	0.0	0.999272633920931	0.0001711449597809	0.0	4.278623994523361e-05	8.557247989046722e-05	4.278623994523361e-05	0.0	0.0	0.999786068800274	0.0	0.0
_scratch_st-cdeboer-1_asfar_VLPs_results_crispresso_aggregated_spacer_SPACE_rep2_.staging_CRISPRessoPooled_on_SPACE_D1_rep2_CRISPResso_on_HEK3	C	4.278623994523361e-05	4.278623994523361e-05	0.999272633920931	0.9994865651206573	0.999443778880712	4.278623994523361e-05	8.557247989046722e-05	0.0	0.9995721376005476	0.0002567174396714	4.278623994523361e-05	4.278623994523361e-05	4.278623994523361e-05	0.9996149238404928	0.0	0.9999144275201096	0.0002567174396714	0.0001283587198357	8.557247989046722e-05	4.278623994523361e-05
_scratch_st-cdeboer-1_asfar_VLPs_results_crispresso_aggregated_spacer_SPACE_rep2_.staging_CRISPRessoPooled_on_SPACE_D1_rep2_CRISPResso_on_HEK3	G	0.999786068800274	0.999786068800274	0.0	0.0	4.278623994523361e-05	0.0008129385589594	0.999657710080438	0.0002139311997261	0.0	4.278623994523361e-05	0.9993582064008216	8.557247989046722e-05	0.9996149238404928	4.278623994523361e-05	0.0001283587198357	0.0	0.9997432825603286	0.0	0.999786068800274	8.557247989046722e-05
_scratch_st-cdeboer-1_asfar_VLPs_results_crispresso_aggregated_spacer_SPACE_rep2_.staging_CRISPRessoPooled_on_SPACE_D1_rep2_CRISPResso_on_HEK3	N	0.0	0.0	0.0	0.0	0.0	0.0	0.0	0.0	0.0	0.0	0.0	0.0	0.0	0.0	0.0	0.0	0.0	0.0	0.0	0.0
_scratch_st-cdeboer-1_asfar_VLPs_results_crispresso_aggregated_spacer_SPACE_rep2_.staging_CRISPRessoPooled_on_SPACE_D1_rep2_CRISPResso_on_HEK3	-	0.0	0.0	0.0	0.0001711449597809	0.0002567174396714	0.0001711449597809	0.0001711449597809	0.0001711449597809	0.0004278623994523	0.0004278623994523	0.0004278623994523	0.0002567174396714	0.0002567174396714	0.0002567174396714	0.0	0.0	0.0	0.0	0.0	0.0
_scratch_st-cdeboer-1_asfar_VLPs_results_crispresso_aggregated_spacer_SPACE_rep2_.staging_CRISPRessoPooled_on_SPACE_D2_rep2_CRISPResso_on_HEK3	A	0.0	0.0	0.0001040474456352	0.0002080948912704	0.0	0.9987514306523776	0.0	0.9987514306523776	0.0	0.0	0.0	0.9996878576630944	0.0	0.0	1.0	0.0001040474456352	0.0	0.0001040474456352	0.0	0.9997919051087296
_scratch_st-cdeboer-1_asfar_VLPs_results_crispresso_aggregated_spacer_SPACE_rep2_.staging_CRISPRessoPooled_on_SPACE_D2_rep2_CRISPResso_on_HEK3	T	0.0002080948912704	0.0	0.0013526167932577	0.0004161897825408	0.0014566642388929	0.0	0.0002080948912704	0.0	0.0001040474456352	0.9998959525543648	0.0	0.0	0.0001040474456352	0.0001040474456352	0.0	0.0	0.0002080948912704	0.9996878576630944	0.0	0.0
_scratch_st-cdeboer-1_asfar_VLPs_results_crispresso_aggregated_spacer_SPACE_rep2_.staging_CRISPRessoPooled_on_SPACE_D2_rep2_CRISPResso_on_HEK3	C	0.0	0.0	0.9981271459785662	0.9992716678805535	0.9976069087503902	0.0	0.0001040474456352	0.0001040474456352	0.9998959525543648	0.0001040474456352	0.0	0.0002080948912704	0.0	0.9998959525543648	0.0	0.9998959525543648	0.0	0.0001040474456352	0.0	0.0001040474456352
_scratch_st-cdeboer-1_asfar_VLPs_results_crispresso_aggregated_spacer_SPACE_rep2_.staging_CRISPRessoPooled_on_SPACE_D2_rep2_CRISPResso_on_HEK3	G	0.9996878576630944	0.9995838102174592	0.0	0.0	0.0002080948912704	0.0011445219019873	0.9995838102174592	0.001040474456352	0.0	0.0	1.0	0.0001040474456352	0.9998959525543648	0.0	0.0	0.0	0.9997919051087296	0.0001040474456352	1.0	0.0001040474456352
_scratch_st-cdeboer-1_asfar_VLPs_results_crispresso_aggregated_spacer_SPACE_rep2_.staging_CRISPRessoPooled_on_SPACE_D2_rep2_CRISPResso_on_HEK3	N	0.0	0.0	0.0	0.0	0.0	0.0	0.0	0.0	0.0	0.0	0.0	0.0	0.0	0.0	0.0	0.0	0.0	0.0	0.0	0.0
_scratch_st-cdeboer-1_asfar_VLPs_results_crispresso_aggregated_spacer_SPACE_rep2_.staging_CRISPRessoPooled_on_SPACE_D2_rep2_CRISPResso_on_HEK3	-	0.0001040474456352	0.0004161897825408	0.0004161897825408	0.0001040474456352	0.0007283321194464	0.0001040474456352	0.0001040474456352	0.0001040474456352	0.0	0.0	0.0	0.0	0.0	0.0	0.0	0.0	0.0	0.0	0.0	0.0
_scratch_st-cdeboer-1_asfar_VLPs_results_crispresso_aggregated_spacer_SPACE_rep2_.staging_CRISPRessoPooled_on_SPACE_D3_rep2_CRISPResso_on_HEK3	A	9.994003597841297e-05	0.000249850089946	0.0	0.0005496701978812	0.0001499100539676	0.9989006596042376	4.997001798920648e-05	0.9994003597841296	9.994003597841297e-05	0.0	0.0	0.9996002398560864	4.997001798920648e-05	0.0	0.9998001199280432	4.997001798920648e-05	4.997001798920648e-05	0.0	0.0	0.9997001798920648
_scratch_st-cdeboer-1_asfar_VLPs_results_crispresso_aggregated_spacer_SPACE_rep2_.staging_CRISPRessoPooled_on_SPACE_D3_rep2_CRISPResso_on_HEK3	T	0.0001499100539676	4.997001798920648e-05	0.0015490705576654	0.0009494303417949	0.0005996402158704	0.0	0.0001499100539676	0.0	4.997001798920648e-05	0.999750149910054	0.0001499100539676	0.0	0.0	0.0	0.0	0.0001998800719568	0.0001499100539676	0.9999000599640216	0.0001998800719568	0.0
_scratch_st-cdeboer-1_asfar_VLPs_results_crispresso_aggregated_spacer_SPACE_rep2_.staging_CRISPRessoPooled_on_SPACE_D3_rep2_CRISPResso_on_HEK3	C	9.994003597841297e-05	0.0001998800719568	0.9981011393164102	0.9979512292624424	0.9986008394963022	4.997001798920648e-05	4.997001798920648e-05	4.997001798920648e-05	0.9997001798920648	4.997001798920648e-05	0.0	0.0001499100539676	0.0	1.0	0.0	0.999750149910054	9.994003597841297e-05	4.997001798920648e-05	0.0	0.0001499100539676
_scratch_st-cdeboer-1_asfar_VLPs_results_crispresso_aggregated_spacer_SPACE_rep2_.staging_CRISPRessoPooled_on_SPACE_D3_rep2_CRISPResso_on_HEK3	G	0.9995502698380972	0.9994003597841296	0.0001499100539676	0.0003497901259244	0.0001998800719568	0.0008494903058165	0.9995502698380972	0.0004497301619028	4.997001798920648e-05	9.994003597841297e-05	0.999750149910054	0.0001499100539676	0.9999500299820108	0.0	0.0001998800719568	0.0	0.9997001798920648	4.997001798920648e-05	0.999750149910054	0.0001499100539676
_scratch_st-cdeboer-1_asfar_VLPs_results_crispresso_aggregated_spacer_SPACE_rep2_.staging_CRISPRessoPooled_on_SPACE_D3_rep2_CRISPResso_on_HEK3	N	0.0	0.0	0.0	0.0	0.0	0.0	0.0	0.0	0.0	0.0	0.0	0.0	0.0	0.0	0.0	0.0	0.0	0.0	0.0	0.0
_scratch_st-cdeboer-1_asfar_VLPs_results_crispresso_aggregated_spacer_SPACE_rep2_.staging_CRISPRessoPooled_on_SPACE_D3_rep2_CRISPResso_on_HEK3	-	9.994003597841297e-05	9.994003597841297e-05	0.0001998800719568	0.0001998800719568	0.0004497301619028	0.0001998800719568	0.0001998800719568	9.994003597841297e-05	9.994003597841297e-05	9.994003597841297e-05	9.994003597841297e-05	9.994003597841297e-05	0.0	0.0	0.0	0.0	0.0	0.0	4.997001798920648e-05	0.0
_scratch_st-cdeboer-1_asfar_VLPs_results_crispresso_aggregated_spacer_SPACE_rep2_.staging_CRISPRessoPooled_on_SPACE_D4_rep2_CRISPResso_on_HEK3	A	0.0	0.0001360266612256	0.000680133306128	0.002040399918384	0.0004080799836768	0.9919064136570768	0.0	0.9959872134938448	0.0	0.0	0.0001360266612256	0.9991158267020336	6.80133306128001e-05	0.0	0.999659933346936	0.0	0.0	0.0	0.0	0.9995919200163232
_scratch_st-cdeboer-1_asfar_VLPs_results_crispresso_aggregated_spacer_SPACE_rep2_.staging_CRISPRessoPooled_on_SPACE_D4_rep2_CRISPResso_on_HEK3	T	0.0001360266612256	0.0006121199755152	0.0062572264163776	0.0025845065632864	0.0022444399102224	0.0	0.0	0.0	0.0	0.9991158267020336	6.80133306128001e-05	0.0	0.0	0.0001360266612256	0.0	0.0	0.0	0.9995919200163232	0.0	0.0
_scratch_st-cdeboer-1_asfar_VLPs_results_crispresso_aggregated_spacer_SPACE_rep2_.staging_CRISPRessoPooled_on_SPACE_D4_rep2_CRISPResso_on_HEK3	C	0.0	0.0002720533224512	0.9923144936407536	0.9940828402366864	0.9927905869550432	0.0002040399918384	0.0002040399918384	6.80133306128001e-05	0.9994558933550975	0.0001360266612256	0.0	0.0001360266612256	0.0	0.999319866693872	0.0	0.999659933346936	0.0001360266612256	0.0001360266612256	0.0	0.0
_scratch_st-cdeboer-1_asfar_VLPs_results_crispresso_aggregated_spacer_SPACE_rep2_.staging_CRISPRessoPooled_on_SPACE_D4_rep2_CRISPResso_on_HEK3	G	0.9994558933550975	0.9984356933959057	0.000340066653064	0.000680133306128	0.0014962932734816	0.0072774263755696	0.999319866693872	0.00340066653064	0.0	0.0002040399918384	0.9991838400326464	0.0002720533224512	0.9994558933550975	6.80133306128001e-05	0.0	0.0	0.9995919200163232	6.80133306128001e-05	0.9997959600081616	0.0002040399918384
_scratch_st-cdeboer-1_asfar_VLPs_results_crispresso_aggregated_spacer_SPACE_rep2_.staging_CRISPRessoPooled_on_SPACE_D4_rep2_CRISPResso_on_HEK3	N	0.0	0.0	0.0	0.0	0.0	0.0	0.0	0.0	0.0	0.0	0.0	0.0	0.0	0.0	0.0	0.0	0.0	0.0	0.0	0.0
_scratch_st-cdeboer-1_asfar_VLPs_results_crispresso_aggregated_spacer_SPACE_rep2_.staging_CRISPRessoPooled_on_SPACE_D4_rep2_CRISPResso_on_HEK3	-	0.0004080799836768	0.0005441066449024	0.0004080799836768	0.0006121199755152	0.003060599877576	0.0006121199755152	0.0004760933142896	0.0005441066449024	0.0005441066449024	0.0005441066449024	0.0006121199755152	0.0004760933142896	0.0004760933142896	0.0004760933142896	0.000340066653064	0.000340066653064	0.0002720533224512	0.0002040399918384	0.0002040399918384	0.0002040399918384
_scratch_st-cdeboer-1_asfar_VLPs_results_crispresso_aggregated_spacer_SPACE_rep2_.staging_CRISPRessoPooled_on_SPACE_D5_rep2_CRISPResso_on_HEK3	A	3.500420050406049e-05	0.0002100252030243	0.0011201344161299	0.0015751890226827	0.0002100252030243	0.990723886866424	3.500420050406049e-05	0.995379445533464	3.500420050406049e-05	0.0	7.000840100812098e-05	0.998809857182862	3.500420050406049e-05	0.0	0.9994749369924392	0.0	0.0	0.0	0.0	0.9998599831979836
_scratch_st-cdeboer-1_asfar_VLPs_results_crispresso_aggregated_spacer_SPACE_rep2_.staging_CRISPRessoPooled_on_SPACE_D5_rep2_CRISPResso_on_HEK3	T	0.0002100252030243	0.0004900588070568	0.005215625875105	0.0037454494539344	0.0024152898347801	7.000840100812098e-05	0.0001750210025203	0.0	3.500420050406049e-05	0.9990198823858863	7.000840100812098e-05	0.0	3.500420050406049e-05	0.0003500420050406	0.0	3.500420050406049e-05	0.0001050126015121	0.9998249789974796	0.0001050126015121	0.0
_scratch_st-cdeboer-1_asfar_VLPs_results_crispresso_aggregated_spacer_SPACE_rep2_.staging_CRISPRessoPooled_on_SPACE_D5_rep2_CRISPResso_on_HEK3	C	3.500420050406049e-05	0.0001400168020162	0.992999159899188	0.992999159899188	0.9929641556986838	0.0	0.0	7.000840100812098e-05	0.9989148697843742	0.0	0.0	0.0001400168020162	7.000840100812098e-05	0.9990198823858863	0.0	0.9996149537944552	7.000840100812098e-05	7.000840100812098e-05	0.0001050126015121	0.0
_scratch_st-cdeboer-1_asfar_VLPs_results_crispresso_aggregated_spacer_SPACE_rep2_.staging_CRISPRessoPooled_on_SPACE_D5_rep2_CRISPResso_on_HEK3	G	0.9991949033884068	0.9978997479697564	0.0	0.0010151218146177	0.0012951554186502	0.0085060207224866	0.9991248949873984	0.0036054326519182	3.500420050406049e-05	3.500420050406049e-05	0.99887986558387	0.0001400168020162	0.9989848781853824	0.0	3.500420050406049e-05	0.0	0.9996499579949594	3.500420050406049e-05	0.9997199663959676	7.000840100812098e-05
_scratch_st-cdeboer-1_asfar_VLPs_results_crispresso_aggregated_spacer_SPACE_rep2_.staging_CRISPRessoPooled_on_SPACE_D5_rep2_CRISPResso_on_HEK3	N	0.0	0.0	0.0	0.0	0.0	0.0	0.0	0.0	0.0	0.0	0.0	0.0	0.0	0.0	0.0	0.0	0.0	0.0	0.0	0.0
_scratch_st-cdeboer-1_asfar_VLPs_results_crispresso_aggregated_spacer_SPACE_rep2_.staging_CRISPRessoPooled_on_SPACE_D5_rep2_CRISPResso_on_HEK3	-	0.0005250630075609	0.0012601512181461	0.0006650798095771	0.0006650798095771	0.0031153738448613	0.0007000840100812	0.0006650798095771	0.0009451134136096	0.0009801176141136	0.0009451134136096	0.0009801176141136	0.0009101092131055	0.0008751050126015	0.000630075609073	0.0004900588070568	0.0003500420050406	0.0001750210025203	7.000840100812098e-05	7.000840100812098e-05	7.000840100812098e-05
