Folder	Nucleotide	G	G	C	C	C	A	G	A	C	T	G	A	G	C	A	C	G	T	G	A
_scratch_st-cdeboer-1_asfar_VLPs_results_crispresso_aggregated_spacer_SPACE-NG_rep1_.staging_CRISPRessoPooled_on_SPACE-NG_D0_rep1_CRISPResso_on_HEK3	A	0.0	0.0	0.0	3.1110004977600795e-05	0.0001244400199104	0.9997822299651568	3.1110004977600795e-05	0.9997511199601792	0.0	0.0	0.0	0.9998133399701344	0.0	3.1110004977600795e-05	0.9998755599800896	0.0	0.0	0.0	6.222000995520159e-05	0.999688899950224
_scratch_st-cdeboer-1_asfar_VLPs_results_crispresso_aggregated_spacer_SPACE-NG_rep1_.staging_CRISPRessoPooled_on_SPACE-NG_D0_rep1_CRISPResso_on_HEK3	T	9.33300149328024e-05	3.1110004977600795e-05	3.1110004977600795e-05	6.222000995520159e-05	3.1110004977600795e-05	3.1110004977600795e-05	0.0001244400199104	0.0	0.0	0.9997822299651568	6.222000995520159e-05	0.0	6.222000995520159e-05	6.222000995520159e-05	0.0	3.1110004977600795e-05	0.0	0.9997511199601792	6.222000995520159e-05	0.0
_scratch_st-cdeboer-1_asfar_VLPs_results_crispresso_aggregated_spacer_SPACE-NG_rep1_.staging_CRISPRessoPooled_on_SPACE-NG_D0_rep1_CRISPResso_on_HEK3	C	3.1110004977600795e-05	9.33300149328024e-05	0.9998755599800896	0.9998755599800896	0.9997822299651568	0.000155550024888	0.0	9.33300149328024e-05	0.9999688899950224	0.0001244400199104	3.1110004977600795e-05	9.33300149328024e-05	6.222000995520159e-05	0.999844449975112	0.0	0.9999377799900449	0.0001866600298656	0.0001244400199104	3.1110004977600795e-05	6.222000995520159e-05
_scratch_st-cdeboer-1_asfar_VLPs_results_crispresso_aggregated_spacer_SPACE-NG_rep1_.staging_CRISPRessoPooled_on_SPACE-NG_D0_rep1_CRISPResso_on_HEK3	G	0.999844449975112	0.9997511199601792	6.222000995520159e-05	0.0	0.0	0.0	0.9998133399701344	0.0001244400199104	0.0	6.222000995520159e-05	0.9998755599800896	6.222000995520159e-05	0.999844449975112	3.1110004977600795e-05	9.33300149328024e-05	0.0	0.9997511199601792	9.33300149328024e-05	0.9998133399701344	0.0001866600298656
_scratch_st-cdeboer-1_asfar_VLPs_results_crispresso_aggregated_spacer_SPACE-NG_rep1_.staging_CRISPRessoPooled_on_SPACE-NG_D0_rep1_CRISPResso_on_HEK3	N	0.0	0.0	0.0	0.0	0.0	0.0	0.0	0.0	0.0	0.0	0.0	0.0	0.0	0.0	0.0	0.0	3.1110004977600795e-05	0.0	0.0	3.1110004977600795e-05
_scratch_st-cdeboer-1_asfar_VLPs_results_crispresso_aggregated_spacer_SPACE-NG_rep1_.staging_CRISPRessoPooled_on_SPACE-NG_D0_rep1_CRISPResso_on_HEK3	-	3.1110004977600795e-05	0.0001244400199104	3.1110004977600795e-05	3.1110004977600795e-05	6.222000995520159e-05	3.1110004977600795e-05	3.1110004977600795e-05	3.1110004977600795e-05	3.1110004977600795e-05	3.1110004977600795e-05	3.1110004977600795e-05	3.1110004977600795e-05	3.1110004977600795e-05	3.1110004977600795e-05	3.1110004977600795e-05	3.1110004977600795e-05	3.1110004977600795e-05	3.1110004977600795e-05	3.1110004977600795e-05	3.1110004977600795e-05
_scratch_st-cdeboer-1_asfar_VLPs_results_crispresso_aggregated_spacer_SPACE-NG_rep1_.staging_CRISPRessoPooled_on_SPACE-NG_D1_rep1_CRISPResso_on_HEK3	A	5.588777734309507e-05	5.588777734309507e-05	0.0	0.0	5.588777734309507e-05	0.9998882244453138	5.588777734309507e-05	0.9998323366679708	0.0	0.0	0.0	0.9998323366679708	0.0	0.0001676633320292	1.0	0.0	0.0	5.588777734309507e-05	0.0	0.9997764488906276
_scratch_st-cdeboer-1_asfar_VLPs_results_crispresso_aggregated_spacer_SPACE-NG_rep1_.staging_CRISPRessoPooled_on_SPACE-NG_D1_rep1_CRISPResso_on_HEK3	T	5.588777734309507e-05	0.0	5.588777734309507e-05	0.0	5.588777734309507e-05	0.0	0.0002794388867154	0.0	5.588777734309507e-05	0.9998882244453138	0.0001676633320292	0.0	5.588777734309507e-05	5.588777734309507e-05	0.0	0.0	0.0	0.9998882244453138	5.588777734309507e-05	0.0
_scratch_st-cdeboer-1_asfar_VLPs_results_crispresso_aggregated_spacer_SPACE-NG_rep1_.staging_CRISPRessoPooled_on_SPACE-NG_D1_rep1_CRISPResso_on_HEK3	C	0.0	0.0	0.9999441122226568	1.0	0.9998882244453138	5.588777734309507e-05	0.0	0.0	0.9998882244453138	0.0001117755546861	5.588777734309507e-05	0.0001117755546861	0.0	0.9997764488906276	0.0	1.0	0.0001676633320292	0.0	5.588777734309507e-05	0.0001117755546861
_scratch_st-cdeboer-1_asfar_VLPs_results_crispresso_aggregated_spacer_SPACE-NG_rep1_.staging_CRISPRessoPooled_on_SPACE-NG_D1_rep1_CRISPResso_on_HEK3	G	0.9998882244453138	0.9998882244453138	0.0	0.0	0.0	5.588777734309507e-05	0.9996646733359414	0.0001676633320292	5.588777734309507e-05	0.0	0.9997764488906276	5.588777734309507e-05	0.9999441122226568	0.0	0.0	0.0	0.9998323366679708	5.588777734309507e-05	0.9998882244453138	0.0001117755546861
_scratch_st-cdeboer-1_asfar_VLPs_results_crispresso_aggregated_spacer_SPACE-NG_rep1_.staging_CRISPRessoPooled_on_SPACE-NG_D1_rep1_CRISPResso_on_HEK3	N	0.0	0.0	0.0	0.0	0.0	0.0	0.0	0.0	0.0	0.0	0.0	0.0	0.0	0.0	0.0	0.0	0.0	0.0	0.0	0.0
_scratch_st-cdeboer-1_asfar_VLPs_results_crispresso_aggregated_spacer_SPACE-NG_rep1_.staging_CRISPRessoPooled_on_SPACE-NG_D1_rep1_CRISPResso_on_HEK3	-	0.0	5.588777734309507e-05	0.0	0.0	0.0	0.0	0.0	0.0	0.0	0.0	0.0	0.0	0.0	0.0	0.0	0.0	0.0	0.0	0.0	0.0
_scratch_st-cdeboer-1_asfar_VLPs_results_crispresso_aggregated_spacer_SPACE-NG_rep1_.staging_CRISPRessoPooled_on_SPACE-NG_D2_rep1_CRISPResso_on_HEK3	A	0.0	0.0001434837863321	2.049768376173492e-05	6.149305128520478e-05	0.0	0.9707908006395276	6.149305128520478e-05	0.986471528717255	0.0003894559914729	0.0	4.0995367523469845e-05	0.9997130324273356	2.049768376173492e-05	2.049768376173492e-05	0.999836018529906	2.049768376173492e-05	0.0	0.0	2.049768376173492e-05	0.9996720370598122
_scratch_st-cdeboer-1_asfar_VLPs_results_crispresso_aggregated_spacer_SPACE-NG_rep1_.staging_CRISPRessoPooled_on_SPACE-NG_D2_rep1_CRISPResso_on_HEK3	T	6.149305128520478e-05	8.199073504693969e-05	8.199073504693969e-05	2.049768376173492e-05	0.0001024884188086	0.0	0.0001229861025704	0.0	0.0001024884188086	0.9999385069487148	0.0001434837863321	0.0	2.049768376173492e-05	4.0995367523469845e-05	0.0	0.0001229861025704	0.0001639814700938	0.9998770138974296	8.199073504693969e-05	0.0
_scratch_st-cdeboer-1_asfar_VLPs_results_crispresso_aggregated_spacer_SPACE-NG_rep1_.staging_CRISPRessoPooled_on_SPACE-NG_D2_rep1_CRISPResso_on_HEK3	C	0.0001024884188086	0.0001229861025704	0.999836018529906	0.9999180092649532	0.999856516213668	4.0995367523469845e-05	4.0995367523469845e-05	4.0995367523469845e-05	0.9994875579059568	4.0995367523469845e-05	8.199073504693969e-05	6.149305128520478e-05	2.049768376173492e-05	0.9998975115811912	2.049768376173492e-05	0.999856516213668	0.0001434837863321	6.149305128520478e-05	8.199073504693969e-05	8.199073504693969e-05
_scratch_st-cdeboer-1_asfar_VLPs_results_crispresso_aggregated_spacer_SPACE-NG_rep1_.staging_CRISPRessoPooled_on_SPACE-NG_D2_rep1_CRISPResso_on_HEK3	G	0.999836018529906	0.9996310416922888	6.149305128520478e-05	0.0	0.0	0.0291682039929487	0.9997745254786208	0.0134874759152215	2.049768376173492e-05	2.049768376173492e-05	0.9997130324273356	0.000225474521379	0.9999385069487148	2.049768376173492e-05	0.0001434837863321	0.0	0.999692534743574	6.149305128520478e-05	0.9998155208461444	0.0002459722051408
_scratch_st-cdeboer-1_asfar_VLPs_results_crispresso_aggregated_spacer_SPACE-NG_rep1_.staging_CRISPRessoPooled_on_SPACE-NG_D2_rep1_CRISPResso_on_HEK3	N	0.0	0.0	0.0	0.0	0.0	0.0	0.0	0.0	0.0	0.0	0.0	0.0	0.0	0.0	0.0	0.0	0.0	0.0	0.0	0.0
_scratch_st-cdeboer-1_asfar_VLPs_results_crispresso_aggregated_spacer_SPACE-NG_rep1_.staging_CRISPRessoPooled_on_SPACE-NG_D2_rep1_CRISPResso_on_HEK3	-	0.0	2.049768376173492e-05	0.0	0.0	4.0995367523469845e-05	0.0	0.0	0.0	0.0	0.0	2.049768376173492e-05	0.0	0.0	2.049768376173492e-05	0.0	0.0	0.0	0.0	0.0	0.0
_scratch_st-cdeboer-1_asfar_VLPs_results_crispresso_aggregated_spacer_SPACE-NG_rep1_.staging_CRISPRessoPooled_on_SPACE-NG_D3_rep1_CRISPResso_on_HEK3	A	0.0	6.26969074750388e-05	4.70226806062791e-05	3.13484537375194e-05	1.56742268687597e-05	0.9998275835044436	1.56742268687597e-05	0.9992633113371684	0.0	3.13484537375194e-05	1.56742268687597e-05	0.999670841235756	1.56742268687597e-05	6.26969074750388e-05	0.999796235050706	9.40453612125582e-05	1.56742268687597e-05	0.0	1.56742268687597e-05	0.9998119092775748
_scratch_st-cdeboer-1_asfar_VLPs_results_crispresso_aggregated_spacer_SPACE-NG_rep1_.staging_CRISPRessoPooled_on_SPACE-NG_D3_rep1_CRISPResso_on_HEK3	T	0.0002037649492938	3.13484537375194e-05	7.83711343437985e-05	6.26969074750388e-05	4.70226806062791e-05	0.0	9.40453612125582e-05	3.13484537375194e-05	7.83711343437985e-05	0.9998589319581812	9.40453612125582e-05	1.56742268687597e-05	6.26969074750388e-05	3.13484537375194e-05	0.0	7.83711343437985e-05	0.0001567422686875	0.999670841235756	0.0001724164955563	0.0
_scratch_st-cdeboer-1_asfar_VLPs_results_crispresso_aggregated_spacer_SPACE-NG_rep1_.staging_CRISPRessoPooled_on_SPACE-NG_D3_rep1_CRISPResso_on_HEK3	C	3.13484537375194e-05	0.00012539381495	0.9998432577313124	0.9998902804119186	0.9999373030925248	3.13484537375194e-05	3.13484537375194e-05	1.56742268687597e-05	0.9999216288656562	7.83711343437985e-05	1.56742268687597e-05	0.0001724164955563	4.70226806062791e-05	0.9998589319581812	1.56742268687597e-05	0.999796235050706	0.00012539381495	0.0002037649492938	9.40453612125582e-05	4.70226806062791e-05
_scratch_st-cdeboer-1_asfar_VLPs_results_crispresso_aggregated_spacer_SPACE-NG_rep1_.staging_CRISPRessoPooled_on_SPACE-NG_D3_rep1_CRISPResso_on_HEK3	G	0.9997648865969686	0.9997178639163624	3.13484537375194e-05	1.56742268687597e-05	0.0	0.0001410680418188	0.9998589319581812	0.0006896659822254	0.0	3.13484537375194e-05	0.9998589319581812	0.0001410680418188	0.99987460618505	4.70226806062791e-05	0.0001880907224251	3.13484537375194e-05	0.9997021896894936	0.00012539381495	0.9997178639163624	0.00012539381495
_scratch_st-cdeboer-1_asfar_VLPs_results_crispresso_aggregated_spacer_SPACE-NG_rep1_.staging_CRISPRessoPooled_on_SPACE-NG_D3_rep1_CRISPResso_on_HEK3	N	0.0	0.0	0.0	0.0	0.0	0.0	0.0	0.0	0.0	0.0	0.0	0.0	0.0	0.0	0.0	0.0	0.0	0.0	0.0	1.56742268687597e-05
_scratch_st-cdeboer-1_asfar_VLPs_results_crispresso_aggregated_spacer_SPACE-NG_rep1_.staging_CRISPRessoPooled_on_SPACE-NG_D3_rep1_CRISPResso_on_HEK3	-	0.0	6.26969074750388e-05	0.0	0.0	0.0	0.0	0.0	0.0	0.0	0.0	1.56742268687597e-05	0.0	0.0	0.0	0.0	0.0	0.0	0.0	0.0	0.0
_scratch_st-cdeboer-1_asfar_VLPs_results_crispresso_aggregated_spacer_SPACE-NG_rep1_.staging_CRISPRessoPooled_on_SPACE-NG_D4_rep1_CRISPResso_on_HEK3	A	2.2620851901282604e-05	6.78625557038478e-05	4.524170380256521e-05	4.524170380256521e-05	6.78625557038478e-05	0.9994797204062704	6.78625557038478e-05	0.9998190331847896	0.0	0.0	4.524170380256521e-05	0.9999095165923948	0.0001131042595064	4.524170380256521e-05	0.9998642748885924	4.524170380256521e-05	0.0	0.0	0.0	0.9997737914809872
_scratch_st-cdeboer-1_asfar_VLPs_results_crispresso_aggregated_spacer_SPACE-NG_rep1_.staging_CRISPRessoPooled_on_SPACE-NG_D4_rep1_CRISPResso_on_HEK3	T	0.0001357251114076	2.2620851901282604e-05	0.0	4.524170380256521e-05	9.04834076051304e-05	0.0	9.04834076051304e-05	0.0	9.04834076051304e-05	0.9997059289252832	0.0001809668152102	0.0	0.0003166919266179	0.0001583459633089	0.0	0.0001131042595064	0.0001583459633089	0.9997737914809872	0.0	0.0
_scratch_st-cdeboer-1_asfar_VLPs_results_crispresso_aggregated_spacer_SPACE-NG_rep1_.staging_CRISPRessoPooled_on_SPACE-NG_D4_rep1_CRISPResso_on_HEK3	C	2.2620851901282604e-05	6.78625557038478e-05	0.9999547582961974	0.9998868957404936	0.9997737914809872	6.78625557038478e-05	4.524170380256521e-05	2.2620851901282604e-05	0.9999095165923948	0.0001357251114076	6.78625557038478e-05	2.2620851901282604e-05	2.2620851901282604e-05	0.9997964123328884	2.2620851901282604e-05	0.9998190331847896	9.04834076051304e-05	0.0002035876671115	6.78625557038478e-05	6.78625557038478e-05
_scratch_st-cdeboer-1_asfar_VLPs_results_crispresso_aggregated_spacer_SPACE-NG_rep1_.staging_CRISPRessoPooled_on_SPACE-NG_D4_rep1_CRISPResso_on_HEK3	G	0.9998190331847896	0.9997964123328884	0.0	2.2620851901282604e-05	2.2620851901282604e-05	0.0004524170380256	0.9997964123328884	0.0001583459633089	0.0	0.0001583459633089	0.9997059289252832	6.78625557038478e-05	0.9995475829619744	0.0	0.0001131042595064	2.2620851901282604e-05	0.999751170629086	2.2620851901282604e-05	0.999932137444296	0.0001583459633089
_scratch_st-cdeboer-1_asfar_VLPs_results_crispresso_aggregated_spacer_SPACE-NG_rep1_.staging_CRISPRessoPooled_on_SPACE-NG_D4_rep1_CRISPResso_on_HEK3	N	0.0	0.0	0.0	0.0	0.0	0.0	0.0	0.0	0.0	0.0	0.0	0.0	0.0	0.0	0.0	0.0	0.0	0.0	0.0	0.0
_scratch_st-cdeboer-1_asfar_VLPs_results_crispresso_aggregated_spacer_SPACE-NG_rep1_.staging_CRISPRessoPooled_on_SPACE-NG_D4_rep1_CRISPResso_on_HEK3	-	0.0	4.524170380256521e-05	0.0	0.0	4.524170380256521e-05	0.0	0.0	0.0	0.0	0.0	0.0	0.0	0.0	0.0	0.0	0.0	0.0	0.0	0.0	0.0
_scratch_st-cdeboer-1_asfar_VLPs_results_crispresso_aggregated_spacer_SPACE-NG_rep1_.staging_CRISPRessoPooled_on_SPACE-NG_D5_rep1_CRISPResso_on_HEK3	A	0.0	5.2105043768236766e-05	0.0	7.815756565235515e-05	7.815756565235515e-05	0.9993747394747812	0.0	0.9998176323468112	0.0	0.0	2.6052521884118383e-05	0.9997394747811588	2.6052521884118383e-05	2.6052521884118383e-05	1.0	5.2105043768236766e-05	0.0	0.0	0.0	0.9998697373905794
_scratch_st-cdeboer-1_asfar_VLPs_results_crispresso_aggregated_spacer_SPACE-NG_rep1_.staging_CRISPRessoPooled_on_SPACE-NG_D5_rep1_CRISPResso_on_HEK3	T	0.0002605252188411	5.2105043768236766e-05	2.6052521884118383e-05	5.2105043768236766e-05	0.0001563151313047	0.0	7.815756565235515e-05	0.0	2.6052521884118383e-05	0.9997915798249272	2.6052521884118383e-05	0.0	0.0	0.0	0.0	0.0001042100875364	0.0001302626094205	0.9997394747811588	5.2105043768236766e-05	0.0
_scratch_st-cdeboer-1_asfar_VLPs_results_crispresso_aggregated_spacer_SPACE-NG_rep1_.staging_CRISPRessoPooled_on_SPACE-NG_D5_rep1_CRISPResso_on_HEK3	C	2.6052521884118383e-05	0.0001563151313047	0.9999218424343476	0.9998436848686952	0.9996873697373906	2.6052521884118383e-05	7.815756565235515e-05	5.2105043768236766e-05	0.9999478949562316	0.0001042100875364	2.6052521884118383e-05	0.0001042100875364	0.0	0.9999218424343476	0.0	0.9998436848686952	7.815756565235515e-05	0.0001302626094205	7.815756565235515e-05	2.6052521884118383e-05
_scratch_st-cdeboer-1_asfar_VLPs_results_crispresso_aggregated_spacer_SPACE-NG_rep1_.staging_CRISPRessoPooled_on_SPACE-NG_D5_rep1_CRISPResso_on_HEK3	G	0.9997134222592748	0.9996613172155064	5.2105043768236766e-05	2.6052521884118383e-05	2.6052521884118383e-05	0.0005992080033347	0.9998436848686952	0.0001302626094205	2.6052521884118383e-05	0.0001042100875364	0.9999218424343476	0.0001563151313047	0.999973947478116	5.2105043768236766e-05	0.0	0.0	0.9997655273030428	0.0001302626094205	0.9998697373905794	0.0001042100875364
_scratch_st-cdeboer-1_asfar_VLPs_results_crispresso_aggregated_spacer_SPACE-NG_rep1_.staging_CRISPRessoPooled_on_SPACE-NG_D5_rep1_CRISPResso_on_HEK3	N	0.0	0.0	0.0	0.0	0.0	0.0	0.0	0.0	0.0	0.0	0.0	0.0	0.0	0.0	0.0	0.0	0.0	0.0	0.0	0.0
_scratch_st-cdeboer-1_asfar_VLPs_results_crispresso_aggregated_spacer_SPACE-NG_rep1_.staging_CRISPRessoPooled_on_SPACE-NG_D5_rep1_CRISPResso_on_HEK3	-	0.0	7.815756565235515e-05	0.0	0.0	5.2105043768236766e-05	0.0	0.0	0.0	0.0	0.0	0.0	0.0	0.0	0.0	0.0	0.0	2.6052521884118383e-05	0.0	0.0	0.0
