Folder	Nucleotide	G	G	C	C	C	A	G	A	C	T	G	A	G	C	A	C	G	T	G	A
_scratch_st-cdeboer-1_asfar_VLPs_results_crispresso_aggregated_spacer_TadCBEd_rep1_.staging_CRISPRessoPooled_on_TadCBEd_D0_rep1_CRISPResso_on_HEK3	A	0.0	4.880191303499097e-05	0.0	0.0005856229564198	4.880191303499097e-05	0.999853594260895	9.760382606998194e-05	0.99980479234786	0.0	0.0	4.880191303499097e-05	0.99960958469572	4.880191303499097e-05	0.0	0.999853594260895	9.760382606998194e-05	0.0	9.760382606998194e-05	0.0	0.9996583866087552
_scratch_st-cdeboer-1_asfar_VLPs_results_crispresso_aggregated_spacer_TadCBEd_rep1_.staging_CRISPRessoPooled_on_TadCBEd_D0_rep1_CRISPResso_on_HEK3	T	0.0003904153042799	0.0002440095651749	0.0001464057391049	0.0	4.880191303499097e-05	0.0	0.0001952076521399	0.0	4.880191303499097e-05	0.999853594260895	0.0	0.0	9.760382606998194e-05	0.0001464057391049	0.0	0.0001952076521399	9.760382606998194e-05	0.9995607827826852	9.760382606998194e-05	0.0
_scratch_st-cdeboer-1_asfar_VLPs_results_crispresso_aggregated_spacer_TadCBEd_rep1_.staging_CRISPRessoPooled_on_TadCBEd_D0_rep1_CRISPResso_on_HEK3	C	0.0	4.880191303499097e-05	0.99980479234786	0.9993655751305452	0.99970718852179	4.880191303499097e-05	9.760382606998194e-05	0.0	0.99990239617393	4.880191303499097e-05	9.760382606998194e-05	4.880191303499097e-05	0.0001464057391049	0.999755990434825	4.880191303499097e-05	0.99970718852179	4.880191303499097e-05	0.0001464057391049	9.760382606998194e-05	0.0001464057391049
_scratch_st-cdeboer-1_asfar_VLPs_results_crispresso_aggregated_spacer_TadCBEd_rep1_.staging_CRISPRessoPooled_on_TadCBEd_D0_rep1_CRISPResso_on_HEK3	G	0.99960958469572	0.9996583866087552	4.880191303499097e-05	4.880191303499097e-05	0.0001464057391049	9.760382606998194e-05	0.99960958469572	0.0001952076521399	4.880191303499097e-05	9.760382606998194e-05	0.999853594260895	0.0003416133912449	0.99970718852179	9.760382606998194e-05	9.760382606998194e-05	0.0	0.999853594260895	0.0001952076521399	0.999755990434825	0.0001952076521399
_scratch_st-cdeboer-1_asfar_VLPs_results_crispresso_aggregated_spacer_TadCBEd_rep1_.staging_CRISPRessoPooled_on_TadCBEd_D0_rep1_CRISPResso_on_HEK3	N	0.0	0.0	0.0	0.0	0.0	0.0	0.0	0.0	0.0	0.0	0.0	0.0	0.0	0.0	0.0	0.0	0.0	0.0	0.0	0.0
_scratch_st-cdeboer-1_asfar_VLPs_results_crispresso_aggregated_spacer_TadCBEd_rep1_.staging_CRISPRessoPooled_on_TadCBEd_D0_rep1_CRISPResso_on_HEK3	-	0.0	0.0	0.0	0.0	4.880191303499097e-05	0.0	0.0	0.0	0.0	0.0	0.0	0.0	0.0	0.0	0.0	0.0	0.0	0.0	4.880191303499097e-05	0.0
_scratch_st-cdeboer-1_asfar_VLPs_results_crispresso_aggregated_spacer_TadCBEd_rep1_.staging_CRISPRessoPooled_on_TadCBEd_D1_rep1_CRISPResso_on_HEK3	A	0.0	0.0	0.0	0.0012932428063368	0.0	1.0	0.0	1.0	0.0003233107015842	0.0	0.0	1.0	0.0	0.0	1.0	0.0	0.0	0.0	0.0003233107015842	1.0
_scratch_st-cdeboer-1_asfar_VLPs_results_crispresso_aggregated_spacer_TadCBEd_rep1_.staging_CRISPRessoPooled_on_TadCBEd_D1_rep1_CRISPResso_on_HEK3	T	0.0	0.0	0.0009699321047526	0.0	0.0032331070158422	0.0	0.0	0.0	0.0	1.0	0.0	0.0	0.0	0.0	0.0	0.0	0.0003233107015842	1.0	0.0003233107015842	0.0
_scratch_st-cdeboer-1_asfar_VLPs_results_crispresso_aggregated_spacer_TadCBEd_rep1_.staging_CRISPRessoPooled_on_TadCBEd_D1_rep1_CRISPResso_on_HEK3	C	0.0	0.0003233107015842	0.9990300678952472	0.9983834464920788	0.9957969608794052	0.0	0.0	0.0	0.9996766892984158	0.0	0.0	0.0	0.0	1.0	0.0	1.0	0.0	0.0	0.0003233107015842	0.0
_scratch_st-cdeboer-1_asfar_VLPs_results_crispresso_aggregated_spacer_TadCBEd_rep1_.staging_CRISPRessoPooled_on_TadCBEd_D1_rep1_CRISPResso_on_HEK3	G	1.0	0.9996766892984158	0.0	0.0003233107015842	0.0009699321047526	0.0	1.0	0.0	0.0	0.0	1.0	0.0	1.0	0.0	0.0	0.0	0.9996766892984158	0.0	0.9990300678952472	0.0
_scratch_st-cdeboer-1_asfar_VLPs_results_crispresso_aggregated_spacer_TadCBEd_rep1_.staging_CRISPRessoPooled_on_TadCBEd_D1_rep1_CRISPResso_on_HEK3	N	0.0	0.0	0.0	0.0	0.0	0.0	0.0	0.0	0.0	0.0	0.0	0.0	0.0	0.0	0.0	0.0	0.0	0.0	0.0	0.0
_scratch_st-cdeboer-1_asfar_VLPs_results_crispresso_aggregated_spacer_TadCBEd_rep1_.staging_CRISPRessoPooled_on_TadCBEd_D1_rep1_CRISPResso_on_HEK3	-	0.0	0.0	0.0	0.0	0.0	0.0	0.0	0.0	0.0	0.0	0.0	0.0	0.0	0.0	0.0	0.0	0.0	0.0	0.0	0.0
_scratch_st-cdeboer-1_asfar_VLPs_results_crispresso_aggregated_spacer_TadCBEd_rep1_.staging_CRISPRessoPooled_on_TadCBEd_D2_rep1_CRISPResso_on_HEK3	A	0.0001175640724194	0.0001645897013872	0.0006113331765812	0.0025628967787444	0.0013872560545497	0.9994356924523864	7.053844345168117e-05	0.9996237949682576	0.0001881025158711	0.0	2.351281448389372e-05	0.999553256524806	0.0	9.405125793557487e-05	0.9996473077827416	0.0001175640724194	2.351281448389372e-05	0.0	0.0	0.9997178462261932
_scratch_st-cdeboer-1_asfar_VLPs_results_crispresso_aggregated_spacer_TadCBEd_rep1_.staging_CRISPRessoPooled_on_TadCBEd_D2_rep1_CRISPResso_on_HEK3	T	9.405125793557487e-05	7.053844345168117e-05	0.0028450505525511	0.0066071008699741	0.0144133552786268	0.0	2.351281448389372e-05	0.0	7.053844345168117e-05	0.999764871855161	7.053844345168117e-05	0.0	2.351281448389372e-05	0.0001410768869033	0.0	9.405125793557487e-05	9.405125793557487e-05	0.9997178462261932	4.702562896778744e-05	0.0
_scratch_st-cdeboer-1_asfar_VLPs_results_crispresso_aggregated_spacer_TadCBEd_rep1_.staging_CRISPRessoPooled_on_TadCBEd_D2_rep1_CRISPResso_on_HEK3	C	4.702562896778744e-05	0.0001410768869033	0.9963790265694804	0.9879849517987304	0.9701857512344229	2.351281448389372e-05	2.351281448389372e-05	0.0	0.999106513049612	0.0	0.0001410768869033	4.702562896778744e-05	2.351281448389372e-05	0.9995062308958382	2.351281448389372e-05	0.999529743710322	2.351281448389372e-05	7.053844345168117e-05	9.405125793557487e-05	9.405125793557487e-05
_scratch_st-cdeboer-1_asfar_VLPs_results_crispresso_aggregated_spacer_TadCBEd_rep1_.staging_CRISPRessoPooled_on_TadCBEd_D2_rep1_CRISPResso_on_HEK3	G	0.9996943334117094	0.9988008464613214	0.0001410768869033	0.0027039736656477	0.0125088173054314	0.0002821537738067	0.9996237949682576	0.0001175640724194	0.0003526922172584	2.351281448389372e-05	0.999529743710322	0.0001645897013872	0.9997178462261932	2.351281448389372e-05	9.405125793557487e-05	0.0	0.999764871855161	0.0001175640724194	0.9997883846696448	0.0001645897013872
_scratch_st-cdeboer-1_asfar_VLPs_results_crispresso_aggregated_spacer_TadCBEd_rep1_.staging_CRISPRessoPooled_on_TadCBEd_D2_rep1_CRISPResso_on_HEK3	N	0.0	0.0	0.0	0.0	0.0	2.351281448389372e-05	0.0	0.0	0.0	0.0	0.0	0.0	0.0	0.0	0.0	0.0	0.0	0.0	0.0	0.0
_scratch_st-cdeboer-1_asfar_VLPs_results_crispresso_aggregated_spacer_TadCBEd_rep1_.staging_CRISPRessoPooled_on_TadCBEd_D2_rep1_CRISPResso_on_HEK3	-	4.702562896778744e-05	0.0008229485069362	2.351281448389372e-05	0.0001410768869033	0.0015048201269691	0.0002351281448389	0.0002586409593228	0.0002586409593228	0.0002821537738067	0.000211615330355	0.0002351281448389	0.0002351281448389	0.0002351281448389	0.0002351281448389	0.0002351281448389	0.0002586409593228	9.405125793557487e-05	9.405125793557487e-05	7.053844345168117e-05	2.351281448389372e-05
_scratch_st-cdeboer-1_asfar_VLPs_results_crispresso_aggregated_spacer_TadCBEd_rep1_.staging_CRISPRessoPooled_on_TadCBEd_D3_rep1_CRISPResso_on_HEK3	A	0.0	0.0004912625447399	0.0011930661800828	0.0098954312583339	0.0067373148992911	0.9968418836409572	7.01803635342831e-05	0.9979647694575058	0.0002807214541371	0.0	0.0	0.9978244087304372	0.0	0.0	0.9987367534563828	0.0	7.01803635342831e-05	0.0	7.01803635342831e-05	0.9990876552740544
_scratch_st-cdeboer-1_asfar_VLPs_results_crispresso_aggregated_spacer_TadCBEd_rep1_.staging_CRISPRessoPooled_on_TadCBEd_D3_rep1_CRISPResso_on_HEK3	T	0.0003509018176714	0.0005614429082742	0.0120008421643624	0.029756474138536	0.0510211242894238	0.0	0.0002105410906028	0.0001403607270685	0.0004912625447399	0.9978244087304372	7.01803635342831e-05	0.0	7.01803635342831e-05	7.01803635342831e-05	0.0	0.0	7.01803635342831e-05	0.9988771141834516	0.0	0.0
_scratch_st-cdeboer-1_asfar_VLPs_results_crispresso_aggregated_spacer_TadCBEd_rep1_.staging_CRISPRessoPooled_on_TadCBEd_D3_rep1_CRISPResso_on_HEK3	C	0.0	7.01803635342831e-05	0.9855428451119376	0.9498210400729876	0.8900975507053126	0.0	0.0	0.0	0.9957189978244088	0.0002807214541371	0.0	0.0001403607270685	0.0	0.9984560320022458	0.0	0.9987367534563828	0.0	0.0001403607270685	7.01803635342831e-05	0.0003509018176714
_scratch_st-cdeboer-1_asfar_VLPs_results_crispresso_aggregated_spacer_TadCBEd_rep1_.staging_CRISPRessoPooled_on_TadCBEd_D3_rep1_CRISPResso_on_HEK3	G	0.9989472945469856	0.9950873745526002	0.0002105410906028	0.0092638079865253	0.0444943504807354	0.0018246894518913	0.9983858516387116	0.0005614429082742	0.0016843287248227	7.01803635342831e-05	0.997754228366903	7.01803635342831e-05	0.9983858516387116	7.01803635342831e-05	0.0	0.0	0.9989472945469856	7.01803635342831e-05	0.9992981963646572	0.0003509018176714
_scratch_st-cdeboer-1_asfar_VLPs_results_crispresso_aggregated_spacer_TadCBEd_rep1_.staging_CRISPRessoPooled_on_TadCBEd_D3_rep1_CRISPResso_on_HEK3	N	0.0	0.0	0.0	0.0	0.0	0.0	0.0	0.0	0.0	0.0	0.0	0.0	0.0	0.0	0.0	0.0	0.0	0.0	0.0	0.0
_scratch_st-cdeboer-1_asfar_VLPs_results_crispresso_aggregated_spacer_TadCBEd_rep1_.staging_CRISPRessoPooled_on_TadCBEd_D3_rep1_CRISPResso_on_HEK3	-	0.0007018036353428	0.0037897396308512	0.0010527054530142	0.001263246543617	0.0076496596252368	0.0013334269071513	0.0013334269071513	0.0013334269071513	0.0018246894518913	0.0018246894518913	0.0021755912695627	0.0019650501789599	0.0015439679977542	0.0014036072706856	0.001263246543617	0.001263246543617	0.0009123447259456	0.0009123447259456	0.0005614429082742	0.0002105410906028
_scratch_st-cdeboer-1_asfar_VLPs_results_crispresso_aggregated_spacer_TadCBEd_rep1_.staging_CRISPRessoPooled_on_TadCBEd_D4_rep1_CRISPResso_on_HEK3	A	0.0003538320005661	0.0008491968013587	0.0040336848064538	0.0232113792371382	0.0171254688274007	0.995046351992074	0.0002122992003396	0.9964616799943388	0.002830656004529	0.0	7.076640011322624e-05	0.9973816431958106	0.0001415328002264	7.076640011322624e-05	0.9983016063972826	7.076640011322624e-05	0.0	0.0	0.0	0.9992215695987544
_scratch_st-cdeboer-1_asfar_VLPs_results_crispresso_aggregated_spacer_TadCBEd_rep1_.staging_CRISPRessoPooled_on_TadCBEd_D4_rep1_CRISPResso_on_HEK3	T	0.0002830656004529	0.0011322624018116	0.023777510438044	0.0805321633288514	0.1143585025829736	0.0	0.0003538320005661	0.0	0.0014860944023777	0.9970278111952444	0.0001415328002264	0.0	7.076640011322624e-05	0.0	0.0	0.0	0.0001415328002264	0.998726204797962	7.076640011322624e-05	0.0
_scratch_st-cdeboer-1_asfar_VLPs_results_crispresso_aggregated_spacer_TadCBEd_rep1_.staging_CRISPRessoPooled_on_TadCBEd_D4_rep1_CRISPResso_on_HEK3	C	0.0001415328002264	0.0002122992003396	0.9690750831505202	0.8672422333875875	0.7439671643903475	0.0	0.0001415328002264	0.0	0.9892435071827896	0.0001415328002264	0.0	0.0001415328002264	0.0001415328002264	0.9981600735970562	0.0	0.998443139197509	0.0001415328002264	0.0	0.0001415328002264	7.076640011322624e-05
_scratch_st-cdeboer-1_asfar_VLPs_results_crispresso_aggregated_spacer_TadCBEd_rep1_.staging_CRISPRessoPooled_on_TadCBEd_D4_rep1_CRISPResso_on_HEK3	G	0.9973108767956974	0.9914372655862996	0.0007076640011322	0.025971268841554	0.1058665345693864	0.0020522256032835	0.9964616799943388	0.0004953648007925	0.002830656004529	0.0	0.996886278395018	7.076640011322624e-05	0.9976647087962636	0.0	0.0001415328002264	0.0	0.998443139197509	0.0001415328002264	0.9987969711980752	7.076640011322624e-05
_scratch_st-cdeboer-1_asfar_VLPs_results_crispresso_aggregated_spacer_TadCBEd_rep1_.staging_CRISPRessoPooled_on_TadCBEd_D4_rep1_CRISPResso_on_HEK3	N	0.0	0.0	0.0	0.0	0.0	0.0	0.0	0.0	0.0	0.0	0.0	0.0	0.0	0.0	0.0	0.0	0.0	0.0	0.0	0.0
_scratch_st-cdeboer-1_asfar_VLPs_results_crispresso_aggregated_spacer_TadCBEd_rep1_.staging_CRISPRessoPooled_on_TadCBEd_D4_rep1_CRISPResso_on_HEK3	-	0.0019106928030571	0.0063689760101903	0.0024060576038496	0.0030429552048687	0.0186823296298917	0.0029014224046422	0.002830656004529	0.0030429552048687	0.0036090864057745	0.002830656004529	0.0029014224046422	0.0024060576038496	0.0019814592031703	0.0017691600028306	0.0015568608024909	0.0014860944023777	0.001273795202038	0.0011322624018116	0.0009907296015851	0.000636897601019
_scratch_st-cdeboer-1_asfar_VLPs_results_crispresso_aggregated_spacer_TadCBEd_rep1_.staging_CRISPRessoPooled_on_TadCBEd_D5_rep1_CRISPResso_on_HEK3	A	0.000477229342787	0.0007499318243796	0.0031360785383146	0.0202140714480501	0.0161917098445595	0.9956708481047176	0.0001022634305972	0.9959094627761113	0.002352058903736	3.408781019907281e-05	0.0	0.996761658031088	3.408781019907281e-05	6.817562039814562e-05	0.9978524679574584	0.0001022634305972	3.408781019907281e-05	0.0	0.0	0.998670575402236
_scratch_st-cdeboer-1_asfar_VLPs_results_crispresso_aggregated_spacer_TadCBEd_rep1_.staging_CRISPRessoPooled_on_TadCBEd_D5_rep1_CRISPResso_on_HEK3	T	0.0002045268611944	0.0008862830651758	0.020623125170439	0.0609830924461412	0.1035928551949822	0.0001363512407962	0.0001363512407962	0.0003067902917916	0.0006476683937823	0.9968980092718844	0.0	0.0	6.817562039814562e-05	0.0001022634305972	0.0	3.408781019907281e-05	0.0001363512407962	0.9985001363512408	3.408781019907281e-05	0.0
_scratch_st-cdeboer-1_asfar_VLPs_results_crispresso_aggregated_spacer_TadCBEd_rep1_.staging_CRISPRessoPooled_on_TadCBEd_D5_rep1_CRISPResso_on_HEK3	C	0.0001704390509953	0.0002045268611944	0.9731388055631306	0.8940891737114808	0.766362148895555	3.408781019907281e-05	3.408781019907281e-05	6.817562039814562e-05	0.9917848377420234	6.817562039814562e-05	0.0	0.0001022634305972	6.817562039814562e-05	0.9975797654758658	0.0	0.9978524679574584	0.0	6.817562039814562e-05	3.408781019907281e-05	0.0001022634305972
_scratch_st-cdeboer-1_asfar_VLPs_results_crispresso_aggregated_spacer_TadCBEd_rep1_.staging_CRISPRessoPooled_on_TadCBEd_D5_rep1_CRISPResso_on_HEK3	G	0.9973070629942732	0.9928756476683938	0.0008181074447777	0.0217821107172075	0.0976615762203436	0.0011248977365694	0.9969320970820834	0.0006817562039814	0.0020793564221434	3.408781019907281e-05	0.9970002727024816	0.0002386146713935	0.9972729751840742	3.408781019907281e-05	0.0001022634305972	3.408781019907281e-05	0.998125170439051	6.817562039814562e-05	0.998568311971639	0.0001363512407962
_scratch_st-cdeboer-1_asfar_VLPs_results_crispresso_aggregated_spacer_TadCBEd_rep1_.staging_CRISPRessoPooled_on_TadCBEd_D5_rep1_CRISPResso_on_HEK3	N	0.0	0.0	0.0	0.0	0.0	0.0	0.0	0.0	0.0	0.0	0.0	0.0	0.0	0.0	0.0	0.0	0.0	0.0	0.0	0.0
_scratch_st-cdeboer-1_asfar_VLPs_results_crispresso_aggregated_spacer_TadCBEd_rep1_.staging_CRISPRessoPooled_on_TadCBEd_D5_rep1_CRISPResso_on_HEK3	-	0.0018407417507499	0.0052836105808562	0.0022838832833378	0.0029315516771202	0.0161917098445595	0.0030338151077174	0.0027952004363239	0.0030338151077174	0.0031360785383146	0.0029656394873193	0.0029997272975184	0.0028974638669211	0.0025565857649304	0.0022157076629397	0.0020452686119443	0.0019770929915462	0.0017043905099536	0.0013635124079629	0.0013635124079629	0.0010908099263703
