Folder	Nucleotide	C	A	C	C	T	A	C	C	T	A	A	G	A	A	C	C	A	T	C	C
_scratch_st-cdeboer-1_asfar_VLPs_results_crispresso_aggregated_spacer_TadCBEd_rep1_.staging_CRISPRessoPooled_on_TadCBEd_D0_rep1_CRISPResso_on_PDCD1	A	4.594954739695814e-05	0.9997702522630152	1.1487386849239535e-05	9.189909479391628e-05	1.1487386849239535e-05	0.9998621513578092	0.0001263612553416	3.44621605477186e-05	0.0	0.9997932270367136	0.99985066397096	8.041170794467674e-05	0.999666865781372	0.9997472774893168	3.44621605477186e-05	4.594954739695814e-05	0.99985066397096	1.1487386849239535e-05	6.89243210954372e-05	6.89243210954372e-05
_scratch_st-cdeboer-1_asfar_VLPs_results_crispresso_aggregated_spacer_TadCBEd_rep1_.staging_CRISPRessoPooled_on_TadCBEd_D0_rep1_CRISPResso_on_PDCD1	T	6.89243210954372e-05	2.297477369847907e-05	5.7436934246197673e-05	3.44621605477186e-05	0.9997243027156184	0.0	8.041170794467674e-05	3.44621605477186e-05	0.999609428847126	1.1487386849239535e-05	0.0	0.0001493360290401	1.1487386849239535e-05	1.1487386849239535e-05	3.44621605477186e-05	6.89243210954372e-05	0.0	0.9996324036208244	8.041170794467674e-05	5.7436934246197673e-05
_scratch_st-cdeboer-1_asfar_VLPs_results_crispresso_aggregated_spacer_TadCBEd_rep1_.staging_CRISPRessoPooled_on_TadCBEd_D0_rep1_CRISPResso_on_PDCD1	C	0.99985066397096	4.594954739695814e-05	0.9998966135183568	0.99985066397096	0.0001033864816431	5.7436934246197673e-05	0.9997932270367136	0.999908100905206	0.0001608234158893	3.44621605477186e-05	5.7436934246197673e-05	1.1487386849239535e-05	0.0001148738684923	5.7436934246197673e-05	0.999908100905206	0.99985066397096	4.594954739695814e-05	0.0002986720580802	0.99985066397096	0.9998276891972614
_scratch_st-cdeboer-1_asfar_VLPs_results_crispresso_aggregated_spacer_TadCBEd_rep1_.staging_CRISPRessoPooled_on_TadCBEd_D0_rep1_CRISPResso_on_PDCD1	G	1.1487386849239535e-05	0.0001608234158893	2.297477369847907e-05	1.1487386849239535e-05	0.0001608234158893	8.041170794467674e-05	0.0	2.297477369847907e-05	0.0002297477369847	0.0001608234158893	8.041170794467674e-05	0.9997472774893168	0.0002067729632863	0.0001837981895878	2.297477369847907e-05	2.297477369847907e-05	0.0001033864816431	5.7436934246197673e-05	0.0	3.44621605477186e-05
_scratch_st-cdeboer-1_asfar_VLPs_results_crispresso_aggregated_spacer_TadCBEd_rep1_.staging_CRISPRessoPooled_on_TadCBEd_D0_rep1_CRISPResso_on_PDCD1	N	0.0	0.0	1.1487386849239535e-05	0.0	0.0	0.0	0.0	0.0	0.0	0.0	0.0	1.1487386849239535e-05	0.0	0.0	0.0	1.1487386849239535e-05	0.0	0.0	0.0	0.0
_scratch_st-cdeboer-1_asfar_VLPs_results_crispresso_aggregated_spacer_TadCBEd_rep1_.staging_CRISPRessoPooled_on_TadCBEd_D0_rep1_CRISPResso_on_PDCD1	-	2.297477369847907e-05	0.0	0.0	1.1487386849239535e-05	0.0	0.0	0.0	0.0	0.0	0.0	1.1487386849239535e-05	0.0	0.0	0.0	0.0	0.0	0.0	0.0	0.0	1.1487386849239535e-05
_scratch_st-cdeboer-1_asfar_VLPs_results_crispresso_aggregated_spacer_TadCBEd_rep1_.staging_CRISPRessoPooled_on_TadCBEd_D1_rep1_CRISPResso_on_PDCD1	A	6.822562213239182e-05	0.99975268211977	5.969741936584284e-05	8.528202766548977e-05	0.0	0.9997867949308362	0.0001279230414982	9.381023043203876e-05	1.7056405533097955e-05	0.9998720769585018	0.99975268211977	7.67538248989408e-05	0.999735625714237	0.9997782667280696	4.2641013832744887e-05	2.558460829964693e-05	0.999829435944669	8.528202766548977e-06	6.822562213239182e-05	7.67538248989408e-05
_scratch_st-cdeboer-1_asfar_VLPs_results_crispresso_aggregated_spacer_TadCBEd_rep1_.staging_CRISPRessoPooled_on_TadCBEd_D1_rep1_CRISPResso_on_PDCD1	T	5.116921659929386e-05	8.528202766548977e-06	0.0001023384331985	7.67538248989408e-05	0.9996674000921046	0.0	5.116921659929386e-05	2.558460829964693e-05	0.99975268211977	0.0	8.528202766548977e-06	0.0001023384331985	1.7056405533097955e-05	0.0	1.7056405533097955e-05	8.528202766548977e-05	0.0	0.9995821180644392	5.116921659929386e-05	7.67538248989408e-05
_scratch_st-cdeboer-1_asfar_VLPs_results_crispresso_aggregated_spacer_TadCBEd_rep1_.staging_CRISPRessoPooled_on_TadCBEd_D1_rep1_CRISPResso_on_PDCD1	C	0.9997867949308362	5.969741936584284e-05	0.9998038513363694	0.9998038513363694	0.0001535076497978	3.411281106619591e-05	0.9998038513363694	0.9998550205529688	9.381023043203876e-05	0.0	4.2641013832744887e-05	1.7056405533097955e-05	7.67538248989408e-05	4.2641013832744887e-05	0.9999147179723346	0.9998550205529688	5.116921659929386e-05	0.000264374285763	0.999846492350202	0.9998038513363694
_scratch_st-cdeboer-1_asfar_VLPs_results_crispresso_aggregated_spacer_TadCBEd_rep1_.staging_CRISPRessoPooled_on_TadCBEd_D1_rep1_CRISPResso_on_PDCD1	G	2.558460829964693e-05	0.0001535076497978	8.528202766548977e-06	1.7056405533097955e-05	0.0001535076497978	0.0001620358525644	0.0	8.528202766548977e-06	0.0001193948387316	0.0001108666359651	0.0001449794470313	0.9997867949308362	0.0001535076497978	0.0001620358525644	8.528202766548977e-06	1.7056405533097955e-05	0.0001023384331985	0.0001279230414982	2.558460829964693e-05	3.411281106619591e-05
_scratch_st-cdeboer-1_asfar_VLPs_results_crispresso_aggregated_spacer_TadCBEd_rep1_.staging_CRISPRessoPooled_on_TadCBEd_D1_rep1_CRISPResso_on_PDCD1	N	0.0	0.0	0.0	0.0	0.0	0.0	0.0	0.0	0.0	0.0	0.0	0.0	0.0	0.0	0.0	0.0	0.0	0.0	0.0	0.0
_scratch_st-cdeboer-1_asfar_VLPs_results_crispresso_aggregated_spacer_TadCBEd_rep1_.staging_CRISPRessoPooled_on_TadCBEd_D1_rep1_CRISPResso_on_PDCD1	-	6.822562213239182e-05	2.558460829964693e-05	2.558460829964693e-05	1.7056405533097955e-05	2.558460829964693e-05	1.7056405533097955e-05	1.7056405533097955e-05	1.7056405533097955e-05	1.7056405533097955e-05	1.7056405533097955e-05	5.116921659929386e-05	1.7056405533097955e-05	1.7056405533097955e-05	1.7056405533097955e-05	1.7056405533097955e-05	1.7056405533097955e-05	1.7056405533097955e-05	1.7056405533097955e-05	8.528202766548977e-06	8.528202766548977e-06
_scratch_st-cdeboer-1_asfar_VLPs_results_crispresso_aggregated_spacer_TadCBEd_rep1_.staging_CRISPRessoPooled_on_TadCBEd_D2_rep1_CRISPResso_on_PDCD1	A	7.23612272464141e-05	0.9997587959091786	1.6080272721425357e-05	6.432109088570143e-05	0.0	0.999863317681868	4.824081816427607e-05	0.0001045217726892	1.6080272721425357e-05	0.999807036727343	0.99988743809095	6.432109088570143e-05	0.999798996590982	0.999750755772818	2.4120409082138037e-05	5.628095452498874e-05	0.9997748761819	1.6080272721425357e-05	8.040136360712678e-05	8.844149996783946e-05
_scratch_st-cdeboer-1_asfar_VLPs_results_crispresso_aggregated_spacer_TadCBEd_rep1_.staging_CRISPRessoPooled_on_TadCBEd_D2_rep1_CRISPResso_on_PDCD1	T	5.628095452498874e-05	1.6080272721425357e-05	6.432109088570143e-05	9.648163632855212e-05	0.9997909564546216	0.0	0.0002331639544606	0.0001447224544928	0.999831157136425	3.2160545442850713e-05	0.0	0.0001366823181321	8.040136360712678e-06	8.040136360712678e-06	3.2160545442850713e-05	7.23612272464141e-05	0.0	0.9996060333183252	3.2160545442850713e-05	6.432109088570143e-05
_scratch_st-cdeboer-1_asfar_VLPs_results_crispresso_aggregated_spacer_TadCBEd_rep1_.staging_CRISPRessoPooled_on_TadCBEd_D2_rep1_CRISPResso_on_PDCD1	C	0.999798996590982	5.628095452498874e-05	0.9999115585000322	0.999831157136425	9.648163632855212e-05	2.4120409082138037e-05	0.9996864346819322	0.9996703544092108	7.23612272464141e-05	4.020068180356339e-05	2.4120409082138037e-05	2.4120409082138037e-05	7.23612272464141e-05	6.432109088570143e-05	0.999943719045475	0.9998713578182286	9.648163632855212e-05	0.0002733646362642	0.9998713578182286	0.999831157136425
_scratch_st-cdeboer-1_asfar_VLPs_results_crispresso_aggregated_spacer_TadCBEd_rep1_.staging_CRISPRessoPooled_on_TadCBEd_D2_rep1_CRISPResso_on_PDCD1	G	4.020068180356339e-05	0.0001688428635749	8.040136360712678e-06	8.040136360712678e-06	9.648163632855212e-05	0.0001125619090499	3.2160545442850713e-05	8.040136360712678e-05	8.040136360712678e-05	0.0001206020454106	6.432109088570143e-05	0.9997748761819	0.0001206020454106	0.0001768829999356	0.0	0.0	0.0001286421817714	0.0001045217726892	1.6080272721425357e-05	1.6080272721425357e-05
_scratch_st-cdeboer-1_asfar_VLPs_results_crispresso_aggregated_spacer_TadCBEd_rep1_.staging_CRISPRessoPooled_on_TadCBEd_D2_rep1_CRISPResso_on_PDCD1	N	0.0	0.0	0.0	0.0	0.0	0.0	0.0	0.0	0.0	0.0	0.0	0.0	0.0	0.0	0.0	0.0	0.0	0.0	0.0	0.0
_scratch_st-cdeboer-1_asfar_VLPs_results_crispresso_aggregated_spacer_TadCBEd_rep1_.staging_CRISPRessoPooled_on_TadCBEd_D2_rep1_CRISPResso_on_PDCD1	-	3.2160545442850713e-05	0.0	0.0	0.0	1.6080272721425357e-05	0.0	0.0	0.0	0.0	0.0	2.4120409082138037e-05	0.0	0.0	0.0	0.0	0.0	0.0	0.0	0.0	0.0
_scratch_st-cdeboer-1_asfar_VLPs_results_crispresso_aggregated_spacer_TadCBEd_rep1_.staging_CRISPRessoPooled_on_TadCBEd_D3_rep1_CRISPResso_on_PDCD1	A	8.358020449290032e-05	0.9997585460759094	1.8573378776200072e-05	8.358020449290032e-05	1.8573378776200072e-05	0.9998514129697904	0.0001114402726572	0.0001114402726572	1.8573378776200072e-05	0.9997864061440735	0.9998328395910142	0.0001114402726572	0.9997399726971332	0.9998514129697904	3.7146757552400143e-05	5.572013632860022e-05	0.9998328395910142	9.286689388100036e-06	5.572013632860022e-05	5.572013632860022e-05
_scratch_st-cdeboer-1_asfar_VLPs_results_crispresso_aggregated_spacer_TadCBEd_rep1_.staging_CRISPRessoPooled_on_TadCBEd_D3_rep1_CRISPResso_on_PDCD1	T	6.500682571670025e-05	1.8573378776200072e-05	0.0001114402726572	3.7146757552400143e-05	0.9997771194546856	1.8573378776200072e-05	0.0008450887343171	0.0001207269620453	0.999823552901626	0.0	0.0	0.0001393003408215	1.8573378776200072e-05	0.0	4.643344694050018e-05	0.0001021535832691	0.0	0.9996749658714164	1.8573378776200072e-05	6.500682571670025e-05
_scratch_st-cdeboer-1_asfar_VLPs_results_crispresso_aggregated_spacer_TadCBEd_rep1_.staging_CRISPRessoPooled_on_TadCBEd_D3_rep1_CRISPResso_on_PDCD1	C	0.9997864061440735	7.429351510480029e-05	0.9998699863485666	0.999619245735088	0.0001021535832691	1.8573378776200072e-05	0.9989320307203684	0.9995078054624308	6.500682571670025e-05	3.7146757552400143e-05	9.286689388100036e-06	3.7146757552400143e-05	0.0001021535832691	3.7146757552400143e-05	0.999916419795507	0.9998328395910142	6.500682571670025e-05	0.0002507406134787	0.9998978464167309	0.9998606996591785
_scratch_st-cdeboer-1_asfar_VLPs_results_crispresso_aggregated_spacer_TadCBEd_rep1_.staging_CRISPRessoPooled_on_TadCBEd_D3_rep1_CRISPResso_on_PDCD1	G	9.286689388100036e-06	0.0001485870302096	0.0	0.0002600273028668	0.0001021535832691	9.286689388100036e-05	0.0001114402726572	0.0002600273028668	9.286689388100036e-05	0.0001764470983739	0.0001393003408215	0.9997121126289688	0.0001393003408215	0.0001114402726572	0.0	0.0	0.0001021535832691	6.500682571670025e-05	2.786006816430011e-05	1.8573378776200072e-05
_scratch_st-cdeboer-1_asfar_VLPs_results_crispresso_aggregated_spacer_TadCBEd_rep1_.staging_CRISPRessoPooled_on_TadCBEd_D3_rep1_CRISPResso_on_PDCD1	N	0.0	0.0	0.0	0.0	0.0	0.0	0.0	0.0	0.0	0.0	0.0	0.0	0.0	0.0	0.0	0.0	0.0	0.0	0.0	0.0
_scratch_st-cdeboer-1_asfar_VLPs_results_crispresso_aggregated_spacer_TadCBEd_rep1_.staging_CRISPRessoPooled_on_TadCBEd_D3_rep1_CRISPResso_on_PDCD1	-	5.572013632860022e-05	0.0	0.0	0.0	0.0	1.8573378776200072e-05	0.0	0.0	0.0	0.0	1.8573378776200072e-05	0.0	0.0	0.0	0.0	9.286689388100036e-06	0.0	0.0	0.0	0.0
_scratch_st-cdeboer-1_asfar_VLPs_results_crispresso_aggregated_spacer_TadCBEd_rep1_.staging_CRISPRessoPooled_on_TadCBEd_D4_rep1_CRISPResso_on_PDCD1	A	8.726647826057771e-05	0.9995838060267572	0.0001409689264209	0.0001946713745812	0.0002953634648819	0.9996442212809376	0.0035443615785834	0.0004833220334431	0.0	0.9994831139364566	0.999556954802677	6.712806020044439e-05	0.9994831139364566	0.9996240828628776	2.6851224080177757e-05	2.6851224080177757e-05	0.9996375084749176	1.3425612040088875e-05	4.027683612026664e-05	4.027683612026664e-05
_scratch_st-cdeboer-1_asfar_VLPs_results_crispresso_aggregated_spacer_TadCBEd_rep1_.staging_CRISPRessoPooled_on_TadCBEd_D4_rep1_CRISPResso_on_PDCD1	T	7.384086622048882e-05	1.3425612040088875e-05	0.0003490659130423	0.0005840141237438	0.9989259510367928	2.013841806013332e-05	0.0075988964146903	0.0012821459498284	0.9994562627123764	0.0	6.712806020044439e-06	0.0001409689264209	6.712806020044439e-06	0.0	6.041525418039995e-05	3.356403010022219e-05	0.0	0.9994562627123764	8.726647826057771e-05	5.370244816035551e-05
_scratch_st-cdeboer-1_asfar_VLPs_results_crispresso_aggregated_spacer_TadCBEd_rep1_.staging_CRISPRessoPooled_on_TadCBEd_D4_rep1_CRISPResso_on_PDCD1	C	0.9995905188327772	4.698964214031107e-05	0.9991676120535145	0.9976303794749244	0.0003826299431425	2.6851224080177757e-05	0.987024145963254	0.9941531459565413	8.726647826057771e-05	1.3425612040088875e-05	4.698964214031107e-05	2.013841806013332e-05	0.0001208305083607	6.041525418039995e-05	0.999684498117058	0.999691210923078	8.726647826057771e-05	0.0002886506588619	0.999718062147158	0.999724774953178
_scratch_st-cdeboer-1_asfar_VLPs_results_crispresso_aggregated_spacer_TadCBEd_rep1_.staging_CRISPRessoPooled_on_TadCBEd_D4_rep1_CRISPResso_on_PDCD1	G	6.712806020044439e-06	0.0001812457625411	0.0001208305083607	0.0012955715618685	0.0001074048963207	0.0001342561204008	0.0015372325785901	0.0035242231605233	0.0001208305083607	0.0001678201505011	0.0001208305083607	0.999556954802677	0.0001745329565211	9.397928428062214e-05	1.3425612040088875e-05	2.6851224080177757e-05	0.0001006920903006	0.0001006920903006	2.013841806013332e-05	4.698964214031107e-05
_scratch_st-cdeboer-1_asfar_VLPs_results_crispresso_aggregated_spacer_TadCBEd_rep1_.staging_CRISPRessoPooled_on_TadCBEd_D4_rep1_CRISPResso_on_PDCD1	N	0.0	0.0	0.0	0.0	0.0	0.0	0.0	0.0	0.0	0.0	0.0	0.0	0.0	0.0	0.0	0.0	0.0	0.0	0.0	0.0
_scratch_st-cdeboer-1_asfar_VLPs_results_crispresso_aggregated_spacer_TadCBEd_rep1_.staging_CRISPRessoPooled_on_TadCBEd_D4_rep1_CRISPResso_on_PDCD1	-	0.0002416610167215	0.0001745329565211	0.0002215225986614	0.0002953634648819	0.0002886506588619	0.0001745329565211	0.0002953634648819	0.0005571628996636	0.0003356403010022	0.0003356403010022	0.0002685122408017	0.0002148097926414	0.0002148097926414	0.0002215225986614	0.0002148097926414	0.0002215225986614	0.0001745329565211	0.0001409689264209	0.0001342561204008	0.0001342561204008
_scratch_st-cdeboer-1_asfar_VLPs_results_crispresso_aggregated_spacer_TadCBEd_rep1_.staging_CRISPRessoPooled_on_TadCBEd_D5_rep1_CRISPResso_on_PDCD1	A	0.0001497166078494	0.9997148255088584	0.0001283285210137	0.0004776672726624	0.0001853634192421	0.9997433429579724	0.0042704880048479	0.000655901329626	7.129362278544184e-06	0.9996934374220224	0.9997433429579724	6.416426050689766e-05	0.999764731044808	0.9997861191316436	4.277617367126511e-05	5.703489822835348e-05	0.9998288953053148	7.129362278544184e-06	8.555234734253021e-05	7.129362278544184e-05
_scratch_st-cdeboer-1_asfar_VLPs_results_crispresso_aggregated_spacer_TadCBEd_rep1_.staging_CRISPRessoPooled_on_TadCBEd_D5_rep1_CRISPResso_on_PDCD1	T	6.416426050689766e-05	2.8517449114176738e-05	0.0003707268384842	0.000327950664813	0.9992799344098672	1.4258724557088369e-05	0.0071364916408227	0.0011193098777314	0.9996292731615156	0.0	0.0	0.0001211991587352	1.4258724557088369e-05	0.0	6.416426050689766e-05	2.8517449114176738e-05	1.4258724557088369e-05	0.9997076961465796	3.564681139272092e-05	7.129362278544184e-05
_scratch_st-cdeboer-1_asfar_VLPs_results_crispresso_aggregated_spacer_TadCBEd_rep1_.staging_CRISPRessoPooled_on_TadCBEd_D5_rep1_CRISPResso_on_PDCD1	C	0.9997005667843012	0.0001354578832923	0.9991230884397392	0.9985099632837844	0.0002923038534203	3.564681139272092e-05	0.9869461376679856	0.9936548675720956	0.0001211991587352	2.1388086835632552e-05	9.26817096210744e-05	3.564681139272092e-05	4.990553594980929e-05	6.416426050689766e-05	0.9998574127544292	0.9998716714789864	7.129362278544184e-05	0.000249527679749	0.9998574127544292	0.999843154029872
_scratch_st-cdeboer-1_asfar_VLPs_results_crispresso_aggregated_spacer_TadCBEd_rep1_.staging_CRISPRessoPooled_on_TadCBEd_D5_rep1_CRISPResso_on_PDCD1	G	7.129362278544184e-06	0.0001211991587352	0.0003778562007628	0.0006844187787402	6.416426050689766e-05	0.0001782340569636	0.0015185541653299	0.0042490999180123	0.0001140697964567	0.0001568459701279	0.0001140697964567	0.9997576016825296	0.0001497166078494	0.0001283285210137	7.129362278544184e-06	2.1388086835632552e-05	8.555234734253021e-05	3.564681139272092e-05	2.1388086835632552e-05	1.4258724557088369e-05
_scratch_st-cdeboer-1_asfar_VLPs_results_crispresso_aggregated_spacer_TadCBEd_rep1_.staging_CRISPRessoPooled_on_TadCBEd_D5_rep1_CRISPResso_on_PDCD1	N	0.0	0.0	0.0	0.0	0.0	0.0	0.0	0.0	0.0	0.0	0.0	0.0	0.0	0.0	7.129362278544184e-06	0.0	0.0	0.0	0.0	0.0
_scratch_st-cdeboer-1_asfar_VLPs_results_crispresso_aggregated_spacer_TadCBEd_rep1_.staging_CRISPRessoPooled_on_TadCBEd_D5_rep1_CRISPResso_on_PDCD1	-	7.842298506398603e-05	0.0	0.0	0.0	0.0001782340569636	2.8517449114176738e-05	0.0001283285210137	0.0003208213025344	0.0001283285210137	0.0001283285210137	4.990553594980929e-05	2.1388086835632552e-05	2.1388086835632552e-05	2.1388086835632552e-05	2.1388086835632552e-05	2.1388086835632552e-05	0.0	0.0	0.0	0.0
