Folder	Nucleotide	C	A	C	C	T	A	C	C	T	A	A	G	A	A	C	C	A	T	C	C
_scratch_st-cdeboer-1_asfar_VLPs_results_crispresso_aggregated_spacer_TadCBEd_rep3_.staging_CRISPRessoPooled_on_TadCBEd_D0_rep3_CRISPResso_on_PDCD1	A	0.0001075060740931	0.9998924939259068	4.300242963727451e-05	2.1501214818637254e-05	0.0	0.9999569975703628	4.300242963727451e-05	0.0001290072889118	2.1501214818637254e-05	0.9998924939259068	0.999763486636995	4.300242963727451e-05	0.9997419854221764	0.9998279902814508	2.1501214818637254e-05	2.1501214818637254e-05	0.9998279902814508	0.0	8.600485927454901e-05	6.450364445591176e-05
_scratch_st-cdeboer-1_asfar_VLPs_results_crispresso_aggregated_spacer_TadCBEd_rep3_.staging_CRISPRessoPooled_on_TadCBEd_D0_rep3_CRISPResso_on_PDCD1	T	0.0	0.0	4.300242963727451e-05	4.300242963727451e-05	0.9997849878518136	0.0	4.300242963727451e-05	2.1501214818637254e-05	0.999763486636995	0.0	0.0	0.0001075060740931	4.300242963727451e-05	2.1501214818637254e-05	2.1501214818637254e-05	8.600485927454901e-05	0.0	0.9998064890666324	2.1501214818637254e-05	0.0
_scratch_st-cdeboer-1_asfar_VLPs_results_crispresso_aggregated_spacer_TadCBEd_rep3_.staging_CRISPRessoPooled_on_TadCBEd_D0_rep3_CRISPResso_on_PDCD1	C	0.9998064890666324	4.300242963727451e-05	0.9999139951407254	0.999935496355544	8.600485927454901e-05	2.1501214818637254e-05	0.9998494914962696	0.9998279902814508	0.0001290072889118	0.0	2.1501214818637254e-05	2.1501214818637254e-05	6.450364445591176e-05	4.300242963727451e-05	0.999935496355544	0.999870992711088	0.0001075060740931	0.0001935109333677	0.9998924939259068	0.999870992711088
_scratch_st-cdeboer-1_asfar_VLPs_results_crispresso_aggregated_spacer_TadCBEd_rep3_.staging_CRISPRessoPooled_on_TadCBEd_D0_rep3_CRISPResso_on_PDCD1	G	2.1501214818637254e-05	6.450364445591176e-05	0.0	0.0	0.0001075060740931	0.0	6.450364445591176e-05	2.1501214818637254e-05	8.600485927454901e-05	0.0001075060740931	0.0001935109333677	0.9998279902814508	0.0001505085037304	0.0001075060740931	2.1501214818637254e-05	2.1501214818637254e-05	6.450364445591176e-05	0.0	0.0	6.450364445591176e-05
_scratch_st-cdeboer-1_asfar_VLPs_results_crispresso_aggregated_spacer_TadCBEd_rep3_.staging_CRISPRessoPooled_on_TadCBEd_D0_rep3_CRISPResso_on_PDCD1	N	2.1501214818637254e-05	0.0	0.0	0.0	0.0	2.1501214818637254e-05	0.0	0.0	0.0	0.0	0.0	0.0	0.0	0.0	0.0	0.0	0.0	0.0	0.0	0.0
_scratch_st-cdeboer-1_asfar_VLPs_results_crispresso_aggregated_spacer_TadCBEd_rep3_.staging_CRISPRessoPooled_on_TadCBEd_D0_rep3_CRISPResso_on_PDCD1	-	4.300242963727451e-05	0.0	0.0	0.0	2.1501214818637254e-05	0.0	0.0	0.0	0.0	0.0	2.1501214818637254e-05	0.0	0.0	0.0	0.0	0.0	0.0	0.0	0.0	0.0
_scratch_st-cdeboer-1_asfar_VLPs_results_crispresso_aggregated_spacer_TadCBEd_rep3_.staging_CRISPRessoPooled_on_TadCBEd_D1_rep3_CRISPResso_on_PDCD1	A	5.266553435767798e-05	0.99977617147898	5.266553435767798e-05	7.899830153651697e-05	1.3166383589419494e-05	0.9998288370133376	5.266553435767798e-05	5.266553435767798e-05	1.3166383589419494e-05	0.999842003396927	0.999907835314874	3.949915076825848e-05	0.999684006793854	0.99977617147898	1.3166383589419494e-05	3.949915076825848e-05	0.9998025042461588	0.0	5.266553435767798e-05	6.583191794709747e-05
_scratch_st-cdeboer-1_asfar_VLPs_results_crispresso_aggregated_spacer_TadCBEd_rep3_.staging_CRISPRessoPooled_on_TadCBEd_D1_rep3_CRISPResso_on_PDCD1	T	2.633276717883899e-05	1.3166383589419494e-05	6.583191794709747e-05	1.3166383589419494e-05	0.9998683361641058	0.0	7.899830153651697e-05	3.949915076825848e-05	0.9997630050953904	1.3166383589419494e-05	1.3166383589419494e-05	7.899830153651697e-05	1.3166383589419494e-05	0.0	0.0	1.3166383589419494e-05	0.0	0.9997235059446222	1.3166383589419494e-05	6.583191794709747e-05
_scratch_st-cdeboer-1_asfar_VLPs_results_crispresso_aggregated_spacer_TadCBEd_rep3_.staging_CRISPRessoPooled_on_TadCBEd_D1_rep3_CRISPResso_on_PDCD1	C	0.9998946689312846	6.583191794709747e-05	0.9998815025476951	0.999907835314874	9.216468512593646e-05	3.949915076825848e-05	0.9998551697805164	0.999907835314874	0.0001448302194836	1.3166383589419494e-05	1.3166383589419494e-05	1.3166383589419494e-05	7.899830153651697e-05	0.0001053310687153	0.9999736672328212	0.9999210016984634	9.216468512593646e-05	0.0002369949046095	0.999907835314874	0.9998551697805164
_scratch_st-cdeboer-1_asfar_VLPs_results_crispresso_aggregated_spacer_TadCBEd_rep3_.staging_CRISPRessoPooled_on_TadCBEd_D1_rep3_CRISPResso_on_PDCD1	G	1.3166383589419494e-05	0.0001448302194836	0.0	0.0	2.633276717883899e-05	0.0001316638358941	1.3166383589419494e-05	0.0	6.583191794709747e-05	0.0001316638358941	2.633276717883899e-05	0.9998683361641058	0.0002238285210201	0.0001184974523047	1.3166383589419494e-05	2.633276717883899e-05	0.0001053310687153	3.949915076825848e-05	2.633276717883899e-05	1.3166383589419494e-05
_scratch_st-cdeboer-1_asfar_VLPs_results_crispresso_aggregated_spacer_TadCBEd_rep3_.staging_CRISPRessoPooled_on_TadCBEd_D1_rep3_CRISPResso_on_PDCD1	N	0.0	0.0	0.0	0.0	0.0	0.0	0.0	0.0	0.0	0.0	0.0	0.0	0.0	0.0	0.0	0.0	0.0	0.0	0.0	0.0
_scratch_st-cdeboer-1_asfar_VLPs_results_crispresso_aggregated_spacer_TadCBEd_rep3_.staging_CRISPRessoPooled_on_TadCBEd_D1_rep3_CRISPResso_on_PDCD1	-	1.3166383589419494e-05	0.0	0.0	0.0	0.0	0.0	0.0	0.0	1.3166383589419494e-05	0.0	3.949915076825848e-05	0.0	0.0	0.0	0.0	0.0	0.0	0.0	0.0	0.0
_scratch_st-cdeboer-1_asfar_VLPs_results_crispresso_aggregated_spacer_TadCBEd_rep3_.staging_CRISPRessoPooled_on_TadCBEd_D2_rep3_CRISPResso_on_PDCD1	A	6.700279736679006e-05	0.999782240908558	0.0001172548953918	1.6750699341697515e-05	0.0	0.9998492437059248	0.0001340055947335	6.700279736679006e-05	1.6750699341697515e-05	0.9998324930065832	0.999782240908558	3.350139868339503e-05	0.9997152381111912	0.9998157423072414	6.700279736679006e-05	3.350139868339503e-05	0.9997989916078996	1.6750699341697515e-05	0.0001005041960501	5.025209802509255e-05
_scratch_st-cdeboer-1_asfar_VLPs_results_crispresso_aggregated_spacer_TadCBEd_rep3_.staging_CRISPRessoPooled_on_TadCBEd_D2_rep3_CRISPResso_on_PDCD1	T	1.6750699341697515e-05	3.350139868339503e-05	6.700279736679006e-05	0.0001005041960501	0.9998659944052664	0.0	0.0002680111894671	1.6750699341697515e-05	0.9998157423072414	0.0	0.0	8.375349670848758e-05	1.6750699341697515e-05	0.0	1.6750699341697515e-05	8.375349670848758e-05	0.0	0.999664986013166	3.350139868339503e-05	1.6750699341697515e-05
_scratch_st-cdeboer-1_asfar_VLPs_results_crispresso_aggregated_spacer_TadCBEd_rep3_.staging_CRISPRessoPooled_on_TadCBEd_D2_rep3_CRISPResso_on_PDCD1	C	0.9998492437059248	6.700279736679006e-05	0.9997319888105328	0.9998492437059248	5.025209802509255e-05	3.350139868339503e-05	0.9995309804184324	0.9998492437059248	3.350139868339503e-05	3.350139868339503e-05	5.025209802509255e-05	1.6750699341697515e-05	0.0001005041960501	1.6750699341697515e-05	0.9998659944052664	0.9998492437059248	5.025209802509255e-05	0.0002512604901254	0.9998324930065832	0.9998827451046082
_scratch_st-cdeboer-1_asfar_VLPs_results_crispresso_aggregated_spacer_TadCBEd_rep3_.staging_CRISPRessoPooled_on_TadCBEd_D2_rep3_CRISPResso_on_PDCD1	G	1.6750699341697515e-05	0.0001172548953918	8.375349670848758e-05	3.350139868339503e-05	6.700279736679006e-05	0.0001172548953918	6.700279736679006e-05	6.700279736679006e-05	0.0001340055947335	0.0001340055947335	0.0001172548953918	0.9998659944052664	0.0001675069934169	0.0001675069934169	5.025209802509255e-05	3.350139868339503e-05	0.0001507562940752	6.700279736679006e-05	3.350139868339503e-05	5.025209802509255e-05
_scratch_st-cdeboer-1_asfar_VLPs_results_crispresso_aggregated_spacer_TadCBEd_rep3_.staging_CRISPRessoPooled_on_TadCBEd_D2_rep3_CRISPResso_on_PDCD1	N	0.0	0.0	0.0	0.0	0.0	0.0	0.0	0.0	0.0	0.0	0.0	0.0	0.0	0.0	0.0	0.0	0.0	0.0	0.0	0.0
_scratch_st-cdeboer-1_asfar_VLPs_results_crispresso_aggregated_spacer_TadCBEd_rep3_.staging_CRISPRessoPooled_on_TadCBEd_D2_rep3_CRISPResso_on_PDCD1	-	5.025209802509255e-05	0.0	0.0	0.0	1.6750699341697515e-05	0.0	0.0	0.0	0.0	0.0	5.025209802509255e-05	0.0	0.0	0.0	0.0	0.0	0.0	0.0	0.0	0.0
_scratch_st-cdeboer-1_asfar_VLPs_results_crispresso_aggregated_spacer_TadCBEd_rep3_.staging_CRISPRessoPooled_on_TadCBEd_D3_rep3_CRISPResso_on_PDCD1	A	8.736371260833101e-05	0.999851481688566	0.0002184092815208	0.0001135728263908	8.7363712608331e-06	0.999842745317305	0.0007513279284316	0.0002358820240424	2.62091137824993e-05	0.9998077998322616	0.9997990634610008	0.0001048364551299	0.9997204361196532	0.9997815907184792	0.0	6.11545988258317e-05	0.9998252725747834	2.62091137824993e-05	4.368185630416551e-05	3.49454850433324e-05
_scratch_st-cdeboer-1_asfar_VLPs_results_crispresso_aggregated_spacer_TadCBEd_rep3_.staging_CRISPRessoPooled_on_TadCBEd_D3_rep3_CRISPResso_on_PDCD1	T	1.74727425216662e-05	0.0	0.0002970366228683	0.0001310455689124	0.9998689544310876	8.7363712608331e-06	0.0010308918087783	0.0001922001677383	0.9997116997483924	0.0	8.7363712608331e-06	0.0001223091976516	2.62091137824993e-05	0.0	3.49454850433324e-05	8.736371260833101e-05	8.7363712608331e-06	0.9997291724909142	1.74727425216662e-05	6.98909700866648e-05
_scratch_st-cdeboer-1_asfar_VLPs_results_crispresso_aggregated_spacer_TadCBEd_rep3_.staging_CRISPRessoPooled_on_TadCBEd_D3_rep3_CRISPResso_on_PDCD1	C	0.9998689544310876	4.368185630416551e-05	0.9993622448979592	0.9997116997483924	8.736371260833101e-05	2.62091137824993e-05	0.9979731618674867	0.9992836175566115	0.0001223091976516	1.74727425216662e-05	2.62091137824993e-05	2.62091137824993e-05	0.0001135728263908	7.86273413474979e-05	0.999947581772435	0.999842745317305	2.62091137824993e-05	0.0002271456527816	0.9999301090299132	0.9998864271736092
_scratch_st-cdeboer-1_asfar_VLPs_results_crispresso_aggregated_spacer_TadCBEd_rep3_.staging_CRISPRessoPooled_on_TadCBEd_D3_rep3_CRISPResso_on_PDCD1	G	8.7363712608331e-06	0.0001048364551299	0.0001048364551299	3.49454850433324e-05	3.49454850433324e-05	0.0001223091976516	0.0002358820240424	0.0002708275090858	0.0001223091976516	0.0001659910539558	0.0001397819401733	0.9997466452334358	0.0001397819401733	0.0001310455689124	1.74727425216662e-05	8.7363712608331e-06	0.0001397819401733	1.74727425216662e-05	8.7363712608331e-06	0.0
_scratch_st-cdeboer-1_asfar_VLPs_results_crispresso_aggregated_spacer_TadCBEd_rep3_.staging_CRISPRessoPooled_on_TadCBEd_D3_rep3_CRISPResso_on_PDCD1	N	0.0	0.0	8.7363712608331e-06	0.0	0.0	0.0	0.0	0.0	0.0	0.0	0.0	0.0	0.0	0.0	0.0	0.0	0.0	0.0	0.0	0.0
_scratch_st-cdeboer-1_asfar_VLPs_results_crispresso_aggregated_spacer_TadCBEd_rep3_.staging_CRISPRessoPooled_on_TadCBEd_D3_rep3_CRISPResso_on_PDCD1	-	1.74727425216662e-05	0.0	8.7363712608331e-06	8.7363712608331e-06	0.0	0.0	8.7363712608331e-06	1.74727425216662e-05	1.74727425216662e-05	8.7363712608331e-06	2.62091137824993e-05	0.0	0.0	8.7363712608331e-06	0.0	0.0	0.0	0.0	0.0	8.7363712608331e-06
_scratch_st-cdeboer-1_asfar_VLPs_results_crispresso_aggregated_spacer_TadCBEd_rep3_.staging_CRISPRessoPooled_on_TadCBEd_D4_rep3_CRISPResso_on_PDCD1	A	7.654623392529088e-05	0.9998359723558744	0.0006342402239524	0.0002405738780509	0.0001640276441256	0.9998359723558744	0.0052051439069197	0.0007545271629778	0.0	0.9996172688303736	0.9997812964744992	7.654623392529088e-05	0.9996500743591986	0.999726620593124	3.280552882512466e-05	0.0	0.9997812964744992	2.1870352550083107e-05	5.467588137520777e-05	7.654623392529088e-05
_scratch_st-cdeboer-1_asfar_VLPs_results_crispresso_aggregated_spacer_TadCBEd_rep3_.staging_CRISPRessoPooled_on_TadCBEd_D4_rep3_CRISPResso_on_PDCD1	T	6.561105765024933e-05	0.0	0.0004811477561018	0.0003171201119762	0.9996282040066484	1.0935176275041552e-05	0.0122802029568716	0.0020448779634327	0.9995079170676232	1.0935176275041552e-05	0.0	9.8416586475374e-05	2.1870352550083107e-05	0.0	5.467588137520777e-05	6.561105765024933e-05	0.0	0.9996719447117488	5.467588137520777e-05	5.467588137520777e-05
_scratch_st-cdeboer-1_asfar_VLPs_results_crispresso_aggregated_spacer_TadCBEd_rep3_.staging_CRISPRessoPooled_on_TadCBEd_D4_rep3_CRISPResso_on_PDCD1	C	0.999737555769399	1.0935176275041552e-05	0.9983706587350188	0.9978238999212669	9.8416586475374e-05	2.1870352550083107e-05	0.9795402851893972	0.9915252383868428	0.0001202869390254	1.0935176275041552e-05	3.280552882512466e-05	1.0935176275041552e-05	0.0001202869390254	6.561105765024933e-05	0.9998141020033244	0.9998578427084244	2.1870352550083107e-05	0.0002187035255008	0.9997922316507742	0.9997594261219492
_scratch_st-cdeboer-1_asfar_VLPs_results_crispresso_aggregated_spacer_TadCBEd_rep3_.staging_CRISPRessoPooled_on_TadCBEd_D4_rep3_CRISPResso_on_PDCD1	G	2.1870352550083107e-05	8.748141020033243e-05	0.0004046015221765	0.0014981191496806	3.280552882512466e-05	5.467588137520777e-05	0.0027009885399352	0.0052379494357449	0.0001749628204006	0.0001749628204006	7.654623392529088e-05	0.999748490945674	0.0001421572915755	0.0001421572915755	1.0935176275041552e-05	1.0935176275041552e-05	0.0001312221153004	3.280552882512466e-05	4.374070510016621e-05	4.374070510016621e-05
_scratch_st-cdeboer-1_asfar_VLPs_results_crispresso_aggregated_spacer_TadCBEd_rep3_.staging_CRISPRessoPooled_on_TadCBEd_D4_rep3_CRISPResso_on_PDCD1	N	0.0	0.0	0.0	0.0	1.0935176275041552e-05	0.0	0.0	0.0	0.0	0.0	0.0	0.0	0.0	0.0	2.1870352550083107e-05	0.0	0.0	0.0	0.0	0.0
_scratch_st-cdeboer-1_asfar_VLPs_results_crispresso_aggregated_spacer_TadCBEd_rep3_.staging_CRISPRessoPooled_on_TadCBEd_D4_rep3_CRISPResso_on_PDCD1	-	9.8416586475374e-05	6.561105765024933e-05	0.0001093517627504	0.0001202869390254	6.561105765024933e-05	7.654623392529088e-05	0.000273379406876	0.0004374070510016	0.0001968331729507	0.0001858979966757	0.0001093517627504	6.561105765024933e-05	6.561105765024933e-05	6.561105765024933e-05	6.561105765024933e-05	6.561105765024933e-05	6.561105765024933e-05	5.467588137520777e-05	5.467588137520777e-05	6.561105765024933e-05
_scratch_st-cdeboer-1_asfar_VLPs_results_crispresso_aggregated_spacer_TadCBEd_rep3_.staging_CRISPRessoPooled_on_TadCBEd_D5_rep3_CRISPResso_on_PDCD1	A	0.0001690780415931	0.9999033839762324	0.0003140020772445	0.0001449240356513	0.0001207700297094	0.9992753798217434	0.0037438709209922	0.0006038501485471	0.0	0.99961353590493	0.9997101519286974	2.4154005941885465e-05	0.99961353590493	0.9997101519286974	4.830801188377092e-05	0.0001207700297094	0.9999516919881162	4.830801188377092e-05	2.4154005941885465e-05	2.4154005941885465e-05
_scratch_st-cdeboer-1_asfar_VLPs_results_crispresso_aggregated_spacer_TadCBEd_rep3_.staging_CRISPRessoPooled_on_TadCBEd_D5_rep3_CRISPResso_on_PDCD1	T	4.830801188377092e-05	0.0	0.000410618101012	0.0003623100891282	0.9994686118692784	2.4154005941885465e-05	0.0079466679548803	0.0013043163208618	0.9994203038573948	0.0	4.830801188377092e-05	7.246201782565638e-05	0.0	0.0	4.830801188377092e-05	4.830801188377092e-05	0.0	0.999565227893046	4.830801188377092e-05	9.661602376754183e-05
_scratch_st-cdeboer-1_asfar_VLPs_results_crispresso_aggregated_spacer_TadCBEd_rep3_.staging_CRISPRessoPooled_on_TadCBEd_D5_rep3_CRISPResso_on_PDCD1	C	0.9996618439168136	0.0	0.99871983768508	0.9986956836791382	0.000193232047535	4.830801188377092e-05	0.986304678630951	0.993889036496703	0.0001690780415931	2.4154005941885465e-05	2.4154005941885465e-05	2.4154005941885465e-05	0.0001449240356513	4.830801188377092e-05	0.999782613946523	0.9997584599405812	0.0	0.0002173860534769	0.9999275379821744	0.9998550759643486
_scratch_st-cdeboer-1_asfar_VLPs_results_crispresso_aggregated_spacer_TadCBEd_rep3_.staging_CRISPRessoPooled_on_TadCBEd_D5_rep3_CRISPResso_on_PDCD1	G	0.0	7.246201782565638e-05	0.0005313881307214	0.0007729281901403	2.4154005941885465e-05	0.0004589261128958	0.0017390884278157	0.0039129489625854	0.000193232047535	0.0001449240356513	2.4154005941885465e-05	0.9997343059346392	9.661602376754183e-05	0.0001207700297094	0.0	0.0	4.830801188377092e-05	0.0001690780415931	0.0	2.4154005941885465e-05
_scratch_st-cdeboer-1_asfar_VLPs_results_crispresso_aggregated_spacer_TadCBEd_rep3_.staging_CRISPRessoPooled_on_TadCBEd_D5_rep3_CRISPResso_on_PDCD1	N	0.0	0.0	0.0	0.0	0.0	0.0	0.0	0.0	0.0	0.0	0.0	0.0	0.0	0.0	0.0	0.0	0.0	0.0	0.0	0.0
_scratch_st-cdeboer-1_asfar_VLPs_results_crispresso_aggregated_spacer_TadCBEd_rep3_.staging_CRISPRessoPooled_on_TadCBEd_D5_rep3_CRISPResso_on_PDCD1	-	0.0001207700297094	2.4154005941885465e-05	2.4154005941885465e-05	2.4154005941885465e-05	0.000193232047535	0.000193232047535	0.0002656940653607	0.0002898480713026	0.0002173860534769	0.0002173860534769	0.000193232047535	0.0001449240356513	0.0001449240356513	0.0001207700297094	0.0001207700297094	7.246201782565638e-05	0.0	0.0	0.0	0.0
