Folder	Nucleotide	C	A	C	C	T	A	C	C	T	A	A	G	A	A	C	C	A	T	C	C
_scratch_st-cdeboer-1_asfar_VLPs_results_crispresso_aggregated_spacer_TadCBEd_rep2_.staging_CRISPRessoPooled_on_TadCBEd_D0_rep2_CRISPResso_on_PDCD1	A	2.1111298767100152e-05	0.9998944435061644	6.333389630130046e-05	0.0	0.0	0.9998522209086304	2.1111298767100152e-05	2.1111298767100152e-05	2.1111298767100152e-05	0.9998944435061644	0.999788887012329	6.333389630130046e-05	0.9998311096098632	0.999809998311096	4.222259753420031e-05	4.222259753420031e-05	0.9998733322073974	0.0	6.333389630130046e-05	4.222259753420031e-05
_scratch_st-cdeboer-1_asfar_VLPs_results_crispresso_aggregated_spacer_TadCBEd_rep2_.staging_CRISPRessoPooled_on_TadCBEd_D0_rep2_CRISPResso_on_PDCD1	T	2.1111298767100152e-05	0.0	4.222259753420031e-05	4.222259753420031e-05	0.9997466644147948	2.1111298767100152e-05	2.1111298767100152e-05	0.0	0.999809998311096	0.0	0.0	8.444519506840061e-05	0.0	0.0	4.222259753420031e-05	4.222259753420031e-05	2.1111298767100152e-05	0.999788887012329	0.0	8.444519506840061e-05
_scratch_st-cdeboer-1_asfar_VLPs_results_crispresso_aggregated_spacer_TadCBEd_rep2_.staging_CRISPRessoPooled_on_TadCBEd_D0_rep2_CRISPResso_on_PDCD1	C	0.9999577774024658	2.1111298767100152e-05	0.9998944435061644	0.9999366661036988	0.0001688903901368	2.1111298767100152e-05	0.9999577774024658	0.9999366661036988	0.0001055564938355	0.0	2.1111298767100152e-05	6.333389630130046e-05	4.222259753420031e-05	6.333389630130046e-05	0.9998944435061644	0.9998944435061644	2.1111298767100152e-05	0.0001688903901368	0.9998944435061644	0.9998522209086304
_scratch_st-cdeboer-1_asfar_VLPs_results_crispresso_aggregated_spacer_TadCBEd_rep2_.staging_CRISPRessoPooled_on_TadCBEd_D0_rep2_CRISPResso_on_PDCD1	G	0.0	8.444519506840061e-05	0.0	2.1111298767100152e-05	6.333389630130046e-05	0.0001055564938355	0.0	2.1111298767100152e-05	4.222259753420031e-05	0.0001055564938355	0.0001055564938355	0.999788887012329	0.0001266677926026	0.0001266677926026	2.1111298767100152e-05	2.1111298767100152e-05	8.444519506840061e-05	4.222259753420031e-05	4.222259753420031e-05	2.1111298767100152e-05
_scratch_st-cdeboer-1_asfar_VLPs_results_crispresso_aggregated_spacer_TadCBEd_rep2_.staging_CRISPRessoPooled_on_TadCBEd_D0_rep2_CRISPResso_on_PDCD1	N	0.0	0.0	0.0	0.0	0.0	0.0	0.0	0.0	0.0	0.0	0.0	0.0	0.0	0.0	0.0	0.0	0.0	0.0	0.0	0.0
_scratch_st-cdeboer-1_asfar_VLPs_results_crispresso_aggregated_spacer_TadCBEd_rep2_.staging_CRISPRessoPooled_on_TadCBEd_D0_rep2_CRISPResso_on_PDCD1	-	0.0	0.0	0.0	0.0	2.1111298767100152e-05	0.0	0.0	2.1111298767100152e-05	2.1111298767100152e-05	0.0	8.444519506840061e-05	0.0	0.0	0.0	0.0	0.0	0.0	0.0	0.0	0.0
_scratch_st-cdeboer-1_asfar_VLPs_results_crispresso_aggregated_spacer_TadCBEd_rep2_.staging_CRISPRessoPooled_on_TadCBEd_D1_rep2_CRISPResso_on_PDCD1	A	0.0001703214817968	0.9997445177773048	2.129018522461145e-05	8.516074089844582e-05	0.0	0.9998722588886524	6.387055567383436e-05	6.387055567383436e-05	0.0	0.9999148392591016	0.9998296785182031	6.387055567383436e-05	0.9996806472216307	0.9998296785182031	0.0	2.129018522461145e-05	0.999787098147754	0.0	4.258037044922291e-05	8.516074089844582e-05
_scratch_st-cdeboer-1_asfar_VLPs_results_crispresso_aggregated_spacer_TadCBEd_rep2_.staging_CRISPRessoPooled_on_TadCBEd_D1_rep2_CRISPResso_on_PDCD1	T	4.258037044922291e-05	0.0	6.387055567383436e-05	2.129018522461145e-05	0.9998509687034276	4.258037044922291e-05	0.0001490312965722	4.258037044922291e-05	0.9998722588886524	0.0	0.0	0.0001277411113476	2.129018522461145e-05	0.0	0.0	4.258037044922291e-05	0.0	0.9998509687034276	2.129018522461145e-05	2.129018522461145e-05
_scratch_st-cdeboer-1_asfar_VLPs_results_crispresso_aggregated_spacer_TadCBEd_rep2_.staging_CRISPRessoPooled_on_TadCBEd_D1_rep2_CRISPResso_on_PDCD1	C	0.9997658079625292	6.387055567383436e-05	0.9998722588886524	0.9998722588886524	8.516074089844582e-05	0.0	0.9997445177773048	0.9998296785182031	6.387055567383436e-05	0.0	2.129018522461145e-05	2.129018522461145e-05	8.516074089844582e-05	6.387055567383436e-05	1.0	0.9999361294443262	0.000106450926123	0.000106450926123	0.9999361294443262	0.9998722588886524
_scratch_st-cdeboer-1_asfar_VLPs_results_crispresso_aggregated_spacer_TadCBEd_rep2_.staging_CRISPRessoPooled_on_TadCBEd_D1_rep2_CRISPResso_on_PDCD1	G	2.129018522461145e-05	0.0001916116670215	4.258037044922291e-05	2.129018522461145e-05	6.387055567383436e-05	8.516074089844582e-05	4.258037044922291e-05	6.387055567383436e-05	4.258037044922291e-05	8.516074089844582e-05	8.516074089844582e-05	0.999787098147754	0.0002129018522461	0.000106450926123	0.0	0.0	0.000106450926123	2.129018522461145e-05	0.0	0.0
_scratch_st-cdeboer-1_asfar_VLPs_results_crispresso_aggregated_spacer_TadCBEd_rep2_.staging_CRISPRessoPooled_on_TadCBEd_D1_rep2_CRISPResso_on_PDCD1	N	0.0	0.0	0.0	0.0	0.0	0.0	0.0	0.0	0.0	0.0	0.0	0.0	0.0	0.0	0.0	0.0	0.0	0.0	0.0	0.0
_scratch_st-cdeboer-1_asfar_VLPs_results_crispresso_aggregated_spacer_TadCBEd_rep2_.staging_CRISPRessoPooled_on_TadCBEd_D1_rep2_CRISPResso_on_PDCD1	-	0.0	0.0	0.0	0.0	0.0	0.0	0.0	0.0	2.129018522461145e-05	0.0	6.387055567383436e-05	0.0	0.0	0.0	0.0	0.0	0.0	2.129018522461145e-05	0.0	2.129018522461145e-05
_scratch_st-cdeboer-1_asfar_VLPs_results_crispresso_aggregated_spacer_TadCBEd_rep2_.staging_CRISPRessoPooled_on_TadCBEd_D2_rep2_CRISPResso_on_PDCD1	A	0.0001105186085707	0.9996960738264306	6.90741303566988e-05	9.670378249937832e-05	8.288895642803857e-05	0.999834222087144	0.0015748901721327	0.0003453706517834	0.0	0.999834222087144	0.9997375183046444	0.0001795927389274	0.9996408145221451	0.9996269996960738	1.3814826071339762e-05	0.0001105186085707	0.9997513331307158	1.3814826071339762e-05	5.525930428535905e-05	4.1444478214019285e-05
_scratch_st-cdeboer-1_asfar_VLPs_results_crispresso_aggregated_spacer_TadCBEd_rep2_.staging_CRISPRessoPooled_on_TadCBEd_D2_rep2_CRISPResso_on_PDCD1	T	2.7629652142679525e-05	1.3814826071339762e-05	0.0001934075649987	0.00020722239107	0.9995579255657172	0.0	0.0041720774735446	0.0007874450860663	0.9998065924350013	0.0	0.0	2.7629652142679525e-05	0.0	0.0	4.1444478214019285e-05	8.288895642803857e-05	0.0	0.9995717403917884	1.3814826071339762e-05	8.288895642803857e-05
_scratch_st-cdeboer-1_asfar_VLPs_results_crispresso_aggregated_spacer_TadCBEd_rep2_.staging_CRISPRessoPooled_on_TadCBEd_D2_rep2_CRISPResso_on_PDCD1	C	0.9998065924350013	4.1444478214019285e-05	0.999475036609289	0.9994335921310752	0.0001519630867847	2.7629652142679525e-05	0.9929958831818309	0.9974995164810876	5.525930428535905e-05	1.3814826071339762e-05	1.3814826071339762e-05	2.7629652142679525e-05	0.000124333434642	9.670378249937832e-05	0.9998618517392868	0.9997237034785732	0.0001105186085707	0.0002624816953554	0.9998894813914292	0.9998204072610726
_scratch_st-cdeboer-1_asfar_VLPs_results_crispresso_aggregated_spacer_TadCBEd_rep2_.staging_CRISPRessoPooled_on_TadCBEd_D2_rep2_CRISPResso_on_PDCD1	G	1.3814826071339762e-05	0.0002348520432127	0.0002210372171414	0.0002210372171414	1.3814826071339762e-05	6.90741303566988e-05	0.0011880750421352	0.0011880750421352	6.90741303566988e-05	8.288895642803857e-05	6.90741303566988e-05	0.9996408145221451	0.0001105186085707	0.0001519630867847	1.3814826071339762e-05	1.3814826071339762e-05	6.90741303566988e-05	0.0001105186085707	0.0	4.1444478214019285e-05
_scratch_st-cdeboer-1_asfar_VLPs_results_crispresso_aggregated_spacer_TadCBEd_rep2_.staging_CRISPRessoPooled_on_TadCBEd_D2_rep2_CRISPResso_on_PDCD1	N	0.0	0.0	0.0	0.0	0.0	0.0	0.0	0.0	0.0	0.0	0.0	0.0	0.0	0.0	0.0	0.0	0.0	0.0	0.0	0.0
_scratch_st-cdeboer-1_asfar_VLPs_results_crispresso_aggregated_spacer_TadCBEd_rep2_.staging_CRISPRessoPooled_on_TadCBEd_D2_rep2_CRISPResso_on_PDCD1	-	4.1444478214019285e-05	1.3814826071339762e-05	4.1444478214019285e-05	4.1444478214019285e-05	0.0001934075649987	6.90741303566988e-05	6.90741303566988e-05	0.0001795927389274	6.90741303566988e-05	6.90741303566988e-05	0.0001795927389274	0.000124333434642	0.000124333434642	0.000124333434642	6.90741303566988e-05	6.90741303566988e-05	6.90741303566988e-05	4.1444478214019285e-05	4.1444478214019285e-05	1.3814826071339762e-05
_scratch_st-cdeboer-1_asfar_VLPs_results_crispresso_aggregated_spacer_TadCBEd_rep2_.staging_CRISPRessoPooled_on_TadCBEd_D3_rep2_CRISPResso_on_PDCD1	A	5.044263411435345e-05	0.9998360614391284	7.566395117153018e-05	0.0001387172438144	3.783197558576509e-05	0.9997477868294282	0.0024338570960175	0.0005170369996721	1.2610658528588362e-05	0.9997477868294282	0.9996595122197282	0.0001134959267572	0.9996847335367852	0.9996847335367852	5.044263411435345e-05	5.044263411435345e-05	0.999722565512371	0.0	7.566395117153018e-05	0.0001008852682287
_scratch_st-cdeboer-1_asfar_VLPs_results_crispresso_aggregated_spacer_TadCBEd_rep2_.staging_CRISPRessoPooled_on_TadCBEd_D3_rep2_CRISPResso_on_PDCD1	T	3.783197558576509e-05	0.0	0.000151327902343	0.0003152664632147	0.9995081843173852	2.5221317057176725e-05	0.0053216978990642	0.0008449141214154	0.9996595122197282	2.5221317057176725e-05	0.0	6.305329264294182e-05	2.5221317057176725e-05	0.0	2.5221317057176725e-05	5.044263411435345e-05	0.0	0.999697344195314	0.0	6.305329264294182e-05
_scratch_st-cdeboer-1_asfar_VLPs_results_crispresso_aggregated_spacer_TadCBEd_rep2_.staging_CRISPRessoPooled_on_TadCBEd_D3_rep2_CRISPResso_on_PDCD1	C	0.9998486720976568	6.305329264294182e-05	0.9996090695856138	0.9988776513909556	0.0001639385608716	0.0	0.9907942192741304	0.9959519786123232	0.0001134959267572	0.0	3.783197558576509e-05	1.2610658528588362e-05	3.783197558576509e-05	3.783197558576509e-05	0.9997982294635426	0.9997477868294282	2.5221317057176725e-05	0.0002396025120431	0.9998612827561856	0.9997603974879568
_scratch_st-cdeboer-1_asfar_VLPs_results_crispresso_aggregated_spacer_TadCBEd_rep2_.staging_CRISPRessoPooled_on_TadCBEd_D3_rep2_CRISPResso_on_PDCD1	G	2.5221317057176725e-05	8.827460970011855e-05	5.044263411435345e-05	0.0005548689752578	3.783197558576509e-05	0.0001008852682287	0.0013241191455017	0.0025221317057176	8.827460970011855e-05	0.0001008852682287	0.0001134959267572	0.9996847335367852	0.0001261065852858	0.000151327902343	0.0	2.5221317057176725e-05	0.0001261065852858	1.2610658528588362e-05	1.2610658528588362e-05	2.5221317057176725e-05
_scratch_st-cdeboer-1_asfar_VLPs_results_crispresso_aggregated_spacer_TadCBEd_rep2_.staging_CRISPRessoPooled_on_TadCBEd_D3_rep2_CRISPResso_on_PDCD1	N	0.0	0.0	0.0	0.0	0.0	0.0	0.0	0.0	0.0	0.0	0.0	0.0	0.0	0.0	0.0	0.0	0.0	0.0	0.0	0.0
_scratch_st-cdeboer-1_asfar_VLPs_results_crispresso_aggregated_spacer_TadCBEd_rep2_.staging_CRISPRessoPooled_on_TadCBEd_D3_rep2_CRISPResso_on_PDCD1	-	3.783197558576509e-05	1.2610658528588362e-05	0.0001134959267572	0.0001134959267572	0.0002522131705717	0.0001261065852858	0.0001261065852858	0.0001639385608716	0.0001261065852858	0.0001261065852858	0.0001891598779288	0.0001261065852858	0.0001261065852858	0.0001261065852858	0.0001261065852858	0.0001261065852858	0.0001261065852858	5.044263411435345e-05	5.044263411435345e-05	5.044263411435345e-05
_scratch_st-cdeboer-1_asfar_VLPs_results_crispresso_aggregated_spacer_TadCBEd_rep2_.staging_CRISPRessoPooled_on_TadCBEd_D4_rep2_CRISPResso_on_PDCD1	A	2.538844318066416e-05	0.9997841982329644	0.0002919670965776	0.0003046613181679	2.538844318066416e-05	0.9996318675738805	0.0036432415964253	0.0005585457499746	0.0	0.9997968924545548	0.9996699502386514	5.077688636132832e-05	0.9996318675738805	0.999733421346603	0.0	6.34711079516604e-05	0.9997461155681934	1.269422159033208e-05	7.616532954199249e-05	6.34711079516604e-05
_scratch_st-cdeboer-1_asfar_VLPs_results_crispresso_aggregated_spacer_TadCBEd_rep2_.staging_CRISPRessoPooled_on_TadCBEd_D4_rep2_CRISPResso_on_PDCD1	T	3.8082664770996245e-05	0.0	0.0003681324261196	0.0004696861988422	0.9995937849091092	0.0	0.0106123692495176	0.0012694221590332	0.9996445617954708	0.0	1.269422159033208e-05	8.885955113232456e-05	0.0	0.0	3.8082664770996245e-05	5.077688636132832e-05	1.269422159033208e-05	0.9995937849091092	5.077688636132832e-05	2.538844318066416e-05
_scratch_st-cdeboer-1_asfar_VLPs_results_crispresso_aggregated_spacer_TadCBEd_rep2_.staging_CRISPRessoPooled_on_TadCBEd_D4_rep2_CRISPResso_on_PDCD1	C	0.9998095866761452	3.8082664770996245e-05	0.9990479333807252	0.9984893876307503	0.0002158017670356	0.0	0.9829389661825936	0.993690971869605	0.0001269422159033	2.538844318066416e-05	3.8082664770996245e-05	8.885955113232456e-05	8.885955113232456e-05	6.34711079516604e-05	0.9998349751193256	0.9997968924545548	5.077688636132832e-05	0.0003427439829389	0.9998222808977354	0.999847669340916
_scratch_st-cdeboer-1_asfar_VLPs_results_crispresso_aggregated_spacer_TadCBEd_rep2_.staging_CRISPRessoPooled_on_TadCBEd_D4_rep2_CRISPResso_on_PDCD1	G	1.269422159033208e-05	8.885955113232456e-05	0.0002031075454453	0.0006474053011069	2.538844318066416e-05	0.0002919670965776	0.00267848075556	0.0043033411191225	0.0001015537727226	8.885955113232456e-05	0.0001015537727226	0.9996699502386514	0.0001777191022646	0.0001015537727226	1.269422159033208e-05	1.269422159033208e-05	0.0001142479943129	1.269422159033208e-05	1.269422159033208e-05	0.0
_scratch_st-cdeboer-1_asfar_VLPs_results_crispresso_aggregated_spacer_TadCBEd_rep2_.staging_CRISPRessoPooled_on_TadCBEd_D4_rep2_CRISPResso_on_PDCD1	N	0.0	0.0	0.0	0.0	0.0	0.0	0.0	0.0	0.0	0.0	0.0	0.0	0.0	0.0	1.269422159033208e-05	0.0	0.0	0.0	0.0	0.0
_scratch_st-cdeboer-1_asfar_VLPs_results_crispresso_aggregated_spacer_TadCBEd_rep2_.staging_CRISPRessoPooled_on_TadCBEd_D4_rep2_CRISPResso_on_PDCD1	-	0.0001142479943129	8.885955113232456e-05	8.885955113232456e-05	8.885955113232456e-05	0.0001396364374936	7.616532954199249e-05	0.0001269422159033	0.0001777191022646	0.0001269422159033	8.885955113232456e-05	0.0001777191022646	0.0001015537727226	0.0001015537727226	0.0001015537727226	0.0001015537727226	7.616532954199249e-05	7.616532954199249e-05	3.8082664770996245e-05	3.8082664770996245e-05	6.34711079516604e-05
_scratch_st-cdeboer-1_asfar_VLPs_results_crispresso_aggregated_spacer_TadCBEd_rep2_.staging_CRISPRessoPooled_on_TadCBEd_D5_rep2_CRISPResso_on_PDCD1	A	8.433409796248819e-05	0.99986506544326	0.0003542032114424	0.0001855350155174	0.0002867359330724	0.9997807313452975	0.003390230738092	0.0006240723249224	3.373363918499528e-05	0.9997469977061124	0.9996795304277424	8.433409796248819e-05	0.9995445958710024	0.9997132640669276	1.686681959249764e-05	3.373363918499528e-05	0.9998987990824452	1.686681959249764e-05	1.686681959249764e-05	3.373363918499528e-05
_scratch_st-cdeboer-1_asfar_VLPs_results_crispresso_aggregated_spacer_TadCBEd_rep2_.staging_CRISPRessoPooled_on_TadCBEd_D5_rep2_CRISPResso_on_PDCD1	T	0.0001855350155174	1.686681959249764e-05	0.0002361354742949	0.0003542032114424	0.9993253272163	0.0	0.0079780056672513	0.0008602077992173	0.999628929968965	1.686681959249764e-05	1.686681959249764e-05	0.0001012009175549	0.0	0.0	0.0	0.0	1.686681959249764e-05	0.99966266360815	6.746727836999056e-05	0.0
_scratch_st-cdeboer-1_asfar_VLPs_results_crispresso_aggregated_spacer_TadCBEd_rep2_.staging_CRISPRessoPooled_on_TadCBEd_D5_rep2_CRISPResso_on_PDCD1	C	0.9996963972473352	3.373363918499528e-05	0.99919039265956	0.9986675212521928	0.0001855350155174	8.433409796248819e-05	0.986371609769262	0.9952604236945082	0.0001180677371474	0.0	0.0	0.0	3.373363918499528e-05	3.373363918499528e-05	0.999831331804075	0.999831331804075	3.373363918499528e-05	0.0002530022938874	0.9998987990824452	0.999966266360815
_scratch_st-cdeboer-1_asfar_VLPs_results_crispresso_aggregated_spacer_TadCBEd_rep2_.staging_CRISPRessoPooled_on_TadCBEd_D5_rep2_CRISPResso_on_PDCD1	G	1.686681959249764e-05	8.433409796248819e-05	0.0002192686547024	0.0007590068816623	6.746727836999056e-05	0.0001180677371474	0.0022432870058021	0.002917959789502	0.0001012009175549	0.0001012009175549	0.0001180677371474	0.9996963972473352	0.0003036027526649	0.0001349345567399	3.373363918499528e-05	1.686681959249764e-05	5.0600458777492914e-05	6.746727836999056e-05	1.686681959249764e-05	0.0
_scratch_st-cdeboer-1_asfar_VLPs_results_crispresso_aggregated_spacer_TadCBEd_rep2_.staging_CRISPRessoPooled_on_TadCBEd_D5_rep2_CRISPResso_on_PDCD1	N	0.0	0.0	0.0	0.0	0.0	0.0	0.0	0.0	0.0	0.0	0.0	0.0	0.0	0.0	0.0	0.0	0.0	0.0	0.0	0.0
_scratch_st-cdeboer-1_asfar_VLPs_results_crispresso_aggregated_spacer_TadCBEd_rep2_.staging_CRISPRessoPooled_on_TadCBEd_D5_rep2_CRISPResso_on_PDCD1	-	1.686681959249764e-05	0.0	0.0	3.373363918499528e-05	0.0001349345567399	1.686681959249764e-05	1.686681959249764e-05	0.0003373363918499	0.0001180677371474	0.0001349345567399	0.0001855350155174	0.0001180677371474	0.0001180677371474	0.0001180677371474	0.0001180677371474	0.0001180677371474	0.0	0.0	0.0	0.0
