Folder	Nucleotide	G	G	A	G	G	C	T	A	T	C	C	A	G	C	G	T	G	A	G	T
_scratch_st-cdeboer-1_asfar_VLPs_results_crispresso_aggregated_spacer_TadCBEd_rep1_.staging_CRISPRessoPooled_on_TadCBEd_D0_rep1_CRISPResso_on_B2M	A	0.0001911257305529	0.0	0.9997485187755882	3.017774692941425e-05	1.0059248976471416e-05	0.0001106517387411	0.0	0.9998591705143294	0.0	5.029624488235708e-05	9.053324078824276e-05	0.9997082817796824	0.0	6.03554938588285e-05	6.03554938588285e-05	0.0	1.0059248976471416e-05	0.9996881632817294	2.0118497952942832e-05	2.0118497952942832e-05
_scratch_st-cdeboer-1_asfar_VLPs_results_crispresso_aggregated_spacer_TadCBEd_rep1_.staging_CRISPRessoPooled_on_TadCBEd_D0_rep1_CRISPResso_on_B2M	T	9.053324078824276e-05	0.0007142066773294	0.0	0.0002414219754353	4.023699590588567e-05	8.047399181177133e-05	0.9997786965225176	1.0059248976471416e-05	0.999617748538894	0.0001307702366941	8.047399181177133e-05	0.0	0.0001207109877176	0.0002715997223647	6.03554938588285e-05	0.9997384595266118	0.0001307702366941	1.0059248976471416e-05	0.0002715997223647	0.9995372745470824
_scratch_st-cdeboer-1_asfar_VLPs_results_crispresso_aggregated_spacer_TadCBEd_rep1_.staging_CRISPRessoPooled_on_TadCBEd_D0_rep1_CRISPResso_on_B2M	C	9.053324078824276e-05	0.0001106517387411	4.023699590588567e-05	5.029624488235708e-05	7.041474283529991e-05	0.9997988150204704	0.0001106517387411	1.0059248976471416e-05	0.0001307702366941	0.9998088742694472	0.9998189335184235	7.041474283529991e-05	5.029624488235708e-05	0.9996278077878704	2.0118497952942832e-05	6.03554938588285e-05	9.053324078824276e-05	2.0118497952942832e-05	5.029624488235708e-05	0.0001911257305529
_scratch_st-cdeboer-1_asfar_VLPs_results_crispresso_aggregated_spacer_TadCBEd_rep1_.staging_CRISPRessoPooled_on_TadCBEd_D0_rep1_CRISPResso_on_B2M	G	0.9996278077878704	0.999144963837	0.0002112442285058	0.9996781040327528	0.9998792890122824	1.0059248976471416e-05	0.0001106517387411	0.0001207109877176	0.0002414219754353	1.0059248976471416e-05	1.0059248976471416e-05	0.0002213034774823	0.9998289927674	4.023699590588567e-05	0.9998591705143294	0.0002011849795294	0.9997686372735411	0.0002816589713411	0.9996579855348	0.0002514812244117
_scratch_st-cdeboer-1_asfar_VLPs_results_crispresso_aggregated_spacer_TadCBEd_rep1_.staging_CRISPRessoPooled_on_TadCBEd_D0_rep1_CRISPResso_on_B2M	N	0.0	0.0	0.0	0.0	0.0	0.0	0.0	0.0	0.0	0.0	0.0	0.0	0.0	0.0	0.0	0.0	0.0	0.0	0.0	0.0
_scratch_st-cdeboer-1_asfar_VLPs_results_crispresso_aggregated_spacer_TadCBEd_rep1_.staging_CRISPRessoPooled_on_TadCBEd_D0_rep1_CRISPResso_on_B2M	-	0.0	3.017774692941425e-05	0.0	0.0	0.0	0.0	0.0	0.0	1.0059248976471416e-05	0.0	0.0	0.0	0.0	0.0	0.0	0.0	0.0	0.0	0.0	0.0
_scratch_st-cdeboer-1_asfar_VLPs_results_crispresso_aggregated_spacer_TadCBEd_rep1_.staging_CRISPRessoPooled_on_TadCBEd_D1_rep1_CRISPResso_on_B2M	A	0.0001478633742422	2.9572674848440043e-05	0.9996894869140914	4.435901227266006e-05	2.9572674848440043e-05	8.871802454532012e-05	0.0	0.9997929912760608	2.9572674848440043e-05	4.435901227266006e-05	5.9145349696880086e-05	0.9997634186012124	0.0001182906993937	5.9145349696880086e-05	8.871802454532012e-05	1.478633742422002e-05	0.0001182906993937	0.9996747005766672	1.478633742422002e-05	1.478633742422002e-05
_scratch_st-cdeboer-1_asfar_VLPs_results_crispresso_aggregated_spacer_TadCBEd_rep1_.staging_CRISPRessoPooled_on_TadCBEd_D1_rep1_CRISPResso_on_B2M	T	0.0001182906993937	0.0003548720981812	0.0	0.0001626497116664	2.9572674848440043e-05	4.435901227266006e-05	0.9996303415643945	0.0	0.9996894869140914	5.9145349696880086e-05	0.0001035043619695	0.0	0.0002661540736359	0.0001182906993937	2.9572674848440043e-05	0.9996894869140914	2.9572674848440043e-05	1.478633742422002e-05	0.000207008723939	0.9996747005766672
_scratch_st-cdeboer-1_asfar_VLPs_results_crispresso_aggregated_spacer_TadCBEd_rep1_.staging_CRISPRessoPooled_on_TadCBEd_D1_rep1_CRISPResso_on_B2M	C	8.871802454532012e-05	0.0001182906993937	2.9572674848440043e-05	1.478633742422002e-05	4.435901227266006e-05	0.9998521366257578	0.0001626497116664	2.9572674848440043e-05	7.39316871211001e-05	0.9998817093006064	0.9998077776134852	0.0001035043619695	0.0002513677362117	0.9997782049386368	7.39316871211001e-05	0.0001478633742422	0.0001478633742422	1.478633742422002e-05	7.39316871211001e-05	0.0001478633742422
_scratch_st-cdeboer-1_asfar_VLPs_results_crispresso_aggregated_spacer_TadCBEd_rep1_.staging_CRISPRessoPooled_on_TadCBEd_D1_rep1_CRISPResso_on_B2M	G	0.9996303415643945	0.999452905515304	0.0002661540736359	0.9997634186012124	0.9998817093006064	0.0	0.0001922223865148	0.0001626497116664	0.0001922223865148	0.0	0.0	0.0001182906993937	0.9993494011533344	2.9572674848440043e-05	0.9997929912760608	0.0001330770368179	0.9996894869140914	0.0002809404110601	0.9996894869140914	0.0001478633742422
_scratch_st-cdeboer-1_asfar_VLPs_results_crispresso_aggregated_spacer_TadCBEd_rep1_.staging_CRISPRessoPooled_on_TadCBEd_D1_rep1_CRISPResso_on_B2M	N	0.0	0.0	0.0	0.0	0.0	0.0	0.0	0.0	0.0	0.0	0.0	0.0	0.0	0.0	0.0	0.0	0.0	0.0	0.0	0.0
_scratch_st-cdeboer-1_asfar_VLPs_results_crispresso_aggregated_spacer_TadCBEd_rep1_.staging_CRISPRessoPooled_on_TadCBEd_D1_rep1_CRISPResso_on_B2M	-	1.478633742422002e-05	4.435901227266006e-05	1.478633742422002e-05	1.478633742422002e-05	1.478633742422002e-05	1.478633742422002e-05	1.478633742422002e-05	1.478633742422002e-05	1.478633742422002e-05	1.478633742422002e-05	2.9572674848440043e-05	1.478633742422002e-05	1.478633742422002e-05	1.478633742422002e-05	1.478633742422002e-05	1.478633742422002e-05	1.478633742422002e-05	1.478633742422002e-05	1.478633742422002e-05	1.478633742422002e-05
_scratch_st-cdeboer-1_asfar_VLPs_results_crispresso_aggregated_spacer_TadCBEd_rep1_.staging_CRISPRessoPooled_on_TadCBEd_D2_rep1_CRISPResso_on_B2M	A	0.0001179175756146	7.369848475915335e-06	0.9996904663640116	1.473969695183067e-05	4.421909085549201e-05	8.10683332350687e-05	0.0	0.9998083839396262	0.0	5.158893933140735e-05	5.158893933140735e-05	0.9996315075762042	0.0001252874240905	0.0001031778786628	0.0001179175756146	7.369848475915335e-06	5.895878780732268e-05	0.9995946583338248	7.369848475915335e-06	2.947939390366134e-05
_scratch_st-cdeboer-1_asfar_VLPs_results_crispresso_aggregated_spacer_TadCBEd_rep1_.staging_CRISPRessoPooled_on_TadCBEd_D2_rep1_CRISPResso_on_B2M	T	0.0001400271210423	0.0002358351512292	2.947939390366134e-05	0.0001768763634219	6.632863628323802e-05	8.843818171098402e-05	0.9997862743941984	2.210954542774601e-05	0.999565178939921	6.632863628323802e-05	5.158893933140735e-05	0.0	0.000257944696657	5.158893933140735e-05	0.0002432049997052	0.999823123636578	0.0001031778786628	1.473969695183067e-05	0.0001768763634219	0.9996020281823006
_scratch_st-cdeboer-1_asfar_VLPs_results_crispresso_aggregated_spacer_TadCBEd_rep1_.staging_CRISPRessoPooled_on_TadCBEd_D2_rep1_CRISPResso_on_B2M	C	9.580803018689935e-05	0.0001031778786628	5.158893933140735e-05	2.210954542774601e-05	3.6849242379576674e-05	0.9997494251518187	7.369848475915335e-05	7.369848475915335e-06	0.0001179175756146	0.9998452331820058	0.9998157537881022	8.843818171098402e-05	0.0005379989387418	0.9997936442426744	5.895878780732268e-05	6.632863628323802e-05	0.0001473969695183	4.421909085549201e-05	8.843818171098402e-05	0.0001768763634219
_scratch_st-cdeboer-1_asfar_VLPs_results_crispresso_aggregated_spacer_TadCBEd_rep1_.staging_CRISPRessoPooled_on_TadCBEd_D2_rep1_CRISPResso_on_B2M	G	0.9996388774246802	0.9996093980307764	0.0002137256058015	0.9997125759094392	0.9997789045457224	7.369848475915335e-06	0.0001326572725664	0.0001547668179942	0.0003095336359884	2.947939390366134e-05	0.0	0.0002063557573256	0.9990050704557514	4.421909085549201e-05	0.999572548788397	9.580803018689935e-05	0.9996830965155356	0.000346382878368	0.9997273156063912	0.0001916160603737
_scratch_st-cdeboer-1_asfar_VLPs_results_crispresso_aggregated_spacer_TadCBEd_rep1_.staging_CRISPRessoPooled_on_TadCBEd_D2_rep1_CRISPResso_on_B2M	N	0.0	0.0	0.0	0.0	0.0	0.0	0.0	0.0	0.0	0.0	7.369848475915335e-06	0.0	0.0	0.0	0.0	0.0	0.0	0.0	0.0	0.0
_scratch_st-cdeboer-1_asfar_VLPs_results_crispresso_aggregated_spacer_TadCBEd_rep1_.staging_CRISPRessoPooled_on_TadCBEd_D2_rep1_CRISPResso_on_B2M	-	7.369848475915335e-06	4.421909085549201e-05	1.473969695183067e-05	7.369848475915335e-05	7.369848475915335e-05	7.369848475915335e-05	7.369848475915335e-06	7.369848475915335e-06	7.369848475915335e-06	7.369848475915335e-06	7.369848475915335e-05	7.369848475915335e-05	7.369848475915335e-05	7.369848475915335e-06	7.369848475915335e-06	7.369848475915335e-06	7.369848475915335e-06	0.0	0.0	0.0
_scratch_st-cdeboer-1_asfar_VLPs_results_crispresso_aggregated_spacer_TadCBEd_rep1_.staging_CRISPRessoPooled_on_TadCBEd_D3_rep1_CRISPResso_on_B2M	A	0.0002102761016639	4.5712196013896505e-05	0.9997622965807276	3.656975681111721e-05	5.485463521667581e-05	8.228195282501371e-05	0.0	0.9998445785335528	0.0	9.1424392027793e-05	8.228195282501371e-05	0.9997074419455112	0.0003839824465167	1.8284878405558604e-05	0.0004571219601389	9.142439202779302e-06	0.0003748400073139	0.9995520204790638	2.7427317608337905e-05	2.7427317608337905e-05
_scratch_st-cdeboer-1_asfar_VLPs_results_crispresso_aggregated_spacer_TadCBEd_rep1_.staging_CRISPRessoPooled_on_TadCBEd_D3_rep1_CRISPResso_on_B2M	T	0.0001371365880416	0.0002925580544889	9.142439202779302e-06	0.0003017004936917	1.8284878405558604e-05	7.313951362223442e-05	0.9997257268239166	4.5712196013896505e-05	0.9996160175534832	4.5712196013896505e-05	9.1424392027793e-05	9.142439202779302e-06	0.0001554214664472	0.0001919912232583	0.0001188517096361	0.9997988663375388	5.485463521667581e-05	4.5712196013896505e-05	0.0002011336624611	0.9995977326750776
_scratch_st-cdeboer-1_asfar_VLPs_results_crispresso_aggregated_spacer_TadCBEd_rep1_.staging_CRISPRessoPooled_on_TadCBEd_D3_rep1_CRISPResso_on_B2M	C	5.485463521667581e-05	7.313951362223442e-05	5.485463521667581e-05	7.313951362223442e-05	7.313951362223442e-05	0.9997805814591332	0.0001188517096361	9.142439202779302e-06	0.0001005668312305	0.9998262936551472	0.9997348692631194	7.313951362223442e-05	0.0004571219601389	0.9997440117023222	0.0002377034192722	5.485463521667581e-05	0.0003656975681111	9.142439202779302e-06	2.7427317608337905e-05	0.0001462790272444
_scratch_st-cdeboer-1_asfar_VLPs_results_crispresso_aggregated_spacer_TadCBEd_rep1_.staging_CRISPRessoPooled_on_TadCBEd_D3_rep1_CRISPResso_on_B2M	G	0.9995977326750776	0.9995703053574694	0.0001737063448528	0.9995520204790638	0.9997988663375388	9.142439202779302e-06	0.0001371365880416	8.228195282501371e-05	0.0002651307368805	1.8284878405558604e-05	2.7427317608337905e-05	0.0001554214664472	0.9989486194916803	2.7427317608337905e-05	0.9991588955933444	0.0001097092704333	0.99917718047175	0.0003656975681111	0.999716584384714	0.0002194185408667
_scratch_st-cdeboer-1_asfar_VLPs_results_crispresso_aggregated_spacer_TadCBEd_rep1_.staging_CRISPRessoPooled_on_TadCBEd_D3_rep1_CRISPResso_on_B2M	N	0.0	0.0	0.0	0.0	0.0	0.0	0.0	0.0	0.0	0.0	0.0	0.0	0.0	0.0	0.0	0.0	0.0	0.0	0.0	0.0
_scratch_st-cdeboer-1_asfar_VLPs_results_crispresso_aggregated_spacer_TadCBEd_rep1_.staging_CRISPRessoPooled_on_TadCBEd_D3_rep1_CRISPResso_on_B2M	-	0.0	1.8284878405558604e-05	0.0	3.656975681111721e-05	5.485463521667581e-05	5.485463521667581e-05	1.8284878405558604e-05	1.8284878405558604e-05	1.8284878405558604e-05	1.8284878405558604e-05	6.399707441945511e-05	5.485463521667581e-05	5.485463521667581e-05	1.8284878405558604e-05	2.7427317608337905e-05	2.7427317608337905e-05	2.7427317608337905e-05	2.7427317608337905e-05	2.7427317608337905e-05	9.142439202779302e-06
_scratch_st-cdeboer-1_asfar_VLPs_results_crispresso_aggregated_spacer_TadCBEd_rep1_.staging_CRISPRessoPooled_on_TadCBEd_D4_rep1_CRISPResso_on_B2M	A	0.0001150659711567	5.114043162524292e-05	0.9993223892809656	7.671064743786438e-05	5.114043162524292e-05	3.835532371893219e-05	0.0	0.9993096041730593	0.0	7.671064743786438e-05	8.94957553441751e-05	0.9990666871228392	0.0071468753196276	0.0001789915106883	0.0100107394906413	2.557021581262146e-05	0.0049606218676485	0.9993735297125907	0.000166206402782	2.557021581262146e-05
_scratch_st-cdeboer-1_asfar_VLPs_results_crispresso_aggregated_spacer_TadCBEd_rep1_.staging_CRISPRessoPooled_on_TadCBEd_D4_rep1_CRISPResso_on_B2M	T	0.0001150659711567	0.0005241894241587	1.278510790631073e-05	0.0002557021581262	3.835532371893219e-05	0.0001278510790631	0.9990794722307456	0.0	0.9991306126623708	0.0001022808632504	0.0001022808632504	0.0002173468344072	0.0032857727319218	0.0004730489925334	0.0050501176229927	0.9993096041730593	0.0015469980566635	1.278510790631073e-05	0.0004219085609082	0.9994118850363096
_scratch_st-cdeboer-1_asfar_VLPs_results_crispresso_aggregated_spacer_TadCBEd_rep1_.staging_CRISPRessoPooled_on_TadCBEd_D4_rep1_CRISPResso_on_B2M	C	6.392553953155365e-05	5.114043162524292e-05	3.835532371893219e-05	6.392553953155365e-05	8.94957553441751e-05	0.9993096041730593	0.0001917766185946	5.114043162524292e-05	0.0001022808632504	0.9993863148204972	0.9992968190651528	0.0001150659711567	0.012056356755651	0.9989004807200572	0.0035926153216733	0.0002301319423135	0.0047049197095223	2.557021581262146e-05	8.94957553441751e-05	0.0001789915106883
_scratch_st-cdeboer-1_asfar_VLPs_results_crispresso_aggregated_spacer_TadCBEd_rep1_.staging_CRISPRessoPooled_on_TadCBEd_D4_rep1_CRISPResso_on_B2M	G	0.9993990999284034	0.9990027615833078	0.0001534212948757	0.9991178275544644	0.999220108417715	5.114043162524292e-05	0.0002429170502199	0.0002557021581262	0.0003963383450956	1.278510790631073e-05	1.278510790631073e-05	0.0001789915106883	0.9768078142579524	0.0001150659711567	0.9810141147591286	0.0001278510790631	0.9885828986396644	0.0004346936688145	0.9991689679860898	0.0002557021581262
_scratch_st-cdeboer-1_asfar_VLPs_results_crispresso_aggregated_spacer_TadCBEd_rep1_.staging_CRISPRessoPooled_on_TadCBEd_D4_rep1_CRISPResso_on_B2M	N	0.0	0.0	0.0	0.0	0.0	0.0	0.0	0.0	0.0	0.0	1.278510790631073e-05	0.0	0.0	0.0	0.0	0.0	0.0	0.0	0.0	0.0
_scratch_st-cdeboer-1_asfar_VLPs_results_crispresso_aggregated_spacer_TadCBEd_rep1_.staging_CRISPRessoPooled_on_TadCBEd_D4_rep1_CRISPResso_on_B2M	-	0.0003068425897514	0.000370768129283	0.0004730489925334	0.0004858341004398	0.0006009000715966	0.0004730489925334	0.0004858341004398	0.0003835532371893	0.000370768129283	0.0004219085609082	0.0004858341004398	0.0004219085609082	0.000703180934847	0.000332412805564	0.000332412805564	0.0003068425897514	0.0002045617265009	0.0001534212948757	0.0001534212948757	0.0001278510790631
_scratch_st-cdeboer-1_asfar_VLPs_results_crispresso_aggregated_spacer_TadCBEd_rep1_.staging_CRISPRessoPooled_on_TadCBEd_D5_rep1_CRISPResso_on_B2M	A	0.0001603900686469	3.207801372938988e-05	0.9994867517803298	3.207801372938988e-05	0.0	0.0001603900686469	6.415602745877976e-05	0.999310322704818	0.0	4.8117020594084814e-05	4.8117020594084814e-05	0.9991018156155772	0.0058061204850195	0.000208507089241	0.0118047090524154	0.0	0.004571116956438	0.9995027907871944	9.623404118816964e-05	3.207801372938988e-05
_scratch_st-cdeboer-1_asfar_VLPs_results_crispresso_aggregated_spacer_TadCBEd_rep1_.staging_CRISPRessoPooled_on_TadCBEd_D5_rep1_CRISPResso_on_B2M	T	9.623404118816964e-05	0.0007538333226406	0.0	0.0001443510617822	6.415602745877976e-05	0.0001122730480528	0.9993263617116828	1.603900686469494e-05	0.9989735035606596	9.623404118816964e-05	0.0002405851029704	1.603900686469494e-05	0.0025983191120805	0.0001443510617822	0.0039135176749855	0.999262205684224	0.0005613652402643	0.0	0.000208507089241	0.9994546737666004
_scratch_st-cdeboer-1_asfar_VLPs_results_crispresso_aggregated_spacer_TadCBEd_rep1_.staging_CRISPRessoPooled_on_TadCBEd_D5_rep1_CRISPResso_on_B2M	C	8.019503432347469e-05	9.623404118816964e-05	1.603900686469494e-05	4.8117020594084814e-05	3.207801372938988e-05	0.9993424007185476	0.0001443510617822	3.207801372938988e-05	0.0002245460961057	0.9993263617116828	0.9990055815743888	9.623404118816964e-05	0.016456021043177	0.9990055815743888	0.0033842304484506	0.0001764290755116	0.0056938474369667	4.8117020594084814e-05	0.0002726631166998	0.0001603900686469
_scratch_st-cdeboer-1_asfar_VLPs_results_crispresso_aggregated_spacer_TadCBEd_rep1_.staging_CRISPRessoPooled_on_TadCBEd_D5_rep1_CRISPResso_on_B2M	G	0.9995027907871944	0.9989093475332008	0.0002245460961057	0.9995509078077884	0.999582985821518	6.415602745877976e-05	0.0001764290755116	0.0001764290755116	0.0003368191441585	0.0	3.207801372938988e-05	0.0001924680823763	0.9736479117213064	0.0001764290755116	0.9801918265221018	0.0001122730480528	0.9888208122153076	0.000208507089241	0.9991820106499004	0.0001122730480528
_scratch_st-cdeboer-1_asfar_VLPs_results_crispresso_aggregated_spacer_TadCBEd_rep1_.staging_CRISPRessoPooled_on_TadCBEd_D5_rep1_CRISPResso_on_B2M	N	0.0	0.0	0.0	0.0	0.0	0.0	0.0	0.0	0.0	0.0	0.0	0.0	0.0	0.0	0.0	0.0	0.0	0.0	0.0	0.0
_scratch_st-cdeboer-1_asfar_VLPs_results_crispresso_aggregated_spacer_TadCBEd_rep1_.staging_CRISPRessoPooled_on_TadCBEd_D5_rep1_CRISPResso_on_B2M	-	0.0001603900686469	0.000208507089241	0.0002726631166998	0.0002245460961057	0.0003207801372938	0.0003207801372938	0.0002887021235645	0.0004651311990761	0.0004651311990761	0.0005292872265349	0.0006736382883171	0.0005934432539937	0.0014916276384166	0.0004651311990761	0.0007057163020465	0.0004490921922114	0.0003528581510232	0.0002405851029704	0.0002405851029704	0.0002405851029704
