Folder	Nucleotide	G	G	A	G	G	C	T	A	T	C	C	A	G	C	G	T	G	A	G	T
_scratch_st-cdeboer-1_asfar_VLPs_results_crispresso_aggregated_spacer_TadCBEd_rep3_.staging_CRISPRessoPooled_on_TadCBEd_D0_rep3_CRISPResso_on_B2M	A	0.0002262667402033	0.0	0.9996181748759068	1.4141671262709828e-05	0.0001272750413643	0.0	0.0	0.9998161582735848	1.4141671262709828e-05	2.8283342525419656e-05	7.070835631354913e-05	0.9997878749310594	0.0	4.242501378812948e-05	0.0	1.4141671262709828e-05	5.656668505083931e-05	0.999717166574746	1.4141671262709828e-05	0.0
_scratch_st-cdeboer-1_asfar_VLPs_results_crispresso_aggregated_spacer_TadCBEd_rep3_.staging_CRISPRessoPooled_on_TadCBEd_D0_rep3_CRISPResso_on_B2M	T	0.0002828334252541	0.0007495085769236	0.0	0.0005232418367202	5.656668505083931e-05	7.070835631354913e-05	0.999759591588534	0.0	0.9998161582735848	2.8283342525419656e-05	8.485002757625896e-05	0.0	8.485002757625896e-05	0.0001838417264152	5.656668505083931e-05	0.9996888832322204	8.485002757625896e-05	4.242501378812948e-05	0.0001131333701016	0.999604033204644
_scratch_st-cdeboer-1_asfar_VLPs_results_crispresso_aggregated_spacer_TadCBEd_rep3_.staging_CRISPRessoPooled_on_TadCBEd_D0_rep3_CRISPResso_on_B2M	C	8.485002757625896e-05	7.070835631354913e-05	0.0	5.656668505083931e-05	8.485002757625896e-05	0.9999151499724236	0.0001838417264152	2.8283342525419656e-05	8.485002757625896e-05	0.9998868666298985	0.9998302999448476	9.89916988389688e-05	5.656668505083931e-05	0.9997454499172712	4.242501378812948e-05	0.0001555583838898	8.485002757625896e-05	5.656668505083931e-05	7.070835631354913e-05	0.000141416712627
_scratch_st-cdeboer-1_asfar_VLPs_results_crispresso_aggregated_spacer_TadCBEd_rep3_.staging_CRISPRessoPooled_on_TadCBEd_D0_rep3_CRISPResso_on_B2M	G	0.9993919081357034	0.9991373580529748	0.0003676834528304	0.9993919081357034	0.999717166574746	0.0	4.242501378812948e-05	0.000141416712627	7.070835631354913e-05	4.242501378812948e-05	0.0	9.89916988389688e-05	0.9998444416161102	1.4141671262709828e-05	0.9998868666298985	0.0001272750413643	0.999759591588534	0.0001697000551525	0.9997878749310594	0.000240408411466
_scratch_st-cdeboer-1_asfar_VLPs_results_crispresso_aggregated_spacer_TadCBEd_rep3_.staging_CRISPRessoPooled_on_TadCBEd_D0_rep3_CRISPResso_on_B2M	N	0.0	0.0	0.0	0.0	0.0	0.0	0.0	0.0	0.0	0.0	0.0	0.0	0.0	0.0	0.0	0.0	0.0	0.0	0.0	0.0
_scratch_st-cdeboer-1_asfar_VLPs_results_crispresso_aggregated_spacer_TadCBEd_rep3_.staging_CRISPRessoPooled_on_TadCBEd_D0_rep3_CRISPResso_on_B2M	-	1.4141671262709828e-05	4.242501378812948e-05	1.4141671262709828e-05	1.4141671262709828e-05	1.4141671262709828e-05	1.4141671262709828e-05	1.4141671262709828e-05	1.4141671262709828e-05	1.4141671262709828e-05	1.4141671262709828e-05	1.4141671262709828e-05	1.4141671262709828e-05	1.4141671262709828e-05	1.4141671262709828e-05	1.4141671262709828e-05	1.4141671262709828e-05	1.4141671262709828e-05	1.4141671262709828e-05	1.4141671262709828e-05	1.4141671262709828e-05
_scratch_st-cdeboer-1_asfar_VLPs_results_crispresso_aggregated_spacer_TadCBEd_rep3_.staging_CRISPRessoPooled_on_TadCBEd_D1_rep3_CRISPResso_on_B2M	A	0.0002982922767158	4.971537945263367e-05	0.999850853861642	4.971537945263367e-05	0.0001491461383579	4.971537945263367e-05	0.0	0.9998259961719158	0.0	0.0	4.971537945263367e-05	0.9996271346541052	7.457306917895051e-05	4.971537945263367e-05	4.971537945263367e-05	0.0	7.457306917895051e-05	0.9997762807924632	4.971537945263367e-05	0.0
_scratch_st-cdeboer-1_asfar_VLPs_results_crispresso_aggregated_spacer_TadCBEd_rep3_.staging_CRISPRessoPooled_on_TadCBEd_D1_rep3_CRISPResso_on_B2M	T	7.457306917895051e-05	0.000397723035621	2.4857689726316835e-05	0.0002485768972631	4.971537945263367e-05	9.943075890526734e-05	0.9998259961719158	0.0	0.9996519923438316	0.0001491461383579	9.943075890526734e-05	0.0	0.0001242884486315	9.943075890526734e-05	0.0	0.999676850033558	2.4857689726316835e-05	2.4857689726316835e-05	0.0001740038280842	0.9998011384821894
_scratch_st-cdeboer-1_asfar_VLPs_results_crispresso_aggregated_spacer_TadCBEd_rep3_.staging_CRISPRessoPooled_on_TadCBEd_D1_rep3_CRISPResso_on_B2M	C	7.457306917895051e-05	0.0001740038280842	0.0	7.457306917895051e-05	0.0	0.999850853861642	7.457306917895051e-05	7.457306917895051e-05	4.971537945263367e-05	0.999850853861642	0.9998011384821894	0.0001491461383579	2.4857689726316835e-05	0.9998011384821894	0.0001491461383579	0.0002237192075368	0.0001242884486315	2.4857689726316835e-05	9.943075890526734e-05	7.457306917895051e-05
_scratch_st-cdeboer-1_asfar_VLPs_results_crispresso_aggregated_spacer_TadCBEd_rep3_.staging_CRISPRessoPooled_on_TadCBEd_D1_rep3_CRISPResso_on_B2M	G	0.9995525615849264	0.999378557756842	0.0001242884486315	0.9996271346541052	0.9998011384821894	0.0	9.943075890526734e-05	9.943075890526734e-05	0.0002734345869894	0.0	2.4857689726316835e-05	0.0002237192075368	0.9997762807924632	4.971537945263367e-05	0.9998011384821894	9.943075890526734e-05	0.9997762807924632	0.0001740038280842	0.999676850033558	0.0001242884486315
_scratch_st-cdeboer-1_asfar_VLPs_results_crispresso_aggregated_spacer_TadCBEd_rep3_.staging_CRISPRessoPooled_on_TadCBEd_D1_rep3_CRISPResso_on_B2M	N	0.0	0.0	0.0	0.0	0.0	0.0	0.0	0.0	0.0	0.0	0.0	0.0	0.0	0.0	0.0	0.0	0.0	0.0	0.0	0.0
_scratch_st-cdeboer-1_asfar_VLPs_results_crispresso_aggregated_spacer_TadCBEd_rep3_.staging_CRISPRessoPooled_on_TadCBEd_D1_rep3_CRISPResso_on_B2M	-	0.0	0.0	0.0	0.0	0.0	0.0	0.0	0.0	2.4857689726316835e-05	0.0	2.4857689726316835e-05	0.0	0.0	0.0	0.0	0.0	0.0	0.0	0.0	0.0
_scratch_st-cdeboer-1_asfar_VLPs_results_crispresso_aggregated_spacer_TadCBEd_rep3_.staging_CRISPRessoPooled_on_TadCBEd_D2_rep3_CRISPResso_on_B2M	A	0.0002839180693571	4.055972419387549e-05	0.9997566416548368	0.0	0.0	4.055972419387549e-05	0.0	0.9998377611032244	0.0	8.111944838775097e-05	0.0001622388967755	0.999675522206449	0.0001622388967755	0.0	0.0001216791725816	0.0	0.0002027986209693	0.9995944027580612	0.0	4.055972419387549e-05
_scratch_st-cdeboer-1_asfar_VLPs_results_crispresso_aggregated_spacer_TadCBEd_rep3_.staging_CRISPRessoPooled_on_TadCBEd_D2_rep3_CRISPResso_on_B2M	T	0.0001216791725816	0.000324477793551	0.0	0.0002839180693571	4.055972419387549e-05	8.111944838775097e-05	0.9996349624822553	0.0	0.9996349624822553	0.0	4.055972419387549e-05	0.0	8.111944838775097e-05	0.0002027986209693	4.055972419387549e-05	0.9997566416548368	8.111944838775097e-05	0.0	0.0002027986209693	0.9995538430338674
_scratch_st-cdeboer-1_asfar_VLPs_results_crispresso_aggregated_spacer_TadCBEd_rep3_.staging_CRISPRessoPooled_on_TadCBEd_D2_rep3_CRISPResso_on_B2M	C	0.0001216791725816	4.055972419387549e-05	0.0	0.0001216791725816	0.0002027986209693	0.9997160819306428	0.0001622388967755	0.0	0.0001622388967755	0.9998377611032244	0.9997160819306428	8.111944838775097e-05	0.0004055972419387	0.9995132833096736	4.055972419387549e-05	4.055972419387549e-05	0.0002839180693571	0.0001216791725816	0.0001622388967755	0.0002027986209693
_scratch_st-cdeboer-1_asfar_VLPs_results_crispresso_aggregated_spacer_TadCBEd_rep3_.staging_CRISPRessoPooled_on_TadCBEd_D2_rep3_CRISPResso_on_B2M	G	0.999351044412898	0.9994321638612856	8.111944838775097e-05	0.9994321638612856	0.9995944027580612	0.0	4.055972419387549e-05	8.111944838775097e-05	0.0001216791725816	0.0	0.0	0.0001622388967755	0.9991076860677348	8.111944838775097e-05	0.9995944027580612	0.0001216791725816	0.999351044412898	0.0002433583451632	0.9995944027580612	0.0001622388967755
_scratch_st-cdeboer-1_asfar_VLPs_results_crispresso_aggregated_spacer_TadCBEd_rep3_.staging_CRISPRessoPooled_on_TadCBEd_D2_rep3_CRISPResso_on_B2M	N	0.0	0.0	0.0	0.0	0.0	0.0	0.0	0.0	0.0	0.0	0.0	0.0	0.0	0.0	0.0	0.0	0.0	0.0	0.0	0.0
_scratch_st-cdeboer-1_asfar_VLPs_results_crispresso_aggregated_spacer_TadCBEd_rep3_.staging_CRISPRessoPooled_on_TadCBEd_D2_rep3_CRISPResso_on_B2M	-	0.0001216791725816	0.0001622388967755	0.0001622388967755	0.0001622388967755	0.0001622388967755	0.0001622388967755	0.0001622388967755	8.111944838775097e-05	8.111944838775097e-05	8.111944838775097e-05	8.111944838775097e-05	8.111944838775097e-05	0.0002433583451632	0.0002027986209693	0.0002027986209693	8.111944838775097e-05	8.111944838775097e-05	4.055972419387549e-05	4.055972419387549e-05	4.055972419387549e-05
_scratch_st-cdeboer-1_asfar_VLPs_results_crispresso_aggregated_spacer_TadCBEd_rep3_.staging_CRISPRessoPooled_on_TadCBEd_D3_rep3_CRISPResso_on_B2M	A	0.0002548636479483	8.495454931611588e-05	0.9997621272619148	1.6990909863223177e-05	6.796363945289271e-05	1.6990909863223177e-05	1.6990909863223177e-05	0.9997621272619148	1.6990909863223177e-05	5.097272958966953e-05	3.3981819726446354e-05	0.9996601818027356	8.495454931611588e-05	6.796363945289271e-05	0.0007985727635714	0.0	0.000305836377538	0.9993713363350608	0.0	0.0
_scratch_st-cdeboer-1_asfar_VLPs_results_crispresso_aggregated_spacer_TadCBEd_rep3_.staging_CRISPRessoPooled_on_TadCBEd_D3_rep3_CRISPResso_on_B2M	T	0.0001189363690425	0.0002548636479483	1.6990909863223177e-05	0.0004417636564438	5.097272958966953e-05	3.3981819726446354e-05	0.999694163622462	0.0	0.9996261999830092	0.0001019454591793	0.0001189363690425	0.0	8.495454931611588e-05	0.0001359272789057	0.0002378727380851	0.9998810636309574	0.0001019454591793	1.6990909863223177e-05	0.0001359272789057	0.9995582363435562
_scratch_st-cdeboer-1_asfar_VLPs_results_crispresso_aggregated_spacer_TadCBEd_rep3_.staging_CRISPRessoPooled_on_TadCBEd_D3_rep3_CRISPResso_on_B2M	C	5.097272958966953e-05	0.0002208818282219	0.0	0.0001019454591793	0.0001189363690425	0.999779118171778	8.495454931611588e-05	1.6990909863223177e-05	0.0001359272789057	0.999779118171778	0.9997281454421884	0.0001189363690425	0.0010534364115198	0.9997111545323252	0.0001359272789057	3.3981819726446354e-05	0.0001699090986322	5.097272958966953e-05	5.097272958966953e-05	0.0001869000084954
_scratch_st-cdeboer-1_asfar_VLPs_results_crispresso_aggregated_spacer_TadCBEd_rep3_.staging_CRISPRessoPooled_on_TadCBEd_D3_rep3_CRISPResso_on_B2M	G	0.9995582363435562	0.9993543454251976	0.0002208818282219	0.999388327244924	0.9997111545323252	6.796363945289271e-05	0.0001019454591793	0.0001189363690425	0.0001699090986322	1.6990909863223177e-05	5.097272958966953e-05	0.0001699090986322	0.9987256817602582	3.3981819726446354e-05	0.9987596635799848	6.796363945289271e-05	0.9994053181547872	0.0005437091156231	0.9997961090816412	0.0002378727380851
_scratch_st-cdeboer-1_asfar_VLPs_results_crispresso_aggregated_spacer_TadCBEd_rep3_.staging_CRISPRessoPooled_on_TadCBEd_D3_rep3_CRISPResso_on_B2M	N	0.0	0.0	0.0	0.0	0.0	0.0	0.0	0.0	0.0	0.0	0.0	0.0	0.0	0.0	0.0	0.0	0.0	0.0	0.0	0.0
_scratch_st-cdeboer-1_asfar_VLPs_results_crispresso_aggregated_spacer_TadCBEd_rep3_.staging_CRISPRessoPooled_on_TadCBEd_D3_rep3_CRISPResso_on_B2M	-	1.6990909863223177e-05	8.495454931611588e-05	0.0	5.097272958966953e-05	5.097272958966953e-05	0.0001019454591793	0.0001019454591793	0.0001019454591793	5.097272958966953e-05	5.097272958966953e-05	6.796363945289271e-05	5.097272958966953e-05	5.097272958966953e-05	5.097272958966953e-05	6.796363945289271e-05	1.6990909863223177e-05	1.6990909863223177e-05	1.6990909863223177e-05	1.6990909863223177e-05	1.6990909863223177e-05
_scratch_st-cdeboer-1_asfar_VLPs_results_crispresso_aggregated_spacer_TadCBEd_rep3_.staging_CRISPRessoPooled_on_TadCBEd_D4_rep3_CRISPResso_on_B2M	A	0.0001248127808287	2.0802130138126145e-05	0.9994175403561324	0.0	0.0001248127808287	6.240639041437844e-05	0.0	0.998523048760193	0.0	2.0802130138126145e-05	2.0802130138126145e-05	0.9987726743218506	0.0049093027125977	0.0001040106506906	0.0078424030620735	0.000166417041105	0.0048260941920452	0.9994591446164088	0.0002912298219337	0.0
_scratch_st-cdeboer-1_asfar_VLPs_results_crispresso_aggregated_spacer_TadCBEd_rep3_.staging_CRISPRessoPooled_on_TadCBEd_D4_rep3_CRISPResso_on_B2M	T	0.0004784489931769	0.0004160426027625	0.0	0.000499251123315	6.240639041437844e-05	0.0001040106506906	0.9986062572807456	2.0802130138126145e-05	0.9985646530204692	0.0001456149109668	0.0001872191712431	2.0802130138126145e-05	0.0021426194042269	0.0002288234315193	0.0043268430687302	0.9989806956232318	0.0006032617740056	0.0	0.0004160426027625	0.9994799467465468
_scratch_st-cdeboer-1_asfar_VLPs_results_crispresso_aggregated_spacer_TadCBEd_rep3_.staging_CRISPRessoPooled_on_TadCBEd_D4_rep3_CRISPResso_on_B2M	C	6.240639041437844e-05	4.160426027625229e-05	0.0001040106506906	6.240639041437844e-05	0.0001040106506906	0.9990639041437844	0.000166417041105	0.0001248127808287	6.240639041437844e-05	0.9987310700615744	0.9986062572807456	0.0001040106506906	0.0118572141787319	0.9981694125478447	0.0030163088700282	8.320852055250458e-05	0.0052629389249459	4.160426027625229e-05	0.0001456149109668	0.0001248127808287
_scratch_st-cdeboer-1_asfar_VLPs_results_crispresso_aggregated_spacer_TadCBEd_rep3_.staging_CRISPRessoPooled_on_TadCBEd_D4_rep3_CRISPResso_on_B2M	G	0.9991471126643368	0.9992927275753036	0.0002288234315193	0.9992303211848892	0.9991471126643368	2.0802130138126145e-05	0.0002496255616575	0.0002496255616575	0.0002912298219337	0.0	2.0802130138126145e-05	0.0001040106506906	0.979884340156432	0.0002912298219337	0.9837743384922616	0.0001040106506906	0.9888708603761024	0.0002080213013812	0.99866866367116	0.0001872191712431
_scratch_st-cdeboer-1_asfar_VLPs_results_crispresso_aggregated_spacer_TadCBEd_rep3_.staging_CRISPRessoPooled_on_TadCBEd_D4_rep3_CRISPResso_on_B2M	N	0.0	0.0	0.0	0.0	0.0	0.0	0.0	0.0	0.0	0.0	0.0	0.0	0.0	0.0	0.0	0.0	0.0	0.0	0.0	0.0
_scratch_st-cdeboer-1_asfar_VLPs_results_crispresso_aggregated_spacer_TadCBEd_rep3_.staging_CRISPRessoPooled_on_TadCBEd_D4_rep3_CRISPResso_on_B2M	-	0.0001872191712431	0.0002288234315193	0.0002496255616575	0.0002080213013812	0.0005616575137294	0.0007488766849725	0.0009777001164919	0.0010817107671825	0.0010817107671825	0.0011025128973206	0.001164919287735	0.00099850224663	0.0012065235480113	0.0012065235480113	0.0010401065069063	0.00066566816442	0.0004368447329006	0.0002912298219337	0.0004784489931769	0.0002080213013812
_scratch_st-cdeboer-1_asfar_VLPs_results_crispresso_aggregated_spacer_TadCBEd_rep3_.staging_CRISPRessoPooled_on_TadCBEd_D5_rep3_CRISPResso_on_B2M	A	4.355704230259948e-05	8.711408460519897e-06	0.9993814899993032	1.7422816921039794e-05	0.0002003623945919	0.0002439194368945	8.711408460519897e-06	0.9989372081678166	1.7422816921039794e-05	8.711408460519897e-06	7.840267614467908e-05	0.9989720538016588	0.0066555160638372	4.355704230259948e-05	0.0087375426859014	2.613422538155969e-05	0.0046606035263781	0.9990678792947244	0.0001742281692103	0.0
_scratch_st-cdeboer-1_asfar_VLPs_results_crispresso_aggregated_spacer_TadCBEd_rep3_.staging_CRISPRessoPooled_on_TadCBEd_D5_rep3_CRISPResso_on_B2M	T	0.0001219597184472	0.0003397449299602	0.0	0.0001742281692103	7.840267614467908e-05	6.969126768415918e-05	0.9992246846470138	8.711408460519897e-06	0.9987107115478432	9.582549306571888e-05	6.969126768415918e-05	4.355704230259948e-05	0.0023782145097219	0.0002177852115129	0.0041292076102864	0.9986845773224616	0.0009146978883545	3.484563384207959e-05	0.0001219597184472	0.9991375705624084
_scratch_st-cdeboer-1_asfar_VLPs_results_crispresso_aggregated_spacer_TadCBEd_rep3_.staging_CRISPRessoPooled_on_TadCBEd_D5_rep3_CRISPResso_on_B2M	C	8.711408460519897e-05	0.0001045369015262	2.613422538155969e-05	6.097985922363928e-05	4.355704230259948e-05	0.9989807652101192	0.0001480939438288	2.613422538155969e-05	3.484563384207959e-05	0.9988239598578298	0.9987542685901456	4.355704230259948e-05	0.0169698236810927	0.998728134364764	0.0038243083141682	0.0004965502822496	0.0050874625409436	7.840267614467908e-05	0.0004094361976444	0.0001742281692103
_scratch_st-cdeboer-1_asfar_VLPs_results_crispresso_aggregated_spacer_TadCBEd_rep3_.staging_CRISPRessoPooled_on_TadCBEd_D5_rep3_CRISPResso_on_B2M	G	0.9994424698585268	0.9991724161962506	0.0002439194368945	0.999294375914698	0.9989197853508957	0.0	6.969126768415918e-05	0.0002874764791971	0.0002700536622761	6.097985922363928e-05	3.484563384207959e-05	0.0001132483099867	0.9727855599693358	0.0003833019722628	0.9825162032197364	0.0001045369015262	0.9887187260436268	0.0002090738030524	0.9986235974632378	0.0001219597184472
_scratch_st-cdeboer-1_asfar_VLPs_results_crispresso_aggregated_spacer_TadCBEd_rep3_.staging_CRISPRessoPooled_on_TadCBEd_D5_rep3_CRISPResso_on_B2M	N	0.0	0.0	0.0	0.0	0.0	0.0	0.0	0.0	0.0	0.0	0.0	0.0	0.0	0.0	0.0	0.0	0.0	0.0	0.0	0.0
_scratch_st-cdeboer-1_asfar_VLPs_results_crispresso_aggregated_spacer_TadCBEd_rep3_.staging_CRISPRessoPooled_on_TadCBEd_D5_rep3_CRISPResso_on_B2M	-	0.0003048992961181	0.0003745905638023	0.0003484563384207	0.000452993239947	0.0007578925360652	0.0007056240853021	0.0005488187330127	0.0007404697191441	0.0009669663391177	0.0010105233814203	0.0010627918321834	0.0008275838037493	0.0012108857760122	0.0006272214091574	0.0007927381699073	0.000688201268381	0.0006185100006969	0.0006097985922363	0.00067077845146	0.0005662415499337
