Folder	Nucleotide	G	G	A	G	G	C	T	A	T	C	C	A	G	C	G	T	G	A	G	T
_scratch_st-cdeboer-1_asfar_VLPs_results_crispresso_aggregated_spacer_TadCBEd_rep2_.staging_CRISPRessoPooled_on_TadCBEd_D0_rep2_CRISPResso_on_B2M	A	0.0001811320754716	3.018867924528302e-05	0.9997283018867924	0.0	9.056603773584906e-05	3.018867924528302e-05	0.0	0.999788679245283	0.0	0.0	9.056603773584906e-05	0.9996075471698114	0.0	0.0	6.037735849056604e-05	0.0	6.037735849056604e-05	0.9996377358490566	0.0	0.0
_scratch_st-cdeboer-1_asfar_VLPs_results_crispresso_aggregated_spacer_TadCBEd_rep2_.staging_CRISPRessoPooled_on_TadCBEd_D0_rep2_CRISPResso_on_B2M	T	9.056603773584906e-05	0.0004830188679245	0.0	0.0004830188679245	0.0	0.0	0.9996981132075472	0.0	0.9997283018867924	0.0001207547169811	0.0	0.0	9.056603773584906e-05	0.0001207547169811	3.018867924528302e-05	0.999788679245283	0.0001811320754716	0.0	0.0002113207547169	0.9993660377358492
_scratch_st-cdeboer-1_asfar_VLPs_results_crispresso_aggregated_spacer_TadCBEd_rep2_.staging_CRISPRessoPooled_on_TadCBEd_D0_rep2_CRISPResso_on_B2M	C	6.037735849056604e-05	3.018867924528302e-05	9.056603773584906e-05	0.0001811320754716	0.0001207547169811	0.9999396226415096	0.0002113207547169	6.037735849056604e-05	9.056603773584906e-05	0.9998490566037735	0.9998792452830187	0.0001207547169811	3.018867924528302e-05	0.9998792452830187	3.018867924528302e-05	0.0001509433962264	0.0002113207547169	6.037735849056604e-05	9.056603773584906e-05	0.0004226415094339
_scratch_st-cdeboer-1_asfar_VLPs_results_crispresso_aggregated_spacer_TadCBEd_rep2_.staging_CRISPRessoPooled_on_TadCBEd_D0_rep2_CRISPResso_on_B2M	G	0.999667924528302	0.9994264150943396	0.0001811320754716	0.9993358490566038	0.999788679245283	3.018867924528302e-05	9.056603773584906e-05	0.0001509433962264	0.0001811320754716	3.018867924528302e-05	0.0	0.0002716981132075	0.9998792452830187	0.0	0.9998792452830187	6.037735849056604e-05	0.9995471698113207	0.0003018867924528	0.9996981132075472	0.0002113207547169
_scratch_st-cdeboer-1_asfar_VLPs_results_crispresso_aggregated_spacer_TadCBEd_rep2_.staging_CRISPRessoPooled_on_TadCBEd_D0_rep2_CRISPResso_on_B2M	N	0.0	0.0	0.0	0.0	0.0	0.0	0.0	0.0	0.0	0.0	3.018867924528302e-05	0.0	0.0	0.0	0.0	0.0	0.0	0.0	0.0	0.0
_scratch_st-cdeboer-1_asfar_VLPs_results_crispresso_aggregated_spacer_TadCBEd_rep2_.staging_CRISPRessoPooled_on_TadCBEd_D0_rep2_CRISPResso_on_B2M	-	0.0	3.018867924528302e-05	0.0	0.0	0.0	0.0	0.0	0.0	0.0	0.0	0.0	0.0	0.0	0.0	0.0	0.0	0.0	0.0	0.0	0.0
_scratch_st-cdeboer-1_asfar_VLPs_results_crispresso_aggregated_spacer_TadCBEd_rep2_.staging_CRISPRessoPooled_on_TadCBEd_D1_rep2_CRISPResso_on_B2M	A	0.0001954317820935	2.442897276169537e-05	0.9997557102723832	0.0	0.0	2.442897276169537e-05	0.0	0.9997801392451447	0.0	7.328691828508612e-05	4.885794552339074e-05	0.9997801392451447	0.0001465738365701	0.0	0.0001710028093318	0.0	0.0001221448638084	0.9997801392451447	0.0	4.885794552339074e-05
_scratch_st-cdeboer-1_asfar_VLPs_results_crispresso_aggregated_spacer_TadCBEd_rep2_.staging_CRISPRessoPooled_on_TadCBEd_D1_rep2_CRISPResso_on_B2M	T	0.0001465738365701	0.0004641504824722	0.0	0.0001954317820935	0.0	7.328691828508612e-05	0.9997312812996212	0.0	0.9997801392451447	4.885794552339074e-05	2.442897276169537e-05	0.0	7.328691828508612e-05	0.0001710028093318	7.328691828508612e-05	0.9997068523268596	0.0002442897276169	0.0	7.328691828508612e-05	0.9996091364358128
_scratch_st-cdeboer-1_asfar_VLPs_results_crispresso_aggregated_spacer_TadCBEd_rep2_.staging_CRISPRessoPooled_on_TadCBEd_D1_rep2_CRISPResso_on_B2M	C	4.885794552339074e-05	7.328691828508612e-05	4.885794552339074e-05	4.885794552339074e-05	7.328691828508612e-05	0.9999022841089532	9.771589104678148e-05	9.771589104678148e-05	4.885794552339074e-05	0.9998778551361917	0.9999022841089532	9.771589104678148e-05	0.0001465738365701	0.999828997190668	2.442897276169537e-05	0.0002198607548552	9.771589104678148e-05	2.442897276169537e-05	2.442897276169537e-05	0.0001465738365701
_scratch_st-cdeboer-1_asfar_VLPs_results_crispresso_aggregated_spacer_TadCBEd_rep2_.staging_CRISPRessoPooled_on_TadCBEd_D1_rep2_CRISPResso_on_B2M	G	0.9996091364358128	0.999364846708196	0.0001954317820935	0.9997557102723832	0.9999267130817148	0.0	0.0001710028093318	0.0001221448638084	0.0001710028093318	0.0	2.442897276169537e-05	0.0001221448638084	0.9996335654085746	0.0	0.9997312812996212	7.328691828508612e-05	0.9995358495175278	0.0001954317820935	0.9999022841089532	0.0001954317820935
_scratch_st-cdeboer-1_asfar_VLPs_results_crispresso_aggregated_spacer_TadCBEd_rep2_.staging_CRISPRessoPooled_on_TadCBEd_D1_rep2_CRISPResso_on_B2M	N	0.0	0.0	0.0	0.0	0.0	0.0	0.0	0.0	0.0	0.0	0.0	0.0	0.0	0.0	0.0	0.0	0.0	0.0	0.0	0.0
_scratch_st-cdeboer-1_asfar_VLPs_results_crispresso_aggregated_spacer_TadCBEd_rep2_.staging_CRISPRessoPooled_on_TadCBEd_D1_rep2_CRISPResso_on_B2M	-	0.0	7.328691828508612e-05	0.0	0.0	0.0	0.0	0.0	0.0	0.0	0.0	0.0	0.0	0.0	0.0	0.0	0.0	0.0	0.0	0.0	0.0
_scratch_st-cdeboer-1_asfar_VLPs_results_crispresso_aggregated_spacer_TadCBEd_rep2_.staging_CRISPRessoPooled_on_TadCBEd_D2_rep2_CRISPResso_on_B2M	A	8.848774444739404e-05	0.0	0.999690292894434	2.212193611184851e-05	6.636580833554553e-05	4.424387222369702e-05	2.212193611184851e-05	0.9997345367666578	0.0	2.212193611184851e-05	6.636580833554553e-05	0.999424829661092	0.0002212193611184	8.848774444739404e-05	8.848774444739404e-05	0.0	6.636580833554553e-05	0.9995575612777632	0.0	2.212193611184851e-05
_scratch_st-cdeboer-1_asfar_VLPs_results_crispresso_aggregated_spacer_TadCBEd_rep2_.staging_CRISPRessoPooled_on_TadCBEd_D2_rep2_CRISPResso_on_B2M	T	4.424387222369702e-05	0.0003760729139014	0.0	8.848774444739404e-05	8.848774444739404e-05	6.636580833554553e-05	0.9994911954694274	2.212193611184851e-05	0.9996018051499868	6.636580833554553e-05	8.848774444739404e-05	2.212193611184851e-05	0.000132731616671	0.0001548535527829	0.0001106096805592	0.9996681709583224	8.848774444739404e-05	2.212193611184851e-05	0.0001769754888947	0.9996239270860986
_scratch_st-cdeboer-1_asfar_VLPs_results_crispresso_aggregated_spacer_TadCBEd_rep2_.staging_CRISPRessoPooled_on_TadCBEd_D2_rep2_CRISPResso_on_B2M	C	8.848774444739404e-05	0.0001990974250066	0.0	2.212193611184851e-05	0.0	0.9997566587027696	0.0001990974250066	4.424387222369702e-05	2.212193611184851e-05	0.9996681709583224	0.9996239270860986	0.0001548535527829	0.0003539509777895	0.9994911954694274	0.0001990974250066	0.0001106096805592	0.0001769754888947	6.636580833554553e-05	0.0	0.000132731616671
_scratch_st-cdeboer-1_asfar_VLPs_results_crispresso_aggregated_spacer_TadCBEd_rep2_.staging_CRISPRessoPooled_on_TadCBEd_D2_rep2_CRISPResso_on_B2M	G	0.9997787806388816	0.9992257322360854	0.0001769754888947	0.9997345367666578	0.999712414830546	0.0	0.0001548535527829	6.636580833554553e-05	0.0001769754888947	4.424387222369702e-05	2.212193611184851e-05	0.0001990974250066	0.9990708786833024	4.424387222369702e-05	0.9993805857888682	2.212193611184851e-05	0.9994469515972038	0.000287585169454	0.9997566587027696	0.0001548535527829
_scratch_st-cdeboer-1_asfar_VLPs_results_crispresso_aggregated_spacer_TadCBEd_rep2_.staging_CRISPRessoPooled_on_TadCBEd_D2_rep2_CRISPResso_on_B2M	N	0.0	0.0	0.0	0.0	0.0	0.0	0.0	0.0	0.0	0.0	0.0	0.0	0.0	0.0	0.0	0.0	0.0	0.0	0.0	0.0
_scratch_st-cdeboer-1_asfar_VLPs_results_crispresso_aggregated_spacer_TadCBEd_rep2_.staging_CRISPRessoPooled_on_TadCBEd_D2_rep2_CRISPResso_on_B2M	-	0.0	0.0001990974250066	0.000132731616671	0.000132731616671	0.000132731616671	0.000132731616671	0.000132731616671	0.000132731616671	0.0001990974250066	0.0001990974250066	0.0001990974250066	0.0001990974250066	0.0002212193611184	0.0002212193611184	0.0002212193611184	0.0001990974250066	0.0002212193611184	6.636580833554553e-05	6.636580833554553e-05	6.636580833554553e-05
_scratch_st-cdeboer-1_asfar_VLPs_results_crispresso_aggregated_spacer_TadCBEd_rep2_.staging_CRISPRessoPooled_on_TadCBEd_D3_rep2_CRISPResso_on_B2M	A	0.0002096490998191	2.620613747739721e-05	0.9997641447627036	0.0	0.0001048245499095	5.241227495479441e-05	2.620613747739721e-05	0.9997641447627036	0.0	5.241227495479441e-05	2.620613747739721e-05	0.9995020833879296	0.0002882675122513	2.620613747739721e-05	0.0002096490998191	0.0	0.0001572368248643	0.999475877250452	0.0	5.241227495479441e-05
_scratch_st-cdeboer-1_asfar_VLPs_results_crispresso_aggregated_spacer_TadCBEd_rep2_.staging_CRISPRessoPooled_on_TadCBEd_D3_rep2_CRISPResso_on_B2M	T	0.0002096490998191	0.0005503288870253	0.0	0.0002096490998191	5.241227495479441e-05	0.0001048245499095	0.9997903509001808	0.0	0.9995807018003616	5.241227495479441e-05	2.620613747739721e-05	0.0	0.0001572368248643	0.0001834429623417	0.0003668859246835	0.9998427631751357	0.0001310306873869	2.620613747739721e-05	0.0001310306873869	0.9996855263502712
_scratch_st-cdeboer-1_asfar_VLPs_results_crispresso_aggregated_spacer_TadCBEd_rep2_.staging_CRISPRessoPooled_on_TadCBEd_D3_rep2_CRISPResso_on_B2M	C	7.861841243219161e-05	5.241227495479441e-05	2.620613747739721e-05	2.620613747739721e-05	2.620613747739721e-05	0.9997903509001808	2.620613747739721e-05	2.620613747739721e-05	0.0001310306873869	0.9998951754500904	0.9999475877250452	0.0002620613747739	0.0009696270866636	0.9997903509001808	0.0001572368248643	5.241227495479441e-05	0.0003930920621609	0.0	5.241227495479441e-05	0.0001048245499095
_scratch_st-cdeboer-1_asfar_VLPs_results_crispresso_aggregated_spacer_TadCBEd_rep2_.staging_CRISPRessoPooled_on_TadCBEd_D3_rep2_CRISPResso_on_B2M	G	0.9995020833879296	0.9992924342881104	0.0002096490998191	0.9997641447627036	0.9997641447627036	0.0	0.0001048245499095	0.0001572368248643	0.0002358552372965	0.0	0.0	0.0002358552372965	0.9985848685762204	0.0	0.9992662281506328	0.0001048245499095	0.9993186404255876	0.0004979166120705	0.9998165570376584	0.0001572368248643
_scratch_st-cdeboer-1_asfar_VLPs_results_crispresso_aggregated_spacer_TadCBEd_rep2_.staging_CRISPRessoPooled_on_TadCBEd_D3_rep2_CRISPResso_on_B2M	N	0.0	2.620613747739721e-05	0.0	0.0	0.0	0.0	0.0	0.0	0.0	0.0	0.0	0.0	0.0	0.0	0.0	0.0	0.0	0.0	0.0	0.0
_scratch_st-cdeboer-1_asfar_VLPs_results_crispresso_aggregated_spacer_TadCBEd_rep2_.staging_CRISPRessoPooled_on_TadCBEd_D3_rep2_CRISPResso_on_B2M	-	0.0	5.241227495479441e-05	0.0	0.0	5.241227495479441e-05	5.241227495479441e-05	5.241227495479441e-05	5.241227495479441e-05	5.241227495479441e-05	0.0	0.0	0.0	0.0	0.0	0.0	0.0	0.0	0.0	0.0	0.0
_scratch_st-cdeboer-1_asfar_VLPs_results_crispresso_aggregated_spacer_TadCBEd_rep2_.staging_CRISPRessoPooled_on_TadCBEd_D4_rep2_CRISPResso_on_B2M	A	0.0001081509787663	1.8025163127726307e-05	0.9992249179855076	0.0	0.0002163019575327	9.012581563863151e-05	0.0	0.997963156566567	0.0	0.0001802516312772	5.407548938317892e-05	0.9979992068928224	0.0056779263852337	0.0001081509787663	0.0108150978766357	3.6050326255452615e-05	0.0050290205126356	0.9983777353185046	0.0003424780994267	0.0
_scratch_st-cdeboer-1_asfar_VLPs_results_crispresso_aggregated_spacer_TadCBEd_rep2_.staging_CRISPRessoPooled_on_TadCBEd_D4_rep2_CRISPResso_on_B2M	T	0.0001622264681495	0.0007750820144922	1.8025163127726307e-05	0.0004145787519377	9.012581563863151e-05	0.0001081509787663	0.9982695843397382	0.0	0.997638703630268	0.000126176141894	0.0001622264681495	9.012581563863151e-05	0.0016222646814953	0.0002523522837881	0.0046685172500811	0.9978369804246728	0.0012076859295576	1.8025163127726307e-05	0.0004506290781931	0.9987562637441868
_scratch_st-cdeboer-1_asfar_VLPs_results_crispresso_aggregated_spacer_TadCBEd_rep2_.staging_CRISPRessoPooled_on_TadCBEd_D4_rep2_CRISPResso_on_B2M	C	7.210065251090523e-05	0.000126176141894	9.012581563863151e-05	3.6050326255452615e-05	3.6050326255452615e-05	0.9984678611341432	0.0001442013050218	5.407548938317892e-05	9.012581563863151e-05	0.9981253830347164	0.9979271062403114	0.000126176141894	0.0147626086016078	0.9975666029777568	0.002829950611053	0.0004145787519377	0.0051191463282742	3.6050326255452615e-05	0.000126176141894	0.000126176141894
_scratch_st-cdeboer-1_asfar_VLPs_results_crispresso_aggregated_spacer_TadCBEd_rep2_.staging_CRISPRessoPooled_on_TadCBEd_D4_rep2_CRISPResso_on_B2M	G	0.999333068964274	0.9986120624391652	0.0001982767944049	0.9989905908648472	0.9983416849922492	1.8025163127726307e-05	0.0001442013050218	0.0003424780994267	0.0004866794044486	0.0	1.8025163127726307e-05	0.0001982767944049	0.9761707343451458	0.0004506290781931	0.9800641695807348	0.000126176141894	0.9871480586899312	0.0002523522837881	0.997764879772162	0.0001802516312772
_scratch_st-cdeboer-1_asfar_VLPs_results_crispresso_aggregated_spacer_TadCBEd_rep2_.staging_CRISPRessoPooled_on_TadCBEd_D4_rep2_CRISPResso_on_B2M	N	0.0	1.8025163127726307e-05	0.0	0.0	0.0	0.0	0.0	0.0	0.0	0.0	0.0	0.0	0.0	0.0	0.0	0.0	0.0	0.0	0.0	0.0
_scratch_st-cdeboer-1_asfar_VLPs_results_crispresso_aggregated_spacer_TadCBEd_rep2_.staging_CRISPRessoPooled_on_TadCBEd_D4_rep2_CRISPResso_on_B2M	-	0.000324452936299	0.0004506290781931	0.0004686542413208	0.0005587800569595	0.001315836908324	0.001315836908324	0.0014420130502181	0.001640289844623	0.0017844911496449	0.0015681891921121	0.001838566639028	0.0015862143552399	0.0017664659865171	0.0016222646814953	0.0016222646814953	0.0015862143552399	0.0014960885396012	0.001315836908324	0.001315836908324	0.0009373084826417
_scratch_st-cdeboer-1_asfar_VLPs_results_crispresso_aggregated_spacer_TadCBEd_rep2_.staging_CRISPRessoPooled_on_TadCBEd_D5_rep2_CRISPResso_on_B2M	A	0.0001002355535508	0.0	0.9992482333483688	5.0117776775422245e-05	0.0001503533303262	0.0001002355535508	0.0	0.9983461133664112	0.0	5.0117776775422245e-05	0.0	0.9987971733573898	0.0093219064802285	0.0	0.0121786197564276	0.0002004711071016	0.0062647220969277	0.999398586678695	5.0117776775422245e-05	0.0
_scratch_st-cdeboer-1_asfar_VLPs_results_crispresso_aggregated_spacer_TadCBEd_rep2_.staging_CRISPRessoPooled_on_TadCBEd_D5_rep2_CRISPResso_on_B2M	T	0.0001002355535508	0.0007016488748559	0.0	0.0001002355535508	5.0117776775422245e-05	0.0001002355535508	0.9987470555806144	0.0	0.9981456422593094	0.0001002355535508	0.0001002355535508	5.0117776775422245e-05	0.0028065954994236	0.0	0.004510599909788	0.9986468200270636	0.0010023555355084	0.0	0.0001002355535508	0.9989976444644916
_scratch_st-cdeboer-1_asfar_VLPs_results_crispresso_aggregated_spacer_TadCBEd_rep2_.staging_CRISPRessoPooled_on_TadCBEd_D5_rep2_CRISPResso_on_B2M	C	0.0	0.0001002355535508	5.0117776775422245e-05	0.0001002355535508	0.0	0.9984964666967372	0.0	0.0	0.0001503533303262	0.9984964666967372	0.9985967022502882	0.0	0.0183431062998045	0.9988472911341651	0.0036585977046058	0.0003007066606525	0.0058637798827244	0.0	0.0002004711071016	0.0003508244374279
_scratch_st-cdeboer-1_asfar_VLPs_results_crispresso_aggregated_spacer_TadCBEd_rep2_.staging_CRISPRessoPooled_on_TadCBEd_D5_rep2_CRISPResso_on_B2M	G	0.9994988222322456	0.9987971733573898	0.0001002355535508	0.999047762241267	0.998446348919962	0.0	5.0117776775422245e-05	0.0002505888838771	0.0003508244374279	0.0	0.0	5.0117776775422245e-05	0.967473562872751	0.0003508244374279	0.9786999448704456	5.0117776775422245e-05	0.986117375833208	0.0001002355535508	0.9991981155715932	0.0002505888838771
_scratch_st-cdeboer-1_asfar_VLPs_results_crispresso_aggregated_spacer_TadCBEd_rep2_.staging_CRISPRessoPooled_on_TadCBEd_D5_rep2_CRISPResso_on_B2M	N	0.0	0.0	0.0	0.0	0.0	0.0	0.0	0.0	0.0	0.0	0.0	0.0	0.0	0.0	0.0	0.0	0.0	0.0	0.0	0.0
_scratch_st-cdeboer-1_asfar_VLPs_results_crispresso_aggregated_spacer_TadCBEd_rep2_.staging_CRISPRessoPooled_on_TadCBEd_D5_rep2_CRISPResso_on_B2M	-	0.0003007066606525	0.0004009422142033	0.000601413321305	0.0007016488748559	0.0013531799729364	0.0013030621961609	0.0012028266426101	0.0014032977497118	0.0013531799729364	0.0013531799729364	0.0013030621961609	0.0011025910890592	0.0020548288477923	0.0008018844284067	0.000952237758733	0.0008018844284067	0.0007517666516313	0.0005011777677542	0.0004510599909788	0.0004009422142033
