Folder	Nucleotide	G	G	C	C	C	A	G	A	C	T	G	A	G	C	A	C	G	T	G	A
_scratch_st-cdeboer-1_asfar_VLPs_results_crispresso_aggregated_spacer_TadCBEd_rep2_.staging_CRISPRessoPooled_on_TadCBEd_D0_rep2_CRISPResso_on_HEK3	A	0.0	8.439530762089628e-05	0.0	0.0	0.0002531859228626	0.9999156046923792	0.0001687906152417	0.9998312093847582	0.0	0.0	8.439530762089628e-05	0.9997468140771372	8.439530762089628e-05	0.0	0.9999156046923792	8.439530762089628e-05	0.0	0.0	0.0	0.9997468140771372
_scratch_st-cdeboer-1_asfar_VLPs_results_crispresso_aggregated_spacer_TadCBEd_rep2_.staging_CRISPRessoPooled_on_TadCBEd_D0_rep2_CRISPResso_on_HEK3	T	0.0	0.0	0.0	0.0001687906152417	0.0001687906152417	0.0	8.439530762089628e-05	0.0	0.0	0.9998312093847582	0.0003375812304835	0.0	0.0	0.0001687906152417	0.0	8.439530762089628e-05	0.0	0.9999156046923792	0.0001687906152417	0.0
_scratch_st-cdeboer-1_asfar_VLPs_results_crispresso_aggregated_spacer_TadCBEd_rep2_.staging_CRISPRessoPooled_on_TadCBEd_D0_rep2_CRISPResso_on_HEK3	C	8.439530762089628e-05	0.0002531859228626	1.0	0.9998312093847582	0.9995780234618956	8.439530762089628e-05	0.0	8.439530762089628e-05	1.0	0.0	0.0	8.439530762089628e-05	0.0	0.9998312093847582	0.0	0.9998312093847582	8.439530762089628e-05	0.0	8.439530762089628e-05	0.0
_scratch_st-cdeboer-1_asfar_VLPs_results_crispresso_aggregated_spacer_TadCBEd_rep2_.staging_CRISPRessoPooled_on_TadCBEd_D0_rep2_CRISPResso_on_HEK3	G	0.9999156046923792	0.9994936281542748	0.0	0.0	0.0	0.0	0.9997468140771372	8.439530762089628e-05	0.0	0.0001687906152417	0.9995780234618956	0.0001687906152417	0.9999156046923792	0.0	8.439530762089628e-05	0.0	0.9999156046923792	8.439530762089628e-05	0.9997468140771372	0.0002531859228626
_scratch_st-cdeboer-1_asfar_VLPs_results_crispresso_aggregated_spacer_TadCBEd_rep2_.staging_CRISPRessoPooled_on_TadCBEd_D0_rep2_CRISPResso_on_HEK3	N	0.0	0.0	0.0	0.0	0.0	0.0	0.0	0.0	0.0	0.0	0.0	0.0	0.0	0.0	0.0	0.0	0.0	0.0	0.0	0.0
_scratch_st-cdeboer-1_asfar_VLPs_results_crispresso_aggregated_spacer_TadCBEd_rep2_.staging_CRISPRessoPooled_on_TadCBEd_D0_rep2_CRISPResso_on_HEK3	-	0.0	0.0001687906152417	0.0	0.0	0.0	0.0	0.0	0.0	0.0	0.0	0.0	0.0	0.0	0.0	0.0	0.0	0.0	0.0	0.0	0.0
_scratch_st-cdeboer-1_asfar_VLPs_results_crispresso_aggregated_spacer_TadCBEd_rep2_.staging_CRISPRessoPooled_on_TadCBEd_D1_rep2_CRISPResso_on_HEK3	A	0.0	0.0	8.028904054596547e-05	0.0009634684865515	0.0003211561621838	0.999919710959454	0.0	0.9997591328783622	0.0	0.0	0.0	0.999839421918908	0.0	0.0	0.999839421918908	0.0	0.0	0.0	0.0	1.0
_scratch_st-cdeboer-1_asfar_VLPs_results_crispresso_aggregated_spacer_TadCBEd_rep2_.staging_CRISPRessoPooled_on_TadCBEd_D1_rep2_CRISPResso_on_HEK3	T	0.0	8.028904054596547e-05	0.0004014452027298	0.0007226013649136	0.0024889602569249	0.0	8.028904054596547e-05	0.0	0.0	0.999919710959454	0.0001605780810919	0.0	8.028904054596547e-05	0.0001605780810919	0.0	0.0	0.0	1.0	0.0001605780810919	0.0
_scratch_st-cdeboer-1_asfar_VLPs_results_crispresso_aggregated_spacer_TadCBEd_rep2_.staging_CRISPRessoPooled_on_TadCBEd_D1_rep2_CRISPResso_on_HEK3	C	8.028904054596547e-05	8.028904054596547e-05	0.9995182657567242	0.9980730630268968	0.9948615014050582	0.0	0.0	0.0	1.0	8.028904054596547e-05	0.0	0.0	0.0	0.999839421918908	0.0	1.0	8.028904054596547e-05	0.0	8.028904054596547e-05	0.0
_scratch_st-cdeboer-1_asfar_VLPs_results_crispresso_aggregated_spacer_TadCBEd_rep2_.staging_CRISPRessoPooled_on_TadCBEd_D1_rep2_CRISPResso_on_HEK3	G	0.999919710959454	0.999839421918908	0.0	0.0002408671216378	0.002248093135287	8.028904054596547e-05	0.999919710959454	0.0002408671216378	0.0	0.0	0.999839421918908	0.0001605780810919	0.999919710959454	0.0	0.0001605780810919	0.0	0.999919710959454	0.0	0.9997591328783622	0.0
_scratch_st-cdeboer-1_asfar_VLPs_results_crispresso_aggregated_spacer_TadCBEd_rep2_.staging_CRISPRessoPooled_on_TadCBEd_D1_rep2_CRISPResso_on_HEK3	N	0.0	0.0	0.0	0.0	0.0	0.0	0.0	0.0	0.0	0.0	0.0	0.0	0.0	0.0	0.0	0.0	0.0	0.0	0.0	0.0
_scratch_st-cdeboer-1_asfar_VLPs_results_crispresso_aggregated_spacer_TadCBEd_rep2_.staging_CRISPRessoPooled_on_TadCBEd_D1_rep2_CRISPResso_on_HEK3	-	0.0	0.0	0.0	0.0	8.028904054596547e-05	0.0	0.0	0.0	0.0	0.0	0.0	0.0	0.0	0.0	0.0	0.0	0.0	0.0	0.0	0.0
_scratch_st-cdeboer-1_asfar_VLPs_results_crispresso_aggregated_spacer_TadCBEd_rep2_.staging_CRISPRessoPooled_on_TadCBEd_D2_rep2_CRISPResso_on_HEK3	A	0.0	0.0002349486049926	0.0002349486049926	0.001820851688693	0.0017033773861967	0.9988839941262848	0.0	0.9989427312775332	0.0008810572687224	0.0	5.873715124816446e-05	0.999295154185022	0.0	0.0	0.9995888399412628	5.873715124816446e-05	0.0	0.0	0.0	0.9998237885462556
_scratch_st-cdeboer-1_asfar_VLPs_results_crispresso_aggregated_spacer_TadCBEd_rep2_.staging_CRISPRessoPooled_on_TadCBEd_D2_rep2_CRISPResso_on_HEK3	T	0.0001762114537444	5.873715124816446e-05	0.0015859030837004	0.0069897209985315	0.012863436123348	0.0	0.0001762114537444	0.0	0.0001762114537444	0.9994713656387664	0.0	0.0	0.0001174743024963	0.0001174743024963	0.0	0.0001762114537444	5.873715124816446e-05	0.9997063142437592	0.0001174743024963	5.873715124816446e-05
_scratch_st-cdeboer-1_asfar_VLPs_results_crispresso_aggregated_spacer_TadCBEd_rep2_.staging_CRISPRessoPooled_on_TadCBEd_D2_rep2_CRISPResso_on_HEK3	C	0.0	0.0003524229074889	0.9979441997063142	0.9891923641703376	0.9730983847283406	5.873715124816446e-05	0.0	5.873715124816446e-05	0.9980029368575624	0.0	0.0	5.873715124816446e-05	5.873715124816446e-05	0.9997650513950074	0.0001174743024963	0.9996475770925112	0.0002936857562408	0.0001174743024963	0.0001174743024963	0.0
_scratch_st-cdeboer-1_asfar_VLPs_results_crispresso_aggregated_spacer_TadCBEd_rep2_.staging_CRISPRessoPooled_on_TadCBEd_D2_rep2_CRISPResso_on_HEK3	G	0.9997063142437592	0.9982966226138033	0.0	0.0015859030837004	0.0109838472834067	0.0004111600587371	0.999236417033774	0.0003524229074889	0.0002349486049926	0.0	0.9994713656387664	0.0001762114537444	0.9997063142437592	0.0	0.0001762114537444	0.0	0.9995301027900146	5.873715124816446e-05	0.9996475770925112	0.0
_scratch_st-cdeboer-1_asfar_VLPs_results_crispresso_aggregated_spacer_TadCBEd_rep2_.staging_CRISPRessoPooled_on_TadCBEd_D2_rep2_CRISPResso_on_HEK3	N	0.0	0.0	0.0	0.0	0.0	0.0	0.0	0.0	0.0	0.0	0.0	0.0	0.0	0.0	0.0	0.0	0.0	0.0	0.0	0.0
_scratch_st-cdeboer-1_asfar_VLPs_results_crispresso_aggregated_spacer_TadCBEd_rep2_.staging_CRISPRessoPooled_on_TadCBEd_D2_rep2_CRISPResso_on_HEK3	-	0.0001174743024963	0.0010572687224669	0.0002349486049926	0.0004111600587371	0.0013509544787077	0.0006461086637298	0.0005873715124816	0.0006461086637298	0.0007048458149779	0.0005286343612334	0.0004698972099853	0.0004698972099853	0.0001174743024963	0.0001174743024963	0.0001174743024963	0.0001174743024963	0.0001174743024963	0.0001174743024963	0.0001174743024963	0.0001174743024963
_scratch_st-cdeboer-1_asfar_VLPs_results_crispresso_aggregated_spacer_TadCBEd_rep2_.staging_CRISPRessoPooled_on_TadCBEd_D3_rep2_CRISPResso_on_HEK3	A	0.0001713921943097	9.793839674844522e-05	0.0007100533764262	0.0057049116105969	0.0042113510601831	0.9961804025268106	2.4484599187111303e-05	0.9983840164536506	0.0007345379756133	7.345379756133391e-05	0.0	0.9991675236276382	4.896919837422261e-05	7.345379756133391e-05	0.9994858234170708	0.0	2.4484599187111303e-05	0.0	0.0	0.9997551540081288
_scratch_st-cdeboer-1_asfar_VLPs_results_crispresso_aggregated_spacer_TadCBEd_rep2_.staging_CRISPRessoPooled_on_TadCBEd_D3_rep2_CRISPResso_on_HEK3	T	9.793839674844522e-05	0.0003917535869937	0.0063415111894618	0.0164781352529259	0.0296753342147789	0.0	2.4484599187111303e-05	0.0	0.0002938151902453	0.999338915821948	7.345379756133391e-05	0.0	4.896919837422261e-05	7.345379756133391e-05	4.896919837422261e-05	0.0001713921943097	4.896919837422261e-05	0.9997306694089416	2.4484599187111303e-05	0.0
_scratch_st-cdeboer-1_asfar_VLPs_results_crispresso_aggregated_spacer_TadCBEd_rep2_.staging_CRISPRessoPooled_on_TadCBEd_D3_rep2_CRISPResso_on_HEK3	C	2.4484599187111303e-05	4.896919837422261e-05	0.9919935360658146	0.9699084275990402	0.9335732824053672	0.0001224229959355	4.896919837422261e-05	0.0	0.996939425101611	4.896919837422261e-05	4.896919837422261e-05	7.345379756133391e-05	7.345379756133391e-05	0.9992654620243868	2.4484599187111303e-05	0.999559277214632	9.793839674844522e-05	9.793839674844522e-05	7.345379756133391e-05	7.345379756133391e-05
_scratch_st-cdeboer-1_asfar_VLPs_results_crispresso_aggregated_spacer_TadCBEd_rep2_.staging_CRISPRessoPooled_on_TadCBEd_D3_rep2_CRISPResso_on_HEK3	G	0.9992164928260124	0.9976249938788502	0.0003427843886195	0.0071984721610107	0.0282797120611135	0.0029871211008275	0.9991675236276382	0.0007835071739875	0.0011997453601684	0.0	0.9992654620243868	0.0001713921943097	0.9992409774251996	9.793839674844522e-05	4.896919837422261e-05	0.0	0.9996817002105676	0.0001224229959355	0.9998530924048772	0.0001224229959355
_scratch_st-cdeboer-1_asfar_VLPs_results_crispresso_aggregated_spacer_TadCBEd_rep2_.staging_CRISPRessoPooled_on_TadCBEd_D3_rep2_CRISPResso_on_HEK3	N	0.0	0.0	0.0	0.0	0.0	0.0	0.0	0.0	0.0	0.0	0.0	0.0	0.0	0.0	0.0	0.0	0.0	0.0	0.0	0.0
_scratch_st-cdeboer-1_asfar_VLPs_results_crispresso_aggregated_spacer_TadCBEd_rep2_.staging_CRISPRessoPooled_on_TadCBEd_D3_rep2_CRISPResso_on_HEK3	-	0.0004896919837422	0.0018363449390333	0.0006121149796777	0.0007100533764262	0.0042603202585573	0.0007100533764262	0.0007345379756133	0.0008324763723617	0.0008324763723617	0.0005386611821164	0.0006121149796777	0.0005876303804906	0.0005876303804906	0.0004896919837422	0.0003917535869937	0.0002693305910582	0.0001469075951226	4.896919837422261e-05	4.896919837422261e-05	4.896919837422261e-05
_scratch_st-cdeboer-1_asfar_VLPs_results_crispresso_aggregated_spacer_TadCBEd_rep2_.staging_CRISPRessoPooled_on_TadCBEd_D4_rep2_CRISPResso_on_HEK3	A	9.371719898035687e-05	0.0006185335132703	0.0035425101214574	0.0210863697705802	0.0146198830409356	0.9949392712550608	5.623031938821413e-05	0.9954640875693508	0.0016681661418503	0.0	9.371719898035687e-05	0.996307542360174	3.748687959214275e-05	5.623031938821413e-05	0.9979569650622282	3.748687959214275e-05	0.0	0.0	1.8743439796071373e-05	0.9991752886489728
_scratch_st-cdeboer-1_asfar_VLPs_results_crispresso_aggregated_spacer_TadCBEd_rep2_.staging_CRISPRessoPooled_on_TadCBEd_D4_rep2_CRISPResso_on_HEK3	T	0.0002061778377567	0.0012745539061328	0.0229044834307992	0.0801469485680012	0.1101551956815114	0.0	0.0002061778377567	0.0001124606387764	0.0009184285500074	0.9963825161193582	0.0001124606387764	0.0	9.371719898035687e-05	9.371719898035687e-05	0.0	0.0001686909581646	0.0001124606387764	0.998706702654071	5.623031938821413e-05	3.748687959214275e-05
_scratch_st-cdeboer-1_asfar_VLPs_results_crispresso_aggregated_spacer_TadCBEd_rep2_.staging_CRISPRessoPooled_on_TadCBEd_D4_rep2_CRISPResso_on_HEK3	C	0.0002436647173489	0.0002249212775528	0.9701979307242464	0.8748687959214275	0.7658569500674763	0.0001686909581646	0.0001874343979607	0.0001124606387764	0.9909281751387016	0.0001312040785724	3.748687959214275e-05	0.0002249212775528	1.8743439796071373e-05	0.99737591842855	0.0001124606387764	0.9981818863397812	0.0001686909581646	0.0001124606387764	7.49737591842855e-05	5.623031938821413e-05
_scratch_st-cdeboer-1_asfar_VLPs_results_crispresso_aggregated_spacer_TadCBEd_rep2_.staging_CRISPRessoPooled_on_TadCBEd_D4_rep2_CRISPResso_on_HEK3	G	0.9973384315489578	0.9916966561703404	0.0009559154295996	0.0205990403358824	0.0917303943619733	0.0016306792622582	0.9962138251611936	0.0005623031938821	0.0024179037336932	3.748687959214275e-05	0.996363772679562	0.0002249212775528	0.9969260758734444	3.748687959214275e-05	3.748687959214275e-05	0.0	0.9983693207377418	1.8743439796071373e-05	0.998912880491828	9.371719898035687e-05
_scratch_st-cdeboer-1_asfar_VLPs_results_crispresso_aggregated_spacer_TadCBEd_rep2_.staging_CRISPRessoPooled_on_TadCBEd_D4_rep2_CRISPResso_on_HEK3	N	0.0	0.0	0.0	0.0	0.0	0.0	0.0	0.0	0.0	0.0	0.0	0.0	0.0	0.0	0.0	0.0	0.0	0.0	0.0	0.0
_scratch_st-cdeboer-1_asfar_VLPs_results_crispresso_aggregated_spacer_TadCBEd_rep2_.staging_CRISPRessoPooled_on_TadCBEd_D4_rep2_CRISPResso_on_HEK3	-	0.002118008696956	0.0061853351327035	0.0023991602938971	0.0032988454041085	0.0176375768481031	0.0032613585245164	0.0033363322837007	0.0037486879592142	0.0040673264357474	0.0034487929224771	0.0033925626030889	0.0032426150847203	0.0029239766081871	0.0024366471734892	0.0018930874194032	0.0016119358224621	0.0013495276653171	0.0011620932673564	0.0009371719898035	0.0006372769530664
_scratch_st-cdeboer-1_asfar_VLPs_results_crispresso_aggregated_spacer_TadCBEd_rep2_.staging_CRISPRessoPooled_on_TadCBEd_D5_rep2_CRISPResso_on_HEK3	A	0.0002462245567957	0.0010259356533158	0.0038164806303348	0.0179333552199606	0.0142399868680236	0.9949934340118188	4.103742613263296e-05	0.9963476690741956	0.0025853578463558	0.0	0.0	0.9970042678923178	0.0002462245567957	4.103742613263296e-05	0.9981122783978988	0.0	0.0	0.0	0.0	0.998974064346684
_scratch_st-cdeboer-1_asfar_VLPs_results_crispresso_aggregated_spacer_TadCBEd_rep2_.staging_CRISPRessoPooled_on_TadCBEd_D5_rep2_CRISPResso_on_HEK3	T	0.0002051871306631	0.0010259356533158	0.0175229809586342	0.0598736047275114	0.0980384110308601	0.0001641497045305	0.0002462245567957	0.0001641497045305	0.0007386736703873	0.9970863427445832	4.103742613263296e-05	0.0	0.0001231122783978	0.0002462245567957	0.0	0.0001231122783978	0.0002462245567957	0.9989330269205516	0.0	4.103742613263296e-05
_scratch_st-cdeboer-1_asfar_VLPs_results_crispresso_aggregated_spacer_TadCBEd_rep2_.staging_CRISPRessoPooled_on_TadCBEd_D5_rep2_CRISPResso_on_HEK3	C	0.0001641497045305	0.0002462245567957	0.9759931057124096	0.8980219960604071	0.7803676953381484	0.0002462245567957	0.0	4.103742613263296e-05	0.9908076165462902	4.103742613263296e-05	0.0002462245567957	0.0002051871306631	4.103742613263296e-05	0.9977019041365726	0.0002051871306631	0.9982764281024294	0.0003693368351936	4.103742613263296e-05	4.103742613263296e-05	0.0
_scratch_st-cdeboer-1_asfar_VLPs_results_crispresso_aggregated_spacer_TadCBEd_rep2_.staging_CRISPRessoPooled_on_TadCBEd_D5_rep2_CRISPResso_on_HEK3	G	0.9977019041365726	0.9913000656598818	0.0005745239658568	0.021462573867367	0.0935242941562705	0.0021339461588969	0.997209455022981	0.0005334865397242	0.0026263952724885	4.103742613263296e-05	0.9967990807616546	0.0001641497045305	0.9972915298752464	0.0001641497045305	0.0	4.103742613263296e-05	0.9979481286933684	4.103742613263296e-05	0.9991382140512148	0.0002462245567957
_scratch_st-cdeboer-1_asfar_VLPs_results_crispresso_aggregated_spacer_TadCBEd_rep2_.staging_CRISPRessoPooled_on_TadCBEd_D5_rep2_CRISPResso_on_HEK3	N	0.0	0.0	0.0	0.0	0.0	0.0	0.0	0.0	0.0	0.0	0.0	0.0	0.0	0.0	0.0	0.0	0.0	0.0	0.0	0.0
_scratch_st-cdeboer-1_asfar_VLPs_results_crispresso_aggregated_spacer_TadCBEd_rep2_.staging_CRISPRessoPooled_on_TadCBEd_D5_rep2_CRISPResso_on_HEK3	-	0.0016825344714379	0.0064018384766907	0.0020929087327642	0.0027084701247537	0.0138296126066973	0.0024622455679579	0.0025032829940906	0.0029136572554169	0.003241956664478	0.0028315824031516	0.0029136572554169	0.0026263952724885	0.0022980958634274	0.0018466841759684	0.0016825344714379	0.00155942219304	0.0014363099146421	0.0009848982271831	0.0008207485226526	0.0007386736703873
