Folder	Nucleotide	G	G	C	C	C	A	G	A	C	T	G	A	G	C	A	C	G	T	G	A
_scratch_st-cdeboer-1_asfar_VLPs_results_crispresso_aggregated_spacer_TadCBEd_rep3_.staging_CRISPRessoPooled_on_TadCBEd_D0_rep3_CRISPResso_on_HEK3	A	6.555055914626952e-06	4.588539140238866e-05	1.966516774388085e-05	3.933033548776171e-05	0.0001179910064632	0.99991478427311	1.966516774388085e-05	0.999809903378476	2.6220223658507807e-05	0.0	3.933033548776171e-05	0.999770573042988	3.277527957313476e-05	5.2440447317015615e-05	0.99991478427311	2.6220223658507807e-05	3.277527957313476e-05	0.0	3.277527957313476e-05	0.9997967932666466
_scratch_st-cdeboer-1_asfar_VLPs_results_crispresso_aggregated_spacer_TadCBEd_rep3_.staging_CRISPRessoPooled_on_TadCBEd_D0_rep3_CRISPResso_on_HEK3	T	0.0001638763978656	9.177078280477732e-05	5.899550323164257e-05	1.966516774388085e-05	4.588539140238866e-05	6.555055914626952e-06	0.0002032067333534	1.3110111829253904e-05	1.966516774388085e-05	0.999895119105366	0.0001245460623779	0.0	7.210561506089648e-05	7.866067097552342e-05	6.555055914626952e-06	5.2440447317015615e-05	0.0001114359505486	0.999790238210732	5.2440447317015615e-05	3.933033548776171e-05
_scratch_st-cdeboer-1_asfar_VLPs_results_crispresso_aggregated_spacer_TadCBEd_rep3_.staging_CRISPRessoPooled_on_TadCBEd_D0_rep3_CRISPResso_on_HEK3	C	2.6220223658507807e-05	5.899550323164257e-05	0.9999016741612806	0.9998820089935369	0.9998033483225612	1.3110111829253904e-05	3.277527957313476e-05	1.966516774388085e-05	0.9999213393290244	7.866067097552342e-05	1.3110111829253904e-05	9.832583871940428e-05	5.2440447317015615e-05	0.999842678658049	2.6220223658507807e-05	0.999895119105366	0.0001245460623779	0.0001311011182925	9.177078280477732e-05	5.2440447317015615e-05
_scratch_st-cdeboer-1_asfar_VLPs_results_crispresso_aggregated_spacer_TadCBEd_rep3_.staging_CRISPRessoPooled_on_TadCBEd_D0_rep3_CRISPResso_on_HEK3	G	0.9997771280989028	0.999718132595671	1.3110111829253904e-05	5.2440447317015615e-05	1.3110111829253904e-05	5.899550323164257e-05	0.9997312427075002	0.0001442112301217	2.6220223658507807e-05	1.966516774388085e-05	0.999809903378476	0.0001245460623779	0.9998361236021344	1.966516774388085e-05	4.588539140238866e-05	1.966516774388085e-05	0.9997246876515856	6.555055914626952e-05	0.9998033483225612	9.832583871940428e-05
_scratch_st-cdeboer-1_asfar_VLPs_results_crispresso_aggregated_spacer_TadCBEd_rep3_.staging_CRISPRessoPooled_on_TadCBEd_D0_rep3_CRISPResso_on_HEK3	N	6.555055914626952e-06	0.0	0.0	0.0	0.0	0.0	0.0	0.0	0.0	0.0	0.0	0.0	0.0	0.0	0.0	0.0	0.0	6.555055914626952e-06	0.0	6.555055914626952e-06
_scratch_st-cdeboer-1_asfar_VLPs_results_crispresso_aggregated_spacer_TadCBEd_rep3_.staging_CRISPRessoPooled_on_TadCBEd_D0_rep3_CRISPResso_on_HEK3	-	1.966516774388085e-05	8.521572689015037e-05	6.555055914626952e-06	6.555055914626952e-06	1.966516774388085e-05	6.555055914626952e-06	1.3110111829253904e-05	1.3110111829253904e-05	6.555055914626952e-06	6.555055914626952e-06	1.3110111829253904e-05	6.555055914626952e-06	6.555055914626952e-06	6.555055914626952e-06	6.555055914626952e-06	6.555055914626952e-06	6.555055914626952e-06	6.555055914626952e-06	1.966516774388085e-05	6.555055914626952e-06
_scratch_st-cdeboer-1_asfar_VLPs_results_crispresso_aggregated_spacer_TadCBEd_rep3_.staging_CRISPRessoPooled_on_TadCBEd_D1_rep3_CRISPResso_on_HEK3	A	1.8526409396594847e-05	5.5579228189784537e-05	0.0001111584563795	0.0007595827852603	0.0003520017785353	0.9996850510402578	5.5579228189784537e-05	0.9996850510402578	0.0002223169127591	1.8526409396594847e-05	7.410563758637939e-05	0.9996665246308613	1.8526409396594847e-05	0.0	0.9998517887248272	0.0	3.705281879318969e-05	1.8526409396594847e-05	7.410563758637939e-05	0.9998332623154308
_scratch_st-cdeboer-1_asfar_VLPs_results_crispresso_aggregated_spacer_TadCBEd_rep3_.staging_CRISPRessoPooled_on_TadCBEd_D1_rep3_CRISPResso_on_HEK3	T	0.0001482112751727	7.410563758637939e-05	0.0002964225503455	0.001278322248365	0.0034088593289734	1.8526409396594847e-05	5.5579228189784537e-05	1.8526409396594847e-05	0.0002037905033625	0.999722103859051	1.8526409396594847e-05	0.0	3.705281879318969e-05	0.0001482112751727	1.8526409396594847e-05	9.263204698297422e-05	7.410563758637939e-05	0.9997591566778444	5.5579228189784537e-05	0.0
_scratch_st-cdeboer-1_asfar_VLPs_results_crispresso_aggregated_spacer_TadCBEd_rep3_.staging_CRISPRessoPooled_on_TadCBEd_D1_rep3_CRISPResso_on_HEK3	C	5.5579228189784537e-05	0.0001296848657761	0.9994442077181022	0.9970172480871482	0.9923115401004132	0.0001111584563795	3.705281879318969e-05	5.5579228189784537e-05	0.9994442077181022	9.263204698297422e-05	7.410563758637939e-05	0.0001667376845693	5.5579228189784537e-05	0.9998332623154308	1.8526409396594847e-05	0.999907367953017	0.0001852640939659	7.410563758637939e-05	3.705281879318969e-05	9.263204698297422e-05
_scratch_st-cdeboer-1_asfar_VLPs_results_crispresso_aggregated_spacer_TadCBEd_rep3_.staging_CRISPRessoPooled_on_TadCBEd_D1_rep3_CRISPResso_on_HEK3	G	0.9997776830872408	0.9995738925838784	7.410563758637939e-05	0.0008707412416399	0.0032050688256109	9.263204698297422e-05	0.9997776830872408	0.0001667376845693	0.0	3.705281879318969e-05	0.9997776830872408	0.0001111584563795	0.9998888415436205	1.8526409396594847e-05	0.0001111584563795	0.0	0.9997035774496544	0.0001296848657761	0.999814735906034	5.5579228189784537e-05
_scratch_st-cdeboer-1_asfar_VLPs_results_crispresso_aggregated_spacer_TadCBEd_rep3_.staging_CRISPRessoPooled_on_TadCBEd_D1_rep3_CRISPResso_on_HEK3	N	0.0	0.0	0.0	0.0	0.0	1.8526409396594847e-05	0.0	0.0	0.0	0.0	0.0	0.0	0.0	0.0	0.0	0.0	0.0	0.0	0.0	0.0
_scratch_st-cdeboer-1_asfar_VLPs_results_crispresso_aggregated_spacer_TadCBEd_rep3_.staging_CRISPRessoPooled_on_TadCBEd_D1_rep3_CRISPResso_on_HEK3	-	0.0	0.0001667376845693	7.410563758637939e-05	7.410563758637939e-05	0.0007225299664671	7.410563758637939e-05	7.410563758637939e-05	7.410563758637939e-05	0.0001296848657761	0.0001296848657761	5.5579228189784537e-05	5.5579228189784537e-05	0.0	0.0	0.0	0.0	0.0	1.8526409396594847e-05	1.8526409396594847e-05	1.8526409396594847e-05
_scratch_st-cdeboer-1_asfar_VLPs_results_crispresso_aggregated_spacer_TadCBEd_rep3_.staging_CRISPRessoPooled_on_TadCBEd_D2_rep3_CRISPResso_on_HEK3	A	2.290216196408941e-05	9.160864785635764e-05	0.0003206302674972	0.0010993037742762	0.0012367167460608	0.9994503481128618	4.580432392817882e-05	0.9994503481128618	0.0	0.0	6.870648589226824e-05	0.9994503481128618	0.0	2.290216196408941e-05	0.9995419567607182	6.870648589226824e-05	9.160864785635764e-05	0.0	0.0	0.9998396848662514
_scratch_st-cdeboer-1_asfar_VLPs_results_crispresso_aggregated_spacer_TadCBEd_rep3_.staging_CRISPRessoPooled_on_TadCBEd_D2_rep3_CRISPResso_on_HEK3	T	2.290216196408941e-05	6.870648589226824e-05	0.0024734334921216	0.0050384756320996	0.0098021253206302	0.0	0.0	0.0001603151337486	0.0002290216196408	0.999748076218395	6.870648589226824e-05	0.0	6.870648589226824e-05	9.160864785635764e-05	0.0	6.870648589226824e-05	6.870648589226824e-05	0.999473250274826	6.870648589226824e-05	0.0
_scratch_st-cdeboer-1_asfar_VLPs_results_crispresso_aggregated_spacer_TadCBEd_rep3_.staging_CRISPRessoPooled_on_TadCBEd_D2_rep3_CRISPResso_on_HEK3	C	2.290216196408941e-05	0.0001832172957127	0.996908208134848	0.99182392817882	0.979250641260535	0.0	6.870648589226824e-05	2.290216196408941e-05	0.9991755221692928	0.0001145108098204	4.580432392817882e-05	9.160864785635764e-05	6.870648589226824e-05	0.9995648589226824	4.580432392817882e-05	0.9996106632466104	6.870648589226824e-05	0.0001603151337486	9.160864785635764e-05	2.290216196408941e-05
_scratch_st-cdeboer-1_asfar_VLPs_results_crispresso_aggregated_spacer_TadCBEd_rep3_.staging_CRISPRessoPooled_on_TadCBEd_D2_rep3_CRISPResso_on_HEK3	G	0.9997709783803592	0.9988090875778672	0.0001374129717845	0.001809270795163	0.0081302674972517	0.0003664345914254	0.9997022718944668	0.0001603151337486	0.0003893367533895	2.290216196408941e-05	0.999473250274826	0.0001374129717845	0.9995648589226824	2.290216196408941e-05	0.0001145108098204	0.0	0.9995419567607182	0.0001832172957127	0.9998167827042872	0.0001145108098204
_scratch_st-cdeboer-1_asfar_VLPs_results_crispresso_aggregated_spacer_TadCBEd_rep3_.staging_CRISPRessoPooled_on_TadCBEd_D2_rep3_CRISPResso_on_HEK3	N	0.0	0.0	0.0	0.0	0.0	0.0	0.0	0.0	0.0	0.0	0.0	0.0	0.0	0.0	0.0	0.0	0.0	0.0	0.0	0.0
_scratch_st-cdeboer-1_asfar_VLPs_results_crispresso_aggregated_spacer_TadCBEd_rep3_.staging_CRISPRessoPooled_on_TadCBEd_D2_rep3_CRISPResso_on_HEK3	-	0.0001603151337486	0.0008473799926713	0.0001603151337486	0.0002290216196408	0.0015802491755221	0.0001832172957127	0.0001832172957127	0.0002061194576768	0.0002061194576768	0.0001145108098204	0.0003435324294613	0.0003206302674972	0.0002977281055331	0.0002977281055331	0.0002977281055331	0.0002519237816049	0.0002290216196408	0.0001832172957127	2.290216196408941e-05	2.290216196408941e-05
_scratch_st-cdeboer-1_asfar_VLPs_results_crispresso_aggregated_spacer_TadCBEd_rep3_.staging_CRISPRessoPooled_on_TadCBEd_D3_rep3_CRISPResso_on_HEK3	A	2.737251252292448e-05	0.000355842662798	0.0012865080885774	0.0052555224044015	0.0033120740152738	0.9981386691484412	8.211753756877343e-05	0.9987408644239456	0.000328470150275	0.0	5.474502504584896e-05	0.9988229819615142	8.211753756877343e-05	5.474502504584896e-05	0.9989598445241288	0.0	0.0	0.0	2.737251252292448e-05	0.9994799222620644
_scratch_st-cdeboer-1_asfar_VLPs_results_crispresso_aggregated_spacer_TadCBEd_rep3_.staging_CRISPRessoPooled_on_TadCBEd_D3_rep3_CRISPResso_on_HEK3	T	0.0001094900500916	0.0001094900500916	0.003969014315824	0.0142884515369665	0.0295896860372813	0.0	8.211753756877343e-05	0.0	0.0003832151753209	0.998932472011606	0.0001916075876604	0.0	0.0	8.211753756877343e-05	0.0	2.737251252292448e-05	2.737251252292448e-05	0.9993704322119727	5.474502504584896e-05	0.0
_scratch_st-cdeboer-1_asfar_VLPs_results_crispresso_aggregated_spacer_TadCBEd_rep3_.staging_CRISPRessoPooled_on_TadCBEd_D3_rep3_CRISPResso_on_HEK3	C	0.0	0.0001094900500916	0.9940327922700024	0.9736402704404236	0.9321435414556702	5.474502504584896e-05	5.474502504584896e-05	2.737251252292448e-05	0.997837571510689	2.737251252292448e-05	2.737251252292448e-05	2.737251252292448e-05	0.0001094900500916	0.998932472011606	5.474502504584896e-05	0.9992061971368352	0.0001642350751375	8.211753756877343e-05	8.211753756877343e-05	8.211753756877343e-05
_scratch_st-cdeboer-1_asfar_VLPs_results_crispresso_aggregated_spacer_TadCBEd_rep3_.staging_CRISPRessoPooled_on_TadCBEd_D3_rep3_CRISPResso_on_HEK3	G	0.999288314674404	0.9975638463854596	0.0001094900500916	0.0059398352174746	0.0298360386499876	0.0007938028631648	0.998521884323762	5.474502504584896e-05	0.0002737251252292	2.737251252292448e-05	0.9987134919114226	0.0001916075876604	0.9987134919114226	0.0	5.474502504584896e-05	2.737251252292448e-05	0.9991240795992664	5.474502504584896e-05	0.9995072947745872	0.0001094900500916
_scratch_st-cdeboer-1_asfar_VLPs_results_crispresso_aggregated_spacer_TadCBEd_rep3_.staging_CRISPRessoPooled_on_TadCBEd_D3_rep3_CRISPResso_on_HEK3	N	0.0	0.0	0.0	0.0	0.0	0.0	0.0	0.0	0.0	0.0	0.0	0.0	0.0	0.0	0.0	0.0	0.0	0.0	0.0	0.0
_scratch_st-cdeboer-1_asfar_VLPs_results_crispresso_aggregated_spacer_TadCBEd_rep3_.staging_CRISPRessoPooled_on_TadCBEd_D3_rep3_CRISPResso_on_HEK3	-	0.0005748227629814	0.0018613308515588	0.0006021952755043	0.0008759204007335	0.0051186598417868	0.0010127829633482	0.0012591355760545	0.0011770180384857	0.0011770180384857	0.0010127829633482	0.0010127829633482	0.0009580379383023	0.0010949005009169	0.0009306654257794	0.0009306654257794	0.0007390578381189	0.0006843128130731	0.0004927052254126	0.000328470150275	0.000328470150275
_scratch_st-cdeboer-1_asfar_VLPs_results_crispresso_aggregated_spacer_TadCBEd_rep3_.staging_CRISPRessoPooled_on_TadCBEd_D4_rep3_CRISPResso_on_HEK3	A	0.0002804304987115	0.0005078065787479	0.0026527209337577	0.0197665605578293	0.0134455055328179	0.995725329695316	0.0002273760800363	0.9967712596634836	0.0019099590723055	0.0	8.337122934667273e-05	0.9975443383356072	4.547521600727603e-05	1.515840533575868e-05	0.9986357435197816	4.547521600727603e-05	1.515840533575868e-05	7.5792026678793395e-06	8.337122934667273e-05	0.9993557677732302
_scratch_st-cdeboer-1_asfar_VLPs_results_crispresso_aggregated_spacer_TadCBEd_rep3_.staging_CRISPRessoPooled_on_TadCBEd_D4_rep3_CRISPResso_on_HEK3	T	0.0002576928907078	0.0011671972108534	0.0191905411550704	0.0635516143701682	0.0917462482946794	7.5792026678793395e-06	0.0004850689707442	5.3054418675155374e-05	0.0008488706988024	0.9970895861755344	9.85296346824314e-05	0.0	1.515840533575868e-05	9.095043201455206e-05	0.0	3.7896013339396696e-05	0.0001819008640291	0.9987342731544642	6.063362134303472e-05	7.5792026678793395e-06
_scratch_st-cdeboer-1_asfar_VLPs_results_crispresso_aggregated_spacer_TadCBEd_rep3_.staging_CRISPRessoPooled_on_TadCBEd_D4_rep3_CRISPResso_on_HEK3	C	5.3054418675155374e-05	0.0001515840533575	0.9750871608306806	0.8947779293618311	0.7945657116871305	0.0001061088373503	0.0001061088373503	0.0002880097013794	0.9910262240412308	9.85296346824314e-05	2.2737608003638016e-05	0.0002046384720327	3.031681067151736e-05	0.9983098378050628	0.0	0.998628164317114	0.0001288464453539	0.0001288464453539	9.095043201455206e-05	9.85296346824314e-05
_scratch_st-cdeboer-1_asfar_VLPs_results_crispresso_aggregated_spacer_TadCBEd_rep3_.staging_CRISPRessoPooled_on_TadCBEd_D4_rep3_CRISPResso_on_HEK3	G	0.998052144914355	0.992087312414734	0.0009777171441564	0.0195846596938002	0.084606639381537	0.0017735334242837	0.996862210095498	0.000439593754737	0.0031908443231772	0.0001364256480218	0.9975973927542824	0.0001515840533575	0.9981506745490374	1.515840533575868e-05	4.547521600727603e-05	2.2737608003638016e-05	0.998628164317114	0.0002425344853721	0.9991587085038652	0.0001364256480218
_scratch_st-cdeboer-1_asfar_VLPs_results_crispresso_aggregated_spacer_TadCBEd_rep3_.staging_CRISPRessoPooled_on_TadCBEd_D4_rep3_CRISPResso_on_HEK3	N	0.0	0.0	0.0	0.0	0.0	0.0	0.0	0.0	0.0	0.0	0.0	0.0	0.0	0.0	0.0	0.0	0.0	0.0	0.0	7.5792026678793395e-06
_scratch_st-cdeboer-1_asfar_VLPs_results_crispresso_aggregated_spacer_TadCBEd_rep3_.staging_CRISPRessoPooled_on_TadCBEd_D4_rep3_CRISPResso_on_HEK3	-	0.0013566772775504	0.0060860997423071	0.0020918599363346	0.002319236016371	0.015635895103835	0.0023874488403819	0.002319236016371	0.002448082461725	0.0030241018644838	0.0026754585417614	0.002197968773685	0.0020994391390025	0.001758375018948	0.001568894952251	0.001318781264211	0.0012657268455358	0.0010459299681673	0.0008867667121418	0.0006063362134303	0.0003941185387297
_scratch_st-cdeboer-1_asfar_VLPs_results_crispresso_aggregated_spacer_TadCBEd_rep3_.staging_CRISPRessoPooled_on_TadCBEd_D5_rep3_CRISPResso_on_HEK3	A	0.0003008197337745	0.0008122132811912	0.0028327191597102	0.0190619437968464	0.014198691434158	0.9953322804642653	3.509563560702916e-05	0.9966258053194956	0.0013988117620515	1.504098668872678e-05	8.02185956732095e-05	0.9973227043694066	7.019127121405831e-05	4.512296006618034e-05	0.997944398485874	5.515028452533153e-05	7.52049334436339e-05	1.504098668872678e-05	1.504098668872678e-05	0.9991226091098244
_scratch_st-cdeboer-1_asfar_VLPs_results_crispresso_aggregated_spacer_TadCBEd_rep3_.staging_CRISPRessoPooled_on_TadCBEd_D5_rep3_CRISPResso_on_HEK3	T	0.0003058333960041	0.0013085658419192	0.0184603043292973	0.0565490962873831	0.0916547592188714	7.52049334436339e-05	0.000105286906821	0.0001253415557393	0.0010227870948334	0.9973327316938658	8.02185956732095e-05	3.008197337745356e-05	4.010929783660475e-05	0.0001002732445915	3.509563560702916e-05	0.0002055601514125	0.0001504098668872	0.9988468576871976	5.515028452533153e-05	5.013662229575594e-06
_scratch_st-cdeboer-1_asfar_VLPs_results_crispresso_aggregated_spacer_TadCBEd_rep3_.staging_CRISPRessoPooled_on_TadCBEd_D5_rep3_CRISPResso_on_HEK3	C	0.0001504098668872	0.0002206011381013	0.9755533829685894	0.9007345015166328	0.7874808854127497	5.013662229575594e-05	0.0001654508535759	0.0001303552179689	0.9928505176606252	0.0001353688801985	9.024592013236069e-05	9.024592013236069e-05	8.02185956732095e-05	0.9976435787520996	0.0001203278935098	0.9981499586372866	0.0001905191647238	9.525958236193628e-05	0.0001604371913464	7.52049334436339e-05
_scratch_st-cdeboer-1_asfar_VLPs_results_crispresso_aggregated_spacer_TadCBEd_rep3_.staging_CRISPRessoPooled_on_TadCBEd_D5_rep3_CRISPResso_on_HEK3	G	0.997422977613998	0.99173247098343	0.0008924318768644	0.0207565616304429	0.0914542127296884	0.0016996314958261	0.9967762151863828	0.0003158607204632	0.0018500413627133	3.509563560702916e-05	0.997092075906846	0.0001303552179689	0.9975232508585896	3.509563560702916e-05	7.019127121405831e-05	2.005464891830237e-05	0.9982903411797148	7.52049334436339e-05	0.9990173222030032	0.0001303552179689
_scratch_st-cdeboer-1_asfar_VLPs_results_crispresso_aggregated_spacer_TadCBEd_rep3_.staging_CRISPRessoPooled_on_TadCBEd_D5_rep3_CRISPResso_on_HEK3	N	0.0	0.0	0.0	0.0	0.0	0.0	0.0	0.0	0.0	0.0	0.0	0.0	0.0	0.0	0.0	0.0	0.0	0.0	0.0	5.013662229575594e-06
_scratch_st-cdeboer-1_asfar_VLPs_results_crispresso_aggregated_spacer_TadCBEd_rep3_.staging_CRISPRessoPooled_on_TadCBEd_D5_rep3_CRISPResso_on_HEK3	-	0.0018199593893359	0.0059261487553583	0.0022611616655385	0.0028978967686946	0.0152114512045323	0.0028427464841693	0.0029179514176129	0.0028026371863327	0.0028778421197763	0.0024817628036399	0.002657240981675	0.0024266125191145	0.0022862299766864	0.0021759294076358	0.001829986713795	0.0015692762778571	0.0012935248552305	0.000967636810308	0.0007520493344363	0.0006618034143039
